3844	4374
3844	3734
3699	398
3699	2635
1970	2990
137	2070
2896	3389
2896	3780
358	4148
358	652
358	3253
2655	2138
2655	4074
2655	1476
2655	4058
3399	3916
3399	1559
4209	4207
4209	4161
1239	1601
1239	3577
1239	4073
3863	1355
3863	4611
3863	718
3863	3425
2976	947
2976	3573
2976	3710
91	2466
91	4611
91	3389
3115	3737
3115	4034
3115	1683
3115	2466
3115	1347
3115	59
3115	3389
45	1964
45	3734
1398	2335
1398	3129
1398	1643
1398	1385
1398	430
1398	443
1398	1948
1398	540
1398	4127
1398	3023
1398	1029
1398	3779
1398	1901
1398	1718
1398	3145
3434	206
4132	4612
4132	1580
4132	4450
4132	473
4132	511
4132	4571
4132	1559
4132	4596
4132	931
4132	3591
4132	4564
4132	4593
1638	343
1638	102
1638	202
1638	2695
1638	4253
1655	715
1655	2466
1655	2651
1655	2988
1655	3780
898	4165
898	4347
891	561
891	1353
891	655
891	4011
891	4611
891	1878
891	1547
891	3425
3051	4099
3392	4003
3555	4003
1215	1380
1215	3412
793	2023
793	3389
1412	4087
4045	3920
4045	521
2958	1530
2958	696
2958	3389
2174	38
2174	4185
2174	1063
2174	3503
2174	3998
679	4185
679	2366
679	102
679	4392
679	1063
679	3734
679	3998
210	1817
210	1622
210	435
210	3257
4494	3502
4494	982
4494	482
4494	1156
4494	4533
4494	4678
4494	1144
4494	4527
364	249
364	1269
4080	3690
3757	1775
1478	2837
337	2913
337	250
337	1800
337	1033
294	1789
1581	2646
1581	4611
1581	3972
1172	911
1172	2409
1172	4359
1172	3940
1172	2001
354	3875
4664	1315
4664	2274
4664	1121
450	2458
2952	2584
2952	2071
2952	3312
2952	3724
404	4472
404	962
343	3461
343	561
343	4568
343	3208
343	749
343	2527
343	3589
343	1223
343	173
343	3379
343	1851
343	2102
343	1996
343	2919
343	2101
343	1419
343	1952
343	1220
343	616
343	4610
343	2680
343	1033
343	3288
343	4096
343	2375
3461	1732
3461	3380
3461	3101
3461	4374
3461	1121
3461	1399
2671	4523
2671	1909
2671	1988
2671	3992
2671	230
2671	3577
2671	101
2671	3734
4523	3692
4523	4645
4523	3824
4523	458
4523	3138
4523	4392
4523	345
4523	3023
4523	3921
4523	1952
4523	4544
4523	4173
1909	179
1909	1449
95	1150
2142	1326
2330	3710
3264	1070
3264	3425
4675	1930
4675	488
4675	982
4675	249
4675	4643
287	206
2575	3880
2575	561
2575	2490
2575	3427
3880	561
3880	2490
3880	2030
3880	3214
3880	718
1940	3431
1940	230
1940	1948
499	429
499	3212
3866	4313
3866	249
3866	2533
649	4611
649	1692
2341	553
1260	3039
3377	3319
3377	3378
3377	885
3319	443
3319	1683
3319	3378
3319	2680
3319	3257
3319	885
4016	2458
1018	529
1018	2259
3607	1852
3607	921
1575	3991
1615	1712
561	2490
561	2278
561	3214
561	335
561	3655
561	3119
561	4429
561	3427
561	14
561	2835
561	59
561	2164
561	4225
561	1033
561	718
561	3734
2490	3427
2490	3896
2335	1385
2335	540
4558	1683
4139	540
3372	407
4679	3592
3062	1048
805	7
805	1231
805	1539
805	386
3431	3824
3431	458
3431	4070
3431	1347
3431	59
3431	4121
3431	2451
2362	2166
2362	4437
2362	3488
1732	2658
2606	744
2606	3101
2606	3404
607	3272
4598	3695
4598	3170
4598	2124
4598	652
4309	1559
4568	900
4669	1750
4669	1863
4669	3657
3208	749
3208	1750
3208	4607
3208	3365
3208	770
3208	1966
3208	3767
3208	246
3208	4663
3208	1279
3208	3728
3208	1309
3208	2254
3208	4207
3208	1948
3208	3650
3208	2318
3208	900
3208	30
3208	3660
3208	2098
3208	2299
3208	1559
3208	435
3208	962
3208	3279
3208	921
3208	388
3208	460
3208	521
3208	2604
3208	2865
3208	3436
3208	4380
3208	4443
1432	3900
1432	1607
1432	1338
1432	1445
1432	2020
1432	3046
1432	460
1432	3292
3017	112
3189	3553
3830	2536
3830	672
2407	2030
4532	2536
542	2536
3306	4548
3306	2536
3306	2578
4548	2536
4548	2668
2536	4381
2536	950
2536	2578
2536	1
2536	3236
2536	973
4381	1286
4381	3556
950	2578
3790	930
4089	4678
140	2111
140	4107
140	2944
140	4112
140	3972
4621	4612
1840	249
1840	2582
766	249
2106	715
2106	206
2287	1229
2287	4011
2287	81
2287	3427
2287	1044
2287	1689
2287	3145
1343	3992
1343	1683
2136	2138
2136	3734
2136	2395
2136	2695
2136	3663
3195	593
3195	979
3195	3780
50	1269
2111	2933
2111	655
2111	1454
2111	3813
2111	2192
2111	1567
2111	2171
2111	2895
2111	66
2111	804
2793	1791
2793	1043
2793	3504
2793	1091
2793	4120
2295	4304
4182	3236
1885	718
1885	569
3900	2368
3900	2466
3900	2955
3900	1194
2315	2146
2315	379
2315	3734
2315	3175
2315	1709
2315	3662
1368	3312
1353	803
1353	4554
1353	633
1353	745
1353	733
1353	3734
1353	1901
1353	108
1353	2131
803	3623
803	4554
803	745
803	3818
803	733
803	167
803	3798
803	16
803	3236
803	1653
803	1901
803	3009
1451	3734
1451	548
3770	130
3623	4040
2933	2030
2933	655
2933	3379
2933	1454
2933	3813
2933	3086
2933	2192
2933	1567
2933	2171
2933	2895
2933	3288
2933	2237
2837	2458
2837	2844
596	947
596	4363
596	1369
596	1177
721	476
4384	2366
4384	3222
4574	1379
1348	3524
1348	3222
1348	2458
1348	3896
1348	206
1348	2070
1348	2989
4655	2030
4655	2569
4655	1601
4655	1029
4655	3926
4655	1943
4046	2281
4046	691
1596	3354
1596	1625
1596	2888
4088	966
498	3147
1384	424
1384	290
2640	430
2640	4394
422	2512
422	4618
422	112
422	2098
422	2188
422	1270
3129	3477
3129	2842
3129	3166
3129	1472
4254	4056
4254	3824
4254	4571
4254	1847
4254	4064
4254	1901
4254	3279
4254	3782
4254	2532
4254	2633
4254	3908
3159	3379
3159	1901
3159	2633
1336	2030
2030	2569
2030	4404
2030	780
2030	1436
2030	1629
2030	3251
2030	1229
2030	3336
2030	2391
2030	3119
2030	1475
2030	2402
2030	1380
2030	2256
2030	1639
2030	3427
2030	3650
2030	4240
2030	647
2030	3312
2030	2424
2030	320
2030	1486
2030	1606
2030	1561
2030	1832
2030	2955
2030	4365
2030	712
2030	2981
2030	551
2030	2232
2030	53
2030	762
2030	970
2030	1373
2030	1743
2030	1927
2030	2922
2030	2960
2030	3344
2030	3662
2030	4073
2030	4510
4404	173
4404	1764
4404	3519
4404	3734
4404	1373
3280	3374
3280	1605
3280	590
3280	2886
3280	3734
3280	3626
3554	4064
4457	606
4457	260
4457	4465
4457	3334
4457	2007
4457	1063
4457	908
4457	3734
4457	1500
2485	3417
2485	2254
2485	2638
2485	4437
3007	3055
3007	34
3007	2010
3007	3560
3007	2297
3007	458
3007	3823
3007	550
3007	3379
3007	3493
3007	1107
3007	4332
3007	2188
3007	3734
3007	1500
4485	2471
1797	982
1797	580
1797	2848
1797	3998
261	2504
3374	1271
2282	1551
2282	1607
2282	786
2282	3023
2282	1270
2282	4205
2282	3425
2278	38
2959	3236
465	2023
465	427
465	1380
465	206
465	718
3040	1223
3040	3680
2023	3486
2023	4505
2023	1966
2023	1981
2023	427
2023	3647
2023	1511
2023	379
2023	1403
2023	718
2023	2989
2023	3432
2023	2223
2023	2609
715	3055
715	4437
715	792
63	1729
63	2074
2584	2071
2584	1441
2584	144
2584	1643
2584	1027
1551	4618
1551	1528
1551	2294
1551	2281
1551	4429
1551	814
1551	887
4085	4392
2071	1441
2071	144
2071	4618
2071	1643
2071	1337
2071	388
38	3032
38	2389
38	3163
38	1637
38	2668
38	3598
38	1559
38	1901
38	1837
38	3568
3120	4504
3120	3668
3120	3882
3120	138
3120	348
1441	144
1441	1643
144	1643
621	2443
621	2472
672	529
672	1559
672	3611
857	2463
857	4504
857	4047
529	655
529	4011
529	2140
529	3895
529	4500
529	1567
529	3611
529	3258
529	1878
529	1547
1009	30
1009	2642
1370	645
1370	2419
1370	4011
1370	2934
1370	979
645	553
645	4011
645	2948
645	3170
645	2146
645	3635
645	2934
645	979
645	398
645	957
645	2382
1607	3427
1607	1851
1607	647
1607	887
1607	15
1607	3175
1607	3547
3345	770
3345	2129
3345	1027
3345	3723
3345	1369
3345	3734
3345	901
3345	3662
2419	99
2419	3297
2419	4648
2419	2680
553	770
553	668
553	3140
553	99
553	1578
553	2596
553	1567
553	4047
553	601
553	500
553	3891
553	4035
3241	4002
1562	4495
1562	3354
1562	4020
1562	34
1562	550
1562	345
1562	652
1562	138
4495	652
953	4217
953	2612
953	2746
953	900
953	1851
953	3832
953	39
953	877
953	652
953	4609
1485	3779
2949	598
1340	2138
1340	4074
1340	1476
1340	4058
1340	4269
1340	366
392	3533
392	2366
392	814
392	3861
392	1347
392	2175
392	1269
392	2299
392	2993
918	2194
918	250
3737	1971
2052	1930
2052	4266
2052	1887
2052	488
2052	452
2052	2666
2052	249
2052	3861
2052	2121
2052	2533
2052	949
2052	1868
2052	2452
3486	3354
4505	3859
4048	1792
4048	2314
4048	1580
4048	3175
4048	3662
749	3101
2138	4074
2138	1476
2138	4058
2138	4020
2138	1010
2138	3302
2138	3560
2138	3467
2138	81
2138	3692
2138	3824
2138	2554
2138	816
2138	4392
2138	1206
2138	900
2138	445
2138	3299
2138	3793
2138	1107
2138	3023
2138	3843
2138	3916
2138	2651
2138	1337
2138	1747
2138	4544
2138	2340
2138	4204
2138	1272
2138	2633
4074	1476
4074	4058
4074	4020
4074	1010
4074	1530
4074	3916
4074	1337
4074	1747
1476	4058
1476	4020
1476	1010
1476	3916
1476	1559
1476	1337
1476	1747
1476	1706
4058	4020
4058	3467
4058	1434
4058	4392
4058	3843
4058	4500
4058	2637
4058	1877
275	4618
275	663
275	3487
275	2934
275	66
4618	3695
4618	1027
4618	2779
4618	1294
4618	1959
1792	2067
3487	4358
3487	2389
3487	4347
3487	979
37	2389
37	2281
37	2842
37	3641
4217	900
4217	1496
4217	138
3354	2389
3354	35
3354	14
3354	206
3354	1347
3354	3389
3354	2241
3354	1878
3354	113
3354	1270
3354	926
3354	3425
3927	1559
3927	3288
3290	2716
3290	3816
3290	4610
3290	3627
3217	2716
3217	3236
3217	1029
3217	2104
3217	2989
3217	686
3217	1871
3217	3627
2716	3498
2716	4645
1630	1750
1630	2895
1750	4607
1750	3365
1750	3813
1750	2895
1750	962
1750	3657
4607	3126
4607	1579
4607	2895
4607	2223
3631	2504
655	3789
655	2389
655	1304
655	3810
655	473
655	127
655	1454
655	3813
655	3086
655	1567
655	2171
655	2651
655	3425
119	3379
119	1029
119	1567
119	3389
119	4571
119	2942
119	2642
3912	2438
3912	2834
1659	2515
3847	3690
732	1365
1930	3690
1930	1887
1930	488
1930	2570
1930	2275
1930	249
1930	1561
1930	2121
1930	4391
1930	2533
1930	4643
1930	551
1930	69
1930	507
1930	1502
1930	2810
1930	3506
1930	3915
1930	4310
2740	2872
4422	1505
4422	867
1605	273
1605	1622
2194	66
2194	1907
2527	2074
2527	113
2527	3425
2463	2846
2463	4504
2463	3843
3873	2504
3873	1559
3873	2180
3873	2305
3690	7
3690	3685
3690	1234
3690	249
4107	1851
1809	3662
3214	979
2603	4336
3365	868
3365	3895
3769	3931
3769	1731
3769	4087
3769	3734
3769	2268
523	1981
523	1068
523	1291
523	4392
523	4240
523	709
523	1597
523	1369
523	2060
523	3930
523	2751
523	608
523	774
3380	3170
3380	3577
3380	3175
4472	4054
868	1933
868	2786
868	2452
4554	4061
3417	4504
3417	979
3417	4296
3405	3793
3405	3816
3405	233
3405	2858
4336	250
4336	1800
4630	3489
2025	1709
4020	4128
4020	652
4020	2680
4020	3253
4020	1939
1725	3734
1545	1269
4060	1434
1976	2585
1167	982
1167	413
1167	580
1167	249
1167	2901
1167	2848
3524	4269
3524	4128
3524	1488
3524	2424
3524	2989
3524	1379
3524	4666
3524	289
3524	4335
3524	2942
512	982
1881	30
1881	2070
1881	2642
3781	2146
1483	3850
2474	3101
2474	2016
2474	3846
4056	3086
744	1496
744	881
2263	2409
2258	3829
2258	2491
3829	4064
3829	2491
2904	2668
2904	3014
4612	4646
4612	2190
4612	1532
1729	4646
1729	2190
1729	3895
1729	1033
1729	1567
1729	2614
770	4167
770	99
770	4437
4410	102
2762	3055
2762	3723
2074	3604
2074	1851
2074	1952
2074	4620
2074	2375
2074	605
4169	3098
4169	1380
4169	1579
4169	1871
4024	668
4024	884
4024	2366
4024	102
4024	3222
4024	3703
4024	2458
4024	1598
4024	3379
4469	3101
3468	355
4185	1029
1945	206
1945	3780
1945	2642
2607	3425
1362	661
12	3843
329	3101
2149	3175
2149	403
3522	1981
668	2366
668	102
668	3703
668	1598
668	3895
668	4611
668	1567
668	1269
668	3175
668	1318
668	3425
1938	786
1938	4537
4358	92
4358	1683
4358	93
4358	3734
4358	2005
2975	3046
2975	1270
3931	2998
3931	4017
3931	1731
3931	4087
3931	3734
1197	2646
1355	4667
1355	658
1355	3635
1355	4177
1355	4604
1355	4500
1355	3734
1355	2189
1355	3603
1355	4244
3498	1761
3498	1121
4034	1530
4034	1546
4034	4544
4034	879
4034	4234
2734	4284
2734	4121
2734	128
780	345
780	58
2118	1601
2118	3101
1275	598
396	3560
396	3793
4667	962
4667	4244
938	2938
938	413
938	1907
938	2810
3550	1952
3550	1058
3550	689
3789	1382
3789	1454
3789	2760
312	1965
335	4011
335	345
2784	1369
2784	3432
1988	3734
4550	1385
4550	3843
4550	3916
4550	3734
2504	1382
2504	4293
2504	662
2504	777
2504	2438
2504	3042
2726	1567
2700	3767
2700	3723
2700	4250
884	2294
884	208
884	4064
3098	4374
3098	1579
3098	3734
80	1121
80	3734
80	1258
80	4373
3220	1029
3220	3573
309	4374
309	1559
309	3734
1352	1304
4101	2469
1436	2129
121	3951
121	4437
121	3779
3767	4323
3767	3692
3767	4326
3767	4392
3767	550
3767	4042
3767	1723
3767	1107
3767	3023
3767	4332
3767	2981
3767	4234
4142	3816
4142	233
3015	458
3015	4326
3015	1844
1127	443
1127	3615
2938	1400
2938	3469
2938	2120
2938	1156
2938	4446
2938	4527
3655	2466
3655	1369
3655	881
2078	3687
2078	4012
2078	3023
2078	1496
2078	1169
669	2963
1385	1004
1385	3675
1048	114
1048	1887
1048	488
1048	1400
1048	694
1048	3562
1048	911
1048	2371
1048	249
1048	482
1048	1156
1048	1817
1048	3871
1048	2895
1048	1146
1048	1399
1048	2844
1048	2870
1048	3278
1048	3839
1048	4527
1048	1657
114	3502
114	982
114	3930
114	4643
3065	3994
3065	2556
4345	206
4345	3780
4345	1839
1798	794
1798	3826
2397	206
2397	2466
2397	3780
2397	686
1469	3502
3251	3105
3251	3389
3251	608
1992	205
2092	2271
2092	3236
2092	4086
3343	2275
3343	3034
56	7
7	3560
7	1293
7	580
7	4481
7	795
7	1144
7	4527
1505	2861
1505	249
1887	3502
1887	4010
1887	982
1887	462
1887	2872
1887	482
1887	1156
1887	2890
1887	4533
1887	218
1887	1868
1887	4643
1887	551
1887	66
1887	1144
1887	2844
1887	4527
3685	249
3685	3023
3685	661
3685	66
3928	3949
3928	366
3928	569
1010	3566
1010	577
1010	1465
1010	525
1010	2426
1010	3897
3055	3128
3055	1786
3055	4269
3055	3692
3055	1614
3055	445
3055	4183
3055	1107
3055	3023
3055	4332
3055	795
3055	2582
3055	2879
3055	3278
3112	4005
2338	1029
246	2070
246	2999
246	1637
246	855
572	1559
673	458
673	3034
673	3046
3687	3382
3687	3477
3687	2909
3687	3173
3687	15
3687	768
3687	880
2389	102
2389	4339
2389	1033
2389	3734
2389	3876
2389	3573
2389	1155
3382	2410
3382	3236
3382	880
3382	646
2710	4497
4497	2140
4576	3734
1247	4010
1247	249
4319	1269
4319	113
488	3502
488	4010
488	3934
488	982
488	1810
488	2014
488	2435
488	413
488	580
488	2872
488	1506
488	1156
488	934
488	2890
488	4533
488	949
488	218
488	3930
488	1868
488	2848
488	4643
488	551
488	1144
488	958
488	4527
484	249
484	1502
3589	1683
3589	2368
3589	1264
3589	3067
3589	2395
3589	3046
3589	880
3589	3058
3589	3212
1400	334
1400	3945
1400	1868
1400	2848
1400	4643
1400	4527
1961	3379
1229	430
1229	877
1229	2060
1229	921
1229	3239
2163	3105
1140	1559
3643	81
3643	1577
3643	3378
3643	3916
2213	1138
2213	507
812	2946
812	260
812	4437
812	1559
812	1337
3695	1315
3695	863
3695	4269
3695	758
3695	2227
3695	3493
3695	3389
3695	962
3695	990
3695	3410
3302	1027
2861	478
2861	4467
3039	3366
3039	66
3039	1399
3039	2822
2741	1119
2741	478
429	1622
429	3734
429	3009
1016	1579
334	4010
334	1293
334	1220
116	1220
116	3682
35	846
35	590
35	1952
35	2375
34	1231
34	230
34	550
34	1107
34	2241
34	3425
34	3061
34	3212
18	2366
18	230
430	4539
430	3379
430	1326
430	4042
430	16
430	3291
430	3634
430	2648
430	2761
92	1933
92	1598
92	3633
92	1264
92	1583
92	3166
92	807
92	667
92	1507
92	2073
1786	661
1815	1863
1815	379
1815	601
4167	1933
4167	3951
3530	2366
3949	4512
3949	4163
3949	4012
3949	321
3949	152
3949	652
3949	3773
3949	1964
3949	374
3949	520
3949	2787
4512	3285
4512	1964
4512	374
4512	1547
2774	982
2774	249
2774	1502
2774	205
2010	577
2010	2458
2010	230
2010	1556
2010	550
2010	3379
2010	3793
2010	1107
2010	3523
2010	4332
2010	1500
2010	83
3502	982
3502	2570
3502	249
3502	2901
3502	2121
3502	1169
3502	2533
3502	4499
3502	2848
3502	4643
3502	551
3502	1612
3502	2844
4010	4106
4010	327
4010	249
4010	482
4010	3635
4010	3548
4010	4533
3934	249
3934	66
3934	2844
1382	2491
421	3734
421	3787
1223	102
1223	4611
1223	4017
1223	3432
1223	2642
1150	4352
1150	616
1150	1964
1150	1878
1150	1547
1150	2055
4125	206
1176	3069
4308	2366
1315	3379
1315	2466
1315	1366
1315	3166
1315	4099
1315	1621
2469	66
3533	1556
3533	1547
3533	1943
694	66
1981	435
1981	2633
1981	3547
3442	4437
2210	2963
2210	3145
3580	4347
3580	1066
1292	3379
1292	3734
1292	1902
443	3734
1304	2294
1304	3813
1304	1567
676	99
676	3432
1378	3953
1378	3734
1119	4128
1119	249
1119	3175
1119	3553
3562	2844
1933	3235
1933	3166
1933	1916
1933	3397
47	1555
3953	4339
1555	696
4646	206
4646	16
4646	3291
4646	2695
4646	3425
2851	1906
982	2570
982	3566
982	249
982	482
982	934
982	2890
982	4533
982	1269
982	2121
982	2533
982	949
982	551
982	17
982	1502
982	3915
564	507
2588	1408
4026	3023
438	3389
802	1519
802	1496
802	1627
4366	1371
4366	2189
4366	2393
4366	3627
4172	4160
4172	2498
4172	1209
4172	3519
4172	691
3336	1789
3336	4019
1789	4500
1789	1821
1601	278
1601	390
1601	4243
1601	4333
1601	2007
1601	2204
1601	4463
1601	2152
1601	1029
1601	2765
1601	1269
1601	1337
1601	4279
1601	5
1601	1852
1601	921
1601	514
1601	2156
1601	1943
2271	1810
2271	3958
2271	1751
2271	2895
2271	608
2271	1775
2271	2350
3481	1029
3481	1943
97	1900
3560	2297
3560	1683
3560	2646
3560	3734
3560	4544
3560	3212
4323	1186
4323	390
4323	99
1186	390
2297	550
2297	4262
2297	2746
2297	3832
2297	39
2297	877
2297	440
2579	3992
3608	947
3608	4663
3608	1900
3608	4544
947	1528
947	844
947	3432
278	2146
3604	696
3604	2401
3604	3389
4165	2471
4165	647
4165	3023
1493	3734
1810	2533
1810	3097
369	3986
1134	1269
1134	3734
1248	3734
1248	689
462	81
462	3378
462	3101
462	2005
863	355
863	2120
863	2668
863	3734
863	3258
638	1264
4222	1269
3898	249
849	206
2550	1029
2168	3081
1252	1347
1252	2401
1252	3291
1609	2195
1609	3961
1609	247
1609	3547
2195	3961
2195	3703
2195	247
2195	3547
341	3236
3924	3033
3033	4339
3033	1169
3033	3665
4003	1380
4003	1556
4003	3379
4003	1496
4003	435
4003	999
4011	2956
4011	2354
4011	2146
4011	1851
4011	4284
4011	1952
4011	4225
4011	1567
4011	979
4011	2858
4011	1509
3367	4269
2948	979
3477	4504
3477	623
3477	3166
3477	4047
4269	2458
4269	4671
4269	247
4269	2107
273	662
273	206
273	1901
273	1274
390	3951
390	1455
390	1220
390	616
390	4225
390	1058
390	545
390	1033
2846	3379
2846	4047
2846	861
2846	3641
2846	2736
4044	3722
4044	3379
4044	3312
4044	3577
4044	127
4044	3734
478	3236
478	661
478	2325
4504	979
4504	3166
4504	4047
3961	247
82	3951
82	4437
82	3916
81	3992
81	366
81	1644
81	4382
81	2779
81	3414
81	3793
81	3951
81	1107
81	2098
81	4673
81	4121
81	3710
4243	4374
4243	3272
4243	1029
4243	1000
4243	3779
4243	3734
4243	1943
1234	249
1234	4251
1234	4527
1456	1269
3833	3261
3833	507
2014	249
2014	2038
3353	1502
2013	3105
2432	2944
2432	4678
2432	3527
2715	590
2270	3379
2443	2472
1255	3734
2950	998
3483	4073
2913	1279
2913	540
2913	1627
1279	540
2089	2653
2089	3379
2314	3235
139	206
139	4611
139	3780
139	2888
3161	1029
79	3998
2108	3723
2108	1594
2108	623
2108	1337
2108	3734
2108	3212
2514	2355
2514	885
2355	887
3119	1964
250	2547
250	1269
3992	2166
3992	4481
3992	1440
3992	3577
3992	3960
1577	540
3674	4671
3674	3635
3674	935
3674	2765
3674	2375
4115	2366
3958	700
3728	2146
3728	2098
3728	3734
3728	4544
3728	514
966	2533
173	3542
173	4437
173	3173
173	2651
173	699
173	4371
280	3668
2129	1293
2129	869
2129	1369
2129	3582
2757	74
2847	1606
4580	4611
4353	2353
4425	424
366	2998
366	4382
366	540
366	3414
366	4611
366	3163
366	2750
366	1442
366	3916
2476	2855
2476	3109
631	2124
2738	2238
3564	3379
3564	1594
3564	962
3564	2865
1644	2779
1293	3379
1293	1594
1293	57
1293	578
1293	218
1293	3250
2298	3501
454	208
454	3451
427	2779
3775	2848
4439	1559
2697	2486
2697	2885
1138	2720
1099	1269
1231	3700
3692	458
3692	1027
3692	1653
3692	3813
3692	2375
3692	3986
3692	1270
3692	3212
4645	1446
2402	4178
3824	458
3824	1027
3824	3723
3824	1156
3824	4611
3824	2189
3824	3212
458	1309
458	1614
458	4416
458	4636
458	658
458	550
458	1081
458	83
458	3198
458	2786
458	1270
758	2366
758	206
758	1029
1683	1598
1683	3936
1683	2779
1683	1465
1683	1511
1683	2101
1683	616
1683	3215
1683	3235
1683	3166
1683	2005
1683	807
1683	667
2653	1636
2570	2121
2570	1868
2570	551
2570	1144
2570	3675
2570	3568
2570	4527
2646	3734
2646	962
2646	4278
3566	2188
4160	4339
1309	3921
1309	1029
3837	887
4128	2680
4128	3253
577	4596
577	4544
2495	1567
2495	718
2495	3662
1530	3101
2062	2070
2062	3519
2727	2679
2727	1712
2727	3879
2727	1286
2711	3101
2711	1712
2884	3101
1380	2477
1380	345
1380	1029
729	3222
1764	3734
1764	251
1764	1698
1764	2191
1434	3571
1434	3573
1434	2305
4140	1347
4140	3425
1539	230
1539	386
1539	4544
2366	102
2366	3222
2366	3703
2366	2458
2366	4145
2366	2148
2366	482
2366	340
2366	3615
2366	3166
2366	4335
2366	1226
2366	3803
2366	734
102	3222
102	3703
102	2458
102	2148
102	4042
102	1728
102	2070
102	4177
102	2164
102	616
102	3813
102	855
102	2989
102	4556
102	58
102	3986
102	4061
102	1604
102	3521
3222	3703
3222	2458
3222	1728
3222	2070
3222	3447
3222	251
3703	2458
3703	206
3703	617
3703	599
2458	3893
2458	3896
2458	900
2458	3842
2458	3493
2458	1728
2458	206
2458	2070
2458	1455
2458	4225
2458	1484
2458	3215
2458	3935
2458	4087
2458	2989
2458	199
2458	4544
2458	1552
2458	1958
2458	1959
2458	2822
4326	3984
4326	206
4326	4339
4326	3389
4326	880
4326	4441
4585	4382
606	2007
606	3282
606	2574
606	2989
606	1379
606	4666
606	908
606	1547
606	791
606	3110
644	3212
3893	3236
3361	1771
1528	2294
1528	1369
2294	3756
2294	3773
2281	3773
413	249
413	934
413	3682
413	1502
413	3553
2166	3951
2166	2466
2166	2651
2998	2036
2998	2164
2694	249
580	249
580	958
580	1318
580	1502
3823	4229
3823	628
3823	885
3823	2189
4565	2547
4565	1269
3378	2937
3378	2005
3378	4098
1614	4392
1614	1058
1614	3503
1614	1337
4005	445
4005	2191
600	206
4531	4275
9	4500
9	3491
3170	4339
3170	979
3170	2307
2956	1033
2956	3270
2956	514
1611	3577
1611	348
3101	2565
3101	237
3101	2692
3101	4604
3101	4002
3101	1606
3101	2060
3101	374
3101	2966
3101	962
3101	2611
3101	3691
3101	265
3101	325
3101	468
3101	476
3101	2316
3101	2083
3101	2337
3101	2421
3101	2505
3101	2556
3101	2559
3101	2599
3101	2650
3101	2844
3101	2892
3101	2954
3101	2970
3101	3071
3101	3073
3101	3565
3101	3603
3101	3735
3101	3947
3430	4012
3430	152
3430	374
4163	4012
4163	152
4163	598
4163	1559
4163	374
4163	3422
4163	3657
4012	321
4012	1578
4012	473
4012	152
4012	3773
4012	1559
4012	1964
4012	374
4012	520
4012	3734
4012	1547
4012	2375
4012	2172
321	3379
321	1212
321	152
321	1559
321	1964
321	374
2565	3826
4652	3425
2254	1369
2254	1559
2254	957
2146	4352
2146	3598
2146	979
2146	2937
2146	388
4450	1942
4450	2587
4450	1222
4450	2735
1084	212
4207	696
4207	3465
4207	1586
4207	2651
4207	926
4207	3451
2554	1027
2554	3443
2554	643
2554	3212
4192	934
3756	1666
3756	1094
3756	3422
696	1567
696	1804
696	2609
3141	3138
3141	3173
1488	2625
1488	1094
1488	4342
1942	861
230	100
4206	2842
4429	379
4429	1952
4429	4610
4429	2842
4429	3425
4671	1948
3465	2902
3465	4448
3465	3653
2902	4225
2902	3494
2872	249
2872	934
2872	2121
2872	1880
2872	2394
1529	798
1529	4198
2260	3577
911	2409
2724	1878
2724	4032
4359	3411
2190	376
1557	2587
1557	2990
1557	3515
1557	599
4382	2909
4382	202
4166	3503
4166	3780
3976	3122
2612	2746
2612	900
2612	3832
2612	39
2612	877
2612	1500
2612	4609
2562	249
1598	3895
1598	3235
3509	662
1041	3730
3810	112
3810	816
3810	400
3810	1085
3810	974
3810	3252
3810	3364
3810	3224
3810	100
3810	1206
3810	4183
3810	1454
3810	1567
3810	83
698	1209
112	2807
112	1085
112	974
112	3364
112	3224
112	2320
112	4248
112	83
112	1680
3730	816
3730	974
3730	3364
3730	3224
1085	1728
974	1728
2698	1728
3364	1728
3364	113
3224	1728
2320	1728
2320	1914
4333	3379
4333	1805
987	962
987	4593
1934	237
1934	104
1934	3937
1934	712
237	4251
237	712
4304	4099
4304	3663
3818	2842
3633	1785
1364	662
662	1592
662	2223
2963	2625
2963	3282
2963	2574
2963	2070
2963	4335
2963	2491
3363	1639
3030	4337
3513	3164
571	1116
1673	3242
1673	3774
1639	3379
1639	4458
1639	2156
2308	4465
2308	3998
2308	3573
260	2007
260	3282
260	2574
260	1379
260	908
260	3110
2625	3282
2625	3163
2625	4335
4374	1666
4374	1222
4374	1033
4374	113
4374	2421
208	2223
208	3046
1027	1206
1027	3023
1027	4437
1027	2053
1027	1029
1027	435
1027	1267
1027	3511
1027	3610
1027	4402
1948	1699
1948	4556
1948	1878
3427	152
3427	1029
3427	1811
3427	2232
3427	3145
1556	1116
1556	2180
4465	861
4465	2841
3334	861
2007	1063
2007	3282
2007	2574
2007	2989
2007	908
2007	3734
2007	1500
2007	3110
4416	3023
4416	1270
4416	595
2779	852
2779	3650
2779	3998
2779	921
2779	2642
2779	734
1843	2101
1843	2680
1843	1033
1843	3780
852	2368
4642	298
4639	1269
3618	3954
100	1848
1965	4391
1965	199
3272	1666
2148	249
2148	3061
540	3163
540	1442
540	4500
540	598
1628	3734
4481	2505
4481	3763
3650	3379
3126	3236
3138	1666
3138	3734
1666	3734
1997	3081
1997	4087
1997	3868
1997	388
1997	2585
1726	844
1726	1369
1726	1177
4070	3951
4187	3723
4187	3236
4187	3212
4636	3236
4392	4544
3896	2424
3896	2070
3896	4544
3896	3425
3896	3239
3723	1107
3723	2083
1202	4544
550	4262
550	1785
550	3921
550	1337
550	1878
550	4544
550	3986
550	1270
4019	3379
2140	2909
2140	3895
2140	1878
1063	93
1063	2241
1063	3212
3414	202
3414	1442
318	2855
1209	1532
1209	3389
1209	3734
1209	1204
14	4611
14	3450
4306	3577
844	881
844	913
3379	2804
3379	57
3379	2318
3379	2471
3379	590
3379	3312
3379	3577
3379	4021
3379	3023
3379	4276
3379	4383
3379	1121
3379	1592
3379	3744
3379	3734
3379	1718
3379	885
3379	2942
3379	3250
3379	342
3379	901
3379	931
3379	1301
3379	1777
3379	2107
3379	3455
3379	2548
3379	2552
3379	2614
3379	2637
3379	2932
3379	3122
3379	3196
3379	3459
3379	3494
3379	3820
3379	3834
3379	3911
3379	3995
3379	4218
3379	4264
3379	4656
2610	1532
2610	1594
2610	3034
2804	1594
2804	3034
1532	1594
1532	3577
1532	3034
1532	1509
1594	2471
1594	3312
1594	3577
1594	3734
1594	3010
1594	3657
57	1537
57	3734
2318	3010
2318	1147
2318	2614
2471	3034
2471	3496
1578	152
1578	374
1578	3611
4653	152
4653	1559
4653	374
4653	4534
2944	1464
2944	4112
2944	3485
2944	2722
1491	1506
1800	807
1506	249
1506	612
1506	2121
3297	4648
3297	4339
72	1811
1993	2060
2275	4095
2275	1632
2275	3261
2275	3034
2275	1479
2275	3450
2275	551
2275	66
2275	1144
2275	2452
4095	1632
4095	1479
4095	1144
1632	1479
1632	1144
2587	3662
2746	900
2746	3832
2746	39
2746	877
2746	3734
2746	1689
2746	4609
1381	3278
64	346
452	3086
452	1868
2368	515
2368	3876
2368	3166
2992	1269
2992	4579
900	4347
900	39
900	1496
900	652
316	1559
316	3175
1566	4347
3815	4347
4489	4347
1820	1567
1820	3734
345	3577
345	1419
345	1269
345	199
345	3152
345	3292
2909	218
445	2241
814	3734
190	3734
1326	1559
1326	2842
1326	2592
1326	3436
93	3485
2990	3515
2990	4112
2990	3192
2990	791
2990	3485
3515	599
3515	3192
3515	791
2310	3236
2310	1939
2778	1567
2289	736
2465	3773
104	3086
104	1567
4022	590
3366	3945
3366	590
1579	3945
1579	590
1579	651
1579	1559
3945	980
3945	1867
3945	2231
3945	4087
2066	2236
590	980
590	3556
590	2921
980	3491
3842	3270
1851	3493
1851	127
1851	3389
1851	3291
1851	2695
1851	3508
1851	3625
4013	2424
3493	206
3493	2375
3832	39
3832	877
3832	887
3832	4609
4127	4299
473	59
473	616
473	1567
473	1169
473	1964
725	3734
3667	3843
3667	3916
3667	3930
1440	2680
1440	4413
238	2824
1844	4347
4347	1393
4347	3611
4347	1391
4347	3425
249	3861
249	1156
249	612
249	2202
249	3548
249	4533
249	4678
249	2901
249	949
249	3930
249	1868
249	2848
249	4643
249	551
249	66
249	1144
249	405
249	507
249	958
249	1502
249	2316
249	2452
249	2824
249	2844
249	3553
249	3802
249	4527
412	2848
412	2982
412	3310
3861	3236
1723	3984
1723	4339
1723	1567
1723	3389
1723	880
3984	1680
1465	482
1465	691
1465	4451
1203	206
1203	1029
482	2844
482	3061
1156	3105
1156	2533
1156	2844
1156	3569
934	1144
934	958
934	3061
21	66
612	199
3035	3734
4229	507
3299	3951
3793	2600
1185	3023
1185	1286
1185	1270
2890	2121
2890	2533
2890	2848
2890	66
3758	300
3895	2600
3895	1471
3895	4064
3895	921
377	300
1677	300
300	94
94	1964
3635	3660
3635	1033
3635	3046
3635	3425
3635	3791
3635	3663
1617	825
647	2124
647	4611
647	4040
647	1787
647	15
647	3175
786	2005
786	887
786	1811
2886	2623
1066	4069
1212	2274
1212	3583
1212	3940
1212	3312
1212	1863
1212	2101
1212	1419
1212	1455
1212	1952
1212	1220
1212	616
1212	4610
1212	4225
1212	1058
1212	2680
1212	545
1212	1033
1212	2728
1212	3425
1212	3026
2274	4571
3583	3312
3583	3577
3583	2101
3583	1455
3583	4225
3583	2668
3583	1423
3940	3312
3940	3577
3940	2101
3312	3577
3312	2101
3312	1915
3312	2421
3312	3152
2139	3389
1222	1567
1222	3734
3571	1883
2855	30
2855	2070
2855	1379
2855	4666
2855	4603
2855	2642
2424	30
2424	1712
2424	1379
2424	3978
2424	289
2424	520
2424	1901
909	4500
909	3014
1728	206
1728	2070
1728	1712
1728	2989
1728	1379
1728	4666
1728	289
1728	1267
3282	2070
3282	1712
3282	4666
3282	3110
2574	3773
2574	1379
2574	4666
2574	3110
30	3734
30	2642
30	3152
206	2070
206	1712
206	2989
206	1379
206	4666
206	289
206	1001
206	589
206	637
2070	2989
2070	888
2070	1672
2658	3186
135	3954
581	3734
3577	4423
3577	1033
3577	4332
3577	1029
3577	1719
3577	2842
3577	2060
3577	3734
3577	3998
3577	4204
3577	51
3577	3250
3577	3292
3577	2735
16	1547
3443	1996
39	877
39	962
39	4609
127	787
127	4096
127	242
127	782
4100	4544
1996	2466
1996	2651
2835	1959
2835	3425
1107	1337
1107	1878
1107	4544
3023	1369
3023	887
2714	1712
1883	3734
1883	3422
1511	4611
1511	3291
1439	3773
2202	1296
2202	1502
2202	2844
1994	2180
622	942
623	1269
623	3876
623	4047
623	942
3489	4339
3489	1347
3489	1338
3489	2478
3489	652
3489	962
4339	3215
4339	1901
4339	985
4339	148
4339	1501
4339	3680
2466	1347
2466	1403
2466	2375
2466	977
2466	3511
2656	3236
1867	962
1347	2101
1347	1952
1347	4225
1347	1033
1347	4620
1347	3641
1338	2478
1338	1915
3273	59
3273	2401
4437	3471
4437	3734
4437	792
4437	1294
4437	782
4437	1877
1586	2609
736	3086
2899	798
3754	3236
3754	661
3668	3744
1583	4225
1583	1094
3067	791
1519	3250
1519	2255
648	3724
202	4611
202	3163
202	3734
202	1878
2457	3734
3081	1121
3081	2922
877	4609
386	2365
1454	3813
1454	3086
1454	1567
1454	2171
2919	798
59	2401
59	3518
59	545
59	1267
2401	3518
2401	643
2401	460
2401	825
2401	2552
3816	233
3816	1419
3816	1033
3816	2918
3816	3511
3660	4099
107	4656
1102	3734
3236	3646
3236	4611
3236	569
3236	4365
3236	2375
3236	4205
3236	1711
3236	1907
3236	2141
3236	2283
3236	2888
3236	3211
3236	3278
3236	3451
3236	3603
3236	3791
3236	3857
3236	3910
3236	4198
3236	4264
3236	2968
3236	3774
3457	1547
3457	3175
1393	2395
485	3518
320	298
320	1267
1914	3518
4124	3226
4177	1121
4177	4544
2098	4544
2098	514
4102	2834
539	885
539	646
1496	3545
1496	1662
1496	3603
1496	3710
3519	2966
3519	3454
3519	734
3518	1730
1879	3862
2164	1455
2164	1058
2164	3291
2164	3694
3523	3734
3173	699
152	3773
152	1964
152	520
152	3250
4284	290
4284	4611
4148	2124
4148	2377
4148	290
4148	652
4148	113
2124	2377
2124	290
2124	2053
2124	1663
2377	290
2377	652
2377	212
290	2679
290	4611
290	652
290	4121
2679	2763
2679	4611
2679	4673
2679	4121
2763	4611
2763	4121
4611	4673
4611	1220
4611	4121
4611	1029
4611	1567
4611	4556
4611	2739
4611	288
4611	1078
4611	4278
4611	1401
4611	3058
4673	4121
3843	598
3843	3538
3843	2175
3843	3916
2201	4658
4604	4250
1051	643
1051	3941
3151	1964
597	2492
2101	1419
2101	1455
2101	1220
2101	616
2101	4610
2101	4225
2101	1058
2101	2680
2101	545
2101	1033
2101	101
2101	1423
2101	113
1419	1455
1419	1220
1419	616
1419	4225
1419	1058
1419	2680
1419	545
1419	1033
1419	2249
1419	1423
1419	113
1455	1220
1455	616
1455	4610
1455	4225
1455	1058
1455	2680
1455	545
1455	1033
1455	2545
1455	3425
1952	2680
1952	1033
1952	636
1952	515
1952	3780
1952	2699
1220	616
1220	4610
1220	2680
1220	1033
1220	1008
1220	1423
616	4610
616	4225
616	1058
616	2680
616	545
616	1033
616	1423
4610	2680
4610	1033
4610	1567
4610	1008
4610	636
4225	1058
4225	2680
4225	1033
4225	1423
4225	113
4225	927
1058	2680
1058	1033
1058	3780
1058	1423
652	3773
652	374
652	2787
652	3797
4121	1442
643	3100
3666	3527
2680	545
2680	1033
2680	1423
2680	1804
545	1033
545	1423
545	3826
1033	1567
1033	1269
1033	3503
1033	4047
1033	1423
1033	113
1033	1521
1033	3556
101	3545
3545	435
4332	1270
4332	3212
4017	1731
1731	4087
1731	3734
1442	3341
1442	3916
1442	4248
3882	325
1561	66
1561	1502
3541	3389
3541	1399
700	1567
4040	1811
4040	15
1787	15
4500	1029
4500	718
4500	1878
4500	405
1029	3813
1029	3779
1029	4596
1029	2232
1029	113
1029	3145
1029	251
1029	901
1029	1509
1029	2505
1029	2531
1029	3657
1029	1943
598	3538
598	2175
598	3916
598	885
1030	1712
1597	3734
4533	2121
4533	2533
4533	949
1445	3046
3538	3916
3538	3026
661	2879
661	958
661	1604
661	1612
661	1890
661	4261
661	4264
2020	507
4276	3662
3501	298
3574	635
2682	199
2175	3916
2999	1637
3871	2844
3034	825
3034	4609
1637	435
1109	3086
1109	4086
3813	3086
3813	1567
3813	298
3086	1567
3086	2171
3086	2895
3086	4086
3086	3774
2192	2895
1567	2171
1567	4047
1567	887
1567	3450
1567	2695
3800	1366
1366	1612
1366	3794
1403	3389
1403	3734
511	3720
2895	2016
2895	3485
2895	2722
3389	2955
3389	60
3389	4383
3389	2375
3389	1078
3389	4278
3389	2631
3389	4205
3389	2609
3215	2989
2955	60
2955	4383
60	4383
1269	675
1269	10
1269	58
1269	4499
1269	4544
1269	301
1269	362
1269	514
1269	808
1269	926
1269	957
1269	958
1269	1096
1269	1137
1269	1243
1269	1267
1269	1828
1269	1892
1269	4226
1269	4268
1269	4318
1269	4322
1269	4476
2398	2060
2016	2421
4678	2121
4678	218
4678	69
4678	1502
4678	3665
420	227
420	1547
420	2585
2241	1337
2241	1811
2241	1500
2668	3734
2668	436
2668	525
2668	2189
2668	2307
2668	2760
4054	1333
378	4427
378	58
2918	3734
128	689
2188	3839
2934	979
247	3734
247	628
247	3198
247	1194
247	2552
247	3547
3916	3734
3916	3825
3916	2623
3916	885
3773	1094
3773	374
3773	3611
3773	1878
3773	1687
3773	1748
3445	3175
569	3868
569	1811
3598	3425
3615	3636
3615	3663
1044	589
4672	1622
4087	1622
1622	1912
979	268
979	4278
979	1183
979	398
979	957
979	2382
979	3826
130	913
3503	2008
3779	1943
578	3425
2651	3734
2651	2340
351	3425
1369	881
1369	3432
1369	2597
1369	2223
1369	3998
3937	3432
1712	2989
1712	1379
1712	908
1712	3110
2989	1379
2989	4666
2989	617
2989	2842
2989	1890
2989	3411
2901	17
2901	357
4571	4047
4571	1371
4571	2850
3291	3680
1121	1559
1121	3734
1121	589
1379	908
1379	3110
4666	4603
4666	3734
4666	435
4275	1816
3868	407
1094	3611
1094	4064
4248	407
407	1915
407	4335
4324	2521
2121	949
2121	1868
2121	2848
2121	66
2121	1144
2121	2844
2121	4527
3846	3845
3846	1964
4603	2642
617	289
908	3734
908	3110
1057	2299
1057	1612
3419	3845
3419	3590
3845	3734
3845	3590
1559	4064
1559	798
1559	2134
1559	3046
1559	921
1559	1096
1559	1301
1559	1435
1559	2296
1559	2874
1559	3121
1559	4226
1559	4158
2842	3166
2842	667
2842	2223
881	3734
881	2223
881	1177
3432	435
3432	2223
3432	3018
2924	3930
1327	460
2048	4244
2060	927
2060	2888
2060	2977
3602	371
3602	2055
3978	3657
4427	3471
4427	58
4023	227
4023	2916
1337	3734
1337	3186
1337	1270
227	2916
227	374
227	1547
227	3508
227	3250
2916	1547
1964	374
1964	2283
374	520
374	3611
374	1547
374	3250
520	3611
2937	3734
1537	734
2966	418
440	4596
3734	2249
3734	2309
3734	1811
3734	1771
3734	1001
3734	1078
3734	717
3734	1371
3734	2545
3734	804
3734	1674
3734	2421
3734	2467
3734	2585
3734	2888
3734	3037
3734	3134
3734	3152
3734	3511
3734	3627
3734	3908
3734	4388
3734	4597
3734	3547
4596	4507
4596	4480
4596	3425
4596	4234
946	1270
2879	515
2879	3876
3611	3132
3611	3164
4498	2067
3235	682
3235	686
3235	970
3235	1361
3235	1670
3235	3278
4064	388
4064	2307
4064	2449
3166	435
3166	807
3166	4099
2507	1746
2533	1868
2533	551
2533	1144
2533	507
2533	958
435	807
435	1183
435	4411
435	521
435	2614
435	2865
435	3657
807	667
4047	957
4047	3425
4047	3826
1479	1144
1479	205
108	981
3780	3450
3780	1500
3780	1001
3780	637
3780	825
3642	1871
861	4251
949	1868
949	2848
949	1144
949	3915
949	4527
995	2932
10	2255
823	1144
1294	3013
3258	1878
3258	3404
841	1878
841	1547
1878	1547
1878	3512
1547	3512
1547	1730
1547	4198
218	551
218	3641
218	1502
887	2395
887	4205
887	2642
962	2223
962	4099
962	921
962	1612
962	1680
962	4451
1663	3662
4499	2848
4499	1144
4499	4527
1771	3680
2223	3239
2375	1500
2375	113
2375	2642
1500	3212
4544	4234
4251	712
216	3774
4586	259
1868	4337
1868	69
1868	1502
1868	1971
1868	3569
4178	2611
2751	4656
3691	3491
3691	3682
3491	2468
298	3933
298	3755
15	3547
2395	2695
2395	2858
2395	3663
2695	3663
2848	1144
2848	17
2848	69
2848	1502
2848	3774
4643	403
4643	1502
4643	3109
4235	66
212	1226
212	1819
212	1846
212	1880
212	1947
212	2284
212	2350
1001	3175
1078	2141
1078	3425
551	4387
551	958
551	1117
551	4527
1286	83
1286	2609
3573	2517
689	767
66	67
66	1971
66	2722
66	3278
66	3553
113	2722
3046	1270
83	1270
3198	1270
1270	1757
1270	2373
1270	2609
1147	1524
1147	1741
1147	3657
4112	3192
4112	3485
4112	2722
599	791
913	782
4069	1564
1704	2421
3175	460
3175	1148
3175	2604
3175	4401
268	2631
268	1748
4278	1183
2631	1183
1183	3425
2858	2021
242	3060
3404	2521
4099	1839
4099	3794
4099	4658
4099	3663
3192	791
880	3058
3279	2970
3782	4575
3485	2722
4296	1937
1144	3915
4061	774
4205	4204
2942	299
42	558
53	2752
2067	4380
1852	3662
3250	342
921	388
921	3662
69	1502
89	2760
148	4092
158	2327
207	1420
360	2776
371	3278
388	2189
388	3627
2864	507
2864	3425
448	4478
460	4327
461	3176
468	507
480	3401
507	4575
507	3527
548	1956
558	1668
558	1937
608	3134
618	2604
699	1698
804	4394
825	1358
825	3425
895	3454
901	2284
927	2038
927	3995
931	1120
977	2189
978	4310
1096	3134
1146	4527
1243	2968
1318	2609
1391	2172
1399	3155
1402	3147
1409	4301
1502	2877
1502	4527
1507	2373
1612	3794
1612	4394
1612	3821
1612	1621
1612	3663
1616	3496
1636	4157
1662	3134
1698	3627
1717	3652
1756	2921
1854	1943
1927	2770
1947	2131
1947	3853
1958	3061
2021	3794
2021	4510
2073	3791
3794	3821
3794	1621
3794	3663
2189	3627
2229	2968
2327	1657
2449	3908
2505	1943
2594	2690
2609	3099
2614	3657
2686	3662
2781	3425
2790	3061
3556	3425
3425	3089
3425	3511
3425	4536
2844	2870
2865	3908
2914	3099
2915	3076
2915	3278
2922	1943
2970	3662
3061	3527
3100	3662
3239	4569
3239	4656
3277	3662
3327	299
3590	3791
3613	3625
3680	3826
3915	4527
4510	1943
4374	3844
3734	3844
398	3699
2635	3699
2990	1970
2070	137
3389	2896
3780	2896
4148	358
652	358
3253	358
2138	2655
4074	2655
1476	2655
4058	2655
3916	3399
1559	3399
4207	4209
4161	4209
1601	1239
3577	1239
4073	1239
1355	3863
4611	3863
718	3863
3425	3863
947	2976
3573	2976
3710	2976
2466	91
4611	91
3389	91
3737	3115
4034	3115
1683	3115
2466	3115
1347	3115
59	3115
3389	3115
1964	45
3734	45
2335	1398
3129	1398
1643	1398
1385	1398
430	1398
443	1398
1948	1398
540	1398
4127	1398
3023	1398
1029	1398
3779	1398
1901	1398
1718	1398
3145	1398
206	3434
4612	4132
1580	4132
4450	4132
473	4132
511	4132
4571	4132
1559	4132
4596	4132
931	4132
3591	4132
4564	4132
4593	4132
343	1638
102	1638
202	1638
2695	1638
4253	1638
715	1655
2466	1655
2651	1655
2988	1655
3780	1655
4165	898
4347	898
561	891
1353	891
655	891
4011	891
4611	891
1878	891
1547	891
3425	891
4099	3051
4003	3392
4003	3555
1380	1215
3412	1215
2023	793
3389	793
4087	1412
3920	4045
521	4045
1530	2958
696	2958
3389	2958
38	2174
4185	2174
1063	2174
3503	2174
3998	2174
4185	679
2366	679
102	679
4392	679
1063	679
3734	679
3998	679
1817	210
1622	210
435	210
3257	210
3502	4494
982	4494
482	4494
1156	4494
4533	4494
4678	4494
1144	4494
4527	4494
249	364
1269	364
3690	4080
1775	3757
2837	1478
2913	337
250	337
1800	337
1033	337
1789	294
2646	1581
4611	1581
3972	1581
911	1172
2409	1172
4359	1172
3940	1172
2001	1172
3875	354
1315	4664
2274	4664
1121	4664
2458	450
2584	2952
2071	2952
3312	2952
3724	2952
4472	404
962	404
3461	343
561	343
4568	343
3208	343
749	343
2527	343
3589	343
1223	343
173	343
3379	343
1851	343
2102	343
1996	343
2919	343
2101	343
1419	343
1952	343
1220	343
616	343
4610	343
2680	343
1033	343
3288	343
4096	343
2375	343
1732	3461
3380	3461
3101	3461
4374	3461
1121	3461
1399	3461
4523	2671
1909	2671
1988	2671
3992	2671
230	2671
3577	2671
101	2671
3734	2671
3692	4523
4645	4523
3824	4523
458	4523
3138	4523
4392	4523
345	4523
3023	4523
3921	4523
1952	4523
4544	4523
4173	4523
179	1909
1449	1909
1150	95
1326	2142
3710	2330
1070	3264
3425	3264
1930	4675
488	4675
982	4675
249	4675
4643	4675
206	287
3880	2575
561	2575
2490	2575
3427	2575
561	3880
2490	3880
2030	3880
3214	3880
718	3880
3431	1940
230	1940
1948	1940
429	499
3212	499
4313	3866
249	3866
2533	3866
4611	649
1692	649
553	2341
3039	1260
3319	3377
3378	3377
885	3377
443	3319
1683	3319
3378	3319
2680	3319
3257	3319
885	3319
2458	4016
529	1018
2259	1018
1852	3607
921	3607
3991	1575
1712	1615
2490	561
2278	561
3214	561
335	561
3655	561
3119	561
4429	561
3427	561
14	561
2835	561
59	561
2164	561
4225	561
1033	561
718	561
3734	561
3427	2490
3896	2490
1385	2335
540	2335
1683	4558
540	4139
407	3372
3592	4679
1048	3062
7	805
1231	805
1539	805
386	805
3824	3431
458	3431
4070	3431
1347	3431
59	3431
4121	3431
2451	3431
2166	2362
4437	2362
3488	2362
2658	1732
744	2606
3101	2606
3404	2606
3272	607
3695	4598
3170	4598
2124	4598
652	4598
1559	4309
900	4568
1750	4669
1863	4669
3657	4669
749	3208
1750	3208
4607	3208
3365	3208
770	3208
1966	3208
3767	3208
246	3208
4663	3208
1279	3208
3728	3208
1309	3208
2254	3208
4207	3208
1948	3208
3650	3208
2318	3208
900	3208
30	3208
3660	3208
2098	3208
2299	3208
1559	3208
435	3208
962	3208
3279	3208
921	3208
388	3208
460	3208
521	3208
2604	3208
2865	3208
3436	3208
4380	3208
4443	3208
3900	1432
1607	1432
1338	1432
1445	1432
2020	1432
3046	1432
460	1432
3292	1432
112	3017
3553	3189
2536	3830
672	3830
2030	2407
2536	4532
2536	542
4548	3306
2536	3306
2578	3306
2536	4548
2668	4548
4381	2536
950	2536
2578	2536
1	2536
3236	2536
973	2536
1286	4381
3556	4381
2578	950
930	3790
4678	4089
2111	140
4107	140
2944	140
4112	140
3972	140
4612	4621
249	1840
2582	1840
249	766
715	2106
206	2106
1229	2287
4011	2287
81	2287
3427	2287
1044	2287
1689	2287
3145	2287
3992	1343
1683	1343
2138	2136
3734	2136
2395	2136
2695	2136
3663	2136
593	3195
979	3195
3780	3195
1269	50
2933	2111
655	2111
1454	2111
3813	2111
2192	2111
1567	2111
2171	2111
2895	2111
66	2111
804	2111
1791	2793
1043	2793
3504	2793
1091	2793
4120	2793
4304	2295
3236	4182
718	1885
569	1885
2368	3900
2466	3900
2955	3900
1194	3900
2146	2315
379	2315
3734	2315
3175	2315
1709	2315
3662	2315
3312	1368
803	1353
4554	1353
633	1353
745	1353
733	1353
3734	1353
1901	1353
108	1353
2131	1353
3623	803
4554	803
745	803
3818	803
733	803
167	803
3798	803
16	803
3236	803
1653	803
1901	803
3009	803
3734	1451
548	1451
130	3770
4040	3623
2030	2933
655	2933
3379	2933
1454	2933
3813	2933
3086	2933
2192	2933
1567	2933
2171	2933
2895	2933
3288	2933
2237	2933
2458	2837
2844	2837
947	596
4363	596
1369	596
1177	596
476	721
2366	4384
3222	4384
1379	4574
3524	1348
3222	1348
2458	1348
3896	1348
206	1348
2070	1348
2989	1348
2030	4655
2569	4655
1601	4655
1029	4655
3926	4655
1943	4655
2281	4046
691	4046
3354	1596
1625	1596
2888	1596
966	4088
3147	498
424	1384
290	1384
430	2640
4394	2640
2512	422
4618	422
112	422
2098	422
2188	422
1270	422
3477	3129
2842	3129
3166	3129
1472	3129
4056	4254
3824	4254
4571	4254
1847	4254
4064	4254
1901	4254
3279	4254
3782	4254
2532	4254
2633	4254
3908	4254
3379	3159
1901	3159
2633	3159
2030	1336
2569	2030
4404	2030
780	2030
1436	2030
1629	2030
3251	2030
1229	2030
3336	2030
2391	2030
3119	2030
1475	2030
2402	2030
1380	2030
2256	2030
1639	2030
3427	2030
3650	2030
4240	2030
647	2030
3312	2030
2424	2030
320	2030
1486	2030
1606	2030
1561	2030
1832	2030
2955	2030
4365	2030
712	2030
2981	2030
551	2030
2232	2030
53	2030
762	2030
970	2030
1373	2030
1743	2030
1927	2030
2922	2030
2960	2030
3344	2030
3662	2030
4073	2030
4510	2030
173	4404
1764	4404
3519	4404
3734	4404
1373	4404
3374	3280
1605	3280
590	3280
2886	3280
3734	3280
3626	3280
4064	3554
606	4457
260	4457
4465	4457
3334	4457
2007	4457
1063	4457
908	4457
3734	4457
1500	4457
3417	2485
2254	2485
2638	2485
4437	2485
3055	3007
34	3007
2010	3007
3560	3007
2297	3007
458	3007
3823	3007
550	3007
3379	3007
3493	3007
1107	3007
4332	3007
2188	3007
3734	3007
1500	3007
2471	4485
982	1797
580	1797
2848	1797
3998	1797
2504	261
1271	3374
1551	2282
1607	2282
786	2282
3023	2282
1270	2282
4205	2282
3425	2282
38	2278
3236	2959
2023	465
427	465
1380	465
206	465
718	465
1223	3040
3680	3040
3486	2023
4505	2023
1966	2023
1981	2023
427	2023
3647	2023
1511	2023
379	2023
1403	2023
718	2023
2989	2023
3432	2023
2223	2023
2609	2023
3055	715
4437	715
792	715
1729	63
2074	63
2071	2584
1441	2584
144	2584
1643	2584
1027	2584
4618	1551
1528	1551
2294	1551
2281	1551
4429	1551
814	1551
887	1551
4392	4085
1441	2071
144	2071
4618	2071
1643	2071
1337	2071
388	2071
3032	38
2389	38
3163	38
1637	38
2668	38
3598	38
1559	38
1901	38
1837	38
3568	38
4504	3120
3668	3120
3882	3120
138	3120
348	3120
144	1441
1643	1441
1643	144
2443	621
2472	621
529	672
1559	672
3611	672
2463	857
4504	857
4047	857
655	529
4011	529
2140	529
3895	529
4500	529
1567	529
3611	529
3258	529
1878	529
1547	529
30	1009
2642	1009
645	1370
2419	1370
4011	1370
2934	1370
979	1370
553	645
4011	645
2948	645
3170	645
2146	645
3635	645
2934	645
979	645
398	645
957	645
2382	645
3427	1607
1851	1607
647	1607
887	1607
15	1607
3175	1607
3547	1607
770	3345
2129	3345
1027	3345
3723	3345
1369	3345
3734	3345
901	3345
3662	3345
99	2419
3297	2419
4648	2419
2680	2419
770	553
668	553
3140	553
99	553
1578	553
2596	553
1567	553
4047	553
601	553
500	553
3891	553
4035	553
4002	3241
4495	1562
3354	1562
4020	1562
34	1562
550	1562
345	1562
652	1562
138	1562
652	4495
4217	953
2612	953
2746	953
900	953
1851	953
3832	953
39	953
877	953
652	953
4609	953
3779	1485
598	2949
2138	1340
4074	1340
1476	1340
4058	1340
4269	1340
366	1340
3533	392
2366	392
814	392
3861	392
1347	392
2175	392
1269	392
2299	392
2993	392
2194	918
250	918
1971	3737
1930	2052
4266	2052
1887	2052
488	2052
452	2052
2666	2052
249	2052
3861	2052
2121	2052
2533	2052
949	2052
1868	2052
2452	2052
3354	3486
3859	4505
1792	4048
2314	4048
1580	4048
3175	4048
3662	4048
3101	749
4074	2138
1476	2138
4058	2138
4020	2138
1010	2138
3302	2138
3560	2138
3467	2138
81	2138
3692	2138
3824	2138
2554	2138
816	2138
4392	2138
1206	2138
900	2138
445	2138
3299	2138
3793	2138
1107	2138
3023	2138
3843	2138
3916	2138
2651	2138
1337	2138
1747	2138
4544	2138
2340	2138
4204	2138
1272	2138
2633	2138
1476	4074
4058	4074
4020	4074
1010	4074
1530	4074
3916	4074
1337	4074
1747	4074
4058	1476
4020	1476
1010	1476
3916	1476
1559	1476
1337	1476
1747	1476
1706	1476
4020	4058
3467	4058
1434	4058
4392	4058
3843	4058
4500	4058
2637	4058
1877	4058
4618	275
663	275
3487	275
2934	275
66	275
3695	4618
1027	4618
2779	4618
1294	4618
1959	4618
2067	1792
4358	3487
2389	3487
4347	3487
979	3487
2389	37
2281	37
2842	37
3641	37
900	4217
1496	4217
138	4217
2389	3354
35	3354
14	3354
206	3354
1347	3354
3389	3354
2241	3354
1878	3354
113	3354
1270	3354
926	3354
3425	3354
1559	3927
3288	3927
2716	3290
3816	3290
4610	3290
3627	3290
2716	3217
3236	3217
1029	3217
2104	3217
2989	3217
686	3217
1871	3217
3627	3217
3498	2716
4645	2716
1750	1630
2895	1630
4607	1750
3365	1750
3813	1750
2895	1750
962	1750
3657	1750
3126	4607
1579	4607
2895	4607
2223	4607
2504	3631
3789	655
2389	655
1304	655
3810	655
473	655
127	655
1454	655
3813	655
3086	655
1567	655
2171	655
2651	655
3425	655
3379	119
1029	119
1567	119
3389	119
4571	119
2942	119
2642	119
2438	3912
2834	3912
2515	1659
3690	3847
1365	732
3690	1930
1887	1930
488	1930
2570	1930
2275	1930
249	1930
1561	1930
2121	1930
4391	1930
2533	1930
4643	1930
551	1930
69	1930
507	1930
1502	1930
2810	1930
3506	1930
3915	1930
4310	1930
2872	2740
1505	4422
867	4422
273	1605
1622	1605
66	2194
1907	2194
2074	2527
113	2527
3425	2527
2846	2463
4504	2463
3843	2463
2504	3873
1559	3873
2180	3873
2305	3873
7	3690
3685	3690
1234	3690
249	3690
1851	4107
3662	1809
979	3214
4336	2603
868	3365
3895	3365
3931	3769
1731	3769
4087	3769
3734	3769
2268	3769
1981	523
1068	523
1291	523
4392	523
4240	523
709	523
1597	523
1369	523
2060	523
3930	523
2751	523
608	523
774	523
3170	3380
3577	3380
3175	3380
4054	4472
1933	868
2786	868
2452	868
4061	4554
4504	3417
979	3417
4296	3417
3793	3405
3816	3405
233	3405
2858	3405
250	4336
1800	4336
3489	4630
1709	2025
4128	4020
652	4020
2680	4020
3253	4020
1939	4020
3734	1725
1269	1545
1434	4060
2585	1976
982	1167
413	1167
580	1167
249	1167
2901	1167
2848	1167
4269	3524
4128	3524
1488	3524
2424	3524
2989	3524
1379	3524
4666	3524
289	3524
4335	3524
2942	3524
982	512
30	1881
2070	1881
2642	1881
2146	3781
3850	1483
3101	2474
2016	2474
3846	2474
3086	4056
1496	744
881	744
2409	2263
3829	2258
2491	2258
4064	3829
2491	3829
2668	2904
3014	2904
4646	4612
2190	4612
1532	4612
4646	1729
2190	1729
3895	1729
1033	1729
1567	1729
2614	1729
4167	770
99	770
4437	770
102	4410
3055	2762
3723	2762
3604	2074
1851	2074
1952	2074
4620	2074
2375	2074
605	2074
3098	4169
1380	4169
1579	4169
1871	4169
668	4024
884	4024
2366	4024
102	4024
3222	4024
3703	4024
2458	4024
1598	4024
3379	4024
3101	4469
355	3468
1029	4185
206	1945
3780	1945
2642	1945
3425	2607
661	1362
3843	12
3101	329
3175	2149
403	2149
1981	3522
2366	668
102	668
3703	668
1598	668
3895	668
4611	668
1567	668
1269	668
3175	668
1318	668
3425	668
786	1938
4537	1938
92	4358
1683	4358
93	4358
3734	4358
2005	4358
3046	2975
1270	2975
2998	3931
4017	3931
1731	3931
4087	3931
3734	3931
2646	1197
4667	1355
658	1355
3635	1355
4177	1355
4604	1355
4500	1355
3734	1355
2189	1355
3603	1355
4244	1355
1761	3498
1121	3498
1530	4034
1546	4034
4544	4034
879	4034
4234	4034
4284	2734
4121	2734
128	2734
345	780
58	780
1601	2118
3101	2118
598	1275
3560	396
3793	396
962	4667
4244	4667
2938	938
413	938
1907	938
2810	938
1952	3550
1058	3550
689	3550
1382	3789
1454	3789
2760	3789
1965	312
4011	335
345	335
1369	2784
3432	2784
3734	1988
1385	4550
3843	4550
3916	4550
3734	4550
1382	2504
4293	2504
662	2504
777	2504
2438	2504
3042	2504
1567	2726
3767	2700
3723	2700
4250	2700
2294	884
208	884
4064	884
4374	3098
1579	3098
3734	3098
1121	80
3734	80
1258	80
4373	80
1029	3220
3573	3220
4374	309
1559	309
3734	309
1304	1352
2469	4101
2129	1436
3951	121
4437	121
3779	121
4323	3767
3692	3767
4326	3767
4392	3767
550	3767
4042	3767
1723	3767
1107	3767
3023	3767
4332	3767
2981	3767
4234	3767
3816	4142
233	4142
458	3015
4326	3015
1844	3015
443	1127
3615	1127
1400	2938
3469	2938
2120	2938
1156	2938
4446	2938
4527	2938
2466	3655
1369	3655
881	3655
3687	2078
4012	2078
3023	2078
1496	2078
1169	2078
2963	669
1004	1385
3675	1385
114	1048
1887	1048
488	1048
1400	1048
694	1048
3562	1048
911	1048
2371	1048
249	1048
482	1048
1156	1048
1817	1048
3871	1048
2895	1048
1146	1048
1399	1048
2844	1048
2870	1048
3278	1048
3839	1048
4527	1048
1657	1048
3502	114
982	114
3930	114
4643	114
3994	3065
2556	3065
206	4345
3780	4345
1839	4345
794	1798
3826	1798
206	2397
2466	2397
3780	2397
686	2397
3502	1469
3105	3251
3389	3251
608	3251
205	1992
2271	2092
3236	2092
4086	2092
2275	3343
3034	3343
7	56
3560	7
1293	7
580	7
4481	7
795	7
1144	7
4527	7
2861	1505
249	1505
3502	1887
4010	1887
982	1887
462	1887
2872	1887
482	1887
1156	1887
2890	1887
4533	1887
218	1887
1868	1887
4643	1887
551	1887
66	1887
1144	1887
2844	1887
4527	1887
249	3685
3023	3685
661	3685
66	3685
3949	3928
366	3928
569	3928
3566	1010
577	1010
1465	1010
525	1010
2426	1010
3897	1010
3128	3055
1786	3055
4269	3055
3692	3055
1614	3055
445	3055
4183	3055
1107	3055
3023	3055
4332	3055
795	3055
2582	3055
2879	3055
3278	3055
4005	3112
1029	2338
2070	246
2999	246
1637	246
855	246
1559	572
458	673
3034	673
3046	673
3382	3687
3477	3687
2909	3687
3173	3687
15	3687
768	3687
880	3687
102	2389
4339	2389
1033	2389
3734	2389
3876	2389
3573	2389
1155	2389
2410	3382
3236	3382
880	3382
646	3382
4497	2710
2140	4497
3734	4576
4010	1247
249	1247
1269	4319
113	4319
3502	488
4010	488
3934	488
982	488
1810	488
2014	488
2435	488
413	488
580	488
2872	488
1506	488
1156	488
934	488
2890	488
4533	488
949	488
218	488
3930	488
1868	488
2848	488
4643	488
551	488
1144	488
958	488
4527	488
249	484
1502	484
1683	3589
2368	3589
1264	3589
3067	3589
2395	3589
3046	3589
880	3589
3058	3589
3212	3589
334	1400
3945	1400
1868	1400
2848	1400
4643	1400
4527	1400
3379	1961
430	1229
877	1229
2060	1229
921	1229
3239	1229
3105	2163
1559	1140
81	3643
1577	3643
3378	3643
3916	3643
1138	2213
507	2213
2946	812
260	812
4437	812
1559	812
1337	812
1315	3695
863	3695
4269	3695
758	3695
2227	3695
3493	3695
3389	3695
962	3695
990	3695
3410	3695
1027	3302
478	2861
4467	2861
3366	3039
66	3039
1399	3039
2822	3039
1119	2741
478	2741
1622	429
3734	429
3009	429
1579	1016
4010	334
1293	334
1220	334
1220	116
3682	116
846	35
590	35
1952	35
2375	35
1231	34
230	34
550	34
1107	34
2241	34
3425	34
3061	34
3212	34
2366	18
230	18
4539	430
3379	430
1326	430
4042	430
16	430
3291	430
3634	430
2648	430
2761	430
1933	92
1598	92
3633	92
1264	92
1583	92
3166	92
807	92
667	92
1507	92
2073	92
661	1786
1863	1815
379	1815
601	1815
1933	4167
3951	4167
2366	3530
4512	3949
4163	3949
4012	3949
321	3949
152	3949
652	3949
3773	3949
1964	3949
374	3949
520	3949
2787	3949
3285	4512
1964	4512
374	4512
1547	4512
982	2774
249	2774
1502	2774
205	2774
577	2010
2458	2010
230	2010
1556	2010
550	2010
3379	2010
3793	2010
1107	2010
3523	2010
4332	2010
1500	2010
83	2010
982	3502
2570	3502
249	3502
2901	3502
2121	3502
1169	3502
2533	3502
4499	3502
2848	3502
4643	3502
551	3502
1612	3502
2844	3502
4106	4010
327	4010
249	4010
482	4010
3635	4010
3548	4010
4533	4010
249	3934
66	3934
2844	3934
2491	1382
3734	421
3787	421
102	1223
4611	1223
4017	1223
3432	1223
2642	1223
4352	1150
616	1150
1964	1150
1878	1150
1547	1150
2055	1150
206	4125
3069	1176
2366	4308
3379	1315
2466	1315
1366	1315
3166	1315
4099	1315
1621	1315
66	2469
1556	3533
1547	3533
1943	3533
66	694
435	1981
2633	1981
3547	1981
4437	3442
2963	2210
3145	2210
4347	3580
1066	3580
3379	1292
3734	1292
1902	1292
3734	443
2294	1304
3813	1304
1567	1304
99	676
3432	676
3953	1378
3734	1378
4128	1119
249	1119
3175	1119
3553	1119
2844	3562
3235	1933
3166	1933
1916	1933
3397	1933
1555	47
4339	3953
696	1555
206	4646
16	4646
3291	4646
2695	4646
3425	4646
1906	2851
2570	982
3566	982
249	982
482	982
934	982
2890	982
4533	982
1269	982
2121	982
2533	982
949	982
551	982
17	982
1502	982
3915	982
507	564
1408	2588
3023	4026
3389	438
1519	802
1496	802
1627	802
1371	4366
2189	4366
2393	4366
3627	4366
4160	4172
2498	4172
1209	4172
3519	4172
691	4172
1789	3336
4019	3336
4500	1789
1821	1789
278	1601
390	1601
4243	1601
4333	1601
2007	1601
2204	1601
4463	1601
2152	1601
1029	1601
2765	1601
1269	1601
1337	1601
4279	1601
5	1601
1852	1601
921	1601
514	1601
2156	1601
1943	1601
1810	2271
3958	2271
1751	2271
2895	2271
608	2271
1775	2271
2350	2271
1029	3481
1943	3481
1900	97
2297	3560
1683	3560
2646	3560
3734	3560
4544	3560
3212	3560
1186	4323
390	4323
99	4323
390	1186
550	2297
4262	2297
2746	2297
3832	2297
39	2297
877	2297
440	2297
3992	2579
947	3608
4663	3608
1900	3608
4544	3608
1528	947
844	947
3432	947
2146	278
696	3604
2401	3604
3389	3604
2471	4165
647	4165
3023	4165
3734	1493
2533	1810
3097	1810
3986	369
1269	1134
3734	1134
3734	1248
689	1248
81	462
3378	462
3101	462
2005	462
355	863
2120	863
2668	863
3734	863
3258	863
1264	638
1269	4222
249	3898
206	849
1029	2550
3081	2168
1347	1252
2401	1252
3291	1252
2195	1609
3961	1609
247	1609
3547	1609
3961	2195
3703	2195
247	2195
3547	2195
3236	341
3033	3924
4339	3033
1169	3033
3665	3033
1380	4003
1556	4003
3379	4003
1496	4003
435	4003
999	4003
2956	4011
2354	4011
2146	4011
1851	4011
4284	4011
1952	4011
4225	4011
1567	4011
979	4011
2858	4011
1509	4011
4269	3367
979	2948
4504	3477
623	3477
3166	3477
4047	3477
2458	4269
4671	4269
247	4269
2107	4269
662	273
206	273
1901	273
1274	273
3951	390
1455	390
1220	390
616	390
4225	390
1058	390
545	390
1033	390
3379	2846
4047	2846
861	2846
3641	2846
2736	2846
3722	4044
3379	4044
3312	4044
3577	4044
127	4044
3734	4044
3236	478
661	478
2325	478
979	4504
3166	4504
4047	4504
247	3961
3951	82
4437	82
3916	82
3992	81
366	81
1644	81
4382	81
2779	81
3414	81
3793	81
3951	81
1107	81
2098	81
4673	81
4121	81
3710	81
4374	4243
3272	4243
1029	4243
1000	4243
3779	4243
3734	4243
1943	4243
249	1234
4251	1234
4527	1234
1269	1456
3261	3833
507	3833
249	2014
2038	2014
1502	3353
3105	2013
2944	2432
4678	2432
3527	2432
590	2715
3379	2270
2472	2443
3734	1255
998	2950
4073	3483
1279	2913
540	2913
1627	2913
540	1279
2653	2089
3379	2089
3235	2314
206	139
4611	139
3780	139
2888	139
1029	3161
3998	79
3723	2108
1594	2108
623	2108
1337	2108
3734	2108
3212	2108
2355	2514
885	2514
887	2355
1964	3119
2547	250
1269	250
2166	3992
4481	3992
1440	3992
3577	3992
3960	3992
540	1577
4671	3674
3635	3674
935	3674
2765	3674
2375	3674
2366	4115
700	3958
2146	3728
2098	3728
3734	3728
4544	3728
514	3728
2533	966
3542	173
4437	173
3173	173
2651	173
699	173
4371	173
3668	280
1293	2129
869	2129
1369	2129
3582	2129
74	2757
1606	2847
4611	4580
2353	4353
424	4425
2998	366
4382	366
540	366
3414	366
4611	366
3163	366
2750	366
1442	366
3916	366
2855	2476
3109	2476
2124	631
2238	2738
3379	3564
1594	3564
962	3564
2865	3564
2779	1644
3379	1293
1594	1293
57	1293
578	1293
218	1293
3250	1293
3501	2298
208	454
3451	454
2779	427
2848	3775
1559	4439
2486	2697
2885	2697
2720	1138
1269	1099
3700	1231
458	3692
1027	3692
1653	3692
3813	3692
2375	3692
3986	3692
1270	3692
3212	3692
1446	4645
4178	2402
458	3824
1027	3824
3723	3824
1156	3824
4611	3824
2189	3824
3212	3824
1309	458
1614	458
4416	458
4636	458
658	458
550	458
1081	458
83	458
3198	458
2786	458
1270	458
2366	758
206	758
1029	758
1598	1683
3936	1683
2779	1683
1465	1683
1511	1683
2101	1683
616	1683
3215	1683
3235	1683
3166	1683
2005	1683
807	1683
667	1683
1636	2653
2121	2570
1868	2570
551	2570
1144	2570
3675	2570
3568	2570
4527	2570
3734	2646
962	2646
4278	2646
2188	3566
4339	4160
3921	1309
1029	1309
887	3837
2680	4128
3253	4128
4596	577
4544	577
1567	2495
718	2495
3662	2495
3101	1530
2070	2062
3519	2062
2679	2727
1712	2727
3879	2727
1286	2727
3101	2711
1712	2711
3101	2884
2477	1380
345	1380
1029	1380
3222	729
3734	1764
251	1764
1698	1764
2191	1764
3571	1434
3573	1434
2305	1434
1347	4140
3425	4140
230	1539
386	1539
4544	1539
102	2366
3222	2366
3703	2366
2458	2366
4145	2366
2148	2366
482	2366
340	2366
3615	2366
3166	2366
4335	2366
1226	2366
3803	2366
734	2366
3222	102
3703	102
2458	102
2148	102
4042	102
1728	102
2070	102
4177	102
2164	102
616	102
3813	102
855	102
2989	102
4556	102
58	102
3986	102
4061	102
1604	102
3521	102
3703	3222
2458	3222
1728	3222
2070	3222
3447	3222
251	3222
2458	3703
206	3703
617	3703
599	3703
3893	2458
3896	2458
900	2458
3842	2458
3493	2458
1728	2458
206	2458
2070	2458
1455	2458
4225	2458
1484	2458
3215	2458
3935	2458
4087	2458
2989	2458
199	2458
4544	2458
1552	2458
1958	2458
1959	2458
2822	2458
3984	4326
206	4326
4339	4326
3389	4326
880	4326
4441	4326
4382	4585
2007	606
3282	606
2574	606
2989	606
1379	606
4666	606
908	606
1547	606
791	606
3110	606
3212	644
3236	3893
1771	3361
2294	1528
1369	1528
3756	2294
3773	2294
3773	2281
249	413
934	413
3682	413
1502	413
3553	413
3951	2166
2466	2166
2651	2166
2036	2998
2164	2998
249	2694
249	580
958	580
1318	580
1502	580
4229	3823
628	3823
885	3823
2189	3823
2547	4565
1269	4565
2937	3378
2005	3378
4098	3378
4392	1614
1058	1614
3503	1614
1337	1614
445	4005
2191	4005
206	600
4275	4531
4500	9
3491	9
4339	3170
979	3170
2307	3170
1033	2956
3270	2956
514	2956
3577	1611
348	1611
2565	3101
237	3101
2692	3101
4604	3101
4002	3101
1606	3101
2060	3101
374	3101
2966	3101
962	3101
2611	3101
3691	3101
265	3101
325	3101
468	3101
476	3101
2316	3101
2083	3101
2337	3101
2421	3101
2505	3101
2556	3101
2559	3101
2599	3101
2650	3101
2844	3101
2892	3101
2954	3101
2970	3101
3071	3101
3073	3101
3565	3101
3603	3101
3735	3101
3947	3101
4012	3430
152	3430
374	3430
4012	4163
152	4163
598	4163
1559	4163
374	4163
3422	4163
3657	4163
321	4012
1578	4012
473	4012
152	4012
3773	4012
1559	4012
1964	4012
374	4012
520	4012
3734	4012
1547	4012
2375	4012
2172	4012
3379	321
1212	321
152	321
1559	321
1964	321
374	321
3826	2565
3425	4652
1369	2254
1559	2254
957	2254
4352	2146
3598	2146
979	2146
2937	2146
388	2146
1942	4450
2587	4450
1222	4450
2735	4450
212	1084
696	4207
3465	4207
1586	4207
2651	4207
926	4207
3451	4207
1027	2554
3443	2554
643	2554
3212	2554
934	4192
1666	3756
1094	3756
3422	3756
1567	696
1804	696
2609	696
3138	3141
3173	3141
2625	1488
1094	1488
4342	1488
861	1942
100	230
2842	4206
379	4429
1952	4429
4610	4429
2842	4429
3425	4429
1948	4671
2902	3465
4448	3465
3653	3465
4225	2902
3494	2902
249	2872
934	2872
2121	2872
1880	2872
2394	2872
798	1529
4198	1529
3577	2260
2409	911
1878	2724
4032	2724
3411	4359
376	2190
2587	1557
2990	1557
3515	1557
599	1557
2909	4382
202	4382
3503	4166
3780	4166
3122	3976
2746	2612
900	2612
3832	2612
39	2612
877	2612
1500	2612
4609	2612
249	2562
3895	1598
3235	1598
662	3509
3730	1041
112	3810
816	3810
400	3810
1085	3810
974	3810
3252	3810
3364	3810
3224	3810
100	3810
1206	3810
4183	3810
1454	3810
1567	3810
83	3810
1209	698
2807	112
1085	112
974	112
3364	112
3224	112
2320	112
4248	112
83	112
1680	112
816	3730
974	3730
3364	3730
3224	3730
1728	1085
1728	974
1728	2698
1728	3364
113	3364
1728	3224
1728	2320
1914	2320
3379	4333
1805	4333
962	987
4593	987
237	1934
104	1934
3937	1934
712	1934
4251	237
712	237
4099	4304
3663	4304
2842	3818
1785	3633
662	1364
1592	662
2223	662
2625	2963
3282	2963
2574	2963
2070	2963
4335	2963
2491	2963
1639	3363
4337	3030
3164	3513
1116	571
3242	1673
3774	1673
3379	1639
4458	1639
2156	1639
4465	2308
3998	2308
3573	2308
2007	260
3282	260
2574	260
1379	260
908	260
3110	260
3282	2625
3163	2625
4335	2625
1666	4374
1222	4374
1033	4374
113	4374
2421	4374
2223	208
3046	208
1206	1027
3023	1027
4437	1027
2053	1027
1029	1027
435	1027
1267	1027
3511	1027
3610	1027
4402	1027
1699	1948
4556	1948
1878	1948
152	3427
1029	3427
1811	3427
2232	3427
3145	3427
1116	1556
2180	1556
861	4465
2841	4465
861	3334
1063	2007
3282	2007
2574	2007
2989	2007
908	2007
3734	2007
1500	2007
3110	2007
3023	4416
1270	4416
595	4416
852	2779
3650	2779
3998	2779
921	2779
2642	2779
734	2779
2101	1843
2680	1843
1033	1843
3780	1843
2368	852
298	4642
1269	4639
3954	3618
1848	100
4391	1965
199	1965
1666	3272
249	2148
3061	2148
3163	540
1442	540
4500	540
598	540
3734	1628
2505	4481
3763	4481
3379	3650
3236	3126
1666	3138
3734	3138
3734	1666
3081	1997
4087	1997
3868	1997
388	1997
2585	1997
844	1726
1369	1726
1177	1726
3951	4070
3723	4187
3236	4187
3212	4187
3236	4636
4544	4392
2424	3896
2070	3896
4544	3896
3425	3896
3239	3896
1107	3723
2083	3723
4544	1202
4262	550
1785	550
3921	550
1337	550
1878	550
4544	550
3986	550
1270	550
3379	4019
2909	2140
3895	2140
1878	2140
93	1063
2241	1063
3212	1063
202	3414
1442	3414
2855	318
1532	1209
3389	1209
3734	1209
1204	1209
4611	14
3450	14
3577	4306
881	844
913	844
2804	3379
57	3379
2318	3379
2471	3379
590	3379
3312	3379
3577	3379
4021	3379
3023	3379
4276	3379
4383	3379
1121	3379
1592	3379
3744	3379
3734	3379
1718	3379
885	3379
2942	3379
3250	3379
342	3379
901	3379
931	3379
1301	3379
1777	3379
2107	3379
3455	3379
2548	3379
2552	3379
2614	3379
2637	3379
2932	3379
3122	3379
3196	3379
3459	3379
3494	3379
3820	3379
3834	3379
3911	3379
3995	3379
4218	3379
4264	3379
4656	3379
1532	2610
1594	2610
3034	2610
1594	2804
3034	2804
1594	1532
3577	1532
3034	1532
1509	1532
2471	1594
3312	1594
3577	1594
3734	1594
3010	1594
3657	1594
1537	57
3734	57
3010	2318
1147	2318
2614	2318
3034	2471
3496	2471
152	1578
374	1578
3611	1578
152	4653
1559	4653
374	4653
4534	4653
1464	2944
4112	2944
3485	2944
2722	2944
1506	1491
807	1800
249	1506
612	1506
2121	1506
4648	3297
4339	3297
1811	72
2060	1993
4095	2275
1632	2275
3261	2275
3034	2275
1479	2275
3450	2275
551	2275
66	2275
1144	2275
2452	2275
1632	4095
1479	4095
1144	4095
1479	1632
1144	1632
3662	2587
900	2746
3832	2746
39	2746
877	2746
3734	2746
1689	2746
4609	2746
3278	1381
346	64
3086	452
1868	452
515	2368
3876	2368
3166	2368
1269	2992
4579	2992
4347	900
39	900
1496	900
652	900
1559	316
3175	316
4347	1566
4347	3815
4347	4489
1567	1820
3734	1820
3577	345
1419	345
1269	345
199	345
3152	345
3292	345
218	2909
2241	445
3734	814
3734	190
1559	1326
2842	1326
2592	1326
3436	1326
3485	93
3515	2990
4112	2990
3192	2990
791	2990
3485	2990
599	3515
3192	3515
791	3515
3236	2310
1939	2310
1567	2778
736	2289
3773	2465
3086	104
1567	104
590	4022
3945	3366
590	3366
3945	1579
590	1579
651	1579
1559	1579
980	3945
1867	3945
2231	3945
4087	3945
2236	2066
980	590
3556	590
2921	590
3491	980
3270	3842
3493	1851
127	1851
3389	1851
3291	1851
2695	1851
3508	1851
3625	1851
2424	4013
206	3493
2375	3493
39	3832
877	3832
887	3832
4609	3832
4299	4127
59	473
616	473
1567	473
1169	473
1964	473
3734	725
3843	3667
3916	3667
3930	3667
2680	1440
4413	1440
2824	238
4347	1844
1393	4347
3611	4347
1391	4347
3425	4347
3861	249
1156	249
612	249
2202	249
3548	249
4533	249
4678	249
2901	249
949	249
3930	249
1868	249
2848	249
4643	249
551	249
66	249
1144	249
405	249
507	249
958	249
1502	249
2316	249
2452	249
2824	249
2844	249
3553	249
3802	249
4527	249
2848	412
2982	412
3310	412
3236	3861
3984	1723
4339	1723
1567	1723
3389	1723
880	1723
1680	3984
482	1465
691	1465
4451	1465
206	1203
1029	1203
2844	482
3061	482
3105	1156
2533	1156
2844	1156
3569	1156
1144	934
958	934
3061	934
66	21
199	612
3734	3035
507	4229
3951	3299
2600	3793
3023	1185
1286	1185
1270	1185
2121	2890
2533	2890
2848	2890
66	2890
300	3758
2600	3895
1471	3895
4064	3895
921	3895
300	377
300	1677
94	300
1964	94
3660	3635
1033	3635
3046	3635
3425	3635
3791	3635
3663	3635
825	1617
2124	647
4611	647
4040	647
1787	647
15	647
3175	647
2005	786
887	786
1811	786
2623	2886
4069	1066
2274	1212
3583	1212
3940	1212
3312	1212
1863	1212
2101	1212
1419	1212
1455	1212
1952	1212
1220	1212
616	1212
4610	1212
4225	1212
1058	1212
2680	1212
545	1212
1033	1212
2728	1212
3425	1212
3026	1212
4571	2274
3312	3583
3577	3583
2101	3583
1455	3583
4225	3583
2668	3583
1423	3583
3312	3940
3577	3940
2101	3940
3577	3312
2101	3312
1915	3312
2421	3312
3152	3312
3389	2139
1567	1222
3734	1222
1883	3571
30	2855
2070	2855
1379	2855
4666	2855
4603	2855
2642	2855
30	2424
1712	2424
1379	2424
3978	2424
289	2424
520	2424
1901	2424
4500	909
3014	909
206	1728
2070	1728
1712	1728
2989	1728
1379	1728
4666	1728
289	1728
1267	1728
2070	3282
1712	3282
4666	3282
3110	3282
3773	2574
1379	2574
4666	2574
3110	2574
3734	30
2642	30
3152	30
2070	206
1712	206
2989	206
1379	206
4666	206
289	206
1001	206
589	206
637	206
2989	2070
888	2070
1672	2070
3186	2658
3954	135
3734	581
4423	3577
1033	3577
4332	3577
1029	3577
1719	3577
2842	3577
2060	3577
3734	3577
3998	3577
4204	3577
51	3577
3250	3577
3292	3577
2735	3577
1547	16
1996	3443
877	39
962	39
4609	39
787	127
4096	127
242	127
782	127
4544	4100
2466	1996
2651	1996
1959	2835
3425	2835
1337	1107
1878	1107
4544	1107
1369	3023
887	3023
1712	2714
3734	1883
3422	1883
4611	1511
3291	1511
3773	1439
1296	2202
1502	2202
2844	2202
2180	1994
942	622
1269	623
3876	623
4047	623
942	623
4339	3489
1347	3489
1338	3489
2478	3489
652	3489
962	3489
3215	4339
1901	4339
985	4339
148	4339
1501	4339
3680	4339
1347	2466
1403	2466
2375	2466
977	2466
3511	2466
3236	2656
962	1867
2101	1347
1952	1347
4225	1347
1033	1347
4620	1347
3641	1347
2478	1338
1915	1338
59	3273
2401	3273
3471	4437
3734	4437
792	4437
1294	4437
782	4437
1877	4437
2609	1586
3086	736
798	2899
3236	3754
661	3754
3744	3668
4225	1583
1094	1583
791	3067
3250	1519
2255	1519
3724	648
4611	202
3163	202
3734	202
1878	202
3734	2457
1121	3081
2922	3081
4609	877
2365	386
3813	1454
3086	1454
1567	1454
2171	1454
798	2919
2401	59
3518	59
545	59
1267	59
3518	2401
643	2401
460	2401
825	2401
2552	2401
233	3816
1419	3816
1033	3816
2918	3816
3511	3816
4099	3660
4656	107
3734	1102
3646	3236
4611	3236
569	3236
4365	3236
2375	3236
4205	3236
1711	3236
1907	3236
2141	3236
2283	3236
2888	3236
3211	3236
3278	3236
3451	3236
3603	3236
3791	3236
3857	3236
3910	3236
4198	3236
4264	3236
2968	3236
3774	3236
1547	3457
3175	3457
2395	1393
3518	485
298	320
1267	320
3518	1914
3226	4124
1121	4177
4544	4177
4544	2098
514	2098
2834	4102
885	539
646	539
3545	1496
1662	1496
3603	1496
3710	1496
2966	3519
3454	3519
734	3519
1730	3518
3862	1879
1455	2164
1058	2164
3291	2164
3694	2164
3734	3523
699	3173
3773	152
1964	152
520	152
3250	152
290	4284
4611	4284
2124	4148
2377	4148
290	4148
652	4148
113	4148
2377	2124
290	2124
2053	2124
1663	2124
290	2377
652	2377
212	2377
2679	290
4611	290
652	290
4121	290
2763	2679
4611	2679
4673	2679
4121	2679
4611	2763
4121	2763
4673	4611
1220	4611
4121	4611
1029	4611
1567	4611
4556	4611
2739	4611
288	4611
1078	4611
4278	4611
1401	4611
3058	4611
4121	4673
598	3843
3538	3843
2175	3843
3916	3843
4658	2201
4250	4604
643	1051
3941	1051
1964	3151
2492	597
1419	2101
1455	2101
1220	2101
616	2101
4610	2101
4225	2101
1058	2101
2680	2101
545	2101
1033	2101
101	2101
1423	2101
113	2101
1455	1419
1220	1419
616	1419
4225	1419
1058	1419
2680	1419
545	1419
1033	1419
2249	1419
1423	1419
113	1419
1220	1455
616	1455
4610	1455
4225	1455
1058	1455
2680	1455
545	1455
1033	1455
2545	1455
3425	1455
2680	1952
1033	1952
636	1952
515	1952
3780	1952
2699	1952
616	1220
4610	1220
2680	1220
1033	1220
1008	1220
1423	1220
4610	616
4225	616
1058	616
2680	616
545	616
1033	616
1423	616
2680	4610
1033	4610
1567	4610
1008	4610
636	4610
1058	4225
2680	4225
1033	4225
1423	4225
113	4225
927	4225
2680	1058
1033	1058
3780	1058
1423	1058
3773	652
374	652
2787	652
3797	652
1442	4121
3100	643
3527	3666
545	2680
1033	2680
1423	2680
1804	2680
1033	545
1423	545
3826	545
1567	1033
1269	1033
3503	1033
4047	1033
1423	1033
113	1033
1521	1033
3556	1033
3545	101
435	3545
1270	4332
3212	4332
1731	4017
4087	1731
3734	1731
3341	1442
3916	1442
4248	1442
325	3882
66	1561
1502	1561
3389	3541
1399	3541
1567	700
1811	4040
15	4040
15	1787
1029	4500
718	4500
1878	4500
405	4500
3813	1029
3779	1029
4596	1029
2232	1029
113	1029
3145	1029
251	1029
901	1029
1509	1029
2505	1029
2531	1029
3657	1029
1943	1029
3538	598
2175	598
3916	598
885	598
1712	1030
3734	1597
2121	4533
2533	4533
949	4533
3046	1445
3916	3538
3026	3538
2879	661
958	661
1604	661
1612	661
1890	661
4261	661
4264	661
507	2020
3662	4276
298	3501
635	3574
199	2682
3916	2175
1637	2999
2844	3871
825	3034
4609	3034
435	1637
3086	1109
4086	1109
3086	3813
1567	3813
298	3813
1567	3086
2171	3086
2895	3086
4086	3086
3774	3086
2895	2192
2171	1567
4047	1567
887	1567
3450	1567
2695	1567
1366	3800
1612	1366
3794	1366
3389	1403
3734	1403
3720	511
2016	2895
3485	2895
2722	2895
2955	3389
60	3389
4383	3389
2375	3389
1078	3389
4278	3389
2631	3389
4205	3389
2609	3389
2989	3215
60	2955
4383	2955
4383	60
675	1269
10	1269
58	1269
4499	1269
4544	1269
301	1269
362	1269
514	1269
808	1269
926	1269
957	1269
958	1269
1096	1269
1137	1269
1243	1269
1267	1269
1828	1269
1892	1269
4226	1269
4268	1269
4318	1269
4322	1269
4476	1269
2060	2398
2421	2016
2121	4678
218	4678
69	4678
1502	4678
3665	4678
227	420
1547	420
2585	420
1337	2241
1811	2241
1500	2241
3734	2668
436	2668
525	2668
2189	2668
2307	2668
2760	2668
1333	4054
4427	378
58	378
3734	2918
689	128
3839	2188
979	2934
3734	247
628	247
3198	247
1194	247
2552	247
3547	247
3734	3916
3825	3916
2623	3916
885	3916
1094	3773
374	3773
3611	3773
1878	3773
1687	3773
1748	3773
3175	3445
3868	569
1811	569
3425	3598
3636	3615
3663	3615
589	1044
1622	4672
1622	4087
1912	1622
268	979
4278	979
1183	979
398	979
957	979
2382	979
3826	979
913	130
2008	3503
1943	3779
3425	578
3734	2651
2340	2651
3425	351
881	1369
3432	1369
2597	1369
2223	1369
3998	1369
3432	3937
2989	1712
1379	1712
908	1712
3110	1712
1379	2989
4666	2989
617	2989
2842	2989
1890	2989
3411	2989
17	2901
357	2901
4047	4571
1371	4571
2850	4571
3680	3291
1559	1121
3734	1121
589	1121
908	1379
3110	1379
4603	4666
3734	4666
435	4666
1816	4275
407	3868
3611	1094
4064	1094
407	4248
1915	407
4335	407
2521	4324
949	2121
1868	2121
2848	2121
66	2121
1144	2121
2844	2121
4527	2121
3845	3846
1964	3846
2642	4603
289	617
3734	908
3110	908
2299	1057
1612	1057
3845	3419
3590	3419
3734	3845
3590	3845
4064	1559
798	1559
2134	1559
3046	1559
921	1559
1096	1559
1301	1559
1435	1559
2296	1559
2874	1559
3121	1559
4226	1559
4158	1559
3166	2842
667	2842
2223	2842
3734	881
2223	881
1177	881
435	3432
2223	3432
3018	3432
3930	2924
460	1327
4244	2048
927	2060
2888	2060
2977	2060
371	3602
2055	3602
3657	3978
3471	4427
58	4427
227	4023
2916	4023
3734	1337
3186	1337
1270	1337
2916	227
374	227
1547	227
3508	227
3250	227
1547	2916
374	1964
2283	1964
520	374
3611	374
1547	374
3250	374
3611	520
3734	2937
734	1537
418	2966
4596	440
2249	3734
2309	3734
1811	3734
1771	3734
1001	3734
1078	3734
717	3734
1371	3734
2545	3734
804	3734
1674	3734
2421	3734
2467	3734
2585	3734
2888	3734
3037	3734
3134	3734
3152	3734
3511	3734
3627	3734
3908	3734
4388	3734
4597	3734
3547	3734
4507	4596
4480	4596
3425	4596
4234	4596
1270	946
515	2879
3876	2879
3132	3611
3164	3611
2067	4498
682	3235
686	3235
970	3235
1361	3235
1670	3235
3278	3235
388	4064
2307	4064
2449	4064
435	3166
807	3166
4099	3166
1746	2507
1868	2533
551	2533
1144	2533
507	2533
958	2533
807	435
1183	435
4411	435
521	435
2614	435
2865	435
3657	435
667	807
957	4047
3425	4047
3826	4047
1144	1479
205	1479
981	108
3450	3780
1500	3780
1001	3780
637	3780
825	3780
1871	3642
4251	861
1868	949
2848	949
1144	949
3915	949
4527	949
2932	995
2255	10
1144	823
3013	1294
1878	3258
3404	3258
1878	841
1547	841
1547	1878
3512	1878
3512	1547
1730	1547
4198	1547
551	218
3641	218
1502	218
2395	887
4205	887
2642	887
2223	962
4099	962
921	962
1612	962
1680	962
4451	962
3662	1663
2848	4499
1144	4499
4527	4499
3680	1771
3239	2223
1500	2375
113	2375
2642	2375
3212	1500
4234	4544
712	4251
3774	216
259	4586
4337	1868
69	1868
1502	1868
1971	1868
3569	1868
2611	4178
4656	2751
3491	3691
3682	3691
2468	3491
3933	298
3755	298
3547	15
2695	2395
2858	2395
3663	2395
3663	2695
1144	2848
17	2848
69	2848
1502	2848
3774	2848
403	4643
1502	4643
3109	4643
66	4235
1226	212
1819	212
1846	212
1880	212
1947	212
2284	212
2350	212
3175	1001
2141	1078
3425	1078
4387	551
958	551
1117	551
4527	551
83	1286
2609	1286
2517	3573
767	689
67	66
1971	66
2722	66
3278	66
3553	66
2722	113
1270	3046
1270	83
1270	3198
1757	1270
2373	1270
2609	1270
1524	1147
1741	1147
3657	1147
3192	4112
3485	4112
2722	4112
791	599
782	913
1564	4069
2421	1704
460	3175
1148	3175
2604	3175
4401	3175
2631	268
1748	268
1183	4278
1183	2631
3425	1183
2021	2858
3060	242
2521	3404
1839	4099
3794	4099
4658	4099
3663	4099
791	3192
3058	880
2970	3279
4575	3782
2722	3485
1937	4296
3915	1144
774	4061
4204	4205
299	2942
558	42
2752	53
4380	2067
3662	1852
342	3250
388	921
3662	921
1502	69
2760	89
4092	148
2327	158
1420	207
2776	360
3278	371
2189	388
3627	388
507	2864
3425	2864
4478	448
4327	460
3176	461
507	468
3401	480
4575	507
3527	507
1956	548
1668	558
1937	558
3134	608
2604	618
1698	699
4394	804
1358	825
3425	825
3454	895
2284	901
2038	927
3995	927
1120	931
2189	977
4310	978
3134	1096
4527	1146
2968	1243
2609	1318
2172	1391
3155	1399
3147	1402
4301	1409
2877	1502
4527	1502
2373	1507
3794	1612
4394	1612
3821	1612
1621	1612
3663	1612
3496	1616
4157	1636
3134	1662
3627	1698
3652	1717
2921	1756
1943	1854
2770	1927
2131	1947
3853	1947
3061	1958
3794	2021
4510	2021
3791	2073
3821	3794
1621	3794
3663	3794
3627	2189
2968	2229
1657	2327
3908	2449
1943	2505
2690	2594
3099	2609
3657	2614
3662	2686
3425	2781
3061	2790
3425	3556
3089	3425
3511	3425
4536	3425
2870	2844
3908	2865
3099	2914
3076	2915
3278	2915
1943	2922
3662	2970
3527	3061
3662	3100
4569	3239
4656	3239
3662	3277
299	3327
3791	3590
3625	3613
3826	3680
4527	3915
1943	4510
