4	296
4	337
4	762
4	926
4	1445
5	232
5	1132
5	1292
8	1025
11	452
11	520
11	681
11	863
11	1114
11	1483
15	70
15	202
15	266
15	361
15	365
15	382
15	785
15	819
15	908
15	948
15	1098
15	1193
15	1377
16	1050
18	685
21	1031
22	992
24	680
24	1039
24	1275
26	574
26	695
26	819
26	1017
26	1045
26	1309
27	1045
28	547
28	887
28	1051
30	105
30	144
30	161
30	238
30	326
30	334
30	421
30	576
30	587
30	690
30	789
30	888
30	901
30	1009
30	1086
30	1182
30	1309
30	1398
31	1337
32	112
35	168
35	227
35	442
35	452
35	531
35	567
35	568
35	681
35	795
35	863
35	970
35	1131
35	1366
35	1507
36	52
36	155
36	202
36	203
36	373
36	419
36	479
36	488
36	492
36	509
36	574
36	635
36	644
36	722
36	819
36	864
36	908
36	914
36	940
36	974
36	1026
36	1054
36	1109
36	1161
36	1170
36	1193
36	1230
36	1261
36	1309
36	1410
39	310
39	333
39	614
39	861
39	875
39	1022
39	1072
39	1108
39	1225
39	1326
41	1516
42	263
45	1274
48	1100
50	342
50	512
51	96
51	250
51	251
51	290
51	598
51	711
51	814
51	817
51	1101
51	1105
51	1232
51	1244
51	1414
52	202
52	203
52	373
52	419
52	479
52	488
52	492
52	509
52	574
52	635
52	813
52	819
52	864
52	914
52	974
52	1026
52	1054
52	1109
52	1161
52	1170
52	1230
52	1261
52	1309
55	818
59	235
66	898
66	1221
67	1128
70	266
70	365
70	948
70	1098
70	1309
70	1377
70	1406
70	1446
73	1276
73	1324
73	1346
75	710
75	1130
75	1237
75	1251
75	1429
75	1458
76	994
79	202
79	543
79	696
79	713
81	511
81	548
81	825
81	1018
81	1088
81	1502
82	1478
85	561
85	1385
86	260
91	99
91	1111
96	250
96	251
96	290
96	417
96	598
96	711
96	814
96	817
96	824
96	1101
96	1105
96	1166
96	1232
96	1244
96	1414
97	568
97	1366
97	1507
105	134
105	140
105	155
105	203
105	361
105	373
105	419
105	492
105	509
105	531
105	574
105	576
105	639
105	722
105	785
105	789
105	819
105	864
105	908
105	914
105	989
105	1045
105	1054
105	1090
105	1109
105	1161
105	1170
105	1182
105	1193
105	1230
105	1261
105	1309
105	1406
105	1410
105	1419
107	121
107	170
107	367
107	410
107	519
107	653
107	1209
107	1263
107	1335
107	1397
107	1476
107	1500
111	315
111	331
111	350
111	603
111	820
111	1000
112	821
114	536
114	979
118	296
118	328
118	523
118	915
118	1150
118	1365
121	170
121	367
121	410
121	519
121	653
121	1209
121	1263
121	1335
121	1397
121	1476
121	1500
122	374
122	889
122	1056
122	1313
126	269
128	489
128	539
128	1012
128	1051
128	1298
130	627
130	1431
132	610
134	140
134	204
134	276
134	366
134	515
134	531
134	597
134	645
134	908
134	1017
134	1047
134	1283
134	1406
136	416
138	576
140	203
140	515
140	531
140	597
140	645
140	785
140	1045
140	1283
140	1309
140	1419
141	693
142	152
144	238
144	326
144	421
144	789
144	901
144	1182
145	668
145	808
145	981
153	1039
155	202
155	203
155	361
155	373
155	419
155	492
155	509
155	574
155	635
155	639
155	644
155	722
155	785
155	786
155	819
155	864
155	908
155	914
155	940
155	974
155	989
155	1026
155	1054
155	1096
155	1109
155	1161
155	1170
155	1182
155	1193
155	1230
155	1231
155	1309
155	1349
155	1410
155	1423
157	212
157	578
157	594
157	607
157	1208
157	1284
157	1290
161	334
161	421
161	576
161	587
161	690
161	756
161	789
161	888
161	901
161	1009
161	1086
161	1164
161	1182
162	1445
168	227
168	442
168	452
168	531
168	681
168	863
168	970
168	1131
168	1366
168	1507
170	367
170	410
170	519
170	653
170	1209
170	1263
170	1335
170	1397
170	1476
170	1500
172	1275
174	642
174	1152
176	457
176	759
181	669
181	1031
182	828
182	997
182	1243
186	760
187	681
187	863
187	970
187	1507
190	481
190	883
191	206
191	597
191	1063
191	1448
191	1481
202	203
202	361
202	373
202	419
202	479
202	488
202	492
202	509
202	574
202	579
202	635
202	644
202	646
202	695
202	722
202	785
202	786
202	819
202	862
202	864
202	908
202	914
202	974
202	989
202	1026
202	1054
202	1096
202	1109
202	1161
202	1170
202	1193
202	1230
202	1279
202	1309
202	1349
202	1358
202	1410
202	1441
203	361
203	373
203	393
203	419
203	479
203	492
203	509
203	515
203	574
203	635
203	639
203	644
203	645
203	722
203	785
203	819
203	864
203	908
203	914
203	974
203	989
203	1026
203	1054
203	1096
203	1109
203	1161
203	1170
203	1193
203	1230
203	1261
203	1309
203	1406
203	1419
204	276
204	1047
205	309
205	312
205	556
205	567
205	681
205	827
205	863
205	970
205	1043
206	1063
206	1448
206	1481
207	471
207	643
207	650
207	708
212	578
212	594
212	607
212	1208
212	1284
212	1290
212	1514
213	866
214	504
214	954
217	552
217	748
220	295
220	535
227	531
227	863
227	1366
227	1507
228	1477
229	749
229	1016
229	1216
229	1277
232	1132
232	1292
234	283
245	298
245	499
245	885
250	251
250	290
250	711
250	814
250	817
250	1105
250	1232
250	1414
251	290
251	417
251	598
251	711
251	814
251	817
251	1101
251	1105
251	1232
251	1244
251	1414
256	382
256	512
256	579
256	722
256	862
256	908
256	909
256	914
256	1078
256	1144
256	1159
256	1230
256	1342
256	1358
256	1398
256	1419
259	642
261	641
261	779
261	1361
264	939
264	1399
266	948
266	1098
266	1309
267	1275
268	552
269	492
269	509
269	579
269	622
269	691
269	908
269	1144
269	1194
272	831
272	1351
273	523
273	754
273	1365
274	620
274	847
276	1047
279	719
281	717
287	1462
290	598
290	711
290	814
290	817
290	1101
290	1105
290	1166
290	1232
290	1244
290	1414
291	666
291	1123
291	1451
295	472
295	768
295	847
296	337
296	424
296	527
296	553
296	762
296	920
296	926
296	1002
296	1158
296	1365
296	1418
296	1445
297	327
297	593
297	812
297	840
297	874
297	972
297	1026
297	1336
297	1487
298	499
298	581
298	885
298	894
303	328
303	523
303	547
303	1365
306	495
306	695
306	1352
309	312
309	556
309	567
309	827
309	970
309	1043
310	333
310	614
310	861
310	875
310	1022
310	1072
310	1108
310	1225
310	1326
311	432
311	484
311	524
311	1226
311	1386
312	556
312	567
312	681
312	827
312	970
312	1043
315	331
315	350
315	603
315	820
315	1000
326	744
326	789
326	888
326	1182
326	1309
327	593
327	812
327	840
327	874
327	972
327	1487
328	915
328	1075
331	350
331	603
331	820
331	1000
332	650
333	614
333	861
333	875
333	1022
333	1072
333	1108
333	1225
333	1326
334	355
334	400
334	421
334	576
334	587
334	690
334	756
334	789
334	888
334	901
334	1009
334	1086
334	1164
334	1182
335	477
337	553
337	762
337	926
337	1002
337	1445
350	603
350	820
355	400
355	587
355	690
355	1086
356	554
356	565
356	697
356	1252
356	1347
356	1418
356	1512
359	871
361	373
361	492
361	509
361	574
361	635
361	644
361	646
361	722
361	785
361	819
361	864
361	908
361	940
361	989
361	1026
361	1054
361	1109
361	1161
361	1193
361	1309
361	1419
361	1441
362	436
365	948
365	1098
365	1377
367	410
367	519
367	653
367	1209
367	1263
367	1335
367	1397
367	1476
367	1500
373	382
373	419
373	479
373	488
373	492
373	509
373	574
373	635
373	639
373	644
373	722
373	785
373	819
373	864
373	908
373	914
373	940
373	974
373	1007
373	1026
373	1054
373	1096
373	1109
373	1159
373	1161
373	1170
373	1178
373	1193
373	1230
373	1261
373	1309
373	1410
373	1441
374	889
374	1056
374	1313
377	656
377	1205
382	492
382	512
382	531
382	722
382	829
382	908
382	909
382	914
382	1027
382	1054
382	1078
382	1144
382	1159
382	1342
382	1358
382	1398
382	1419
382	1441
383	507
383	525
383	1307
385	887
386	1510
389	1497
391	553
391	665
391	666
391	762
391	1350
391	1458
392	648
392	809
392	1071
395	589
395	615
395	783
395	990
397	558
397	1371
398	1468
400	587
400	690
400	1086
401	1150
402	1204
404	794
408	1091
408	1269
410	519
410	653
410	1209
410	1263
410	1335
410	1397
410	1476
410	1500
415	464
417	1414
418	729
418	825
419	479
419	488
419	492
419	509
419	574
419	635
419	644
419	722
419	785
419	819
419	864
419	908
419	914
419	940
419	974
419	989
419	1026
419	1054
419	1096
419	1109
419	1161
419	1170
419	1193
419	1230
419	1261
419	1309
419	1349
419	1410
421	576
421	587
421	690
421	789
421	888
421	901
421	1009
421	1086
421	1182
421	1309
422	1319
424	527
424	762
424	920
424	1418
424	1445
425	483
425	487
425	591
432	524
432	1226
433	674
433	1317
433	1321
439	965
442	531
442	681
442	795
442	863
442	1507
445	902
447	486
447	1154
447	1156
447	1486
449	489
449	1298
452	515
452	520
452	556
452	567
452	568
452	681
452	863
452	970
452	1043
452	1114
452	1333
452	1366
452	1483
452	1507
457	759
459	567
467	535
469	908
469	909
469	1144
469	1159
470	530
470	584
470	747
471	643
471	650
471	708
472	535
472	847
476	1212
477	969
479	488
479	509
479	574
479	836
479	914
479	974
479	1026
479	1109
479	1170
479	1261
483	487
483	591
484	524
484	1226
484	1386
486	1154
486	1156
486	1486
487	591
488	509
488	635
488	974
488	1026
488	1054
488	1109
488	1170
488	1230
488	1231
488	1261
489	539
489	576
489	1012
489	1051
489	1298
492	509
492	574
492	579
492	635
492	644
492	646
492	722
492	785
492	819
492	864
492	908
492	914
492	940
492	974
492	1026
492	1054
492	1096
492	1109
492	1144
492	1161
492	1182
492	1309
492	1441
494	554
494	697
494	1252
495	1352
499	581
499	885
499	894
504	954
507	525
507	869
507	1307
509	574
509	635
509	639
509	644
509	646
509	722
509	785
509	819
509	862
509	864
509	908
509	914
509	974
509	989
509	990
509	1007
509	1026
509	1054
509	1096
509	1109
509	1161
509	1170
509	1193
509	1230
509	1231
509	1261
509	1309
509	1410
509	1441
511	850
511	1502
512	579
512	691
512	862
512	909
512	1078
512	1144
512	1159
512	1342
512	1358
512	1398
512	1419
515	520
515	531
515	681
515	785
515	863
515	1182
515	1309
515	1367
515	1419
515	1483
519	653
519	1209
519	1263
519	1335
519	1397
519	1476
519	1500
520	681
520	863
520	970
520	1114
520	1483
522	1442
523	754
523	1365
524	1226
524	1386
525	869
525	1307
527	762
527	920
527	1158
527	1418
527	1445
528	1202
530	584
530	747
531	563
531	597
531	645
531	1045
531	1180
531	1283
531	1384
531	1494
531	1507
535	712
535	847
535	1320
536	979
539	1012
539	1051
539	1298
541	1514
543	696
543	713
545	1376
546	831
547	887
548	1088
551	908
551	1300
553	665
553	762
553	926
553	1002
553	1350
553	1445
553	1458
554	565
554	697
554	1252
554	1347
554	1418
554	1512
556	567
556	681
556	827
556	863
556	970
556	1043
556	1472
556	1507
558	1025
558	1371
561	1385
565	697
565	1252
565	1512
567	681
567	795
567	827
567	863
567	970
567	1043
567	1333
567	1366
567	1472
567	1507
568	681
568	863
568	1366
568	1507
572	881
572	975
572	1355
572	1446
574	635
574	639
574	644
574	722
574	785
574	819
574	864
574	908
574	914
574	940
574	989
574	1017
574	1026
574	1054
574	1096
574	1109
574	1159
574	1161
574	1170
574	1178
574	1182
574	1193
574	1230
574	1261
574	1309
574	1340
574	1349
574	1410
574	1419
574	1423
574	1441
576	587
576	789
576	1009
576	1086
576	1182
576	1298
576	1309
578	594
578	607
578	1208
578	1284
578	1290
579	622
579	691
579	908
579	909
579	914
579	1078
579	1144
579	1159
579	1194
579	1342
579	1358
579	1398
579	1419
584	747
587	690
587	789
587	901
587	1086
587	1182
589	615
589	783
590	1247
593	644
593	812
593	840
593	874
593	972
593	1026
593	1336
593	1487
594	607
594	1208
594	1284
594	1290
594	1514
597	645
597	785
597	1283
598	711
598	814
598	817
598	1101
598	1105
598	1232
598	1414
602	648
603	820
603	1000
605	841
605	858
607	1208
607	1284
607	1290
614	861
614	875
614	1022
614	1108
615	783
615	990
617	1250
617	1395
622	691
622	887
622	1144
622	1194
627	739
627	1431
628	1041
634	657
634	761
634	1514
635	644
635	722
635	785
635	819
635	864
635	908
635	974
635	989
635	1026
635	1054
635	1096
635	1109
635	1161
635	1193
635	1261
635	1309
635	1410
635	1441
638	865
639	785
639	819
639	864
639	989
639	1054
639	1193
639	1261
639	1309
639	1340
641	779
641	1075
641	1241
641	1361
642	1152
643	650
643	708
644	722
644	785
644	819
644	864
644	874
644	908
644	914
644	1026
644	1054
644	1096
644	1109
644	1161
644	1193
644	1309
644	1410
644	1441
645	785
645	819
645	908
645	1283
645	1309
645	1419
646	864
646	908
646	1109
646	1161
646	1309
646	1514
647	1318
648	809
648	847
650	708
653	1209
653	1263
653	1335
653	1397
653	1476
653	1500
656	1205
656	1224
657	962
657	1200
664	914
665	762
665	1350
665	1458
666	762
666	1123
666	1350
666	1451
666	1458
667	1375
668	808
668	981
671	1421
673	1211
675	1347
675	1455
675	1512
676	1427
678	681
681	863
681	970
681	1043
681	1114
681	1333
681	1366
681	1483
681	1507
687	1001
687	1409
690	789
690	901
690	1086
691	909
691	1078
691	1144
691	1159
691	1194
691	1342
691	1358
695	1017
695	1045
695	1096
695	1352
696	713
697	1252
697	1347
697	1418
697	1512
698	800
701	1395
706	1073
706	1278
710	1130
710	1237
710	1251
710	1429
710	1458
711	814
711	817
711	1101
711	1105
711	1166
711	1232
711	1244
711	1414
712	1320
714	782
715	868
715	1319
717	884
718	747
722	785
722	819
722	864
722	908
722	914
722	989
722	1026
722	1037
722	1054
722	1096
722	1109
722	1161
722	1170
722	1182
722	1193
722	1230
722	1279
722	1309
722	1342
722	1419
722	1423
729	825
731	835
733	1444
738	855
738	880
738	1189
738	1347
738	1489
738	1512
739	1431
743	1506
745	1115
747	1076
748	1266
749	1277
754	1365
756	1009
756	1086
761	819
761	1090
762	920
762	926
762	1158
762	1350
762	1418
762	1445
762	1458
775	1215
775	1373
775	1455
775	1489
775	1512
779	1075
779	1241
779	1361
779	1418
784	1041
785	786
785	789
785	819
785	864
785	908
785	914
785	940
785	989
785	1026
785	1054
785	1090
785	1109
785	1161
785	1170
785	1193
785	1283
785	1309
785	1406
785	1419
786	819
786	864
786	1096
786	1193
786	1309
789	819
789	888
789	901
789	1009
789	1086
789	1164
789	1182
789	1309
789	1367
795	863
795	970
795	1131
795	1366
795	1507
796	1371
797	829
797	1285
804	1220
808	981
809	866
809	990
812	840
812	874
812	972
812	1487
814	817
814	1101
814	1105
814	1166
814	1232
814	1244
814	1414
817	1101
817	1105
817	1166
817	1232
817	1244
817	1414
819	864
819	908
819	914
819	974
819	989
819	1026
819	1054
819	1086
819	1090
819	1096
819	1109
819	1161
819	1170
819	1182
819	1193
819	1230
819	1231
819	1261
819	1309
819	1410
819	1419
819	1441
819	1514
820	1000
824	1414
827	970
827	1043
827	1333
828	997
828	1243
829	1159
829	1285
829	1398
831	1351
839	1339
840	874
840	972
840	1487
841	858
841	918
841	1319
843	1195
845	962
847	1455
854	1193
855	880
855	1189
855	1347
855	1489
855	1512
861	875
861	1022
861	1072
861	1108
862	908
862	909
862	914
862	949
862	1078
862	1144
862	1159
862	1342
862	1358
862	1419
863	970
863	1043
863	1114
863	1333
863	1366
863	1483
863	1507
864	908
864	914
864	974
864	989
864	1007
864	1026
864	1054
864	1096
864	1109
864	1161
864	1170
864	1182
864	1193
864	1230
864	1231
864	1261
864	1309
864	1423
864	1441
866	918
866	1443
868	1319
869	1110
869	1296
874	972
874	1487
875	1022
875	1072
875	1108
880	1189
880	1347
880	1489
880	1512
881	975
881	1355
881	1446
887	1095
887	1165
888	901
888	1009
888	1086
888	1182
888	1309
889	1056
889	1313
898	1221
901	1009
901	1086
901	1182
908	909
908	914
908	949
908	1017
908	1026
908	1054
908	1096
908	1109
908	1144
908	1159
908	1161
908	1178
908	1182
908	1193
908	1230
908	1279
908	1309
908	1342
908	1358
908	1398
908	1410
908	1419
908	1441
909	914
909	1027
909	1078
909	1144
909	1159
909	1342
909	1358
909	1419
914	949
914	974
914	989
914	1017
914	1026
914	1054
914	1109
914	1144
914	1161
914	1170
914	1182
914	1193
914	1230
914	1261
914	1279
914	1309
914	1342
914	1410
914	1419
914	1441
915	1075
918	962
920	1158
920	1418
920	1445
926	1445
939	1399
940	1026
940	1054
940	1161
940	1178
940	1309
942	1453
948	1098
948	1377
949	1419
954	1408
954	1510
957	1285
961	994
962	1319
962	1419
970	1043
970	1333
970	1366
970	1472
970	1507
972	1026
972	1487
973	989
974	1026
974	1054
974	1109
974	1161
974	1170
974	1193
974	1231
974	1260
974	1261
975	1355
975	1446
976	1353
986	1124
988	1337
989	1026
989	1054
989	1109
989	1161
989	1182
989	1193
989	1230
989	1260
989	1410
989	1441
992	1139
992	1392
997	1243
1001	1142
1001	1409
1003	1236
1009	1086
1009	1182
1012	1298
1016	1216
1017	1045
1017	1054
1017	1193
1017	1419
1020	1138
1022	1072
1022	1108
1022	1225
1022	1326
1026	1054
1026	1096
1026	1109
1026	1161
1026	1170
1026	1182
1026	1193
1026	1230
1026	1261
1026	1309
1026	1410
1026	1419
1026	1441
1027	1055
1027	1078
1027	1159
1027	1342
1027	1419
1027	1501
1029	1108
1032	1245
1037	1309
1043	1507
1045	1283
1051	1150
1051	1298
1054	1096
1054	1109
1054	1144
1054	1159
1054	1161
1054	1170
1054	1178
1054	1193
1054	1230
1054	1261
1054	1279
1054	1309
1054	1349
1054	1410
1054	1423
1054	1441
1056	1313
1058	1190
1059	1393
1063	1448
1063	1481
1066	1418
1067	1216
1068	1071
1072	1108
1072	1225
1072	1326
1073	1278
1075	1241
1075	1361
1075	1418
1077	1223
1078	1144
1078	1159
1078	1342
1078	1358
1078	1398
1082	1276
1086	1164
1086	1182
1086	1309
1090	1309
1090	1514
1091	1269
1096	1109
1096	1161
1096	1193
1096	1230
1096	1309
1096	1410
1096	1423
1098	1377
1098	1406
1101	1105
1101	1232
1101	1414
1102	1167
1105	1232
1105	1244
1105	1414
1107	1449
1109	1161
1109	1170
1109	1182
1109	1193
1109	1230
1109	1231
1109	1261
1109	1309
1109	1441
1114	1483
1123	1451
1130	1237
1130	1251
1130	1429
1131	1507
1139	1392
1142	1409
1144	1159
1144	1194
1144	1342
1144	1358
1144	1398
1144	1419
1154	1156
1154	1486
1155	1408
1155	1510
1156	1486
1158	1418
1158	1445
1159	1342
1159	1358
1159	1398
1159	1419
1159	1441
1161	1170
1161	1193
1161	1230
1161	1260
1161	1261
1161	1279
1161	1309
1161	1410
1161	1423
1161	1441
1170	1193
1170	1230
1170	1261
1170	1309
1170	1410
1174	1311
1175	1502
1180	1289
1182	1193
1182	1309
1182	1367
1182	1406
1182	1410
1189	1347
1189	1489
1189	1512
1193	1230
1193	1261
1193	1309
1193	1410
1193	1419
1205	1224
1208	1242
1208	1284
1208	1290
1209	1263
1209	1335
1209	1397
1209	1476
1209	1500
1215	1347
1215	1373
1215	1455
1215	1489
1215	1512
1226	1386
1230	1279
1230	1309
1230	1342
1230	1410
1230	1419
1232	1244
1232	1414
1237	1251
1237	1429
1237	1458
1241	1361
1241	1418
1242	1284
1242	1290
1244	1414
1245	1280
1250	1395
1251	1429
1251	1458
1252	1347
1252	1418
1252	1512
1261	1309
1261	1410
1263	1335
1263	1397
1263	1476
1263	1500
1271	1491
1276	1324
1276	1346
1279	1342
1279	1423
1283	1359
1284	1290
1309	1367
1309	1406
1309	1410
1309	1419
1309	1441
1317	1321
1320	1445
1333	1507
1335	1397
1335	1476
1335	1500
1342	1358
1342	1398
1342	1419
1347	1373
1347	1418
1347	1455
1347	1489
1347	1512
1350	1458
1355	1446
1358	1398
1358	1419
1366	1507
1373	1455
1373	1489
1373	1512
1395	1440
1397	1476
1397	1500
1408	1510
1418	1445
1418	1512
1448	1481
1455	1489
1455	1512
1476	1500
1489	1512
296	4
337	4
762	4
926	4
1445	4
232	5
1132	5
1292	5
1025	8
452	11
520	11
681	11
863	11
1114	11
1483	11
70	15
202	15
266	15
361	15
365	15
382	15
785	15
819	15
908	15
948	15
1098	15
1193	15
1377	15
1050	16
685	18
1031	21
992	22
680	24
1039	24
1275	24
574	26
695	26
819	26
1017	26
1045	26
1309	26
1045	27
547	28
887	28
1051	28
105	30
144	30
161	30
238	30
326	30
334	30
421	30
576	30
587	30
690	30
789	30
888	30
901	30
1009	30
1086	30
1182	30
1309	30
1398	30
1337	31
112	32
168	35
227	35
442	35
452	35
531	35
567	35
568	35
681	35
795	35
863	35
970	35
1131	35
1366	35
1507	35
52	36
155	36
202	36
203	36
373	36
419	36
479	36
488	36
492	36
509	36
574	36
635	36
644	36
722	36
819	36
864	36
908	36
914	36
940	36
974	36
1026	36
1054	36
1109	36
1161	36
1170	36
1193	36
1230	36
1261	36
1309	36
1410	36
310	39
333	39
614	39
861	39
875	39
1022	39
1072	39
1108	39
1225	39
1326	39
1516	41
263	42
1274	45
1100	48
342	50
512	50
96	51
250	51
251	51
290	51
598	51
711	51
814	51
817	51
1101	51
1105	51
1232	51
1244	51
1414	51
202	52
203	52
373	52
419	52
479	52
488	52
492	52
509	52
574	52
635	52
813	52
819	52
864	52
914	52
974	52
1026	52
1054	52
1109	52
1161	52
1170	52
1230	52
1261	52
1309	52
818	55
235	59
898	66
1221	66
1128	67
266	70
365	70
948	70
1098	70
1309	70
1377	70
1406	70
1446	70
1276	73
1324	73
1346	73
710	75
1130	75
1237	75
1251	75
1429	75
1458	75
994	76
202	79
543	79
696	79
713	79
511	81
548	81
825	81
1018	81
1088	81
1502	81
1478	82
561	85
1385	85
260	86
99	91
1111	91
250	96
251	96
290	96
417	96
598	96
711	96
814	96
817	96
824	96
1101	96
1105	96
1166	96
1232	96
1244	96
1414	96
568	97
1366	97
1507	97
134	105
140	105
155	105
203	105
361	105
373	105
419	105
492	105
509	105
531	105
574	105
576	105
639	105
722	105
785	105
789	105
819	105
864	105
908	105
914	105
989	105
1045	105
1054	105
1090	105
1109	105
1161	105
1170	105
1182	105
1193	105
1230	105
1261	105
1309	105
1406	105
1410	105
1419	105
121	107
170	107
367	107
410	107
519	107
653	107
1209	107
1263	107
1335	107
1397	107
1476	107
1500	107
315	111
331	111
350	111
603	111
820	111
1000	111
821	112
536	114
979	114
296	118
328	118
523	118
915	118
1150	118
1365	118
170	121
367	121
410	121
519	121
653	121
1209	121
1263	121
1335	121
1397	121
1476	121
1500	121
374	122
889	122
1056	122
1313	122
269	126
489	128
539	128
1012	128
1051	128
1298	128
627	130
1431	130
610	132
140	134
204	134
276	134
366	134
515	134
531	134
597	134
645	134
908	134
1017	134
1047	134
1283	134
1406	134
416	136
576	138
203	140
515	140
531	140
597	140
645	140
785	140
1045	140
1283	140
1309	140
1419	140
693	141
152	142
238	144
326	144
421	144
789	144
901	144
1182	144
668	145
808	145
981	145
1039	153
202	155
203	155
361	155
373	155
419	155
492	155
509	155
574	155
635	155
639	155
644	155
722	155
785	155
786	155
819	155
864	155
908	155
914	155
940	155
974	155
989	155
1026	155
1054	155
1096	155
1109	155
1161	155
1170	155
1182	155
1193	155
1230	155
1231	155
1309	155
1349	155
1410	155
1423	155
212	157
578	157
594	157
607	157
1208	157
1284	157
1290	157
334	161
421	161
576	161
587	161
690	161
756	161
789	161
888	161
901	161
1009	161
1086	161
1164	161
1182	161
1445	162
227	168
442	168
452	168
531	168
681	168
863	168
970	168
1131	168
1366	168
1507	168
367	170
410	170
519	170
653	170
1209	170
1263	170
1335	170
1397	170
1476	170
1500	170
1275	172
642	174
1152	174
457	176
759	176
669	181
1031	181
828	182
997	182
1243	182
760	186
681	187
863	187
970	187
1507	187
481	190
883	190
206	191
597	191
1063	191
1448	191
1481	191
203	202
361	202
373	202
419	202
479	202
488	202
492	202
509	202
574	202
579	202
635	202
644	202
646	202
695	202
722	202
785	202
786	202
819	202
862	202
864	202
908	202
914	202
974	202
989	202
1026	202
1054	202
1096	202
1109	202
1161	202
1170	202
1193	202
1230	202
1279	202
1309	202
1349	202
1358	202
1410	202
1441	202
361	203
373	203
393	203
419	203
479	203
492	203
509	203
515	203
574	203
635	203
639	203
644	203
645	203
722	203
785	203
819	203
864	203
908	203
914	203
974	203
989	203
1026	203
1054	203
1096	203
1109	203
1161	203
1170	203
1193	203
1230	203
1261	203
1309	203
1406	203
1419	203
276	204
1047	204
309	205
312	205
556	205
567	205
681	205
827	205
863	205
970	205
1043	205
1063	206
1448	206
1481	206
471	207
643	207
650	207
708	207
578	212
594	212
607	212
1208	212
1284	212
1290	212
1514	212
866	213
504	214
954	214
552	217
748	217
295	220
535	220
531	227
863	227
1366	227
1507	227
1477	228
749	229
1016	229
1216	229
1277	229
1132	232
1292	232
283	234
298	245
499	245
885	245
251	250
290	250
711	250
814	250
817	250
1105	250
1232	250
1414	250
290	251
417	251
598	251
711	251
814	251
817	251
1101	251
1105	251
1232	251
1244	251
1414	251
382	256
512	256
579	256
722	256
862	256
908	256
909	256
914	256
1078	256
1144	256
1159	256
1230	256
1342	256
1358	256
1398	256
1419	256
642	259
641	261
779	261
1361	261
939	264
1399	264
948	266
1098	266
1309	266
1275	267
552	268
492	269
509	269
579	269
622	269
691	269
908	269
1144	269
1194	269
831	272
1351	272
523	273
754	273
1365	273
620	274
847	274
1047	276
719	279
717	281
1462	287
598	290
711	290
814	290
817	290
1101	290
1105	290
1166	290
1232	290
1244	290
1414	290
666	291
1123	291
1451	291
472	295
768	295
847	295
337	296
424	296
527	296
553	296
762	296
920	296
926	296
1002	296
1158	296
1365	296
1418	296
1445	296
327	297
593	297
812	297
840	297
874	297
972	297
1026	297
1336	297
1487	297
499	298
581	298
885	298
894	298
328	303
523	303
547	303
1365	303
495	306
695	306
1352	306
312	309
556	309
567	309
827	309
970	309
1043	309
333	310
614	310
861	310
875	310
1022	310
1072	310
1108	310
1225	310
1326	310
432	311
484	311
524	311
1226	311
1386	311
556	312
567	312
681	312
827	312
970	312
1043	312
331	315
350	315
603	315
820	315
1000	315
744	326
789	326
888	326
1182	326
1309	326
593	327
812	327
840	327
874	327
972	327
1487	327
915	328
1075	328
350	331
603	331
820	331
1000	331
650	332
614	333
861	333
875	333
1022	333
1072	333
1108	333
1225	333
1326	333
355	334
400	334
421	334
576	334
587	334
690	334
756	334
789	334
888	334
901	334
1009	334
1086	334
1164	334
1182	334
477	335
553	337
762	337
926	337
1002	337
1445	337
603	350
820	350
400	355
587	355
690	355
1086	355
554	356
565	356
697	356
1252	356
1347	356
1418	356
1512	356
871	359
373	361
492	361
509	361
574	361
635	361
644	361
646	361
722	361
785	361
819	361
864	361
908	361
940	361
989	361
1026	361
1054	361
1109	361
1161	361
1193	361
1309	361
1419	361
1441	361
436	362
948	365
1098	365
1377	365
410	367
519	367
653	367
1209	367
1263	367
1335	367
1397	367
1476	367
1500	367
382	373
419	373
479	373
488	373
492	373
509	373
574	373
635	373
639	373
644	373
722	373
785	373
819	373
864	373
908	373
914	373
940	373
974	373
1007	373
1026	373
1054	373
1096	373
1109	373
1159	373
1161	373
1170	373
1178	373
1193	373
1230	373
1261	373
1309	373
1410	373
1441	373
889	374
1056	374
1313	374
656	377
1205	377
492	382
512	382
531	382
722	382
829	382
908	382
909	382
914	382
1027	382
1054	382
1078	382
1144	382
1159	382
1342	382
1358	382
1398	382
1419	382
1441	382
507	383
525	383
1307	383
887	385
1510	386
1497	389
553	391
665	391
666	391
762	391
1350	391
1458	391
648	392
809	392
1071	392
589	395
615	395
783	395
990	395
558	397
1371	397
1468	398
587	400
690	400
1086	400
1150	401
1204	402
794	404
1091	408
1269	408
519	410
653	410
1209	410
1263	410
1335	410
1397	410
1476	410
1500	410
464	415
1414	417
729	418
825	418
479	419
488	419
492	419
509	419
574	419
635	419
644	419
722	419
785	419
819	419
864	419
908	419
914	419
940	419
974	419
989	419
1026	419
1054	419
1096	419
1109	419
1161	419
1170	419
1193	419
1230	419
1261	419
1309	419
1349	419
1410	419
576	421
587	421
690	421
789	421
888	421
901	421
1009	421
1086	421
1182	421
1309	421
1319	422
527	424
762	424
920	424
1418	424
1445	424
483	425
487	425
591	425
524	432
1226	432
674	433
1317	433
1321	433
965	439
531	442
681	442
795	442
863	442
1507	442
902	445
486	447
1154	447
1156	447
1486	447
489	449
1298	449
515	452
520	452
556	452
567	452
568	452
681	452
863	452
970	452
1043	452
1114	452
1333	452
1366	452
1483	452
1507	452
759	457
567	459
535	467
908	469
909	469
1144	469
1159	469
530	470
584	470
747	470
643	471
650	471
708	471
535	472
847	472
1212	476
969	477
488	479
509	479
574	479
836	479
914	479
974	479
1026	479
1109	479
1170	479
1261	479
487	483
591	483
524	484
1226	484
1386	484
1154	486
1156	486
1486	486
591	487
509	488
635	488
974	488
1026	488
1054	488
1109	488
1170	488
1230	488
1231	488
1261	488
539	489
576	489
1012	489
1051	489
1298	489
509	492
574	492
579	492
635	492
644	492
646	492
722	492
785	492
819	492
864	492
908	492
914	492
940	492
974	492
1026	492
1054	492
1096	492
1109	492
1144	492
1161	492
1182	492
1309	492
1441	492
554	494
697	494
1252	494
1352	495
581	499
885	499
894	499
954	504
525	507
869	507
1307	507
574	509
635	509
639	509
644	509
646	509
722	509
785	509
819	509
862	509
864	509
908	509
914	509
974	509
989	509
990	509
1007	509
1026	509
1054	509
1096	509
1109	509
1161	509
1170	509
1193	509
1230	509
1231	509
1261	509
1309	509
1410	509
1441	509
850	511
1502	511
579	512
691	512
862	512
909	512
1078	512
1144	512
1159	512
1342	512
1358	512
1398	512
1419	512
520	515
531	515
681	515
785	515
863	515
1182	515
1309	515
1367	515
1419	515
1483	515
653	519
1209	519
1263	519
1335	519
1397	519
1476	519
1500	519
681	520
863	520
970	520
1114	520
1483	520
1442	522
754	523
1365	523
1226	524
1386	524
869	525
1307	525
762	527
920	527
1158	527
1418	527
1445	527
1202	528
584	530
747	530
563	531
597	531
645	531
1045	531
1180	531
1283	531
1384	531
1494	531
1507	531
712	535
847	535
1320	535
979	536
1012	539
1051	539
1298	539
1514	541
696	543
713	543
1376	545
831	546
887	547
1088	548
908	551
1300	551
665	553
762	553
926	553
1002	553
1350	553
1445	553
1458	553
565	554
697	554
1252	554
1347	554
1418	554
1512	554
567	556
681	556
827	556
863	556
970	556
1043	556
1472	556
1507	556
1025	558
1371	558
1385	561
697	565
1252	565
1512	565
681	567
795	567
827	567
863	567
970	567
1043	567
1333	567
1366	567
1472	567
1507	567
681	568
863	568
1366	568
1507	568
881	572
975	572
1355	572
1446	572
635	574
639	574
644	574
722	574
785	574
819	574
864	574
908	574
914	574
940	574
989	574
1017	574
1026	574
1054	574
1096	574
1109	574
1159	574
1161	574
1170	574
1178	574
1182	574
1193	574
1230	574
1261	574
1309	574
1340	574
1349	574
1410	574
1419	574
1423	574
1441	574
587	576
789	576
1009	576
1086	576
1182	576
1298	576
1309	576
594	578
607	578
1208	578
1284	578
1290	578
622	579
691	579
908	579
909	579
914	579
1078	579
1144	579
1159	579
1194	579
1342	579
1358	579
1398	579
1419	579
747	584
690	587
789	587
901	587
1086	587
1182	587
615	589
783	589
1247	590
644	593
812	593
840	593
874	593
972	593
1026	593
1336	593
1487	593
607	594
1208	594
1284	594
1290	594
1514	594
645	597
785	597
1283	597
711	598
814	598
817	598
1101	598
1105	598
1232	598
1414	598
648	602
820	603
1000	603
841	605
858	605
1208	607
1284	607
1290	607
861	614
875	614
1022	614
1108	614
783	615
990	615
1250	617
1395	617
691	622
887	622
1144	622
1194	622
739	627
1431	627
1041	628
657	634
761	634
1514	634
644	635
722	635
785	635
819	635
864	635
908	635
974	635
989	635
1026	635
1054	635
1096	635
1109	635
1161	635
1193	635
1261	635
1309	635
1410	635
1441	635
865	638
785	639
819	639
864	639
989	639
1054	639
1193	639
1261	639
1309	639
1340	639
779	641
1075	641
1241	641
1361	641
1152	642
650	643
708	643
722	644
785	644
819	644
864	644
874	644
908	644
914	644
1026	644
1054	644
1096	644
1109	644
1161	644
1193	644
1309	644
1410	644
1441	644
785	645
819	645
908	645
1283	645
1309	645
1419	645
864	646
908	646
1109	646
1161	646
1309	646
1514	646
1318	647
809	648
847	648
708	650
1209	653
1263	653
1335	653
1397	653
1476	653
1500	653
1205	656
1224	656
962	657
1200	657
914	664
762	665
1350	665
1458	665
762	666
1123	666
1350	666
1451	666
1458	666
1375	667
808	668
981	668
1421	671
1211	673
1347	675
1455	675
1512	675
1427	676
681	678
863	681
970	681
1043	681
1114	681
1333	681
1366	681
1483	681
1507	681
1001	687
1409	687
789	690
901	690
1086	690
909	691
1078	691
1144	691
1159	691
1194	691
1342	691
1358	691
1017	695
1045	695
1096	695
1352	695
713	696
1252	697
1347	697
1418	697
1512	697
800	698
1395	701
1073	706
1278	706
1130	710
1237	710
1251	710
1429	710
1458	710
814	711
817	711
1101	711
1105	711
1166	711
1232	711
1244	711
1414	711
1320	712
782	714
868	715
1319	715
884	717
747	718
785	722
819	722
864	722
908	722
914	722
989	722
1026	722
1037	722
1054	722
1096	722
1109	722
1161	722
1170	722
1182	722
1193	722
1230	722
1279	722
1309	722
1342	722
1419	722
1423	722
825	729
835	731
1444	733
855	738
880	738
1189	738
1347	738
1489	738
1512	738
1431	739
1506	743
1115	745
1076	747
1266	748
1277	749
1365	754
1009	756
1086	756
819	761
1090	761
920	762
926	762
1158	762
1350	762
1418	762
1445	762
1458	762
1215	775
1373	775
1455	775
1489	775
1512	775
1075	779
1241	779
1361	779
1418	779
1041	784
786	785
789	785
819	785
864	785
908	785
914	785
940	785
989	785
1026	785
1054	785
1090	785
1109	785
1161	785
1170	785
1193	785
1283	785
1309	785
1406	785
1419	785
819	786
864	786
1096	786
1193	786
1309	786
819	789
888	789
901	789
1009	789
1086	789
1164	789
1182	789
1309	789
1367	789
863	795
970	795
1131	795
1366	795
1507	795
1371	796
829	797
1285	797
1220	804
981	808
866	809
990	809
840	812
874	812
972	812
1487	812
817	814
1101	814
1105	814
1166	814
1232	814
1244	814
1414	814
1101	817
1105	817
1166	817
1232	817
1244	817
1414	817
864	819
908	819
914	819
974	819
989	819
1026	819
1054	819
1086	819
1090	819
1096	819
1109	819
1161	819
1170	819
1182	819
1193	819
1230	819
1231	819
1261	819
1309	819
1410	819
1419	819
1441	819
1514	819
1000	820
1414	824
970	827
1043	827
1333	827
997	828
1243	828
1159	829
1285	829
1398	829
1351	831
1339	839
874	840
972	840
1487	840
858	841
918	841
1319	841
1195	843
962	845
1455	847
1193	854
880	855
1189	855
1347	855
1489	855
1512	855
875	861
1022	861
1072	861
1108	861
908	862
909	862
914	862
949	862
1078	862
1144	862
1159	862
1342	862
1358	862
1419	862
970	863
1043	863
1114	863
1333	863
1366	863
1483	863
1507	863
908	864
914	864
974	864
989	864
1007	864
1026	864
1054	864
1096	864
1109	864
1161	864
1170	864
1182	864
1193	864
1230	864
1231	864
1261	864
1309	864
1423	864
1441	864
918	866
1443	866
1319	868
1110	869
1296	869
972	874
1487	874
1022	875
1072	875
1108	875
1189	880
1347	880
1489	880
1512	880
975	881
1355	881
1446	881
1095	887
1165	887
901	888
1009	888
1086	888
1182	888
1309	888
1056	889
1313	889
1221	898
1009	901
1086	901
1182	901
909	908
914	908
949	908
1017	908
1026	908
1054	908
1096	908
1109	908
1144	908
1159	908
1161	908
1178	908
1182	908
1193	908
1230	908
1279	908
1309	908
1342	908
1358	908
1398	908
1410	908
1419	908
1441	908
914	909
1027	909
1078	909
1144	909
1159	909
1342	909
1358	909
1419	909
949	914
974	914
989	914
1017	914
1026	914
1054	914
1109	914
1144	914
1161	914
1170	914
1182	914
1193	914
1230	914
1261	914
1279	914
1309	914
1342	914
1410	914
1419	914
1441	914
1075	915
962	918
1158	920
1418	920
1445	920
1445	926
1399	939
1026	940
1054	940
1161	940
1178	940
1309	940
1453	942
1098	948
1377	948
1419	949
1408	954
1510	954
1285	957
994	961
1319	962
1419	962
1043	970
1333	970
1366	970
1472	970
1507	970
1026	972
1487	972
989	973
1026	974
1054	974
1109	974
1161	974
1170	974
1193	974
1231	974
1260	974
1261	974
1355	975
1446	975
1353	976
1124	986
1337	988
1026	989
1054	989
1109	989
1161	989
1182	989
1193	989
1230	989
1260	989
1410	989
1441	989
1139	992
1392	992
1243	997
1142	1001
1409	1001
1236	1003
1086	1009
1182	1009
1298	1012
1216	1016
1045	1017
1054	1017
1193	1017
1419	1017
1138	1020
1072	1022
1108	1022
1225	1022
1326	1022
1054	1026
1096	1026
1109	1026
1161	1026
1170	1026
1182	1026
1193	1026
1230	1026
1261	1026
1309	1026
1410	1026
1419	1026
1441	1026
1055	1027
1078	1027
1159	1027
1342	1027
1419	1027
1501	1027
1108	1029
1245	1032
1309	1037
1507	1043
1283	1045
1150	1051
1298	1051
1096	1054
1109	1054
1144	1054
1159	1054
1161	1054
1170	1054
1178	1054
1193	1054
1230	1054
1261	1054
1279	1054
1309	1054
1349	1054
1410	1054
1423	1054
1441	1054
1313	1056
1190	1058
1393	1059
1448	1063
1481	1063
1418	1066
1216	1067
1071	1068
1108	1072
1225	1072
1326	1072
1278	1073
1241	1075
1361	1075
1418	1075
1223	1077
1144	1078
1159	1078
1342	1078
1358	1078
1398	1078
1276	1082
1164	1086
1182	1086
1309	1086
1309	1090
1514	1090
1269	1091
1109	1096
1161	1096
1193	1096
1230	1096
1309	1096
1410	1096
1423	1096
1377	1098
1406	1098
1105	1101
1232	1101
1414	1101
1167	1102
1232	1105
1244	1105
1414	1105
1449	1107
1161	1109
1170	1109
1182	1109
1193	1109
1230	1109
1231	1109
1261	1109
1309	1109
1441	1109
1483	1114
1451	1123
1237	1130
1251	1130
1429	1130
1507	1131
1392	1139
1409	1142
1159	1144
1194	1144
1342	1144
1358	1144
1398	1144
1419	1144
1156	1154
1486	1154
1408	1155
1510	1155
1486	1156
1418	1158
1445	1158
1342	1159
1358	1159
1398	1159
1419	1159
1441	1159
1170	1161
1193	1161
1230	1161
1260	1161
1261	1161
1279	1161
1309	1161
1410	1161
1423	1161
1441	1161
1193	1170
1230	1170
1261	1170
1309	1170
1410	1170
1311	1174
1502	1175
1289	1180
1193	1182
1309	1182
1367	1182
1406	1182
1410	1182
1347	1189
1489	1189
1512	1189
1230	1193
1261	1193
1309	1193
1410	1193
1419	1193
1224	1205
1242	1208
1284	1208
1290	1208
1263	1209
1335	1209
1397	1209
1476	1209
1500	1209
1347	1215
1373	1215
1455	1215
1489	1215
1512	1215
1386	1226
1279	1230
1309	1230
1342	1230
1410	1230
1419	1230
1244	1232
1414	1232
1251	1237
1429	1237
1458	1237
1361	1241
1418	1241
1284	1242
1290	1242
1414	1244
1280	1245
1395	1250
1429	1251
1458	1251
1347	1252
1418	1252
1512	1252
1309	1261
1410	1261
1335	1263
1397	1263
1476	1263
1500	1263
1491	1271
1324	1276
1346	1276
1342	1279
1423	1279
1359	1283
1290	1284
1367	1309
1406	1309
1410	1309
1419	1309
1441	1309
1321	1317
1445	1320
1507	1333
1397	1335
1476	1335
1500	1335
1358	1342
1398	1342
1419	1342
1373	1347
1418	1347
1455	1347
1489	1347
1512	1347
1458	1350
1446	1355
1398	1358
1419	1358
1507	1366
1455	1373
1489	1373
1512	1373
1440	1395
1476	1397
1500	1397
1510	1408
1445	1418
1512	1418
1481	1448
1489	1455
1512	1455
1500	1476
1512	1489
