231	1640
231	1931
231	584
231	3291
3844	730
3844	3154
3844	4374
3844	3296
1413	3929
3699	2635
3699	3049
1553	2511
358	652
3399	3916
526	1398
526	3607
526	2490
526	3819
526	991
526	3427
526	2183
526	1029
526	826
526	4302
526	86
526	3779
526	522
526	2100
526	2243
526	1943
1239	1858
1239	1601
1239	1753
1239	4073
2976	947
2976	3573
2976	3710
3115	3737
3115	1097
3115	276
3115	3389
3115	3080
2718	728
2994	2511
2994	206
2994	4651
2994	3780
1398	2335
1398	3799
1398	3129
1398	2866
1398	2277
1398	1643
1398	1385
1398	3340
1398	4212
1398	719
1398	1948
1398	27
1398	540
1398	4127
1398	1307
1398	1029
1398	826
1398	4302
1398	3779
1398	1901
1398	2217
1398	1718
1398	3145
1075	4045
1075	2071
1075	396
1075	4512
1075	1150
1075	1392
1075	2574
1075	4023
1075	1032
1075	227
1075	1221
1075	374
1075	326
1075	3520
1075	2017
2897	3175
3434	206
4132	1158
4132	181
4132	473
4132	4571
4132	3520
4132	3296
4132	274
4132	1968
1638	102
1638	2493
3974	1432
3974	49
3974	4212
3974	3687
3974	27
3974	4070
3974	256
3974	859
3974	569
3572	679
3572	3041
3572	3643
3572	2715
3572	1110
3572	4611
3572	1401
1655	715
1655	620
1655	1314
1655	2988
1655	3780
728	3062
728	3208
728	4519
728	3762
728	4358
728	932
728	220
728	843
728	2646
728	4374
728	562
728	4131
728	4414
728	2597
728	3978
728	2086
728	3860
728	26
728	3436
728	4273
3392	756
3193	2511
1215	368
1215	189
1215	1380
1215	3412
1412	4087
4045	3681
4045	3920
4045	562
2958	3827
2958	3148
2958	3389
2958	2378
2174	3289
2174	1063
2174	3998
679	2366
679	102
679	1063
679	4674
679	3998
4307	1951
1263	1176
1263	1601
1263	3273
3628	2533
3628	3174
3628	295
3628	2051
253	1193
253	2052
253	1613
253	3388
253	982
253	3337
253	1156
253	1951
253	3174
253	4643
253	551
253	1740
253	295
253	701
253	958
253	2051
4494	1193
4494	191
4494	2420
4494	1613
4494	3388
4494	2185
4494	982
4494	482
4494	1156
4494	2292
4494	4678
4494	2051
4494	313
3757	1775
1478	2978
4008	2117
4008	3657
1407	3236
1841	2584
294	1789
294	1984
294	1888
1172	2499
354	2511
354	1518
1136	3108
546	2973
546	2952
546	2584
546	2071
546	1441
546	144
546	1643
2973	2952
2973	2584
2973	2071
2973	1441
2973	144
2973	1355
2973	1643
2973	4011
2973	1692
2952	2584
2952	2071
2952	3312
2952	3724
404	962
2860	2511
2442	3955
2442	2483
2442	4512
2442	2963
2442	2886
2671	1909
2671	3002
2671	1988
2671	3992
2671	230
2671	4540
2671	101
1869	406
1909	3002
1909	179
406	4335
406	175
3955	2483
3955	1403
2657	4227
2142	1326
2483	2511
3264	1070
3264	1221
4675	3670
4675	1414
4675	982
4675	4643
4675	2051
2160	3172
2160	2575
2160	3880
2160	356
2160	2490
3172	2575
3172	3880
3172	356
3172	2490
3172	2511
2575	3880
2575	356
2575	2490
2575	2667
2575	3427
1543	1872
1543	3315
1543	3389
3880	356
3880	2490
3880	2030
3880	252
3880	3214
3880	1620
356	2490
356	2667
356	3427
356	4355
356	3299
356	3236
356	1221
356	1984
356	3621
1940	230
1940	1948
3952	1029
2341	553
1944	3780
1260	3039
862	553
862	3378
3607	1852
4360	1602
4360	2767
1022	4314
824	2278
824	7
824	2647
824	2003
824	1434
824	1282
824	1499
824	4500
824	1845
1053	562
2490	3427
2335	1385
2335	4212
2335	1640
2335	172
2335	897
2335	540
2335	842
2335	2017
4139	540
4679	3592
619	2030
619	1977
619	955
619	1809
619	1933
619	139
619	2385
619	4005
619	1477
619	2615
619	3635
619	1271
619	2237
619	4516
619	175
619	635
619	1062
619	2819
619	4159
3062	1048
3062	1935
2399	1518
1754	756
2996	3108
2996	1351
4669	1600
4669	1863
4669	3657
3208	1600
3208	3500
3208	2805
3208	1745
3208	2566
3208	1966
3208	3767
3208	1640
3208	4663
3208	3371
3208	3728
3208	843
3208	2254
3208	4207
3208	1948
3208	4454
3208	3650
3208	2301
3208	1749
3208	2363
3208	4651
3208	2098
3208	2299
3208	4414
3208	3296
3208	962
3208	388
3208	2604
3208	3436
3208	4159
3208	4443
1432	3778
1432	3900
1432	1607
1432	2551
1432	756
1432	1338
1432	2020
1432	3046
1432	3292
629	4454
629	3019
629	101
629	2299
3855	140
3855	2030
3855	4156
1026	3902
1026	327
1026	4643
1026	3351
3189	3553
2407	3108
2407	157
2407	2030
3108	157
3108	2315
3108	1334
3108	2194
3108	3522
3108	2566
3108	2094
3108	572
3108	3336
3108	2304
3108	2123
3108	2646
3108	2353
3108	321
3108	3456
3108	2150
3108	2666
3108	4143
3108	2199
3108	2396
3108	1774
3108	1499
3108	2984
3108	1665
3108	1299
3108	1719
3108	3291
3108	1121
3108	4666
3108	4414
3108	3274
3108	2222
3108	2521
3108	2545
3108	3250
3108	74
3108	70
3108	677
3108	723
3108	970
3108	1073
3108	1079
3108	1467
3108	1752
3108	1779
3108	2051
3108	3794
3108	2233
3108	3455
3108	2269
3108	2324
3108	2437
3108	2505
3108	2535
3108	2552
3108	2637
3108	3413
3108	3473
3108	3745
3108	3838
3108	3919
3108	3948
3108	4273
3108	4617
3108	1888
4532	157
4532	2511
1019	157
1019	2578
157	4548
157	950
157	2578
157	683
157	1
157	973
4548	1241
950	2578
3790	930
2567	1414
2567	2420
2567	199
140	2944
3968	1562
3968	110
3670	1224
3670	2420
3670	1935
3670	2363
3670	707
3670	1045
3670	2533
3670	3174
3670	551
3670	295
3670	1502
3670	2051
3670	313
2219	1193
2219	1089
217	766
217	707
217	2438
766	707
766	3174
766	295
4519	3487
4519	1192
4519	3312
4519	1900
4519	4414
4519	3296
4519	388
4519	3188
2348	3799
2348	4384
2348	2003
2348	2667
2348	3427
2348	1954
2348	3573
1343	3992
593	1314
593	1512
3304	238
3304	375
4182	2767
4182	3236
951	553
951	458
951	504
1885	569
1214	1510
3900	2368
3900	2955
3900	1194
2315	3296
2315	3175
803	3623
803	4554
803	960
803	775
803	451
803	3818
803	733
803	1753
803	203
803	3236
803	1901
803	3009
4487	458
4487	3638
4487	504
2460	3101
2317	3125
156	719
1451	3154
1451	2862
3799	3129
3799	3371
3799	2667
3799	3427
3799	4127
3799	4651
145	3371
145	3650
145	1901
145	1335
1297	3819
1297	2511
1297	1901
1297	1177
3623	4040
2933	2030
2933	3534
2933	3567
2933	1454
2933	3086
2933	906
2933	2895
2933	86
2933	873
2933	2237
596	3707
596	947
596	3962
596	1369
596	1177
596	2058
2887	390
2887	652
2887	2035
2887	378
2887	4427
2887	2580
721	476
4384	2366
4384	4657
4574	1379
1649	4110
4046	2281
4046	691
1596	3354
1596	2888
61	1246
61	1314
61	2947
61	3845
61	1984
61	1335
61	3398
61	1888
4088	966
4088	504
4088	626
4088	3835
3356	4227
498	3809
498	3147
2640	2199
2640	4394
422	2512
422	2511
422	2098
492	1191
492	1138
492	2035
3129	3166
3129	1472
4254	4056
4254	625
4254	3824
4254	4066
4254	4571
4254	1847
4254	4064
4254	1901
4254	1535
4254	3782
4254	1893
4254	2633
4254	3563
4254	3908
3549	1896
3549	1307
1336	2030
1336	1035
2030	4404
2030	2212
2030	3971
2030	1436
2030	1629
2030	3336
2030	1157
2030	843
2030	2402
2030	333
2030	1380
2030	2256
2030	2767
2030	1639
2030	2667
2030	3427
2030	4454
2030	3650
2030	708
2030	2363
2030	4240
2030	647
2030	3312
2030	1135
2030	320
2030	4200
2030	1486
2030	1606
2030	4436
2030	489
2030	1832
2030	1307
2030	2306
2030	2955
2030	86
2030	4414
2030	4365
2030	1050
2030	712
2030	3929
2030	551
2030	2232
2030	2115
2030	1542
2030	1631
2030	566
2030	677
2030	762
2030	772
2030	970
2030	1373
2030	1678
2030	1743
2030	2384
2030	2869
2030	2922
2030	2960
2030	3532
2030	4073
2030	4510
3321	323
3321	4546
3321	618
3805	3041
3814	529
3814	1729
3814	2140
3814	3895
3814	1221
3814	1071
1241	991
1241	4476
1193	2052
1193	191
1193	3539
1193	2420
1193	114
1193	7
1193	4041
1193	1400
1193	1697
1193	2275
1193	2363
1193	482
1193	2197
1193	707
1193	2533
1193	3174
1193	4499
1193	295
1193	1502
1193	1925
1193	2051
1193	3150
1193	4157
1193	4286
2137	409
2137	329
2137	419
2137	318
2137	306
2137	241
2137	425
4404	4444
4404	2647
4404	1171
4404	3154
4404	1764
4404	3296
4404	1373
3223	2454
3223	2840
3223	3138
3223	1666
3223	4651
3223	3389
3223	1915
3223	3780
4457	4015
4457	3154
4457	756
4457	3334
4457	1063
4457	3785
4457	1349
4457	908
4457	1500
4457	1211
2485	3417
2485	969
2485	2254
2485	2638
2485	4437
1923	708
4485	457
4485	77
1797	982
1797	580
1797	3998
3044	4095
3044	1227
3374	1271
2221	1551
2221	1607
2221	2355
2221	2495
2221	3832
2221	786
2221	2955
2221	2833
2221	3384
2221	326
2221	887
2221	4205
2282	1551
2282	1607
2282	786
2282	1349
2282	2833
2282	326
2282	4205
653	578
2278	4122
2500	2023
2500	3125
2500	3354
2500	4336
2500	1118
2500	1044
2500	1500
2500	3573
2500	1957
2500	4094
2023	3125
2023	4505
2023	3819
2023	1967
2023	1966
2023	960
2023	1118
2023	3289
2023	1511
2023	1403
2023	3432
2023	2223
2023	1980
715	847
715	4437
715	792
715	2883
63	1729
63	3296
2584	2071
2584	1441
2584	144
2584	1643
36	3823
1551	2644
1551	1528
1551	2294
1551	2281
1551	887
2071	1441
2071	144
2071	1643
2071	1171
2071	4414
2071	388
1441	144
1441	1643
1441	2511
144	1643
4015	2277
4015	620
4015	2726
4015	1010
4015	1640
4015	577
4015	3101
4015	708
4015	3173
4015	1029
4015	1921
4015	3389
4015	3296
4015	1500
4015	1277
4015	83
4015	825
4015	3663
771	1370
771	645
771	4011
771	1518
771	979
771	2226
857	2463
529	4011
529	2140
529	3895
529	4500
529	1071
529	4354
529	3611
529	2378
3125	1118
3125	2644
3125	1044
3125	3073
1009	3500
2953	1275
2953	2182
2953	99
2953	3916
3091	330
3091	99
3091	1614
1370	645
1370	4011
1370	4071
1370	979
645	553
645	4011
645	3170
645	2979
645	3635
645	544
645	4071
645	979
645	3309
645	2382
1607	3427
1607	647
1607	887
1607	3175
1607	162
1607	3708
1607	1957
1607	1023
1607	3547
4444	4611
4444	3780
3204	4128
3204	323
3204	397
3204	652
3204	1646
3204	1619
553	668
553	3140
553	99
553	2979
553	2596
553	267
553	2226
553	3184
553	479
553	500
3500	1881
3500	3559
3500	2476
3500	3859
3500	4435
3500	4603
3500	1050
3500	1758
1562	3354
1562	34
1562	2037
1562	550
1562	652
1562	1619
1562	2745
2962	1314
2962	2297
2962	2612
2962	3832
2962	39
2962	1782
2962	652
2962	2580
2962	613
2962	1922
392	2647
392	2366
392	892
392	125
392	2299
918	2194
918	250
1224	191
1224	3388
1224	3039
1224	982
1224	3456
1224	3105
1224	958
1224	1925
1224	2051
1224	2239
3737	2003
3737	1971
193	4608
193	4338
193	425
2052	2420
2052	969
2052	2666
2052	2363
2052	707
2052	2533
2052	3174
2052	1868
2052	295
4505	3859
1191	3962
1191	3236
1191	3237
1191	3436
3819	960
3819	4131
3819	3779
663	756
663	4414
1792	971
1624	4347
3487	4358
3487	1097
3487	2389
3487	2511
3487	3424
3487	4347
3487	979
3487	2226
37	2389
37	2281
37	2544
37	4231
3354	1510
3354	2389
3354	1314
3354	843
3354	276
3354	206
3354	1282
3354	3389
3354	2241
3354	283
3354	3296
3354	522
3354	926
3354	1705
3354	4543
252	3927
252	3290
252	2866
252	847
252	1953
252	1495
252	3228
252	121
252	3530
252	4295
252	1171
252	139
252	1544
252	2667
252	27
252	3427
252	2497
252	3424
252	1222
252	1863
252	1512
252	203
252	3488
252	352
252	2124
252	2763
252	1419
252	1635
252	1771
252	1730
252	2858
252	3316
252	2619
252	4049
3290	3619
3290	2947
3290	2003
3290	4610
3290	3627
48	4208
3762	2597
2866	3214
2866	2277
2866	1610
2866	4557
2866	1644
2866	2919
2866	3236
2866	3389
2866	3296
2866	1599
1630	1334
1630	3622
1630	756
1630	2895
1334	3622
1334	1919
1334	543
1334	3086
1334	2895
1334	2722
3622	2416
3622	2895
3622	2223
3622	3184
3622	901
3301	3796
168	1221
3885	3337
3885	3046
3885	3175
119	3681
119	4674
119	1029
119	3389
119	4571
119	3296
1414	512
1414	516
1414	3575
1414	1810
1414	2901
1414	3174
1414	3057
1414	295
1414	958
1414	2316
1414	4083
2563	2435
2563	295
732	1365
2831	2511
1702	691
2032	1221
1605	592
1605	1622
3632	592
1974	592
1974	3638
592	969
1858	4275
847	620
847	1609
847	2195
847	1375
847	2646
847	3315
847	4500
847	3389
847	247
847	1121
847	4248
847	3780
847	3296
847	2823
847	3710
1977	2511
1977	3175
3041	2454
3041	2270
3041	2610
3041	1033
3041	1954
3041	1001
3041	825
3041	4198
3873	2504
3873	3732
2400	418
2400	2226
2400	1888
1809	756
3214	692
3214	979
3214	283
3612	2544
1641	859
2603	4336
191	1167
191	2420
191	7
191	4041
191	2026
191	3575
191	775
191	2890
191	2197
191	1951
191	4678
191	707
191	2533
191	3174
191	551
191	17
191	295
191	297
191	958
191	1502
191	2051
523	1781
523	4227
523	960
523	1068
523	4240
523	709
523	3315
523	1597
523	1369
523	2060
523	3930
523	2751
523	608
523	774
523	2628
2212	102
2212	3312
2212	3177
2212	2027
2212	3132
3380	189
3380	3170
3380	1253
3380	3175
3380	1262
4554	4061
3417	756
3417	979
3405	4659
3405	2493
3405	233
3405	2858
4336	442
4336	250
4336	969
4336	1800
3181	250
3181	70
3472	3708
1014	2271
3539	413
3539	2890
3539	1526
3539	401
3539	1542
3539	1925
2639	4418
1167	4041
1167	982
1167	413
1167	580
1167	1951
1167	2901
3524	254
3524	3559
3524	4483
3524	4128
3524	4435
3524	562
3524	4122
3524	1227
3524	1379
3524	4666
3524	289
3524	4335
512	982
3971	4390
3971	3619
3971	2646
3971	4374
3971	1207
3971	3312
3971	434
3971	962
3971	4120
3971	885
1098	2511
1098	1484
1881	1690
1483	3850
1483	1221
2474	3101
2474	2016
4056	3086
254	1585
254	522
2277	1729
2277	280
2277	2292
2277	3389
1781	1640
1781	3389
1781	2473
1781	3296
1781	1525
4078	3965
744	2805
744	1745
744	2566
744	1510
744	1496
744	881
2805	881
2805	1001
1410	967
2262	3786
1745	1510
1745	756
1745	292
1745	2223
1745	2321
2904	2511
1729	2496
1729	3895
1729	657
1729	1033
1729	4122
1729	4354
1729	267
563	3638
563	2803
563	1986
4410	102
3678	3407
3678	692
4024	3681
4024	668
4024	1154
4024	2366
4024	102
4024	1323
4024	1598
3681	2784
3681	1154
3681	2259
3681	4026
3681	2088
3681	2366
3681	102
3681	3407
3681	1471
3681	3311
3681	1747
3681	108
3681	1500
3681	4129
4162	2060
4162	2378
1320	1496
1320	2226
1320	2552
1320	3910
329	3101
329	1518
2149	3175
2149	403
3522	960
3522	1395
668	1154
668	2366
668	102
668	1598
668	3895
668	4611
668	1307
668	859
668	3175
668	1318
2629	550
1938	786
1938	4537
1938	2161
2566	1234
2566	2511
2566	1181
2566	640
2566	1289
2566	3432
2566	4064
2566	1211
2566	1656
2566	1671
2566	670
2566	944
2566	1272
2566	1657
4358	1097
4358	92
4358	93
4358	3296
1097	92
1097	1962
1097	4338
4528	534
4528	3046
4528	1925
3931	2002
3931	2998
3931	489
3931	936
3931	4031
3931	4087
2244	1510
1197	2646
1197	4651
1355	4667
1355	2367
1355	3635
1355	4177
1355	4604
1355	4500
1355	3296
1355	2732
1355	2189
1355	3603
1355	4244
3498	1761
3498	1121
2734	1896
2734	4540
2734	4284
2734	4121
2734	128
1967	2947
932	1455
837	4611
4659	396
4659	81
4659	1271
396	3560
396	2511
2717	2187
3004	2511
3004	3943
3004	4155
4667	719
4667	962
4667	4244
938	413
938	4432
2830	3638
2830	4355
2830	708
2830	2803
2830	1986
24	4431
4227	3481
4227	321
4227	1962
4227	2812
4227	2158
4227	2312
4227	2433
4227	4273
3550	4122
3550	2226
3550	689
2248	3029
1495	2544
1495	652
620	4530
620	333
620	3424
620	1349
620	4437
620	892
620	1307
620	3291
620	4278
620	769
620	3511
1510	4153
1510	1135
1510	2680
1510	292
1510	1183
1510	1242
1510	1489
2784	683
2784	2064
2784	1369
2784	3432
2784	1216
4550	1385
4550	4212
4550	3916
4550	2017
1158	1385
2504	1382
2504	4657
2504	4007
2504	3989
2504	2438
2504	4600
2726	3708
3098	4374
3098	3296
80	1121
80	1258
49	1610
2423	86
3220	1029
3220	3573
309	3154
309	4374
309	1518
309	3296
225	4011
3228	549
1436	3403
1629	2511
1230	969
1154	2551
1154	102
1154	130
1154	1747
1154	2937
1154	3296
1154	4244
121	3951
121	4437
121	3779
121	486
121	997
4	3296
4351	3389
2094	2511
2094	1954
3840	2226
3767	4357
3767	4323
3767	3289
3767	2511
3767	3692
3767	4326
3767	550
3767	4042
3767	1723
3767	2803
3767	4332
3767	2378
3767	1023
4357	2478
4142	2493
4142	233
2602	2530
2420	2026
2420	3388
2420	982
2420	2148
2420	2533
2420	3174
2420	1868
2420	551
2420	295
2420	958
2420	2051
1818	4398
1818	3581
1818	3650
1818	2541
4398	3581
3581	3137
1613	56
1613	7
1613	4041
1613	2026
1613	722
1613	2363
1613	1156
1613	657
1613	3034
1613	692
1613	707
1613	2533
1613	3174
1613	218
1613	1765
1613	551
1613	295
1613	810
1613	1502
1613	2051
760	313
368	3648
368	3692
368	458
368	4070
368	550
368	504
368	3921
368	4332
368	3011
368	1719
368	2833
368	3780
368	585
368	83
669	2963
1385	4212
1385	2017
1048	114
1048	1400
1048	2371
1048	2661
1048	482
1048	1156
1048	3871
1048	2895
1048	3174
1048	1542
1048	295
1048	536
1048	1925
1048	2844
1048	3278
1048	1205
1048	3966
1048	1657
114	982
114	3930
114	4643
3065	3994
3065	2556
4345	206
4345	4651
4345	3780
4345	1839
1935	982
1935	2570
1935	2724
1935	2533
1935	2780
3340	2511
3340	2182
3340	3011
3340	3389
2397	206
2397	3780
3490	2511
2917	3105
2917	2901
2917	295
2092	2271
2092	3456
2092	3236
56	7
56	2511
7	2026
7	3560
7	580
7	2363
7	1951
7	795
7	2051
7	313
4041	2026
4041	3388
4041	1810
4041	580
4041	3337
4041	1951
4041	4678
4041	218
4041	1868
4041	4643
4041	551
4041	1542
4041	958
4041	1925
4041	2051
4041	313
2026	534
2026	3174
2026	218
2026	1868
2026	295
516	1080
4212	2017
4212	3250
4212	2759
4212	2011
1007	569
3928	366
3928	569
1010	577
1010	504
1010	2803
1010	806
1010	2426
1010	1023
2454	3604
2454	992
2454	2956
2454	1863
2454	2124
2454	652
2454	1806
2454	1957
3112	4005
2338	1029
2338	3066
3609	3509
673	458
673	3034
673	3046
3687	2685
3687	1652
3687	2909
3687	2785
3687	3173
2389	102
2389	1033
2389	3573
2389	1155
3178	3336
3178	3154
3178	3296
3388	982
3388	1527
3388	2715
3388	2570
3388	2363
3388	707
3388	1221
3388	3174
3388	4499
3388	295
3388	1502
3388	2051
3388	3915
3388	4157
3589	3638
3589	2368
3589	3067
3589	2395
3589	3046
3589	110
3589	1796
3589	3058
1400	3945
1400	3337
1400	2363
1400	1868
1400	4643
1400	1925
1400	313
2163	2511
2163	3105
3643	81
3643	3378
3643	3916
2213	1138
3360	4508
3302	1314
2861	1089
2861	295
3039	3366
3039	3384
3039	2822
3039	1205
2741	1119
4316	1601
4027	1406
429	1622
429	3009
1972	2511
1322	1080
1322	958
34	230
34	550
34	2241
20	2533
20	295
20	1564
20	2051
18	2366
18	230
18	147
3850	4133
181	1965
92	1933
92	1598
92	1583
92	3166
92	807
92	1507
2185	442
2185	4122
3693	3236
1815	1863
836	2229
3530	2366
740	4011
4512	4295
4512	4223
4512	1499
4512	1221
4512	1739
4512	374
4512	4354
1225	1620
2774	982
2774	707
2774	295
2774	1502
2010	577
2010	230
2010	550
2010	3638
2010	4355
2010	708
2010	3523
2010	4332
2010	1500
2010	83
1382	1468
2251	2354
421	834
421	708
421	3787
421	2072
421	819
421	1023
1223	4224
1223	886
1223	102
1223	1323
1223	584
1223	3827
1223	4611
1223	3432
1223	3296
4224	886
4224	3796
4224	4374
4224	2909
4224	3315
4224	4502
886	3796
886	8
886	4502
1610	4011
1610	3692
1610	3837
1610	27
1610	578
1610	691
1150	4352
1150	1221
1150	4354
1150	326
1150	3520
1150	2055
4378	3754
719	4614
719	661
719	4275
719	4007
719	1194
719	1584
4125	206
1176	1157
1176	4676
1176	297
1176	2384
4308	2366
1315	1366
1315	3166
1315	1621
1315	2753
1315	3080
2647	775
2647	1282
2647	4611
2647	2101
2647	859
2647	962
2647	1525
2647	2691
2647	3828
439	1029
960	816
960	4131
960	1825
960	2633
960	3547
442	3442
442	991
442	1634
3442	4437
3707	3038
3707	885
1145	3314
3314	3038
1118	2779
1118	3962
1118	881
1246	1314
3249	2947
534	2410
1314	1428
1314	2297
1314	2064
1314	2302
1314	2612
1314	2979
1314	39
1314	3081
1314	203
1314	4276
1314	2719
1314	86
1314	3978
1314	4502
1314	2580
1314	2018
1292	1902
1235	1601
1304	2294
1304	2544
1304	906
1865	3389
1119	4128
1119	2197
1119	707
1119	3175
1119	295
1119	3553
2410	4454
2410	4122
1919	2895
1933	1219
1933	3235
1933	3166
1933	2226
1219	4305
1219	47
1219	3619
1219	4350
982	992
982	2570
982	1080
982	2363
982	482
982	2890
982	1951
982	2533
982	3174
982	551
982	1542
982	17
982	295
982	1502
982	2051
982	3915
982	313
2685	2667
2685	3427
1128	1640
262	206
262	3780
1428	4064
1428	1525
3336	1789
1789	4500
1789	1619
1789	1821
1601	278
1601	390
1601	2840
1601	756
1601	2204
1601	2152
1601	1029
1601	2765
1601	1240
1601	86
1601	4279
1601	1253
1601	2378
1601	5
1601	1852
1601	723
1601	2080
1601	2156
1601	4277
1601	1943
2271	1157
2271	1810
2271	2895
2271	1221
2271	819
2271	4338
2271	1631
2271	608
2271	1775
2271	2350
1157	4508
1157	3930
1157	819
3102	4011
3102	4451
1527	2511
1527	1925
3481	1029
3481	1943
2304	3504
1640	4295
1640	2779
1640	2544
1640	1308
1640	3456
1640	1185
1640	2765
1640	4064
1640	1773
1640	3640
1640	1023
2652	4295
4295	1847
4295	4064
3560	2297
3560	2646
3560	3638
3560	4355
3560	708
3560	1308
3560	2803
3560	1986
3560	3296
4323	1186
4323	390
4323	99
1186	390
2806	3239
2297	550
2297	3832
2297	39
2297	1782
2297	3606
2297	504
2297	3024
3608	947
3608	4663
3608	1900
3608	522
947	1528
947	2529
947	3962
947	844
947	3432
3604	2493
3604	3389
4165	1110
4165	647
4165	1753
4165	1982
4165	1262
549	2511
549	2366
549	562
549	1299
549	1121
549	2879
3495	102
4417	4437
172	897
172	2646
172	2398
172	522
1810	707
1810	2533
1810	3174
1810	295
1810	1925
4057	897
4057	4248
2551	3827
2551	3291
369	3986
3303	1999
3303	3174
3303	1868
3303	1542
3303	295
3303	3857
462	81
462	2511
462	3378
462	3101
189	3650
189	4627
189	1802
3031	2511
2499	756
2499	2895
3371	1240
3371	3145
3371	1860
3371	4273
2550	1029
1252	584
1252	3291
1252	4473
1609	2195
1609	2766
1609	247
1609	3547
2195	2766
2195	247
2195	3547
4676	4374
4676	3296
1195	3154
1195	4374
1195	4405
1195	3296
834	397
834	652
4011	1171
4011	3619
4011	2956
4011	2354
4011	4650
4011	4350
4011	4284
4011	2306
4011	979
4011	267
4011	2226
4011	2858
4011	2378
4011	3713
4263	575
4263	3086
1896	3427
1896	397
1896	3605
1896	4087
1896	418
1896	2226
1896	2232
1896	3854
1896	3853
3559	4155
3559	1379
3559	4666
3559	289
2644	3692
390	1171
390	4605
390	3951
390	1455
390	1220
390	545
390	1033
390	4122
390	1499
220	3296
1139	2511
1139	3352
860	3297
860	3754
860	218
897	1644
897	3824
897	2779
897	4355
897	909
897	3951
897	4673
897	1895
897	4121
897	1619
897	1221
897	3046
897	3066
81	3992
81	366
81	1644
81	2779
81	708
81	3951
81	256
81	2098
81	4540
81	4673
81	4121
81	2745
81	1705
81	3710
4557	1419
3923	3101
3923	2286
3923	2779
3923	256
1590	3101
1234	1518
1234	4251
1372	2436
3353	1502
2013	3105
992	3984
992	1307
992	2719
992	3615
992	110
991	3837
991	756
991	3984
991	3148
991	110
2435	295
2715	2572
1171	3962
1171	206
1171	3148
1171	1033
1171	4061
1171	3556
293	1518
3619	1029
3619	1954
3753	2511
2913	540
139	206
139	4611
139	3780
139	2888
419	3101
79	708
79	3182
79	3998
2108	3154
3289	3182
3289	3998
2355	2511
2355	887
2336	2886
250	969
250	1518
3453	1868
3453	1998
3648	504
683	969
683	10
1969	4543
3992	4285
3992	976
2006	3162
3728	2098
966	2533
1999	1138
1356	1518
1356	1482
4353	2353
3796	4502
3796	1813
366	2998
366	540
366	4611
366	3163
366	2900
366	501
366	1442
366	3916
366	2745
2476	2511
2476	4483
2476	1050
2476	1758
2476	3109
631	2124
3140	1221
3564	4592
3564	4454
3564	3962
3564	1749
3564	962
3564	1893
2511	2298
2511	1068
2511	4326
2511	4671
2511	2902
2511	4566
2511	928
2511	33
2511	215
2511	1249
2511	3019
2511	4127
2511	3337
2511	964
2511	1951
2511	4662
2511	2627
2511	4228
2511	3067
2511	2919
2511	1404
2511	1593
2511	848
2511	2679
2511	657
2511	4121
2511	3142
2511	864
2511	1307
2511	4040
2511	2306
2511	1030
2511	1635
2511	1217
2511	1690
2511	3105
2511	60
2511	3615
2511	578
2511	1227
2511	1121
2511	289
2511	2943
2511	1771
2511	1253
2511	3964
2511	216
2511	3184
2511	1980
2511	3132
2511	1631
2511	3485
2511	2545
2511	1852
2511	67
2511	175
2511	297
2511	307
2511	416
2511	447
2511	524
2511	573
2511	1067
2511	1093
2511	1149
2511	1497
2511	1517
2511	1616
2511	1626
2511	1670
2511	1871
2511	1876
2511	1893
2511	2158
2511	2216
2511	2243
2511	2356
2511	2468
2511	2534
2511	2690
2511	2775
2511	2809
2511	2823
2511	2850
2511	3087
2511	3180
2511	3188
2511	3462
2511	3478
2511	3532
2511	3563
2511	3673
2511	3676
2511	3701
2511	3720
2511	3724
2511	3797
2511	3910
2511	3985
2511	4119
2511	4361
2511	4388
2511	4443
2511	4569
2511	4600
2511	4615
2511	4626
2511	2161
2511	3777
1644	2779
3154	3837
3154	2227
3154	2779
3154	3138
3154	708
3154	1209
3154	1532
3154	3144
3154	1749
3154	57
3154	1222
3154	581
3154	4437
3154	4546
3154	1051
3154	1597
3154	247
3154	4414
3154	1771
3154	1211
3154	1001
3154	3250
3154	2619
3154	3547
2298	3567
3393	2963
3393	1699
3393	3237
2064	2947
2064	4231
2064	3236
2064	3235
2064	4064
2064	10
2064	3473
3775	707
3775	3174
2206	843
2206	4483
2206	1380
2206	657
2206	3296
843	1380
843	4374
843	1029
843	3011
843	1121
843	2572
625	1566
625	652
625	1083
2947	4645
2947	3895
2947	1954
527	3890
2697	2885
575	349
2840	3951
2840	267
2088	2003
2088	2719
1138	1221
3692	458
3692	4355
3692	708
3692	504
3692	2833
3692	3986
4282	1221
4645	657
4645	86
4645	1446
2402	4178
3824	458
3824	708
3824	1156
3824	4611
3824	3520
3824	2189
458	1614
458	550
458	708
458	504
458	3024
458	2833
458	83
458	3198
458	976
333	859
333	86
333	1943
2570	2363
2570	401
2570	3174
2570	3296
2570	1868
2570	551
2570	295
2570	3568
2646	33
2646	1749
2646	3296
2646	962
2646	4278
2788	3197
775	2182
775	3011
775	1113
775	1946
1110	276
1110	431
4483	4155
4483	1379
4483	4666
4483	289
3837	2544
3837	887
3837	2100
4128	1080
4128	397
4128	2680
4128	1646
4114	1079
577	3606
2884	3101
1380	2477
1380	1512
1380	1029
729	4651
3856	3389
2002	4031
1764	1307
1764	251
1764	2191
1434	86
1434	3573
1539	230
1539	386
2366	102
2366	1323
2366	4145
2366	3407
2366	2148
2366	482
2366	2553
2366	4436
2366	340
2366	3615
2366	1619
2366	3166
2366	4335
2366	3309
2366	1226
2366	2876
2366	3803
2366	734
102	1323
102	2148
102	4042
102	2906
102	4177
102	855
102	4556
102	4354
102	3986
102	4061
102	1604
102	2972
102	3521
102	4030
102	2967
1323	2148
1323	2140
1323	4183
1323	4662
1323	206
1323	4540
1323	4436
1323	628
1323	1902
4326	1105
4326	3984
4326	206
4326	3389
4326	4441
4326	4377
1697	2577
2182	2779
2182	1029
2182	1954
2182	3828
2182	4084
756	731
756	2779
756	604
756	3138
756	2275
756	2224
756	3019
756	504
756	2955
756	4427
756	1591
756	1980
756	1450
756	2411
756	2921
756	3478
756	4407
3893	3236
3893	4159
3361	1753
3361	1771
1528	2294
1528	1369
1528	1216
2294	3756
2294	1635
2281	1635
2590	4571
2590	3413
1184	4570
413	707
413	3174
413	3682
413	295
413	1502
413	1925
413	3553
3864	1934
3864	2473
3864	1802
3864	4368
580	1951
580	707
580	3174
580	295
580	958
580	1318
580	1502
580	1796
3823	628
3823	885
3823	2189
3378	1221
3378	2937
3378	4098
969	2638
969	1800
969	586
969	979
969	1227
969	2060
969	573
969	615
969	626
969	670
969	1079
969	1272
969	1376
969	1642
969	1670
969	1773
969	1925
969	2091
969	2220
969	2853
99	267
2684	1518
4005	2493
4005	657
4005	2191
9	4500
3323	562
3323	4601
3170	979
3170	2022
3170	2307
3170	4589
4592	1749
2956	4355
2956	1033
1611	348
276	4437
276	4540
276	283
3101	2529
3101	270
3101	2692
3101	4303
3101	4546
3101	4604
3101	1606
3101	2035
3101	2060
3101	1221
3101	374
3101	2813
3101	2966
3101	962
3101	1083
3101	3691
3101	2115
3101	265
3101	468
3101	476
3101	2316
3101	2505
3101	2556
3101	2559
3101	2599
3101	2650
3101	2844
3101	2876
3101	2970
3101	3029
3101	3071
3101	3073
3101	3603
3101	3711
3101	3947
3101	4097
3430	543
3430	152
3430	1221
3430	374
543	4163
543	321
543	4653
543	661
543	1221
543	1739
543	374
543	520
543	1071
543	4354
543	3250
4163	152
4163	374
4163	3422
4163	3657
321	152
321	1221
321	1739
321	374
4412	842
4633	216
3749	1221
3749	913
2794	2667
2794	3427
2254	2529
2254	3606
2254	1369
2254	3221
4207	3465
4207	1586
4207	501
4207	2473
4207	3296
4207	926
4207	3451
4207	4491
3756	1666
3756	2150
3756	3296
3756	3422
230	100
230	109
230	283
230	1888
3649	267
1544	1948
1544	27
4671	1948
3465	2902
3465	4448
3465	1282
2902	819
2902	3494
4448	4674
2816	374
2227	1417
243	86
243	1943
4492	2984
2103	1308
2103	1486
2103	3573
2543	903
2543	3296
2612	3832
2612	39
2612	1782
2612	2580
2612	1500
2612	4285
2286	3988
1598	3895
1598	3235
698	1209
698	1221
3123	2301
3786	4285
816	2301
3364	2301
2056	152
2320	2301
2320	1914
987	692
987	962
1934	712
4280	1221
2371	1542
2571	3638
2571	1308
4566	3451
2767	86
2767	1943
323	1932
323	4546
323	2766
2963	3282
2963	2574
2963	305
2963	4335
2963	4399
1676	2925
928	3236
571	562
571	3184
1639	4458
1639	2156
4156	2198
4156	1749
4156	3916
4374	1666
4374	1222
4374	1033
4374	1113
4374	4414
4374	3296
3887	504
1948	27
1948	1699
1948	4556
2667	3427
2667	152
2667	1029
2667	2232
2667	3145
27	227
3427	152
3427	1029
3427	2232
3427	3145
3334	3606
3407	3167
3407	2544
3407	3606
3407	657
3407	4087
3407	283
2779	3650
2779	2473
2779	3998
2779	331
2779	3963
2779	1023
2779	734
1843	2101
1843	2680
1843	1033
1843	1499
1843	3780
4642	298
1965	199
1965	2051
3272	1666
3272	3456
3272	4549
1932	8
2331	4540
2331	4284
2331	661
2331	2719
2331	569
3943	1221
3557	4611
338	674
540	3163
540	1442
540	4500
540	2745
1080	2257
1080	3174
1080	2780
1080	1925
1080	2239
1417	2301
1417	3456
1417	1749
1417	3439
4454	4651
4454	2223
3650	3860
3650	3963
3157	4275
3126	3236
3138	1666
3138	3296
2544	2198
2544	691
2529	3962
2529	844
2529	4231
2529	1369
2529	1533
2529	2223
4070	3951
4070	585
4187	3638
4187	4355
4187	708
4187	1308
4187	3236
4187	2803
4187	1986
550	3638
550	4355
550	504
550	3921
550	3024
550	2833
550	3986
3638	4355
3638	708
3638	1308
3638	3337
3638	4177
3638	2803
3638	795
3638	3024
3638	1986
4355	1993
4355	4332
4355	3024
4355	1986
4355	283
4355	83
708	1063
708	4042
708	1185
708	504
708	2803
708	4332
708	2719
708	2017
708	585
708	2470
708	83
708	1516
708	1023
2140	2909
2140	3895
2140	3011
2140	1023
2496	1349
2496	326
2496	3063
1063	93
1063	3606
1063	2241
1192	825
1192	4137
3785	3606
674	3606
1308	2098
1308	1271
1308	2803
2301	1209
2301	2198
2301	1749
2301	850
318	1518
318	1050
1209	1532
1209	3144
1209	3389
1209	2161
4555	385
2427	2801
3962	844
3962	1749
3962	1369
3962	881
3962	4414
3962	2597
3962	2223
3962	1177
3962	3657
844	881
844	913
2610	1532
2610	1749
2610	3034
2610	3860
1532	3456
1532	1749
1532	3034
1532	1960
3144	1749
3144	57
3144	1496
3144	1537
3456	2363
3456	3439
3456	1496
3456	1592
3456	3296
3456	3929
3456	4007
3456	1542
3456	958
3456	3339
3456	3568
1749	1592
1749	1050
1749	3520
1749	1177
57	1537
4653	152
4653	374
4653	4534
2944	1464
2944	3485
2944	2722
2661	1335
1491	1506
1800	807
1506	612
1506	295
2497	2306
270	584
3297	2034
3297	2820
1993	2060
2275	4110
2275	4095
2275	722
2275	1632
2275	3034
2275	1479
2275	551
4110	4095
4110	722
4110	1632
4110	1479
4095	722
4095	1632
4095	1479
4095	2436
722	1632
722	1951
722	1479
722	3174
722	1868
722	551
1632	1479
1331	3851
1331	4126
4231	2666
4231	10
4231	3073
397	652
397	2680
397	1646
397	1619
397	1739
1311	2223
916	4365
1181	4155
1381	3278
2368	544
2368	3166
2992	4579
2167	711
2167	4000
2167	962
1566	4347
3815	4347
640	4347
640	3236
640	1029
640	842
2150	4347
2150	717
2150	3018
2909	256
2909	218
2979	1900
2979	3780
84	1029
1812	256
1812	3682
1326	723
1326	3436
93	3485
2990	3515
2990	544
2990	859
2990	4356
2990	3192
2990	791
2990	3485
3515	4356
3515	3192
3515	791
3534	1868
3534	3682
3534	3517
4042	562
2289	736
925	3366
925	3019
925	3945
925	46
925	1761
3366	3019
3366	3945
3366	46
3019	3945
3019	2066
3019	4071
3019	2894
3019	3691
3945	46
3945	1867
3945	2231
3945	4087
3945	2706
2066	2236
2723	3842
46	1761
3842	1925
3832	39
3832	1782
3832	2580
3832	887
324	1635
473	1169
2666	584
3424	206
3424	584
3424	2493
3424	3046
3424	4543
78	3236
624	842
238	2824
3913	4347
3337	2363
3337	1307
3337	1029
3337	3105
3337	2533
3337	3174
3337	4643
3337	295
3337	3058
3337	3680
4347	469
4347	2561
4347	3611
4347	1845
2363	1156
2363	2890
2363	707
2363	401
2363	1045
2363	3174
2363	218
2363	1868
2363	551
2363	1925
2363	2051
2363	313
964	2226
1723	1105
1723	3984
1723	584
1723	3389
1723	1954
1723	4377
3350	1753
3922	3989
871	1496
871	594
4240	2384
4350	2719
4350	4426
1313	807
1203	206
1203	1029
482	707
482	3174
482	295
482	2844
1156	3105
1156	707
1156	2533
1156	3174
1156	3929
1156	295
1156	1925
1156	2844
1156	3569
1156	1205
612	199
4143	585
3299	3951
3299	1619
109	3895
109	233
474	3973
2890	707
2890	2533
2890	3174
2890	1925
2890	2051
2890	313
3758	300
3895	1471
3895	203
3895	1221
3895	1071
3895	4064
3895	2378
3809	300
3809	1221
31	300
1677	300
300	1518
300	1982
3635	1033
3635	3046
3635	3663
2197	2051
1617	825
1951	4678
1951	707
1951	2901
1951	3174
1951	1868
1951	4643
1951	551
1951	17
1951	295
3542	3708
647	2124
647	4611
647	4436
647	4040
647	1787
647	3368
647	4562
647	3175
786	887
786	4562
786	1957
4458	2719
2886	2623
2886	2534
1066	2719
1066	4069
4298	1863
4298	3457
4298	1029
4298	1468
4298	3780
4298	1435
4298	1587
4298	2931
4605	2101
4605	657
4605	1468
4605	4064
4605	3780
4605	306
115	2101
115	555
115	657
3312	1763
3312	4153
3312	2101
3312	1468
3312	1915
3312	3184
3312	3152
1763	504
1763	2101
1763	1468
1763	3780
1763	4061
2183	86
2139	3389
1222	3296
909	4500
3282	4666
3282	3110
2574	1379
2574	4666
2574	3110
903	4666
903	3110
4435	1379
4435	4666
4435	3184
4662	206
4662	4155
4662	1379
4662	4666
4662	289
4662	1852
206	826
206	4155
206	1379
206	4666
206	289
206	1984
206	267
206	1001
206	3229
562	4177
562	4155
562	1379
562	4666
562	289
562	4431
3954	2161
3719	313
3951	1619
3951	486
3443	1996
2832	4061
3177	1900
39	1782
39	2580
39	962
544	3997
544	3320
1276	4437
1276	782
2815	1221
3606	2241
3606	4248
3606	4335
3606	1500
4153	1059
2577	626
504	1182
504	1593
504	1468
504	3024
504	2833
504	2643
504	3046
504	83
504	3198
504	976
504	1757
1883	3422
1511	4611
1511	3291
4674	1954
4674	4571
4674	3296
1135	3105
1135	228
622	942
3315	2292
3315	1703
256	2478
256	485
256	1914
256	128
256	1078
256	4278
256	2745
256	3511
4303	3175
1349	736
1349	2493
1349	233
1349	1033
1349	887
1867	2222
1867	962
1338	2478
1338	1915
1338	2226
1282	3273
1282	1586
1282	4540
1282	1033
1282	1240
1282	3517
1282	3145
1282	1845
1282	4503
1282	4541
3273	584
3273	3827
4437	892
4437	3471
4437	792
4437	1294
4437	4418
4437	782
4437	1877
736	3086
584	2124
584	1033
584	1690
584	1403
584	1183
2899	798
2478	2226
892	1955
3754	393
3754	3236
3754	661
882	979
882	4278
882	1183
1583	4043
3067	791
3402	4103
3402	3916
3402	480
2425	979
648	4651
648	2785
648	3724
4312	3296
4312	4562
3441	4407
3081	859
3081	1121
3081	2922
1454	3011
1454	3086
1454	906
2919	798
2493	233
2493	3173
233	3473
4131	4651
4131	10
4131	1925
4131	2411
1404	388
2595	4064
4651	3173
4651	1030
4651	1208
4651	1283
4651	4205
107	3673
107	4656
2906	3080
393	3236
3236	3646
3236	4611
3236	4031
3236	569
3236	1221
3236	4365
3236	3070
3236	4205
3236	426
3236	1711
3236	2283
3236	2888
3236	3113
3236	3211
3236	3278
3236	3451
3236	3603
3236	3857
3236	3910
3236	4198
3236	3268
3236	4349
3236	4397
3236	2968
3457	2894
3457	3175
4237	2894
4237	4657
320	298
320	1267
4177	1121
2098	2803
4546	3438
4546	870
4546	2820
4389	1954
1496	3545
1496	2530
1496	1662
1496	3603
1496	3710
2862	1079
431	1307
431	3197
431	3291
431	1162
431	825
2292	1801
2292	3389
2292	4571
2292	3296
4043	1307
4043	3470
3173	283
3173	699
152	1221
152	1739
152	520
152	1071
152	4354
152	3250
4540	4284
4540	4191
4540	2053
4540	4611
4540	283
4540	2619
4284	4191
4284	290
4284	4200
4284	4611
4191	2679
4191	4611
4191	652
2124	290
2124	1040
2124	4200
2124	1518
2124	2053
2124	1307
2124	1806
290	1040
290	1518
290	2679
290	3851
290	4611
290	652
290	4121
290	1307
290	1262
1040	4200
1040	1518
1040	652
1040	1703
1040	1806
1040	2327
4200	2679
4200	3851
4200	4611
4200	652
4200	4121
1518	652
1518	4121
1518	1227
1518	1806
1518	832
1518	235
1518	772
1518	940
1518	989
1518	1357
1518	2408
1518	2635
765	3851
765	4121
2679	3851
2679	2763
2679	4611
2679	4673
2679	4121
3851	2763
3851	4611
3851	4673
3851	4121
2763	4611
2763	4121
4611	4673
4611	1220
4611	4121
4611	1029
4611	4556
4611	2739
4611	1482
4611	1078
4611	4278
4611	1401
4611	3058
4673	4121
2803	795
2803	1986
2803	3986
2803	1317
4604	4250
1051	3941
2708	4627
3526	3169
3135	4275
2101	1419
2101	1455
2101	3206
2101	1220
2101	657
2101	4610
2101	2680
2101	545
2101	1033
2101	4223
2101	1499
2101	101
2101	1468
2101	1221
1419	1455
1419	1220
1419	657
1419	2680
1419	545
1419	1033
1419	1499
1419	2249
1419	1242
1455	1220
1455	657
1455	4610
1455	2680
1455	545
1455	1033
1455	4223
1455	4122
1455	1499
1455	2545
3206	657
3206	2680
3206	1499
1220	657
1220	4610
1220	2680
1220	1033
1220	1008
657	4610
657	2680
657	545
657	1033
657	4223
657	4122
657	1499
657	711
657	1468
657	784
657	881
657	990
4610	2680
4610	1033
4610	1008
652	1307
652	374
652	3797
4121	1442
4121	842
3148	1258
3148	1516
3148	2008
3148	3100
3725	3113
2680	545
2680	1033
2680	4223
2680	4122
2680	1499
545	1033
1033	4223
1033	4122
1033	1499
1033	1954
1033	3556
4223	4122
4223	1499
4223	1773
4122	3828
1499	3780
1499	326
711	4000
101	3545
101	2220
4332	585
489	936
936	4031
936	4087
936	83
501	1442
1442	3341
1442	3916
1442	4248
1442	1221
3541	3389
1307	1029
1307	3779
1307	699
1307	1706
1307	2756
1307	3188
1307	4317
1778	1637
1830	4073
1646	227
874	4500
874	2719
874	3296
874	3556
4500	1029
4500	375
1029	4572
1029	86
1029	3779
1029	2225
1029	1482
1029	2226
1029	2232
1029	3145
1029	251
1029	901
1029	2505
1029	3063
1029	3657
1029	1943
826	1001
2441	2250
3011	859
3011	1277
2765	4562
1635	4562
1635	3473
661	2879
661	399
661	958
661	1604
661	1890
661	4001
661	4219
3438	870
125	1619
125	4077
1217	785
1468	306
1468	1367
192	183
183	1925
3574	635
2682	199
2719	1759
2257	3174
2257	295
2257	3150
3871	2844
3034	4385
3034	692
3034	535
3034	825
3034	1924
4385	692
4385	3629
3086	906
3086	1665
3086	2895
3086	1954
3086	873
906	298
1208	855
1208	3573
1366	1584
1366	3794
1403	3389
1403	1620
1403	3296
1403	3150
3105	295
3105	1028
3105	2821
859	578
859	1946
1665	28
1665	4275
1665	4556
2895	3629
2895	2016
2895	873
2895	3485
2895	2722
3389	2955
3389	60
3389	4383
3389	1078
3389	4278
3389	4205
3389	2619
2955	60
2955	4383
60	4383
4383	283
2035	378
2035	4427
2035	2580
2398	2060
2398	4376
2766	247
2766	2099
2766	3547
4678	3174
4678	218
4678	69
4678	295
4678	1502
420	227
2546	3080
2241	1500
2241	1860
4071	979
4071	1973
4071	2230
378	4427
128	689
707	3930
707	1868
707	4643
707	958
707	1925
707	2051
707	3278
707	313
1900	2911
247	628
247	3198
247	1194
247	2552
247	3547
3024	3520
3024	3998
3024	2115
3916	2623
3916	522
3916	885
1620	887
569	3868
3615	3636
3615	3663
4087	1622
1622	1912
3997	1604
1770	375
979	3309
979	4278
979	1183
979	331
979	894
979	2382
130	913
86	486
86	1542
86	3145
86	2922
86	3532
86	4510
86	1943
3779	1943
2225	724
1954	4571
1954	1294
1954	3229
1954	4198
1954	3080
351	2980
2980	1668
1719	585
873	2722
1227	1379
1227	4666
1227	289
1227	3110
1227	3732
1369	881
1369	3432
1369	2597
1369	2223
1369	3998
1369	1759
4155	4666
4155	1876
2901	17
4571	1371
4571	2850
3291	3680
1121	3860
1121	524
1379	908
1379	3110
4666	4603
4666	3296
28	1089
4275	1816
4275	3929
4275	1922
784	4248
2894	4657
2894	1752
4603	1050
908	3110
3845	3296
3845	3590
2833	887
2561	3296
881	2223
881	1177
3432	1216
3432	2223
3432	1759
3432	3018
4414	2597
4414	3296
4414	388
4414	699
3124	3166
3124	522
2048	4244
2060	1221
2060	2888
2060	4640
3978	832
3978	3657
4427	3471
4427	2580
1619	913
4023	1032
4023	227
4023	2916
227	2916
227	374
227	842
227	326
227	3520
227	2017
227	3508
227	3250
2916	2017
1221	1739
1221	374
1221	4354
1221	4141
1221	1152
1221	3860
1221	2540
1221	3250
1221	132
1221	1443
1221	1658
1221	1899
1221	2220
1221	2379
1221	2605
1221	2841
1221	3307
1221	3433
1221	3473
1221	3528
1221	3563
1221	3910
1221	4397
1739	374
1739	4354
1739	3611
374	520
374	1071
374	4354
374	3611
374	3250
520	3611
2937	3296
1537	4300
1537	734
1537	2161
2966	418
946	3296
401	2533
401	2237
401	3174
401	4499
401	295
401	1502
401	2051
401	3121
2879	724
2222	4413
1071	4354
4354	3611
3611	3132
2086	3296
3235	3929
3235	3203
3235	682
3235	970
3235	1670
3235	3278
1984	3780
1984	1888
4064	3520
4064	388
4064	2307
4064	2449
4064	3229
4064	2518
3166	807
2533	1868
2533	551
2533	1542
2533	958
2533	1925
2533	2051
2533	2239
2533	313
1387	1768
1387	1943
1141	2214
792	2883
418	2226
418	4370
108	981
3384	4560
3384	4278
3384	1671
3384	1183
3384	3527
2237	1796
3780	1060
3780	1500
3780	267
3780	1001
3780	825
283	83
283	3184
3174	218
3174	1868
3174	4643
3174	551
3174	1542
3174	2436
3174	958
3174	1925
3174	2051
3174	2844
3174	313
10	2255
4279	1253
842	2017
1050	1758
1050	913
486	2540
326	3520
326	887
3520	388
3160	2325
218	551
218	1502
218	1946
218	3150
887	2395
887	4205
887	4273
3296	1771
3296	1950
3296	2027
3296	2572
3296	3860
3296	717
3296	1371
3296	166
3296	399
3296	524
3296	1845
3296	1957
3296	2099
3296	3511
3296	2619
3296	2753
962	2223
962	2780
962	4451
4620	967
1771	3680
2072	3926
2223	3239
2223	4524
1060	2327
1060	3018
1060	4399
4251	712
712	65
1572	3175
1089	3929
1089	1535
1089	2758
1089	3485
1089	295
3929	1535
3929	3485
1868	69
1868	295
1868	1502
1868	1971
1868	3569
2751	4656
3691	3682
298	3933
2395	4474
2395	2858
2395	3663
4474	3009
4643	295
4643	403
4643	1502
4643	2051
4643	3109
267	785
267	384
267	3320
267	913
785	3320
785	76
2017	2011
3998	4431
1277	2732
1001	3175
3504	375
375	912
375	4120
1827	4338
1827	2100
3269	4478
1078	2378
384	3074
551	295
551	701
551	958
551	2051
551	3150
3320	689
4579	4325
2027	2115
228	2572
2226	689
2226	3854
2226	4370
3573	2378
3573	2517
3573	3828
1689	4491
4338	468
4338	804
4338	2324
2522	830
3860	1717
3046	1946
1147	3657
641	2645
641	1205
913	782
4069	1564
3175	968
3175	1148
3175	2604
3175	4401
4560	1671
4560	1183
1980	1671
4278	1671
4278	1183
1671	1183
4356	3192
4356	791
2745	2378
3404	2521
3404	3203
3404	4657
2521	3203
3192	791
3192	3561
1535	3485
1535	2722
2758	2293
2758	2011
2758	3080
2293	3080
1542	1631
1542	295
2436	295
3485	2722
4061	774
17	2239
3250	342
2255	1793
69	1502
158	2327
162	967
207	1420
236	1335
295	701
295	958
295	1925
295	2051
295	2824
295	2844
295	3553
295	313
297	2438
310	2038
371	3278
388	2189
388	3627
402	727
448	4478
468	810
506	1958
535	1821
537	1925
588	1023
594	1876
608	3585
613	691
618	2604
630	997
746	1096
804	1584
804	4394
808	3713
810	3926
825	1358
825	1957
894	2038
958	2051
977	2189
978	4310
1011	1262
1017	2327
1073	1262
1177	4159
1329	2356
1402	3147
1502	2051
1507	2373
1584	4394
1584	3821
1584	1621
1584	2753
1584	3663
1599	2817
1616	3496
1636	4157
1717	3652
1925	1956
1925	1657
1947	2131
1947	3853
2031	3680
2031	4196
2051	3150
2051	3553
2051	3915
2051	313
2058	3547
3794	3821
3794	1621
3794	2753
3794	3663
3794	3080
2189	3627
2229	2968
2327	1657
2449	3908
2505	1943
2799	3229
2915	3278
2922	1943
3037	3229
3063	1943
3239	4569
3239	4656
3351	4491
3748	4244
4219	4640
4510	1943
2753	3663
1640	231
1931	231
584	231
3291	231
730	3844
3154	3844
4374	3844
3296	3844
3929	1413
2635	3699
3049	3699
2511	1553
652	358
3916	3399
1398	526
3607	526
2490	526
3819	526
991	526
3427	526
2183	526
1029	526
826	526
4302	526
86	526
3779	526
522	526
2100	526
2243	526
1943	526
1858	1239
1601	1239
1753	1239
4073	1239
947	2976
3573	2976
3710	2976
3737	3115
1097	3115
276	3115
3389	3115
3080	3115
728	2718
2511	2994
206	2994
4651	2994
3780	2994
2335	1398
3799	1398
3129	1398
2866	1398
2277	1398
1643	1398
1385	1398
3340	1398
4212	1398
719	1398
1948	1398
27	1398
540	1398
4127	1398
1307	1398
1029	1398
826	1398
4302	1398
3779	1398
1901	1398
2217	1398
1718	1398
3145	1398
4045	1075
2071	1075
396	1075
4512	1075
1150	1075
1392	1075
2574	1075
4023	1075
1032	1075
227	1075
1221	1075
374	1075
326	1075
3520	1075
2017	1075
3175	2897
206	3434
1158	4132
181	4132
473	4132
4571	4132
3520	4132
3296	4132
274	4132
1968	4132
102	1638
2493	1638
1432	3974
49	3974
4212	3974
3687	3974
27	3974
4070	3974
256	3974
859	3974
569	3974
679	3572
3041	3572
3643	3572
2715	3572
1110	3572
4611	3572
1401	3572
715	1655
620	1655
1314	1655
2988	1655
3780	1655
3062	728
3208	728
4519	728
3762	728
4358	728
932	728
220	728
843	728
2646	728
4374	728
562	728
4131	728
4414	728
2597	728
3978	728
2086	728
3860	728
26	728
3436	728
4273	728
756	3392
2511	3193
368	1215
189	1215
1380	1215
3412	1215
4087	1412
3681	4045
3920	4045
562	4045
3827	2958
3148	2958
3389	2958
2378	2958
3289	2174
1063	2174
3998	2174
2366	679
102	679
1063	679
4674	679
3998	679
1951	4307
1176	1263
1601	1263
3273	1263
2533	3628
3174	3628
295	3628
2051	3628
1193	253
2052	253
1613	253
3388	253
982	253
3337	253
1156	253
1951	253
3174	253
4643	253
551	253
1740	253
295	253
701	253
958	253
2051	253
1193	4494
191	4494
2420	4494
1613	4494
3388	4494
2185	4494
982	4494
482	4494
1156	4494
2292	4494
4678	4494
2051	4494
313	4494
1775	3757
2978	1478
2117	4008
3657	4008
3236	1407
2584	1841
1789	294
1984	294
1888	294
2499	1172
2511	354
1518	354
3108	1136
2973	546
2952	546
2584	546
2071	546
1441	546
144	546
1643	546
2952	2973
2584	2973
2071	2973
1441	2973
144	2973
1355	2973
1643	2973
4011	2973
1692	2973
2584	2952
2071	2952
3312	2952
3724	2952
962	404
2511	2860
3955	2442
2483	2442
4512	2442
2963	2442
2886	2442
1909	2671
3002	2671
1988	2671
3992	2671
230	2671
4540	2671
101	2671
406	1869
3002	1909
179	1909
4335	406
175	406
2483	3955
1403	3955
4227	2657
1326	2142
2511	2483
1070	3264
1221	3264
3670	4675
1414	4675
982	4675
4643	4675
2051	4675
3172	2160
2575	2160
3880	2160
356	2160
2490	2160
2575	3172
3880	3172
356	3172
2490	3172
2511	3172
3880	2575
356	2575
2490	2575
2667	2575
3427	2575
1872	1543
3315	1543
3389	1543
356	3880
2490	3880
2030	3880
252	3880
3214	3880
1620	3880
2490	356
2667	356
3427	356
4355	356
3299	356
3236	356
1221	356
1984	356
3621	356
230	1940
1948	1940
1029	3952
553	2341
3780	1944
3039	1260
553	862
3378	862
1852	3607
1602	4360
2767	4360
4314	1022
2278	824
7	824
2647	824
2003	824
1434	824
1282	824
1499	824
4500	824
1845	824
562	1053
3427	2490
1385	2335
4212	2335
1640	2335
172	2335
897	2335
540	2335
842	2335
2017	2335
540	4139
3592	4679
2030	619
1977	619
955	619
1809	619
1933	619
139	619
2385	619
4005	619
1477	619
2615	619
3635	619
1271	619
2237	619
4516	619
175	619
635	619
1062	619
2819	619
4159	619
1048	3062
1935	3062
1518	2399
756	1754
3108	2996
1351	2996
1600	4669
1863	4669
3657	4669
1600	3208
3500	3208
2805	3208
1745	3208
2566	3208
1966	3208
3767	3208
1640	3208
4663	3208
3371	3208
3728	3208
843	3208
2254	3208
4207	3208
1948	3208
4454	3208
3650	3208
2301	3208
1749	3208
2363	3208
4651	3208
2098	3208
2299	3208
4414	3208
3296	3208
962	3208
388	3208
2604	3208
3436	3208
4159	3208
4443	3208
3778	1432
3900	1432
1607	1432
2551	1432
756	1432
1338	1432
2020	1432
3046	1432
3292	1432
4454	629
3019	629
101	629
2299	629
140	3855
2030	3855
4156	3855
3902	1026
327	1026
4643	1026
3351	1026
3553	3189
3108	2407
157	2407
2030	2407
157	3108
2315	3108
1334	3108
2194	3108
3522	3108
2566	3108
2094	3108
572	3108
3336	3108
2304	3108
2123	3108
2646	3108
2353	3108
321	3108
3456	3108
2150	3108
2666	3108
4143	3108
2199	3108
2396	3108
1774	3108
1499	3108
2984	3108
1665	3108
1299	3108
1719	3108
3291	3108
1121	3108
4666	3108
4414	3108
3274	3108
2222	3108
2521	3108
2545	3108
3250	3108
74	3108
70	3108
677	3108
723	3108
970	3108
1073	3108
1079	3108
1467	3108
1752	3108
1779	3108
2051	3108
3794	3108
2233	3108
3455	3108
2269	3108
2324	3108
2437	3108
2505	3108
2535	3108
2552	3108
2637	3108
3413	3108
3473	3108
3745	3108
3838	3108
3919	3108
3948	3108
4273	3108
4617	3108
1888	3108
157	4532
2511	4532
157	1019
2578	1019
4548	157
950	157
2578	157
683	157
1	157
973	157
1241	4548
2578	950
930	3790
1414	2567
2420	2567
199	2567
2944	140
1562	3968
110	3968
1224	3670
2420	3670
1935	3670
2363	3670
707	3670
1045	3670
2533	3670
3174	3670
551	3670
295	3670
1502	3670
2051	3670
313	3670
1193	2219
1089	2219
766	217
707	217
2438	217
707	766
3174	766
295	766
3487	4519
1192	4519
3312	4519
1900	4519
4414	4519
3296	4519
388	4519
3188	4519
3799	2348
4384	2348
2003	2348
2667	2348
3427	2348
1954	2348
3573	2348
3992	1343
1314	593
1512	593
238	3304
375	3304
2767	4182
3236	4182
553	951
458	951
504	951
569	1885
1510	1214
2368	3900
2955	3900
1194	3900
3296	2315
3175	2315
3623	803
4554	803
960	803
775	803
451	803
3818	803
733	803
1753	803
203	803
3236	803
1901	803
3009	803
458	4487
3638	4487
504	4487
3101	2460
3125	2317
719	156
3154	1451
2862	1451
3129	3799
3371	3799
2667	3799
3427	3799
4127	3799
4651	3799
3371	145
3650	145
1901	145
1335	145
3819	1297
2511	1297
1901	1297
1177	1297
4040	3623
2030	2933
3534	2933
3567	2933
1454	2933
3086	2933
906	2933
2895	2933
86	2933
873	2933
2237	2933
3707	596
947	596
3962	596
1369	596
1177	596
2058	596
390	2887
652	2887
2035	2887
378	2887
4427	2887
2580	2887
476	721
2366	4384
4657	4384
1379	4574
4110	1649
2281	4046
691	4046
3354	1596
2888	1596
1246	61
1314	61
2947	61
3845	61
1984	61
1335	61
3398	61
1888	61
966	4088
504	4088
626	4088
3835	4088
4227	3356
3809	498
3147	498
2199	2640
4394	2640
2512	422
2511	422
2098	422
1191	492
1138	492
2035	492
3166	3129
1472	3129
4056	4254
625	4254
3824	4254
4066	4254
4571	4254
1847	4254
4064	4254
1901	4254
1535	4254
3782	4254
1893	4254
2633	4254
3563	4254
3908	4254
1896	3549
1307	3549
2030	1336
1035	1336
4404	2030
2212	2030
3971	2030
1436	2030
1629	2030
3336	2030
1157	2030
843	2030
2402	2030
333	2030
1380	2030
2256	2030
2767	2030
1639	2030
2667	2030
3427	2030
4454	2030
3650	2030
708	2030
2363	2030
4240	2030
647	2030
3312	2030
1135	2030
320	2030
4200	2030
1486	2030
1606	2030
4436	2030
489	2030
1832	2030
1307	2030
2306	2030
2955	2030
86	2030
4414	2030
4365	2030
1050	2030
712	2030
3929	2030
551	2030
2232	2030
2115	2030
1542	2030
1631	2030
566	2030
677	2030
762	2030
772	2030
970	2030
1373	2030
1678	2030
1743	2030
2384	2030
2869	2030
2922	2030
2960	2030
3532	2030
4073	2030
4510	2030
323	3321
4546	3321
618	3321
3041	3805
529	3814
1729	3814
2140	3814
3895	3814
1221	3814
1071	3814
991	1241
4476	1241
2052	1193
191	1193
3539	1193
2420	1193
114	1193
7	1193
4041	1193
1400	1193
1697	1193
2275	1193
2363	1193
482	1193
2197	1193
707	1193
2533	1193
3174	1193
4499	1193
295	1193
1502	1193
1925	1193
2051	1193
3150	1193
4157	1193
4286	1193
409	2137
329	2137
419	2137
318	2137
306	2137
241	2137
425	2137
4444	4404
2647	4404
1171	4404
3154	4404
1764	4404
3296	4404
1373	4404
2454	3223
2840	3223
3138	3223
1666	3223
4651	3223
3389	3223
1915	3223
3780	3223
4015	4457
3154	4457
756	4457
3334	4457
1063	4457
3785	4457
1349	4457
908	4457
1500	4457
1211	4457
3417	2485
969	2485
2254	2485
2638	2485
4437	2485
708	1923
457	4485
77	4485
982	1797
580	1797
3998	1797
4095	3044
1227	3044
1271	3374
1551	2221
1607	2221
2355	2221
2495	2221
3832	2221
786	2221
2955	2221
2833	2221
3384	2221
326	2221
887	2221
4205	2221
1551	2282
1607	2282
786	2282
1349	2282
2833	2282
326	2282
4205	2282
578	653
4122	2278
2023	2500
3125	2500
3354	2500
4336	2500
1118	2500
1044	2500
1500	2500
3573	2500
1957	2500
4094	2500
3125	2023
4505	2023
3819	2023
1967	2023
1966	2023
960	2023
1118	2023
3289	2023
1511	2023
1403	2023
3432	2023
2223	2023
1980	2023
847	715
4437	715
792	715
2883	715
1729	63
3296	63
2071	2584
1441	2584
144	2584
1643	2584
3823	36
2644	1551
1528	1551
2294	1551
2281	1551
887	1551
1441	2071
144	2071
1643	2071
1171	2071
4414	2071
388	2071
144	1441
1643	1441
2511	1441
1643	144
2277	4015
620	4015
2726	4015
1010	4015
1640	4015
577	4015
3101	4015
708	4015
3173	4015
1029	4015
1921	4015
3389	4015
3296	4015
1500	4015
1277	4015
83	4015
825	4015
3663	4015
1370	771
645	771
4011	771
1518	771
979	771
2226	771
2463	857
4011	529
2140	529
3895	529
4500	529
1071	529
4354	529
3611	529
2378	529
1118	3125
2644	3125
1044	3125
3073	3125
3500	1009
1275	2953
2182	2953
99	2953
3916	2953
330	3091
99	3091
1614	3091
645	1370
4011	1370
4071	1370
979	1370
553	645
4011	645
3170	645
2979	645
3635	645
544	645
4071	645
979	645
3309	645
2382	645
3427	1607
647	1607
887	1607
3175	1607
162	1607
3708	1607
1957	1607
1023	1607
3547	1607
4611	4444
3780	4444
4128	3204
323	3204
397	3204
652	3204
1646	3204
1619	3204
668	553
3140	553
99	553
2979	553
2596	553
267	553
2226	553
3184	553
479	553
500	553
1881	3500
3559	3500
2476	3500
3859	3500
4435	3500
4603	3500
1050	3500
1758	3500
3354	1562
34	1562
2037	1562
550	1562
652	1562
1619	1562
2745	1562
1314	2962
2297	2962
2612	2962
3832	2962
39	2962
1782	2962
652	2962
2580	2962
613	2962
1922	2962
2647	392
2366	392
892	392
125	392
2299	392
2194	918
250	918
191	1224
3388	1224
3039	1224
982	1224
3456	1224
3105	1224
958	1224
1925	1224
2051	1224
2239	1224
2003	3737
1971	3737
4608	193
4338	193
425	193
2420	2052
969	2052
2666	2052
2363	2052
707	2052
2533	2052
3174	2052
1868	2052
295	2052
3859	4505
3962	1191
3236	1191
3237	1191
3436	1191
960	3819
4131	3819
3779	3819
756	663
4414	663
971	1792
4347	1624
4358	3487
1097	3487
2389	3487
2511	3487
3424	3487
4347	3487
979	3487
2226	3487
2389	37
2281	37
2544	37
4231	37
1510	3354
2389	3354
1314	3354
843	3354
276	3354
206	3354
1282	3354
3389	3354
2241	3354
283	3354
3296	3354
522	3354
926	3354
1705	3354
4543	3354
3927	252
3290	252
2866	252
847	252
1953	252
1495	252
3228	252
121	252
3530	252
4295	252
1171	252
139	252
1544	252
2667	252
27	252
3427	252
2497	252
3424	252
1222	252
1863	252
1512	252
203	252
3488	252
352	252
2124	252
2763	252
1419	252
1635	252
1771	252
1730	252
2858	252
3316	252
2619	252
4049	252
3619	3290
2947	3290
2003	3290
4610	3290
3627	3290
4208	48
2597	3762
3214	2866
2277	2866
1610	2866
4557	2866
1644	2866
2919	2866
3236	2866
3389	2866
3296	2866
1599	2866
1334	1630
3622	1630
756	1630
2895	1630
3622	1334
1919	1334
543	1334
3086	1334
2895	1334
2722	1334
2416	3622
2895	3622
2223	3622
3184	3622
901	3622
3796	3301
1221	168
3337	3885
3046	3885
3175	3885
3681	119
4674	119
1029	119
3389	119
4571	119
3296	119
512	1414
516	1414
3575	1414
1810	1414
2901	1414
3174	1414
3057	1414
295	1414
958	1414
2316	1414
4083	1414
2435	2563
295	2563
1365	732
2511	2831
691	1702
1221	2032
592	1605
1622	1605
592	3632
592	1974
3638	1974
969	592
4275	1858
620	847
1609	847
2195	847
1375	847
2646	847
3315	847
4500	847
3389	847
247	847
1121	847
4248	847
3780	847
3296	847
2823	847
3710	847
2511	1977
3175	1977
2454	3041
2270	3041
2610	3041
1033	3041
1954	3041
1001	3041
825	3041
4198	3041
2504	3873
3732	3873
418	2400
2226	2400
1888	2400
756	1809
692	3214
979	3214
283	3214
2544	3612
859	1641
4336	2603
1167	191
2420	191
7	191
4041	191
2026	191
3575	191
775	191
2890	191
2197	191
1951	191
4678	191
707	191
2533	191
3174	191
551	191
17	191
295	191
297	191
958	191
1502	191
2051	191
1781	523
4227	523
960	523
1068	523
4240	523
709	523
3315	523
1597	523
1369	523
2060	523
3930	523
2751	523
608	523
774	523
2628	523
102	2212
3312	2212
3177	2212
2027	2212
3132	2212
189	3380
3170	3380
1253	3380
3175	3380
1262	3380
4061	4554
756	3417
979	3417
4659	3405
2493	3405
233	3405
2858	3405
442	4336
250	4336
969	4336
1800	4336
250	3181
70	3181
3708	3472
2271	1014
413	3539
2890	3539
1526	3539
401	3539
1542	3539
1925	3539
4418	2639
4041	1167
982	1167
413	1167
580	1167
1951	1167
2901	1167
254	3524
3559	3524
4483	3524
4128	3524
4435	3524
562	3524
4122	3524
1227	3524
1379	3524
4666	3524
289	3524
4335	3524
982	512
4390	3971
3619	3971
2646	3971
4374	3971
1207	3971
3312	3971
434	3971
962	3971
4120	3971
885	3971
2511	1098
1484	1098
1690	1881
3850	1483
1221	1483
3101	2474
2016	2474
3086	4056
1585	254
522	254
1729	2277
280	2277
2292	2277
3389	2277
1640	1781
3389	1781
2473	1781
3296	1781
1525	1781
3965	4078
2805	744
1745	744
2566	744
1510	744
1496	744
881	744
881	2805
1001	2805
967	1410
3786	2262
1510	1745
756	1745
292	1745
2223	1745
2321	1745
2511	2904
2496	1729
3895	1729
657	1729
1033	1729
4122	1729
4354	1729
267	1729
3638	563
2803	563
1986	563
102	4410
3407	3678
692	3678
3681	4024
668	4024
1154	4024
2366	4024
102	4024
1323	4024
1598	4024
2784	3681
1154	3681
2259	3681
4026	3681
2088	3681
2366	3681
102	3681
3407	3681
1471	3681
3311	3681
1747	3681
108	3681
1500	3681
4129	3681
2060	4162
2378	4162
1496	1320
2226	1320
2552	1320
3910	1320
3101	329
1518	329
3175	2149
403	2149
960	3522
1395	3522
1154	668
2366	668
102	668
1598	668
3895	668
4611	668
1307	668
859	668
3175	668
1318	668
550	2629
786	1938
4537	1938
2161	1938
1234	2566
2511	2566
1181	2566
640	2566
1289	2566
3432	2566
4064	2566
1211	2566
1656	2566
1671	2566
670	2566
944	2566
1272	2566
1657	2566
1097	4358
92	4358
93	4358
3296	4358
92	1097
1962	1097
4338	1097
534	4528
3046	4528
1925	4528
2002	3931
2998	3931
489	3931
936	3931
4031	3931
4087	3931
1510	2244
2646	1197
4651	1197
4667	1355
2367	1355
3635	1355
4177	1355
4604	1355
4500	1355
3296	1355
2732	1355
2189	1355
3603	1355
4244	1355
1761	3498
1121	3498
1896	2734
4540	2734
4284	2734
4121	2734
128	2734
2947	1967
1455	932
4611	837
396	4659
81	4659
1271	4659
3560	396
2511	396
2187	2717
2511	3004
3943	3004
4155	3004
719	4667
962	4667
4244	4667
413	938
4432	938
3638	2830
4355	2830
708	2830
2803	2830
1986	2830
4431	24
3481	4227
321	4227
1962	4227
2812	4227
2158	4227
2312	4227
2433	4227
4273	4227
4122	3550
2226	3550
689	3550
3029	2248
2544	1495
652	1495
4530	620
333	620
3424	620
1349	620
4437	620
892	620
1307	620
3291	620
4278	620
769	620
3511	620
4153	1510
1135	1510
2680	1510
292	1510
1183	1510
1242	1510
1489	1510
683	2784
2064	2784
1369	2784
3432	2784
1216	2784
1385	4550
4212	4550
3916	4550
2017	4550
1385	1158
1382	2504
4657	2504
4007	2504
3989	2504
2438	2504
4600	2504
3708	2726
4374	3098
3296	3098
1121	80
1258	80
1610	49
86	2423
1029	3220
3573	3220
3154	309
4374	309
1518	309
3296	309
4011	225
549	3228
3403	1436
2511	1629
969	1230
2551	1154
102	1154
130	1154
1747	1154
2937	1154
3296	1154
4244	1154
3951	121
4437	121
3779	121
486	121
997	121
3296	4
3389	4351
2511	2094
1954	2094
2226	3840
4357	3767
4323	3767
3289	3767
2511	3767
3692	3767
4326	3767
550	3767
4042	3767
1723	3767
2803	3767
4332	3767
2378	3767
1023	3767
2478	4357
2493	4142
233	4142
2530	2602
2026	2420
3388	2420
982	2420
2148	2420
2533	2420
3174	2420
1868	2420
551	2420
295	2420
958	2420
2051	2420
4398	1818
3581	1818
3650	1818
2541	1818
3581	4398
3137	3581
56	1613
7	1613
4041	1613
2026	1613
722	1613
2363	1613
1156	1613
657	1613
3034	1613
692	1613
707	1613
2533	1613
3174	1613
218	1613
1765	1613
551	1613
295	1613
810	1613
1502	1613
2051	1613
313	760
3648	368
3692	368
458	368
4070	368
550	368
504	368
3921	368
4332	368
3011	368
1719	368
2833	368
3780	368
585	368
83	368
2963	669
4212	1385
2017	1385
114	1048
1400	1048
2371	1048
2661	1048
482	1048
1156	1048
3871	1048
2895	1048
3174	1048
1542	1048
295	1048
536	1048
1925	1048
2844	1048
3278	1048
1205	1048
3966	1048
1657	1048
982	114
3930	114
4643	114
3994	3065
2556	3065
206	4345
4651	4345
3780	4345
1839	4345
982	1935
2570	1935
2724	1935
2533	1935
2780	1935
2511	3340
2182	3340
3011	3340
3389	3340
206	2397
3780	2397
2511	3490
3105	2917
2901	2917
295	2917
2271	2092
3456	2092
3236	2092
7	56
2511	56
2026	7
3560	7
580	7
2363	7
1951	7
795	7
2051	7
313	7
2026	4041
3388	4041
1810	4041
580	4041
3337	4041
1951	4041
4678	4041
218	4041
1868	4041
4643	4041
551	4041
1542	4041
958	4041
1925	4041
2051	4041
313	4041
534	2026
3174	2026
218	2026
1868	2026
295	2026
1080	516
2017	4212
3250	4212
2759	4212
2011	4212
569	1007
366	3928
569	3928
577	1010
504	1010
2803	1010
806	1010
2426	1010
1023	1010
3604	2454
992	2454
2956	2454
1863	2454
2124	2454
652	2454
1806	2454
1957	2454
4005	3112
1029	2338
3066	2338
3509	3609
458	673
3034	673
3046	673
2685	3687
1652	3687
2909	3687
2785	3687
3173	3687
102	2389
1033	2389
3573	2389
1155	2389
3336	3178
3154	3178
3296	3178
982	3388
1527	3388
2715	3388
2570	3388
2363	3388
707	3388
1221	3388
3174	3388
4499	3388
295	3388
1502	3388
2051	3388
3915	3388
4157	3388
3638	3589
2368	3589
3067	3589
2395	3589
3046	3589
110	3589
1796	3589
3058	3589
3945	1400
3337	1400
2363	1400
1868	1400
4643	1400
1925	1400
313	1400
2511	2163
3105	2163
81	3643
3378	3643
3916	3643
1138	2213
4508	3360
1314	3302
1089	2861
295	2861
3366	3039
3384	3039
2822	3039
1205	3039
1119	2741
1601	4316
1406	4027
1622	429
3009	429
2511	1972
1080	1322
958	1322
230	34
550	34
2241	34
2533	20
295	20
1564	20
2051	20
2366	18
230	18
147	18
4133	3850
1965	181
1933	92
1598	92
1583	92
3166	92
807	92
1507	92
442	2185
4122	2185
3236	3693
1863	1815
2229	836
2366	3530
4011	740
4295	4512
4223	4512
1499	4512
1221	4512
1739	4512
374	4512
4354	4512
1620	1225
982	2774
707	2774
295	2774
1502	2774
577	2010
230	2010
550	2010
3638	2010
4355	2010
708	2010
3523	2010
4332	2010
1500	2010
83	2010
1468	1382
2354	2251
834	421
708	421
3787	421
2072	421
819	421
1023	421
4224	1223
886	1223
102	1223
1323	1223
584	1223
3827	1223
4611	1223
3432	1223
3296	1223
886	4224
3796	4224
4374	4224
2909	4224
3315	4224
4502	4224
3796	886
8	886
4502	886
4011	1610
3692	1610
3837	1610
27	1610
578	1610
691	1610
4352	1150
1221	1150
4354	1150
326	1150
3520	1150
2055	1150
3754	4378
4614	719
661	719
4275	719
4007	719
1194	719
1584	719
206	4125
1157	1176
4676	1176
297	1176
2384	1176
2366	4308
1366	1315
3166	1315
1621	1315
2753	1315
3080	1315
775	2647
1282	2647
4611	2647
2101	2647
859	2647
962	2647
1525	2647
2691	2647
3828	2647
1029	439
816	960
4131	960
1825	960
2633	960
3547	960
3442	442
991	442
1634	442
4437	3442
3038	3707
885	3707
3314	1145
3038	3314
2779	1118
3962	1118
881	1118
1314	1246
2947	3249
2410	534
1428	1314
2297	1314
2064	1314
2302	1314
2612	1314
2979	1314
39	1314
3081	1314
203	1314
4276	1314
2719	1314
86	1314
3978	1314
4502	1314
2580	1314
2018	1314
1902	1292
1601	1235
2294	1304
2544	1304
906	1304
3389	1865
4128	1119
2197	1119
707	1119
3175	1119
295	1119
3553	1119
4454	2410
4122	2410
2895	1919
1219	1933
3235	1933
3166	1933
2226	1933
4305	1219
47	1219
3619	1219
4350	1219
992	982
2570	982
1080	982
2363	982
482	982
2890	982
1951	982
2533	982
3174	982
551	982
1542	982
17	982
295	982
1502	982
2051	982
3915	982
313	982
2667	2685
3427	2685
1640	1128
206	262
3780	262
4064	1428
1525	1428
1789	3336
4500	1789
1619	1789
1821	1789
278	1601
390	1601
2840	1601
756	1601
2204	1601
2152	1601
1029	1601
2765	1601
1240	1601
86	1601
4279	1601
1253	1601
2378	1601
5	1601
1852	1601
723	1601
2080	1601
2156	1601
4277	1601
1943	1601
1157	2271
1810	2271
2895	2271
1221	2271
819	2271
4338	2271
1631	2271
608	2271
1775	2271
2350	2271
4508	1157
3930	1157
819	1157
4011	3102
4451	3102
2511	1527
1925	1527
1029	3481
1943	3481
3504	2304
4295	1640
2779	1640
2544	1640
1308	1640
3456	1640
1185	1640
2765	1640
4064	1640
1773	1640
3640	1640
1023	1640
4295	2652
1847	4295
4064	4295
2297	3560
2646	3560
3638	3560
4355	3560
708	3560
1308	3560
2803	3560
1986	3560
3296	3560
1186	4323
390	4323
99	4323
390	1186
3239	2806
550	2297
3832	2297
39	2297
1782	2297
3606	2297
504	2297
3024	2297
947	3608
4663	3608
1900	3608
522	3608
1528	947
2529	947
3962	947
844	947
3432	947
2493	3604
3389	3604
1110	4165
647	4165
1753	4165
1982	4165
1262	4165
2511	549
2366	549
562	549
1299	549
1121	549
2879	549
102	3495
4437	4417
897	172
2646	172
2398	172
522	172
707	1810
2533	1810
3174	1810
295	1810
1925	1810
897	4057
4248	4057
3827	2551
3291	2551
3986	369
1999	3303
3174	3303
1868	3303
1542	3303
295	3303
3857	3303
81	462
2511	462
3378	462
3101	462
3650	189
4627	189
1802	189
2511	3031
756	2499
2895	2499
1240	3371
3145	3371
1860	3371
4273	3371
1029	2550
584	1252
3291	1252
4473	1252
2195	1609
2766	1609
247	1609
3547	1609
2766	2195
247	2195
3547	2195
4374	4676
3296	4676
3154	1195
4374	1195
4405	1195
3296	1195
397	834
652	834
1171	4011
3619	4011
2956	4011
2354	4011
4650	4011
4350	4011
4284	4011
2306	4011
979	4011
267	4011
2226	4011
2858	4011
2378	4011
3713	4011
575	4263
3086	4263
3427	1896
397	1896
3605	1896
4087	1896
418	1896
2226	1896
2232	1896
3854	1896
3853	1896
4155	3559
1379	3559
4666	3559
289	3559
3692	2644
1171	390
4605	390
3951	390
1455	390
1220	390
545	390
1033	390
4122	390
1499	390
3296	220
2511	1139
3352	1139
3297	860
3754	860
218	860
1644	897
3824	897
2779	897
4355	897
909	897
3951	897
4673	897
1895	897
4121	897
1619	897
1221	897
3046	897
3066	897
3992	81
366	81
1644	81
2779	81
708	81
3951	81
256	81
2098	81
4540	81
4673	81
4121	81
2745	81
1705	81
3710	81
1419	4557
3101	3923
2286	3923
2779	3923
256	3923
3101	1590
1518	1234
4251	1234
2436	1372
1502	3353
3105	2013
3984	992
1307	992
2719	992
3615	992
110	992
3837	991
756	991
3984	991
3148	991
110	991
295	2435
2572	2715
3962	1171
206	1171
3148	1171
1033	1171
4061	1171
3556	1171
1518	293
1029	3619
1954	3619
2511	3753
540	2913
206	139
4611	139
3780	139
2888	139
3101	419
708	79
3182	79
3998	79
3154	2108
3182	3289
3998	3289
2511	2355
887	2355
2886	2336
969	250
1518	250
1868	3453
1998	3453
504	3648
969	683
10	683
4543	1969
4285	3992
976	3992
3162	2006
2098	3728
2533	966
1138	1999
1518	1356
1482	1356
2353	4353
4502	3796
1813	3796
2998	366
540	366
4611	366
3163	366
2900	366
501	366
1442	366
3916	366
2745	366
2511	2476
4483	2476
1050	2476
1758	2476
3109	2476
2124	631
1221	3140
4592	3564
4454	3564
3962	3564
1749	3564
962	3564
1893	3564
2298	2511
1068	2511
4326	2511
4671	2511
2902	2511
4566	2511
928	2511
33	2511
215	2511
1249	2511
3019	2511
4127	2511
3337	2511
964	2511
1951	2511
4662	2511
2627	2511
4228	2511
3067	2511
2919	2511
1404	2511
1593	2511
848	2511
2679	2511
657	2511
4121	2511
3142	2511
864	2511
1307	2511
4040	2511
2306	2511
1030	2511
1635	2511
1217	2511
1690	2511
3105	2511
60	2511
3615	2511
578	2511
1227	2511
1121	2511
289	2511
2943	2511
1771	2511
1253	2511
3964	2511
216	2511
3184	2511
1980	2511
3132	2511
1631	2511
3485	2511
2545	2511
1852	2511
67	2511
175	2511
297	2511
307	2511
416	2511
447	2511
524	2511
573	2511
1067	2511
1093	2511
1149	2511
1497	2511
1517	2511
1616	2511
1626	2511
1670	2511
1871	2511
1876	2511
1893	2511
2158	2511
2216	2511
2243	2511
2356	2511
2468	2511
2534	2511
2690	2511
2775	2511
2809	2511
2823	2511
2850	2511
3087	2511
3180	2511
3188	2511
3462	2511
3478	2511
3532	2511
3563	2511
3673	2511
3676	2511
3701	2511
3720	2511
3724	2511
3797	2511
3910	2511
3985	2511
4119	2511
4361	2511
4388	2511
4443	2511
4569	2511
4600	2511
4615	2511
4626	2511
2161	2511
3777	2511
2779	1644
3837	3154
2227	3154
2779	3154
3138	3154
708	3154
1209	3154
1532	3154
3144	3154
1749	3154
57	3154
1222	3154
581	3154
4437	3154
4546	3154
1051	3154
1597	3154
247	3154
4414	3154
1771	3154
1211	3154
1001	3154
3250	3154
2619	3154
3547	3154
3567	2298
2963	3393
1699	3393
3237	3393
2947	2064
4231	2064
3236	2064
3235	2064
4064	2064
10	2064
3473	2064
707	3775
3174	3775
843	2206
4483	2206
1380	2206
657	2206
3296	2206
1380	843
4374	843
1029	843
3011	843
1121	843
2572	843
1566	625
652	625
1083	625
4645	2947
3895	2947
1954	2947
3890	527
2885	2697
349	575
3951	2840
267	2840
2003	2088
2719	2088
1221	1138
458	3692
4355	3692
708	3692
504	3692
2833	3692
3986	3692
1221	4282
657	4645
86	4645
1446	4645
4178	2402
458	3824
708	3824
1156	3824
4611	3824
3520	3824
2189	3824
1614	458
550	458
708	458
504	458
3024	458
2833	458
83	458
3198	458
976	458
859	333
86	333
1943	333
2363	2570
401	2570
3174	2570
3296	2570
1868	2570
551	2570
295	2570
3568	2570
33	2646
1749	2646
3296	2646
962	2646
4278	2646
3197	2788
2182	775
3011	775
1113	775
1946	775
276	1110
431	1110
4155	4483
1379	4483
4666	4483
289	4483
2544	3837
887	3837
2100	3837
1080	4128
397	4128
2680	4128
1646	4128
1079	4114
3606	577
3101	2884
2477	1380
1512	1380
1029	1380
4651	729
3389	3856
4031	2002
1307	1764
251	1764
2191	1764
86	1434
3573	1434
230	1539
386	1539
102	2366
1323	2366
4145	2366
3407	2366
2148	2366
482	2366
2553	2366
4436	2366
340	2366
3615	2366
1619	2366
3166	2366
4335	2366
3309	2366
1226	2366
2876	2366
3803	2366
734	2366
1323	102
2148	102
4042	102
2906	102
4177	102
855	102
4556	102
4354	102
3986	102
4061	102
1604	102
2972	102
3521	102
4030	102
2967	102
2148	1323
2140	1323
4183	1323
4662	1323
206	1323
4540	1323
4436	1323
628	1323
1902	1323
1105	4326
3984	4326
206	4326
3389	4326
4441	4326
4377	4326
2577	1697
2779	2182
1029	2182
1954	2182
3828	2182
4084	2182
731	756
2779	756
604	756
3138	756
2275	756
2224	756
3019	756
504	756
2955	756
4427	756
1591	756
1980	756
1450	756
2411	756
2921	756
3478	756
4407	756
3236	3893
4159	3893
1753	3361
1771	3361
2294	1528
1369	1528
1216	1528
3756	2294
1635	2294
1635	2281
4571	2590
3413	2590
4570	1184
707	413
3174	413
3682	413
295	413
1502	413
1925	413
3553	413
1934	3864
2473	3864
1802	3864
4368	3864
1951	580
707	580
3174	580
295	580
958	580
1318	580
1502	580
1796	580
628	3823
885	3823
2189	3823
1221	3378
2937	3378
4098	3378
2638	969
1800	969
586	969
979	969
1227	969
2060	969
573	969
615	969
626	969
670	969
1079	969
1272	969
1376	969
1642	969
1670	969
1773	969
1925	969
2091	969
2220	969
2853	969
267	99
1518	2684
2493	4005
657	4005
2191	4005
4500	9
562	3323
4601	3323
979	3170
2022	3170
2307	3170
4589	3170
1749	4592
4355	2956
1033	2956
348	1611
4437	276
4540	276
283	276
2529	3101
270	3101
2692	3101
4303	3101
4546	3101
4604	3101
1606	3101
2035	3101
2060	3101
1221	3101
374	3101
2813	3101
2966	3101
962	3101
1083	3101
3691	3101
2115	3101
265	3101
468	3101
476	3101
2316	3101
2505	3101
2556	3101
2559	3101
2599	3101
2650	3101
2844	3101
2876	3101
2970	3101
3029	3101
3071	3101
3073	3101
3603	3101
3711	3101
3947	3101
4097	3101
543	3430
152	3430
1221	3430
374	3430
4163	543
321	543
4653	543
661	543
1221	543
1739	543
374	543
520	543
1071	543
4354	543
3250	543
152	4163
374	4163
3422	4163
3657	4163
152	321
1221	321
1739	321
374	321
842	4412
216	4633
1221	3749
913	3749
2667	2794
3427	2794
2529	2254
3606	2254
1369	2254
3221	2254
3465	4207
1586	4207
501	4207
2473	4207
3296	4207
926	4207
3451	4207
4491	4207
1666	3756
2150	3756
3296	3756
3422	3756
100	230
109	230
283	230
1888	230
267	3649
1948	1544
27	1544
1948	4671
2902	3465
4448	3465
1282	3465
819	2902
3494	2902
4674	4448
374	2816
1417	2227
86	243
1943	243
2984	4492
1308	2103
1486	2103
3573	2103
903	2543
3296	2543
3832	2612
39	2612
1782	2612
2580	2612
1500	2612
4285	2612
3988	2286
3895	1598
3235	1598
1209	698
1221	698
2301	3123
4285	3786
2301	816
2301	3364
152	2056
2301	2320
1914	2320
692	987
962	987
712	1934
1221	4280
1542	2371
3638	2571
1308	2571
3451	4566
86	2767
1943	2767
1932	323
4546	323
2766	323
3282	2963
2574	2963
305	2963
4335	2963
4399	2963
2925	1676
3236	928
562	571
3184	571
4458	1639
2156	1639
2198	4156
1749	4156
3916	4156
1666	4374
1222	4374
1033	4374
1113	4374
4414	4374
3296	4374
504	3887
27	1948
1699	1948
4556	1948
3427	2667
152	2667
1029	2667
2232	2667
3145	2667
227	27
152	3427
1029	3427
2232	3427
3145	3427
3606	3334
3167	3407
2544	3407
3606	3407
657	3407
4087	3407
283	3407
3650	2779
2473	2779
3998	2779
331	2779
3963	2779
1023	2779
734	2779
2101	1843
2680	1843
1033	1843
1499	1843
3780	1843
298	4642
199	1965
2051	1965
1666	3272
3456	3272
4549	3272
8	1932
4540	2331
4284	2331
661	2331
2719	2331
569	2331
1221	3943
4611	3557
674	338
3163	540
1442	540
4500	540
2745	540
2257	1080
3174	1080
2780	1080
1925	1080
2239	1080
2301	1417
3456	1417
1749	1417
3439	1417
4651	4454
2223	4454
3860	3650
3963	3650
4275	3157
3236	3126
1666	3138
3296	3138
2198	2544
691	2544
3962	2529
844	2529
4231	2529
1369	2529
1533	2529
2223	2529
3951	4070
585	4070
3638	4187
4355	4187
708	4187
1308	4187
3236	4187
2803	4187
1986	4187
3638	550
4355	550
504	550
3921	550
3024	550
2833	550
3986	550
4355	3638
708	3638
1308	3638
3337	3638
4177	3638
2803	3638
795	3638
3024	3638
1986	3638
1993	4355
4332	4355
3024	4355
1986	4355
283	4355
83	4355
1063	708
4042	708
1185	708
504	708
2803	708
4332	708
2719	708
2017	708
585	708
2470	708
83	708
1516	708
1023	708
2909	2140
3895	2140
3011	2140
1023	2140
1349	2496
326	2496
3063	2496
93	1063
3606	1063
2241	1063
825	1192
4137	1192
3606	3785
3606	674
2098	1308
1271	1308
2803	1308
1209	2301
2198	2301
1749	2301
850	2301
1518	318
1050	318
1532	1209
3144	1209
3389	1209
2161	1209
385	4555
2801	2427
844	3962
1749	3962
1369	3962
881	3962
4414	3962
2597	3962
2223	3962
1177	3962
3657	3962
881	844
913	844
1532	2610
1749	2610
3034	2610
3860	2610
3456	1532
1749	1532
3034	1532
1960	1532
1749	3144
57	3144
1496	3144
1537	3144
2363	3456
3439	3456
1496	3456
1592	3456
3296	3456
3929	3456
4007	3456
1542	3456
958	3456
3339	3456
3568	3456
1592	1749
1050	1749
3520	1749
1177	1749
1537	57
152	4653
374	4653
4534	4653
1464	2944
3485	2944
2722	2944
1335	2661
1506	1491
807	1800
612	1506
295	1506
2306	2497
584	270
2034	3297
2820	3297
2060	1993
4110	2275
4095	2275
722	2275
1632	2275
3034	2275
1479	2275
551	2275
4095	4110
722	4110
1632	4110
1479	4110
722	4095
1632	4095
1479	4095
2436	4095
1632	722
1951	722
1479	722
3174	722
1868	722
551	722
1479	1632
3851	1331
4126	1331
2666	4231
10	4231
3073	4231
652	397
2680	397
1646	397
1619	397
1739	397
2223	1311
4365	916
4155	1181
3278	1381
544	2368
3166	2368
4579	2992
711	2167
4000	2167
962	2167
4347	1566
4347	3815
4347	640
3236	640
1029	640
842	640
4347	2150
717	2150
3018	2150
256	2909
218	2909
1900	2979
3780	2979
1029	84
256	1812
3682	1812
723	1326
3436	1326
3485	93
3515	2990
544	2990
859	2990
4356	2990
3192	2990
791	2990
3485	2990
4356	3515
3192	3515
791	3515
1868	3534
3682	3534
3517	3534
562	4042
736	2289
3366	925
3019	925
3945	925
46	925
1761	925
3019	3366
3945	3366
46	3366
3945	3019
2066	3019
4071	3019
2894	3019
3691	3019
46	3945
1867	3945
2231	3945
4087	3945
2706	3945
2236	2066
3842	2723
1761	46
1925	3842
39	3832
1782	3832
2580	3832
887	3832
1635	324
1169	473
584	2666
206	3424
584	3424
2493	3424
3046	3424
4543	3424
3236	78
842	624
2824	238
4347	3913
2363	3337
1307	3337
1029	3337
3105	3337
2533	3337
3174	3337
4643	3337
295	3337
3058	3337
3680	3337
469	4347
2561	4347
3611	4347
1845	4347
1156	2363
2890	2363
707	2363
401	2363
1045	2363
3174	2363
218	2363
1868	2363
551	2363
1925	2363
2051	2363
313	2363
2226	964
1105	1723
3984	1723
584	1723
3389	1723
1954	1723
4377	1723
1753	3350
3989	3922
1496	871
594	871
2384	4240
2719	4350
4426	4350
807	1313
206	1203
1029	1203
707	482
3174	482
295	482
2844	482
3105	1156
707	1156
2533	1156
3174	1156
3929	1156
295	1156
1925	1156
2844	1156
3569	1156
1205	1156
199	612
585	4143
3951	3299
1619	3299
3895	109
233	109
3973	474
707	2890
2533	2890
3174	2890
1925	2890
2051	2890
313	2890
300	3758
1471	3895
203	3895
1221	3895
1071	3895
4064	3895
2378	3895
300	3809
1221	3809
300	31
300	1677
1518	300
1982	300
1033	3635
3046	3635
3663	3635
2051	2197
825	1617
4678	1951
707	1951
2901	1951
3174	1951
1868	1951
4643	1951
551	1951
17	1951
295	1951
3708	3542
2124	647
4611	647
4436	647
4040	647
1787	647
3368	647
4562	647
3175	647
887	786
4562	786
1957	786
2719	4458
2623	2886
2534	2886
2719	1066
4069	1066
1863	4298
3457	4298
1029	4298
1468	4298
3780	4298
1435	4298
1587	4298
2931	4298
2101	4605
657	4605
1468	4605
4064	4605
3780	4605
306	4605
2101	115
555	115
657	115
1763	3312
4153	3312
2101	3312
1468	3312
1915	3312
3184	3312
3152	3312
504	1763
2101	1763
1468	1763
3780	1763
4061	1763
86	2183
3389	2139
3296	1222
4500	909
4666	3282
3110	3282
1379	2574
4666	2574
3110	2574
4666	903
3110	903
1379	4435
4666	4435
3184	4435
206	4662
4155	4662
1379	4662
4666	4662
289	4662
1852	4662
826	206
4155	206
1379	206
4666	206
289	206
1984	206
267	206
1001	206
3229	206
4177	562
4155	562
1379	562
4666	562
289	562
4431	562
2161	3954
313	3719
1619	3951
486	3951
1996	3443
4061	2832
1900	3177
1782	39
2580	39
962	39
3997	544
3320	544
4437	1276
782	1276
1221	2815
2241	3606
4248	3606
4335	3606
1500	3606
1059	4153
626	2577
1182	504
1593	504
1468	504
3024	504
2833	504
2643	504
3046	504
83	504
3198	504
976	504
1757	504
3422	1883
4611	1511
3291	1511
1954	4674
4571	4674
3296	4674
3105	1135
228	1135
942	622
2292	3315
1703	3315
2478	256
485	256
1914	256
128	256
1078	256
4278	256
2745	256
3511	256
3175	4303
736	1349
2493	1349
233	1349
1033	1349
887	1349
2222	1867
962	1867
2478	1338
1915	1338
2226	1338
3273	1282
1586	1282
4540	1282
1033	1282
1240	1282
3517	1282
3145	1282
1845	1282
4503	1282
4541	1282
584	3273
3827	3273
892	4437
3471	4437
792	4437
1294	4437
4418	4437
782	4437
1877	4437
3086	736
2124	584
1033	584
1690	584
1403	584
1183	584
798	2899
2226	2478
1955	892
393	3754
3236	3754
661	3754
979	882
4278	882
1183	882
4043	1583
791	3067
4103	3402
3916	3402
480	3402
979	2425
4651	648
2785	648
3724	648
3296	4312
4562	4312
4407	3441
859	3081
1121	3081
2922	3081
3011	1454
3086	1454
906	1454
798	2919
233	2493
3173	2493
3473	233
4651	4131
10	4131
1925	4131
2411	4131
388	1404
4064	2595
3173	4651
1030	4651
1208	4651
1283	4651
4205	4651
3673	107
4656	107
3080	2906
3236	393
3646	3236
4611	3236
4031	3236
569	3236
1221	3236
4365	3236
3070	3236
4205	3236
426	3236
1711	3236
2283	3236
2888	3236
3113	3236
3211	3236
3278	3236
3451	3236
3603	3236
3857	3236
3910	3236
4198	3236
3268	3236
4349	3236
4397	3236
2968	3236
2894	3457
3175	3457
2894	4237
4657	4237
298	320
1267	320
1121	4177
2803	2098
3438	4546
870	4546
2820	4546
1954	4389
3545	1496
2530	1496
1662	1496
3603	1496
3710	1496
1079	2862
1307	431
3197	431
3291	431
1162	431
825	431
1801	2292
3389	2292
4571	2292
3296	2292
1307	4043
3470	4043
283	3173
699	3173
1221	152
1739	152
520	152
1071	152
4354	152
3250	152
4284	4540
4191	4540
2053	4540
4611	4540
283	4540
2619	4540
4191	4284
290	4284
4200	4284
4611	4284
2679	4191
4611	4191
652	4191
290	2124
1040	2124
4200	2124
1518	2124
2053	2124
1307	2124
1806	2124
1040	290
1518	290
2679	290
3851	290
4611	290
652	290
4121	290
1307	290
1262	290
4200	1040
1518	1040
652	1040
1703	1040
1806	1040
2327	1040
2679	4200
3851	4200
4611	4200
652	4200
4121	4200
652	1518
4121	1518
1227	1518
1806	1518
832	1518
235	1518
772	1518
940	1518
989	1518
1357	1518
2408	1518
2635	1518
3851	765
4121	765
3851	2679
2763	2679
4611	2679
4673	2679
4121	2679
2763	3851
4611	3851
4673	3851
4121	3851
4611	2763
4121	2763
4673	4611
1220	4611
4121	4611
1029	4611
4556	4611
2739	4611
1482	4611
1078	4611
4278	4611
1401	4611
3058	4611
4121	4673
795	2803
1986	2803
3986	2803
1317	2803
4250	4604
3941	1051
4627	2708
3169	3526
4275	3135
1419	2101
1455	2101
3206	2101
1220	2101
657	2101
4610	2101
2680	2101
545	2101
1033	2101
4223	2101
1499	2101
101	2101
1468	2101
1221	2101
1455	1419
1220	1419
657	1419
2680	1419
545	1419
1033	1419
1499	1419
2249	1419
1242	1419
1220	1455
657	1455
4610	1455
2680	1455
545	1455
1033	1455
4223	1455
4122	1455
1499	1455
2545	1455
657	3206
2680	3206
1499	3206
657	1220
4610	1220
2680	1220
1033	1220
1008	1220
4610	657
2680	657
545	657
1033	657
4223	657
4122	657
1499	657
711	657
1468	657
784	657
881	657
990	657
2680	4610
1033	4610
1008	4610
1307	652
374	652
3797	652
1442	4121
842	4121
1258	3148
1516	3148
2008	3148
3100	3148
3113	3725
545	2680
1033	2680
4223	2680
4122	2680
1499	2680
1033	545
4223	1033
4122	1033
1499	1033
1954	1033
3556	1033
4122	4223
1499	4223
1773	4223
3828	4122
3780	1499
326	1499
4000	711
3545	101
2220	101
585	4332
936	489
4031	936
4087	936
83	936
1442	501
3341	1442
3916	1442
4248	1442
1221	1442
3389	3541
1029	1307
3779	1307
699	1307
1706	1307
2756	1307
3188	1307
4317	1307
1637	1778
4073	1830
227	1646
4500	874
2719	874
3296	874
3556	874
1029	4500
375	4500
4572	1029
86	1029
3779	1029
2225	1029
1482	1029
2226	1029
2232	1029
3145	1029
251	1029
901	1029
2505	1029
3063	1029
3657	1029
1943	1029
1001	826
2250	2441
859	3011
1277	3011
4562	2765
4562	1635
3473	1635
2879	661
399	661
958	661
1604	661
1890	661
4001	661
4219	661
870	3438
1619	125
4077	125
785	1217
306	1468
1367	1468
183	192
1925	183
635	3574
199	2682
1759	2719
3174	2257
295	2257
3150	2257
2844	3871
4385	3034
692	3034
535	3034
825	3034
1924	3034
692	4385
3629	4385
906	3086
1665	3086
2895	3086
1954	3086
873	3086
298	906
855	1208
3573	1208
1584	1366
3794	1366
3389	1403
1620	1403
3296	1403
3150	1403
295	3105
1028	3105
2821	3105
578	859
1946	859
28	1665
4275	1665
4556	1665
3629	2895
2016	2895
873	2895
3485	2895
2722	2895
2955	3389
60	3389
4383	3389
1078	3389
4278	3389
4205	3389
2619	3389
60	2955
4383	2955
4383	60
283	4383
378	2035
4427	2035
2580	2035
2060	2398
4376	2398
247	2766
2099	2766
3547	2766
3174	4678
218	4678
69	4678
295	4678
1502	4678
227	420
3080	2546
1500	2241
1860	2241
979	4071
1973	4071
2230	4071
4427	378
689	128
3930	707
1868	707
4643	707
958	707
1925	707
2051	707
3278	707
313	707
2911	1900
628	247
3198	247
1194	247
2552	247
3547	247
3520	3024
3998	3024
2115	3024
2623	3916
522	3916
885	3916
887	1620
3868	569
3636	3615
3663	3615
1622	4087
1912	1622
1604	3997
375	1770
3309	979
4278	979
1183	979
331	979
894	979
2382	979
913	130
486	86
1542	86
3145	86
2922	86
3532	86
4510	86
1943	86
1943	3779
724	2225
4571	1954
1294	1954
3229	1954
4198	1954
3080	1954
2980	351
1668	2980
585	1719
2722	873
1379	1227
4666	1227
289	1227
3110	1227
3732	1227
881	1369
3432	1369
2597	1369
2223	1369
3998	1369
1759	1369
4666	4155
1876	4155
17	2901
1371	4571
2850	4571
3680	3291
3860	1121
524	1121
908	1379
3110	1379
4603	4666
3296	4666
1089	28
1816	4275
3929	4275
1922	4275
4248	784
4657	2894
1752	2894
1050	4603
3110	908
3296	3845
3590	3845
887	2833
3296	2561
2223	881
1177	881
1216	3432
2223	3432
1759	3432
3018	3432
2597	4414
3296	4414
388	4414
699	4414
3166	3124
522	3124
4244	2048
1221	2060
2888	2060
4640	2060
832	3978
3657	3978
3471	4427
2580	4427
913	1619
1032	4023
227	4023
2916	4023
2916	227
374	227
842	227
326	227
3520	227
2017	227
3508	227
3250	227
2017	2916
1739	1221
374	1221
4354	1221
4141	1221
1152	1221
3860	1221
2540	1221
3250	1221
132	1221
1443	1221
1658	1221
1899	1221
2220	1221
2379	1221
2605	1221
2841	1221
3307	1221
3433	1221
3473	1221
3528	1221
3563	1221
3910	1221
4397	1221
374	1739
4354	1739
3611	1739
520	374
1071	374
4354	374
3611	374
3250	374
3611	520
3296	2937
4300	1537
734	1537
2161	1537
418	2966
3296	946
2533	401
2237	401
3174	401
4499	401
295	401
1502	401
2051	401
3121	401
724	2879
4413	2222
4354	1071
3611	4354
3132	3611
3296	2086
3929	3235
3203	3235
682	3235
970	3235
1670	3235
3278	3235
3780	1984
1888	1984
3520	4064
388	4064
2307	4064
2449	4064
3229	4064
2518	4064
807	3166
1868	2533
551	2533
1542	2533
958	2533
1925	2533
2051	2533
2239	2533
313	2533
1768	1387
1943	1387
2214	1141
2883	792
2226	418
4370	418
981	108
4560	3384
4278	3384
1671	3384
1183	3384
3527	3384
1796	2237
1060	3780
1500	3780
267	3780
1001	3780
825	3780
83	283
3184	283
218	3174
1868	3174
4643	3174
551	3174
1542	3174
2436	3174
958	3174
1925	3174
2051	3174
2844	3174
313	3174
2255	10
1253	4279
2017	842
1758	1050
913	1050
2540	486
3520	326
887	326
388	3520
2325	3160
551	218
1502	218
1946	218
3150	218
2395	887
4205	887
4273	887
1771	3296
1950	3296
2027	3296
2572	3296
3860	3296
717	3296
1371	3296
166	3296
399	3296
524	3296
1845	3296
1957	3296
2099	3296
3511	3296
2619	3296
2753	3296
2223	962
2780	962
4451	962
967	4620
3680	1771
3926	2072
3239	2223
4524	2223
2327	1060
3018	1060
4399	1060
712	4251
65	712
3175	1572
3929	1089
1535	1089
2758	1089
3485	1089
295	1089
1535	3929
3485	3929
69	1868
295	1868
1502	1868
1971	1868
3569	1868
4656	2751
3682	3691
3933	298
4474	2395
2858	2395
3663	2395
3009	4474
295	4643
403	4643
1502	4643
2051	4643
3109	4643
785	267
384	267
3320	267
913	267
3320	785
76	785
2011	2017
4431	3998
2732	1277
3175	1001
375	3504
912	375
4120	375
4338	1827
2100	1827
4478	3269
2378	1078
3074	384
295	551
701	551
958	551
2051	551
3150	551
689	3320
4325	4579
2115	2027
2572	228
689	2226
3854	2226
4370	2226
2378	3573
2517	3573
3828	3573
4491	1689
468	4338
804	4338
2324	4338
830	2522
1717	3860
1946	3046
3657	1147
2645	641
1205	641
782	913
1564	4069
968	3175
1148	3175
2604	3175
4401	3175
1671	4560
1183	4560
1671	1980
1671	4278
1183	4278
1183	1671
3192	4356
791	4356
2378	2745
2521	3404
3203	3404
4657	3404
3203	2521
791	3192
3561	3192
3485	1535
2722	1535
2293	2758
2011	2758
3080	2758
3080	2293
1631	1542
295	1542
295	2436
2722	3485
774	4061
2239	17
342	3250
1793	2255
1502	69
2327	158
967	162
1420	207
1335	236
701	295
958	295
1925	295
2051	295
2824	295
2844	295
3553	295
313	295
2438	297
2038	310
3278	371
2189	388
3627	388
727	402
4478	448
810	468
1958	506
1821	535
1925	537
1023	588
1876	594
3585	608
691	613
2604	618
997	630
1096	746
1584	804
4394	804
3713	808
3926	810
1358	825
1957	825
2038	894
2051	958
2189	977
4310	978
1262	1011
2327	1017
1262	1073
4159	1177
2356	1329
3147	1402
2051	1502
2373	1507
4394	1584
3821	1584
1621	1584
2753	1584
3663	1584
2817	1599
3496	1616
4157	1636
3652	1717
1956	1925
1657	1925
2131	1947
3853	1947
3680	2031
4196	2031
3150	2051
3553	2051
3915	2051
313	2051
3547	2058
3821	3794
1621	3794
2753	3794
3663	3794
3080	3794
3627	2189
2968	2229
1657	2327
3908	2449
1943	2505
3229	2799
3278	2915
1943	2922
3229	3037
1943	3063
4569	3239
4656	3239
4491	3351
4244	3748
4640	4219
1943	4510
3663	2753
