0	370
0	471
0	536
3	369
3	675
3	688
4	415
6	590
7	388
7	662
8	293
8	579
11	314
11	457
11	632
11	806
13	296
15	26
15	33
15	71
15	80
15	90
15	115
15	122
15	132
15	189
15	222
15	315
15	323
15	325
15	390
15	428
15	491
15	500
15	515
15	524
15	527
15	533
15	559
15	567
15	627
15	707
15	744
15	784
15	819
15	839
19	233
19	316
19	384
19	430
19	770
20	30
20	32
20	33
20	101
20	104
20	124
20	132
20	179
20	220
20	261
20	265
20	288
20	314
20	354
20	409
20	457
20	505
20	507
20	519
20	556
20	625
20	632
20	657
20	692
20	712
20	722
20	815
21	413
21	465
21	659
24	851
26	32
26	33
26	71
26	90
26	99
26	104
26	115
26	132
26	185
26	189
26	220
26	288
26	305
26	314
26	315
26	325
26	354
26	439
26	457
26	500
26	505
26	507
26	515
26	524
26	527
26	625
26	627
26	632
26	636
26	657
26	695
26	722
26	806
26	839
28	176
28	636
28	792
28	807
29	47
29	95
29	128
29	150
29	175
29	339
29	355
29	401
29	454
29	455
29	622
29	623
29	665
29	694
29	700
29	794
30	32
30	101
30	104
30	132
30	179
30	220
30	261
30	265
30	288
30	314
30	354
30	457
30	507
30	625
30	657
30	692
30	712
30	722
31	292
31	456
31	471
32	33
32	45
32	101
32	104
32	124
32	179
32	185
32	220
32	265
32	288
32	314
32	354
32	409
32	439
32	457
32	495
32	505
32	507
32	625
32	632
32	636
32	657
32	661
32	692
32	716
32	721
32	722
32	806
32	811
32	815
33	71
33	90
33	99
33	104
33	115
33	124
33	132
33	177
33	185
33	220
33	314
33	315
33	354
33	409
33	439
33	457
33	505
33	507
33	559
33	625
33	627
33	632
33	636
33	657
33	695
33	703
33	722
33	788
33	806
35	498
35	685
36	384
36	831
40	691
40	719
40	743
43	303
45	90
45	130
45	314
45	367
45	505
45	507
45	627
45	636
45	642
45	649
45	766
45	784
45	806
45	808
45	815
46	814
47	128
47	150
47	175
47	219
47	339
47	355
47	401
47	454
47	455
47	622
47	623
47	654
47	665
47	694
47	700
47	794
48	116
48	144
48	270
48	301
48	307
48	393
48	417
48	433
48	449
48	486
48	666
48	706
48	739
48	755
48	756
48	758
48	774
48	775
48	797
48	820
48	848
49	117
49	817
50	763
50	793
55	334
55	561
57	169
57	286
57	407
57	482
57	485
57	558
57	708
57	755
57	769
60	85
60	170
60	368
60	749
70	213
70	636
70	642
70	649
70	792
70	808
71	90
71	115
71	122
71	222
71	325
71	500
71	524
71	527
71	627
71	636
71	695
71	839
73	209
74	169
74	407
74	485
74	558
74	601
77	109
77	317
77	327
77	372
77	678
77	709
77	729
80	90
80	115
80	132
80	189
80	222
80	315
80	323
80	390
80	423
80	428
80	491
80	500
80	515
80	524
80	527
80	533
80	567
80	744
80	819
80	839
81	813
83	213
83	230
83	345
83	461
83	514
83	670
83	702
83	792
83	821
85	170
85	368
85	749
88	242
90	104
90	115
90	130
90	132
90	189
90	222
90	314
90	315
90	323
90	325
90	409
90	428
90	439
90	491
90	500
90	505
90	507
90	515
90	524
90	527
90	533
90	567
90	627
90	636
90	649
90	695
90	716
90	806
90	839
92	425
94	516
95	150
95	401
95	455
95	694
97	106
97	598
97	830
99	132
99	220
99	305
99	819
101	104
101	124
101	132
101	179
101	185
101	213
101	220
101	261
101	288
101	314
101	318
101	354
101	409
101	439
101	457
101	505
101	507
101	559
101	625
101	632
101	642
101	657
101	692
101	712
101	722
101	759
101	806
101	811
101	815
101	828
104	132
104	179
104	185
104	220
104	265
104	288
104	314
104	354
104	409
104	439
104	457
104	505
104	507
104	619
104	625
104	632
104	657
104	692
104	712
104	722
104	788
104	815
106	598
106	830
109	317
109	327
109	372
109	678
109	709
109	729
110	272
110	276
113	292
113	464
113	768
114	158
114	229
114	260
114	690
114	778
115	132
115	189
115	222
115	315
115	323
115	325
115	428
115	491
115	500
115	515
115	524
115	527
115	627
115	695
115	707
115	839
116	417
116	486
116	666
116	739
116	755
116	756
116	758
116	848
124	179
124	185
124	220
124	288
124	314
124	409
124	457
124	495
124	505
124	507
124	625
124	632
124	636
124	649
124	692
124	721
124	722
124	806
124	811
127	217
127	281
128	150
128	175
128	219
128	339
128	355
128	401
128	454
128	455
128	622
128	623
128	665
128	694
128	700
128	794
130	213
130	241
130	318
130	367
130	409
130	495
130	503
130	505
130	507
130	627
130	636
130	642
130	649
130	692
130	716
130	766
130	784
130	792
130	808
132	179
132	185
132	189
132	220
132	222
132	261
132	288
132	305
132	314
132	315
132	325
132	354
132	409
132	439
132	457
132	500
132	505
132	507
132	515
132	524
132	527
132	538
132	559
132	583
132	619
132	625
132	632
132	657
132	692
132	695
132	712
132	722
132	744
132	788
132	806
132	811
132	815
132	819
132	839
139	166
139	171
139	190
139	340
139	477
139	484
139	497
139	548
139	573
139	604
139	644
139	683
139	745
140	286
140	769
141	587
141	643
144	433
144	449
144	756
144	774
144	775
144	820
144	848
146	346
146	350
146	602
146	629
146	816
147	555
150	175
150	339
150	355
150	401
150	454
150	455
150	622
150	623
150	654
150	665
150	694
150	700
150	794
153	269
153	496
154	312
154	487
154	545
154	765
154	814
154	820
155	761
158	229
158	260
158	690
158	778
161	408
162	652
165	645
165	846
166	171
166	190
166	340
166	477
166	484
166	497
166	548
166	573
166	604
166	644
166	668
166	683
166	745
168	676
169	407
169	482
169	485
169	558
169	601
170	368
170	749
171	190
171	340
171	477
171	484
171	497
171	548
171	573
171	604
171	644
171	683
171	689
171	745
175	339
175	355
175	401
175	454
175	455
175	622
175	623
175	665
175	694
175	700
175	794
176	807
177	325
177	703
179	185
179	220
179	314
179	354
179	409
179	439
179	457
179	505
179	507
179	625
179	632
179	657
179	692
179	722
179	759
179	811
179	815
181	211
181	323
181	390
181	428
184	384
184	809
184	831
185	288
185	314
185	354
185	409
185	439
185	457
185	505
185	519
185	625
185	632
185	722
185	811
185	815
189	222
189	290
189	315
189	323
189	325
189	390
189	423
189	428
189	491
189	500
189	515
189	524
189	527
189	533
189	567
189	744
189	819
189	839
190	340
190	477
190	484
190	497
190	573
190	604
190	644
190	683
190	689
190	745
195	369
195	675
203	596
203	667
204	728
205	300
205	664
205	823
208	437
208	555
208	786
211	323
211	390
212	502
213	230
213	241
213	251
213	314
213	318
213	345
213	367
213	461
213	495
213	503
213	505
213	514
213	565
213	577
213	636
213	642
213	649
213	670
213	702
213	716
213	722
213	766
213	784
213	792
213	806
213	808
213	815
213	821
214	444
217	281
219	794
220	261
220	288
220	314
220	354
220	409
220	439
220	457
220	505
220	507
220	519
220	619
220	625
220	632
220	657
220	692
220	712
220	722
220	759
220	806
220	815
222	315
222	323
222	325
222	390
222	428
222	491
222	500
222	515
222	524
222	527
222	533
222	567
222	819
222	839
223	298
223	464
223	537
226	606
227	292
227	457
227	553
227	843
229	690
230	345
230	461
230	495
230	636
230	642
230	702
230	792
230	821
231	325
233	384
233	430
237	321
237	592
237	647
238	395
240	408
241	251
241	318
241	367
241	461
241	503
241	577
241	636
241	642
241	649
241	716
241	722
241	766
241	792
241	808
241	821
249	292
251	367
251	505
251	636
251	642
251	649
251	792
251	821
253	292
253	464
253	522
260	690
260	778
261	354
261	625
261	632
261	657
261	692
261	712
261	722
263	416
265	314
265	457
265	555
265	625
265	632
265	722
265	815
266	270
266	301
266	393
266	706
269	496
270	301
270	307
270	393
270	706
270	756
270	758
270	797
270	848
272	276
274	287
274	539
284	782
286	407
286	482
286	769
287	539
288	314
288	354
288	409
288	439
288	457
288	461
288	505
288	507
288	565
288	625
288	632
288	636
288	657
288	712
288	722
288	792
288	806
288	815
288	821
290	325
290	515
290	524
292	464
292	522
293	579
293	730
298	349
298	820
299	505
300	664
300	813
300	823
301	307
301	393
301	706
301	756
301	758
301	797
301	848
303	773
305	636
307	393
307	706
307	848
312	487
312	545
312	765
312	814
314	354
314	409
314	439
314	457
314	495
314	505
314	507
314	519
314	559
314	619
314	625
314	632
314	636
314	649
314	657
314	661
314	692
314	712
314	722
314	759
314	792
314	806
314	811
314	815
315	323
315	395
315	428
315	515
315	524
315	527
315	533
315	534
315	567
315	627
315	636
315	839
316	384
316	430
316	631
316	770
316	809
317	327
317	372
317	678
317	709
317	729
318	345
318	367
318	461
318	495
318	505
318	507
318	514
318	636
318	642
318	649
318	670
318	702
318	716
318	722
318	766
318	784
318	792
318	808
318	815
318	821
321	592
321	647
323	390
323	428
323	500
323	515
323	524
323	527
323	533
323	839
325	491
325	500
325	515
325	524
325	567
325	625
325	703
325	839
327	372
327	678
327	709
327	729
331	492
331	738
334	561
339	355
339	401
339	454
339	455
339	622
339	623
339	665
339	694
339	700
339	794
340	477
340	484
340	497
340	548
340	573
340	644
340	683
345	461
345	514
345	642
345	670
345	702
345	792
345	821
346	629
346	816
350	602
350	629
354	409
354	439
354	457
354	505
354	619
354	625
354	632
354	712
354	722
354	806
354	811
354	815
355	401
355	454
355	455
355	622
355	623
355	665
355	694
355	700
355	794
362	762
363	522
367	461
367	495
367	503
367	505
367	514
367	577
367	627
367	632
367	636
367	642
367	649
367	670
367	716
367	722
367	766
367	784
367	792
367	808
367	821
368	749
369	675
369	688
370	536
372	678
372	709
372	729
373	461
373	514
373	670
373	702
373	792
375	507
375	695
380	408
381	756
381	758
381	774
381	820
381	848
384	430
384	631
384	770
384	809
384	831
388	530
388	662
389	661
390	428
390	500
390	515
390	524
390	527
390	839
393	706
393	756
393	758
393	797
393	848
394	448
395	472
395	568
395	726
395	740
397	665
401	454
401	455
401	622
401	623
401	654
401	665
401	694
401	700
401	794
407	482
407	485
407	558
407	601
407	769
409	439
409	457
409	505
409	507
409	527
409	583
409	619
409	625
409	632
409	636
409	657
409	692
409	716
409	721
409	722
409	806
409	815
413	465
413	659
417	486
417	666
417	739
417	755
417	758
417	848
420	720
423	428
423	515
423	533
423	567
426	457
428	500
428	515
428	524
428	527
428	533
428	567
428	839
430	770
433	449
433	756
433	774
433	775
433	820
433	848
437	786
438	490
438	585
439	457
439	505
439	507
439	519
439	527
439	581
439	625
439	632
439	657
439	722
439	788
439	800
439	806
442	714
445	462
448	529
449	756
449	758
449	774
449	775
449	820
449	848
454	455
454	622
454	623
454	654
454	665
454	694
454	700
454	794
455	622
455	623
455	654
455	665
455	694
455	700
455	794
457	505
457	507
457	527
457	619
457	625
457	632
457	657
457	692
457	712
457	722
457	811
457	819
461	495
461	505
461	565
461	636
461	642
461	649
461	670
461	702
461	716
461	766
461	792
461	806
461	808
461	815
461	821
462	636
462	649
462	784
464	514
464	603
465	659
471	536
472	580
477	484
477	497
477	548
477	573
477	604
477	644
477	683
482	558
482	769
484	497
484	548
484	573
484	604
484	644
484	683
485	558
485	601
486	666
486	739
486	755
486	756
486	758
486	848
487	545
487	765
487	814
488	552
488	630
490	585
491	500
491	515
491	524
491	527
491	567
491	839
492	738
495	505
495	507
495	636
495	642
495	649
495	702
495	716
495	722
495	792
495	806
495	821
497	548
497	573
497	604
497	644
497	683
497	745
498	685
500	515
500	524
500	527
500	533
500	567
500	839
503	577
503	632
503	636
503	642
503	649
503	716
503	766
503	784
503	792
503	808
505	507
505	526
505	619
505	625
505	632
505	636
505	642
505	649
505	661
505	692
505	716
505	721
505	722
505	766
505	784
505	792
505	806
505	808
505	811
505	815
505	821
507	526
507	625
507	627
507	632
507	636
507	642
507	657
507	692
507	712
507	716
507	721
507	722
507	792
507	806
507	811
509	536
509	717
514	522
514	603
514	642
514	670
514	702
514	792
515	524
515	527
515	533
515	567
515	744
515	819
515	836
515	839
519	632
519	661
519	722
519	806
519	815
522	603
524	527
524	533
524	567
524	744
524	839
526	716
527	533
527	567
527	627
527	636
527	839
530	662
533	567
533	839
535	841
536	717
537	656
538	657
545	765
545	814
548	573
548	604
548	644
548	683
552	630
556	625
558	601
559	583
559	625
559	734
559	815
565	722
567	839
568	726
568	740
573	604
573	644
573	683
573	689
573	745
577	594
577	632
577	636
577	649
577	716
577	722
577	792
577	800
577	806
577	808
578	683
587	643
592	647
596	667
598	830
600	603
602	629
604	644
604	683
604	689
604	745
610	633
610	697
610	705
610	823
619	625
619	632
619	692
619	722
619	806
619	815
622	623
622	665
622	694
622	794
623	665
623	694
623	700
623	794
625	632
625	657
625	692
625	712
625	722
625	806
625	811
627	636
627	649
627	716
627	766
629	816
631	770
631	809
632	636
632	642
632	657
632	692
632	712
632	716
632	722
632	759
632	792
632	806
632	811
632	815
633	697
633	705
636	642
636	649
636	695
636	716
636	721
636	722
636	766
636	784
636	792
636	806
636	808
636	811
636	821
638	781
642	649
642	670
642	702
642	716
642	722
642	766
642	784
642	792
642	808
642	815
642	821
644	683
644	689
644	745
645	846
648	789
649	716
649	722
649	766
649	784
649	792
649	806
649	808
649	811
649	821
657	692
657	712
657	722
657	800
657	828
661	722
664	823
665	694
665	794
666	739
666	755
666	756
666	758
666	848
670	702
670	792
670	821
675	688
676	750
678	709
678	729
683	689
683	745
690	778
691	719
691	743
692	721
692	722
692	815
694	700
694	794
697	705
697	823
699	797
700	794
702	722
702	792
702	815
702	821
705	823
706	756
706	758
706	797
706	848
709	729
712	722
716	722
716	766
716	784
716	792
716	806
716	808
719	743
721	722
721	806
722	784
722	792
722	806
722	808
722	811
722	815
722	821
722	828
726	740
739	755
739	756
739	758
739	769
739	848
744	819
755	756
755	758
755	848
756	758
756	774
756	775
756	820
756	848
758	774
758	775
758	797
758	820
758	848
763	793
765	814
766	784
766	792
766	806
766	808
770	809
774	775
774	820
774	848
775	820
775	848
784	792
784	806
784	808
792	806
792	808
792	815
792	821
797	813
797	848
806	808
806	811
808	821
809	831
815	821
819	839
820	848
370	0
471	0
536	0
369	3
675	3
688	3
415	4
590	6
388	7
662	7
293	8
579	8
314	11
457	11
632	11
806	11
296	13
26	15
33	15
71	15
80	15
90	15
115	15
122	15
132	15
189	15
222	15
315	15
323	15
325	15
390	15
428	15
491	15
500	15
515	15
524	15
527	15
533	15
559	15
567	15
627	15
707	15
744	15
784	15
819	15
839	15
233	19
316	19
384	19
430	19
770	19
30	20
32	20
33	20
101	20
104	20
124	20
132	20
179	20
220	20
261	20
265	20
288	20
314	20
354	20
409	20
457	20
505	20
507	20
519	20
556	20
625	20
632	20
657	20
692	20
712	20
722	20
815	20
413	21
465	21
659	21
851	24
32	26
33	26
71	26
90	26
99	26
104	26
115	26
132	26
185	26
189	26
220	26
288	26
305	26
314	26
315	26
325	26
354	26
439	26
457	26
500	26
505	26
507	26
515	26
524	26
527	26
625	26
627	26
632	26
636	26
657	26
695	26
722	26
806	26
839	26
176	28
636	28
792	28
807	28
47	29
95	29
128	29
150	29
175	29
339	29
355	29
401	29
454	29
455	29
622	29
623	29
665	29
694	29
700	29
794	29
32	30
101	30
104	30
132	30
179	30
220	30
261	30
265	30
288	30
314	30
354	30
457	30
507	30
625	30
657	30
692	30
712	30
722	30
292	31
456	31
471	31
33	32
45	32
101	32
104	32
124	32
179	32
185	32
220	32
265	32
288	32
314	32
354	32
409	32
439	32
457	32
495	32
505	32
507	32
625	32
632	32
636	32
657	32
661	32
692	32
716	32
721	32
722	32
806	32
811	32
815	32
71	33
90	33
99	33
104	33
115	33
124	33
132	33
177	33
185	33
220	33
314	33
315	33
354	33
409	33
439	33
457	33
505	33
507	33
559	33
625	33
627	33
632	33
636	33
657	33
695	33
703	33
722	33
788	33
806	33
498	35
685	35
384	36
831	36
691	40
719	40
743	40
303	43
90	45
130	45
314	45
367	45
505	45
507	45
627	45
636	45
642	45
649	45
766	45
784	45
806	45
808	45
815	45
814	46
128	47
150	47
175	47
219	47
339	47
355	47
401	47
454	47
455	47
622	47
623	47
654	47
665	47
694	47
700	47
794	47
116	48
144	48
270	48
301	48
307	48
393	48
417	48
433	48
449	48
486	48
666	48
706	48
739	48
755	48
756	48
758	48
774	48
775	48
797	48
820	48
848	48
117	49
817	49
763	50
793	50
334	55
561	55
169	57
286	57
407	57
482	57
485	57
558	57
708	57
755	57
769	57
85	60
170	60
368	60
749	60
213	70
636	70
642	70
649	70
792	70
808	70
90	71
115	71
122	71
222	71
325	71
500	71
524	71
527	71
627	71
636	71
695	71
839	71
209	73
169	74
407	74
485	74
558	74
601	74
109	77
317	77
327	77
372	77
678	77
709	77
729	77
90	80
115	80
132	80
189	80
222	80
315	80
323	80
390	80
423	80
428	80
491	80
500	80
515	80
524	80
527	80
533	80
567	80
744	80
819	80
839	80
813	81
213	83
230	83
345	83
461	83
514	83
670	83
702	83
792	83
821	83
170	85
368	85
749	85
242	88
104	90
115	90
130	90
132	90
189	90
222	90
314	90
315	90
323	90
325	90
409	90
428	90
439	90
491	90
500	90
505	90
507	90
515	90
524	90
527	90
533	90
567	90
627	90
636	90
649	90
695	90
716	90
806	90
839	90
425	92
516	94
150	95
401	95
455	95
694	95
106	97
598	97
830	97
132	99
220	99
305	99
819	99
104	101
124	101
132	101
179	101
185	101
213	101
220	101
261	101
288	101
314	101
318	101
354	101
409	101
439	101
457	101
505	101
507	101
559	101
625	101
632	101
642	101
657	101
692	101
712	101
722	101
759	101
806	101
811	101
815	101
828	101
132	104
179	104
185	104
220	104
265	104
288	104
314	104
354	104
409	104
439	104
457	104
505	104
507	104
619	104
625	104
632	104
657	104
692	104
712	104
722	104
788	104
815	104
598	106
830	106
317	109
327	109
372	109
678	109
709	109
729	109
272	110
276	110
292	113
464	113
768	113
158	114
229	114
260	114
690	114
778	114
132	115
189	115
222	115
315	115
323	115
325	115
428	115
491	115
500	115
515	115
524	115
527	115
627	115
695	115
707	115
839	115
417	116
486	116
666	116
739	116
755	116
756	116
758	116
848	116
179	124
185	124
220	124
288	124
314	124
409	124
457	124
495	124
505	124
507	124
625	124
632	124
636	124
649	124
692	124
721	124
722	124
806	124
811	124
217	127
281	127
150	128
175	128
219	128
339	128
355	128
401	128
454	128
455	128
622	128
623	128
665	128
694	128
700	128
794	128
213	130
241	130
318	130
367	130
409	130
495	130
503	130
505	130
507	130
627	130
636	130
642	130
649	130
692	130
716	130
766	130
784	130
792	130
808	130
179	132
185	132
189	132
220	132
222	132
261	132
288	132
305	132
314	132
315	132
325	132
354	132
409	132
439	132
457	132
500	132
505	132
507	132
515	132
524	132
527	132
538	132
559	132
583	132
619	132
625	132
632	132
657	132
692	132
695	132
712	132
722	132
744	132
788	132
806	132
811	132
815	132
819	132
839	132
166	139
171	139
190	139
340	139
477	139
484	139
497	139
548	139
573	139
604	139
644	139
683	139
745	139
286	140
769	140
587	141
643	141
433	144
449	144
756	144
774	144
775	144
820	144
848	144
346	146
350	146
602	146
629	146
816	146
555	147
175	150
339	150
355	150
401	150
454	150
455	150
622	150
623	150
654	150
665	150
694	150
700	150
794	150
269	153
496	153
312	154
487	154
545	154
765	154
814	154
820	154
761	155
229	158
260	158
690	158
778	158
408	161
652	162
645	165
846	165
171	166
190	166
340	166
477	166
484	166
497	166
548	166
573	166
604	166
644	166
668	166
683	166
745	166
676	168
407	169
482	169
485	169
558	169
601	169
368	170
749	170
190	171
340	171
477	171
484	171
497	171
548	171
573	171
604	171
644	171
683	171
689	171
745	171
339	175
355	175
401	175
454	175
455	175
622	175
623	175
665	175
694	175
700	175
794	175
807	176
325	177
703	177
185	179
220	179
314	179
354	179
409	179
439	179
457	179
505	179
507	179
625	179
632	179
657	179
692	179
722	179
759	179
811	179
815	179
211	181
323	181
390	181
428	181
384	184
809	184
831	184
288	185
314	185
354	185
409	185
439	185
457	185
505	185
519	185
625	185
632	185
722	185
811	185
815	185
222	189
290	189
315	189
323	189
325	189
390	189
423	189
428	189
491	189
500	189
515	189
524	189
527	189
533	189
567	189
744	189
819	189
839	189
340	190
477	190
484	190
497	190
573	190
604	190
644	190
683	190
689	190
745	190
369	195
675	195
596	203
667	203
728	204
300	205
664	205
823	205
437	208
555	208
786	208
323	211
390	211
502	212
230	213
241	213
251	213
314	213
318	213
345	213
367	213
461	213
495	213
503	213
505	213
514	213
565	213
577	213
636	213
642	213
649	213
670	213
702	213
716	213
722	213
766	213
784	213
792	213
806	213
808	213
815	213
821	213
444	214
281	217
794	219
261	220
288	220
314	220
354	220
409	220
439	220
457	220
505	220
507	220
519	220
619	220
625	220
632	220
657	220
692	220
712	220
722	220
759	220
806	220
815	220
315	222
323	222
325	222
390	222
428	222
491	222
500	222
515	222
524	222
527	222
533	222
567	222
819	222
839	222
298	223
464	223
537	223
606	226
292	227
457	227
553	227
843	227
690	229
345	230
461	230
495	230
636	230
642	230
702	230
792	230
821	230
325	231
384	233
430	233
321	237
592	237
647	237
395	238
408	240
251	241
318	241
367	241
461	241
503	241
577	241
636	241
642	241
649	241
716	241
722	241
766	241
792	241
808	241
821	241
292	249
367	251
505	251
636	251
642	251
649	251
792	251
821	251
292	253
464	253
522	253
690	260
778	260
354	261
625	261
632	261
657	261
692	261
712	261
722	261
416	263
314	265
457	265
555	265
625	265
632	265
722	265
815	265
270	266
301	266
393	266
706	266
496	269
301	270
307	270
393	270
706	270
756	270
758	270
797	270
848	270
276	272
287	274
539	274
782	284
407	286
482	286
769	286
539	287
314	288
354	288
409	288
439	288
457	288
461	288
505	288
507	288
565	288
625	288
632	288
636	288
657	288
712	288
722	288
792	288
806	288
815	288
821	288
325	290
515	290
524	290
464	292
522	292
579	293
730	293
349	298
820	298
505	299
664	300
813	300
823	300
307	301
393	301
706	301
756	301
758	301
797	301
848	301
773	303
636	305
393	307
706	307
848	307
487	312
545	312
765	312
814	312
354	314
409	314
439	314
457	314
495	314
505	314
507	314
519	314
559	314
619	314
625	314
632	314
636	314
649	314
657	314
661	314
692	314
712	314
722	314
759	314
792	314
806	314
811	314
815	314
323	315
395	315
428	315
515	315
524	315
527	315
533	315
534	315
567	315
627	315
636	315
839	315
384	316
430	316
631	316
770	316
809	316
327	317
372	317
678	317
709	317
729	317
345	318
367	318
461	318
495	318
505	318
507	318
514	318
636	318
642	318
649	318
670	318
702	318
716	318
722	318
766	318
784	318
792	318
808	318
815	318
821	318
592	321
647	321
390	323
428	323
500	323
515	323
524	323
527	323
533	323
839	323
491	325
500	325
515	325
524	325
567	325
625	325
703	325
839	325
372	327
678	327
709	327
729	327
492	331
738	331
561	334
355	339
401	339
454	339
455	339
622	339
623	339
665	339
694	339
700	339
794	339
477	340
484	340
497	340
548	340
573	340
644	340
683	340
461	345
514	345
642	345
670	345
702	345
792	345
821	345
629	346
816	346
602	350
629	350
409	354
439	354
457	354
505	354
619	354
625	354
632	354
712	354
722	354
806	354
811	354
815	354
401	355
454	355
455	355
622	355
623	355
665	355
694	355
700	355
794	355
762	362
522	363
461	367
495	367
503	367
505	367
514	367
577	367
627	367
632	367
636	367
642	367
649	367
670	367
716	367
722	367
766	367
784	367
792	367
808	367
821	367
749	368
675	369
688	369
536	370
678	372
709	372
729	372
461	373
514	373
670	373
702	373
792	373
507	375
695	375
408	380
756	381
758	381
774	381
820	381
848	381
430	384
631	384
770	384
809	384
831	384
530	388
662	388
661	389
428	390
500	390
515	390
524	390
527	390
839	390
706	393
756	393
758	393
797	393
848	393
448	394
472	395
568	395
726	395
740	395
665	397
454	401
455	401
622	401
623	401
654	401
665	401
694	401
700	401
794	401
482	407
485	407
558	407
601	407
769	407
439	409
457	409
505	409
507	409
527	409
583	409
619	409
625	409
632	409
636	409
657	409
692	409
716	409
721	409
722	409
806	409
815	409
465	413
659	413
486	417
666	417
739	417
755	417
758	417
848	417
720	420
428	423
515	423
533	423
567	423
457	426
500	428
515	428
524	428
527	428
533	428
567	428
839	428
770	430
449	433
756	433
774	433
775	433
820	433
848	433
786	437
490	438
585	438
457	439
505	439
507	439
519	439
527	439
581	439
625	439
632	439
657	439
722	439
788	439
800	439
806	439
714	442
462	445
529	448
756	449
758	449
774	449
775	449
820	449
848	449
455	454
622	454
623	454
654	454
665	454
694	454
700	454
794	454
622	455
623	455
654	455
665	455
694	455
700	455
794	455
505	457
507	457
527	457
619	457
625	457
632	457
657	457
692	457
712	457
722	457
811	457
819	457
495	461
505	461
565	461
636	461
642	461
649	461
670	461
702	461
716	461
766	461
792	461
806	461
808	461
815	461
821	461
636	462
649	462
784	462
514	464
603	464
659	465
536	471
580	472
484	477
497	477
548	477
573	477
604	477
644	477
683	477
558	482
769	482
497	484
548	484
573	484
604	484
644	484
683	484
558	485
601	485
666	486
739	486
755	486
756	486
758	486
848	486
545	487
765	487
814	487
552	488
630	488
585	490
500	491
515	491
524	491
527	491
567	491
839	491
738	492
505	495
507	495
636	495
642	495
649	495
702	495
716	495
722	495
792	495
806	495
821	495
548	497
573	497
604	497
644	497
683	497
745	497
685	498
515	500
524	500
527	500
533	500
567	500
839	500
577	503
632	503
636	503
642	503
649	503
716	503
766	503
784	503
792	503
808	503
507	505
526	505
619	505
625	505
632	505
636	505
642	505
649	505
661	505
692	505
716	505
721	505
722	505
766	505
784	505
792	505
806	505
808	505
811	505
815	505
821	505
526	507
625	507
627	507
632	507
636	507
642	507
657	507
692	507
712	507
716	507
721	507
722	507
792	507
806	507
811	507
536	509
717	509
522	514
603	514
642	514
670	514
702	514
792	514
524	515
527	515
533	515
567	515
744	515
819	515
836	515
839	515
632	519
661	519
722	519
806	519
815	519
603	522
527	524
533	524
567	524
744	524
839	524
716	526
533	527
567	527
627	527
636	527
839	527
662	530
567	533
839	533
841	535
717	536
656	537
657	538
765	545
814	545
573	548
604	548
644	548
683	548
630	552
625	556
601	558
583	559
625	559
734	559
815	559
722	565
839	567
726	568
740	568
604	573
644	573
683	573
689	573
745	573
594	577
632	577
636	577
649	577
716	577
722	577
792	577
800	577
806	577
808	577
683	578
643	587
647	592
667	596
830	598
603	600
629	602
644	604
683	604
689	604
745	604
633	610
697	610
705	610
823	610
625	619
632	619
692	619
722	619
806	619
815	619
623	622
665	622
694	622
794	622
665	623
694	623
700	623
794	623
632	625
657	625
692	625
712	625
722	625
806	625
811	625
636	627
649	627
716	627
766	627
816	629
770	631
809	631
636	632
642	632
657	632
692	632
712	632
716	632
722	632
759	632
792	632
806	632
811	632
815	632
697	633
705	633
642	636
649	636
695	636
716	636
721	636
722	636
766	636
784	636
792	636
806	636
808	636
811	636
821	636
781	638
649	642
670	642
702	642
716	642
722	642
766	642
784	642
792	642
808	642
815	642
821	642
683	644
689	644
745	644
846	645
789	648
716	649
722	649
766	649
784	649
792	649
806	649
808	649
811	649
821	649
692	657
712	657
722	657
800	657
828	657
722	661
823	664
694	665
794	665
739	666
755	666
756	666
758	666
848	666
702	670
792	670
821	670
688	675
750	676
709	678
729	678
689	683
745	683
778	690
719	691
743	691
721	692
722	692
815	692
700	694
794	694
705	697
823	697
797	699
794	700
722	702
792	702
815	702
821	702
823	705
756	706
758	706
797	706
848	706
729	709
722	712
722	716
766	716
784	716
792	716
806	716
808	716
743	719
722	721
806	721
784	722
792	722
806	722
808	722
811	722
815	722
821	722
828	722
740	726
755	739
756	739
758	739
769	739
848	739
819	744
756	755
758	755
848	755
758	756
774	756
775	756
820	756
848	756
774	758
775	758
797	758
820	758
848	758
793	763
814	765
784	766
792	766
806	766
808	766
809	770
775	774
820	774
848	774
820	775
848	775
792	784
806	784
808	784
806	792
808	792
815	792
821	792
813	797
848	797
808	806
811	806
821	808
831	809
821	815
839	819
848	820
