231	1640
231	1931
231	1347
231	584
231	3291
231	2047
231	507
1413	3742
3699	1769
3699	398
3699	3049
137	2070
358	4148
2655	2138
2655	4058
1239	1858
1239	4073
3863	2489
3863	1355
3863	4611
3863	718
3863	3425
91	4611
91	3389
3115	1097
3115	4034
3115	4475
3115	1683
3115	276
3115	1347
3115	59
3115	3389
3115	2114
3115	3080
45	1964
45	3734
2994	206
2994	4651
2994	3780
3434	206
4132	4612
4132	1158
4132	1580
4132	4450
4132	473
4132	511
4132	3296
4132	931
4132	3591
1822	206
1822	4595
1638	202
1638	2695
1638	4253
1701	206
1655	1314
1655	177
1655	2651
1655	2988
1655	3780
285	1110
285	3379
2524	206
2524	3113
891	561
891	1353
891	4011
891	177
891	4611
891	1325
891	4595
891	1878
891	326
891	1547
891	3425
471	1412
471	1193
471	2469
471	507
3051	4099
1215	368
1215	189
1215	1380
1215	3412
793	3389
1131	4079
272	1965
1412	4087
889	2573
889	4015
889	2294
889	696
889	2140
889	14
889	1349
889	584
889	4611
2958	2573
2958	1530
2958	696
2958	3362
2958	3148
2958	3389
2958	1013
2958	2378
2958	2047
3415	2952
3415	2866
3415	245
679	4185
679	2366
679	4392
679	4674
679	3734
679	3998
210	2183
210	3257
210	1321
210	3448
924	2507
924	2706
924	807
924	4061
924	2047
3704	2489
3704	3308
1514	1288
4494	1193
4494	191
4494	2420
4494	3502
4494	982
4494	482
4494	4533
4494	2051
4080	3690
1478	2837
1478	2978
1407	2872
1841	2584
337	2913
337	1800
337	4231
294	1789
294	813
294	1888
1581	2646
1581	4611
1581	3972
4664	1315
4664	1121
4664	3068
450	2458
1136	3108
546	3721
546	2973
546	2952
546	2584
546	2071
546	144
546	1643
3721	2973
3721	2584
3721	2071
3721	144
3721	1643
3721	2047
2973	2952
2973	2584
2973	2071
2973	144
2973	1355
2973	1643
2973	4011
2973	1692
2952	2584
2952	2071
2952	3724
404	4472
404	962
3461	4433
3461	1732
3461	3380
3461	4374
3461	1121
3461	3296
3461	1399
4433	11
4433	2397
2671	4553
2671	4523
2671	1618
2671	3992
2671	230
2671	3734
111	3955
4553	4523
4553	1447
1869	406
1869	2078
1869	4112
4523	3692
4523	4645
4523	3824
4523	458
4523	4392
4523	345
4523	3921
4523	1952
4523	4173
4523	162
406	4335
406	175
3955	1403
3664	2287
3664	2866
3664	847
3664	3214
3664	1815
3664	1764
3664	4326
3664	3424
3664	903
3664	4303
3664	470
3664	86
3664	3779
3664	3611
3664	2413
2142	1326
3264	1070
3264	3425
4675	1930
4675	488
4675	982
4675	2618
4675	2051
287	206
287	3688
2160	3172
2160	3880
2160	561
2160	2490
3172	3880
3172	561
3172	2490
3880	561
3880	2490
3880	252
3880	3214
3880	718
1940	3431
1940	230
1940	1948
499	3212
649	2090
649	4611
649	1692
2341	553
1260	3039
3377	862
862	553
4016	2458
3607	1852
3607	921
1022	4314
370	4611
370	1179
370	4067
370	4434
1053	562
561	2490
561	3799
561	2489
561	2278
561	3214
561	335
561	3655
561	2647
561	1473
561	2208
561	4429
561	3427
561	14
561	4662
561	2835
561	59
561	4225
561	718
561	3734
2490	3427
2490	4595
2335	1385
2335	4212
2335	1640
2335	172
2335	896
2335	2017
2939	726
4558	1683
3372	407
4680	1167
4680	4590
4680	295
4680	1117
4680	3003
3062	1048
3431	61
3431	1772
3431	62
3431	3824
3431	458
3431	4070
3431	1347
3431	59
3431	4121
3431	2334
3431	2451
3431	1888
2362	172
1732	2658
2606	744
607	3272
607	3456
2996	3108
2996	4649
4598	2124
4598	828
4568	1600
4568	1745
4568	900
4669	1600
4669	1750
4669	1863
4669	3657
269	4411
3208	1600
3208	3500
3208	749
3208	1750
3208	4607
3208	1745
3208	1966
3208	3767
3208	1640
3208	1279
3208	3728
3208	2254
3208	4207
3208	1898
3208	1948
3208	4454
3208	3650
3208	1025
3208	900
3208	2363
3208	30
3208	4651
3208	2299
3208	3357
3208	3296
3208	962
3208	921
3208	521
3208	1003
3208	1421
3208	2604
3208	2865
3208	2957
3208	3436
3208	4159
3208	4443
1432	3900
1432	1607
1432	2945
1432	1338
1432	161
1432	2020
1432	4522
1432	3292
1600	3331
629	4454
629	2299
629	3209
3855	140
3855	4156
3855	3379
1026	3351
3189	3553
2407	3108
3108	2536
3108	2111
3108	2315
3108	3040
3108	2194
3108	3522
3108	572
3108	2613
3108	2945
3108	2123
3108	3600
3108	2646
3108	2353
3108	1020
3108	2678
3108	3841
3108	321
3108	3456
3108	2666
3108	4143
3108	2199
3108	2332
3108	2153
3108	2377
3108	1774
3108	1499
3108	2171
3108	4171
3108	3291
3108	1121
3108	4666
3108	3274
3108	2222
3108	4595
3108	3375
3108	3642
3108	4649
3108	2631
3108	2521
3108	74
3108	70
3108	970
3108	1079
3108	1447
3108	1467
3108	1633
3108	1752
3108	1779
3108	2040
3108	2050
3108	2051
3108	3794
3108	2157
3108	3455
3108	2269
3108	2324
3108	2437
3108	2467
3108	2637
3108	3001
3108	3413
3108	3448
3108	3473
3108	3739
3108	3745
3108	3948
3108	4273
3108	4617
3108	1888
4532	2536
542	2536
3306	4548
3306	2536
3306	2578
3306	0
4548	2536
4548	2668
4548	4595
2536	950
2536	2578
2536	0
2536	1
950	2578
950	0
2578	0
2567	1930
2567	2420
2567	507
140	2111
140	4107
140	4112
140	3972
4621	2573
4621	4612
1840	2935
1840	2582
4135	875
217	707
217	2438
2106	206
2287	847
2287	3609
2287	3077
2287	4011
2287	3427
2287	4152
2287	163
2287	1689
2287	2243
2287	4091
2136	2138
2136	1314
2136	2208
2136	3362
2136	3734
2136	4595
2136	2395
2136	2695
2136	2047
3195	3780
1332	61
1332	1562
1332	372
1332	3638
1332	3742
1332	584
2111	1454
2111	4488
2111	3813
2111	2192
2111	906
2111	1567
2111	2171
2111	2895
2111	66
2111	804
2793	1791
2793	1043
2793	3504
2793	375
2793	4120
951	553
951	1772
951	458
951	504
1885	177
1885	718
1885	569
432	4439
432	2646
432	3308
3900	2368
3900	2955
2315	3597
2315	2146
2315	3742
2315	3734
2315	3318
2315	3296
2315	1280
2315	1709
2315	3662
1353	803
1353	4554
1353	3077
1353	745
1353	733
1353	753
1353	3734
1353	108
1353	4348
803	3623
803	4554
803	827
803	960
803	745
803	3818
803	733
803	167
803	1653
2317	3125
3054	553
1451	3734
1451	548
3799	3129
3799	639
3799	430
3799	3427
3799	4127
3799	4651
3799	2842
3799	3328
2837	2458
2837	2844
2887	390
2887	1508
2887	1090
2887	2035
2887	378
2887	2580
721	476
4574	1379
1348	3524
1348	2458
1348	2808
1348	206
1348	2070
1348	2989
4655	2569
4655	86
1386	488
1769	4207
1769	1567
1596	2245
1596	1625
61	1246
61	1314
61	4475
61	2947
61	3845
61	3398
61	4028
61	1888
4088	504
4088	3835
1384	1314
1384	424
1384	3063
2640	4520
2640	430
2640	2199
2640	4394
508	3500
508	2070
3129	3477
3129	2842
3129	1472
4254	4056
4254	625
4254	3824
4254	1847
4254	1535
4254	2957
4254	3563
3159	3379
3159	185
1336	1035
1055	3379
1762	19
1762	529
1762	2140
1762	4584
1193	2052
1193	191
1193	2420
1193	114
1193	3685
1193	488
1193	1400
1193	3283
1193	2275
1193	452
1193	2363
1193	482
1193	707
1193	2533
1193	66
1193	4428
1193	295
1193	507
1193	2618
1193	1502
1193	2051
1193	4157
2569	960
2569	1262
2569	2177
2569	2243
4404	2647
4404	1764
4404	3734
4404	3296
4404	1373
1682	969
4457	4015
4457	606
4457	4465
4457	2007
4457	3785
4457	1349
4457	3284
4457	908
4457	3734
2485	1767
2485	3417
2485	969
2485	2254
2485	2638
1767	3417
1767	4336
1767	1800
3007	368
3007	3055
3007	34
3007	458
3007	3684
3007	550
3007	3379
3007	2979
3007	3493
3007	504
3007	4332
3007	2188
3007	3734
4485	2471
2729	4595
1344	2078
2573	847
2573	396
2573	2085
2573	172
2573	896
2573	4207
2573	3489
2573	1567
2573	2833
2573	1804
2573	1957
4551	1119
4551	625
4551	4347
4551	2808
4551	1347
4551	227
19	672
19	529
19	1781
19	1610
19	1598
19	4584
19	1071
19	4354
19	3611
19	4047
19	1804
2282	1551
2282	1607
2282	1461
2282	1349
2282	2833
2282	326
2282	122
2282	3425
2489	1551
2489	1607
2489	3832
2489	2833
2489	326
2489	3425
2360	3368
2278	4122
465	3125
465	427
465	1380
465	206
465	718
465	976
3040	3680
2584	2071
2584	144
2584	1461
2584	1643
2584	1013
1551	4618
1551	1528
1551	2294
1551	2281
1551	4429
4085	4392
4085	4595
2071	144
2071	1461
2071	4618
2071	1643
2071	1337
3120	2277
3120	4475
3120	4152
3120	3668
3120	3882
3120	138
3120	2838
144	1643
4015	3858
4015	2277
4015	2726
4015	3529
4015	1640
4015	577
4015	3703
4015	606
4015	3793
4015	3173
4015	1921
4015	3389
4015	2444
4015	3296
4015	2375
4015	558
4015	825
4015	3212
4015	3423
672	529
672	4584
672	1325
672	1071
672	4354
672	3611
672	2971
529	4011
529	2140
529	4584
529	1567
529	1071
529	4354
529	3611
529	3258
529	1878
529	1547
529	2378
3125	427
3125	718
3125	3073
1009	3500
1009	30
2953	1170
2953	3843
3091	4090
3091	1170
3091	1614
639	2734
639	753
639	161
639	128
639	2226
639	1689
1370	2419
1370	4011
1370	4071
1607	4289
1607	3427
1607	647
1607	687
1607	2632
1607	162
1607	3068
1607	1957
1607	3547
1607	3328
2419	3297
2419	4648
2419	2034
2419	878
553	1168
553	3140
553	1578
553	2979
553	1724
553	3679
553	4488
553	1567
553	4047
553	1734
553	601
553	2226
553	500
553	3891
1461	4618
1461	663
1461	2779
1461	3573
3500	2964
3500	1881
3500	1213
3500	3859
3500	30
3500	2070
3500	3284
1562	4020
1562	34
1562	550
1562	345
1562	1619
1562	138
1562	1288
1562	2745
1485	3779
1340	2138
1340	4058
1340	4269
1340	366
1340	4258
1340	4188
1340	2745
392	2647
392	3533
392	3077
392	2366
392	1347
392	2299
392	2993
918	2194
1224	191
1224	3039
1224	3502
1224	982
1224	3456
1224	4533
1224	3105
1224	949
1224	958
1224	2051
1224	2239
193	4338
2052	1930
2052	4266
2052	2420
2052	488
2052	3283
2052	969
2052	452
2052	2666
2052	2363
2052	707
2052	2533
2052	949
2052	295
2052	2452
4289	1207
4505	3859
4048	2314
4048	1580
4048	3662
1191	41
1191	3436
749	1640
2138	4058
2138	4020
2138	563
2138	3678
2138	4351
2138	1772
2138	172
2138	3692
2138	3824
2138	2875
2138	4392
2138	3638
2138	1738
2138	900
2138	445
2138	3299
2138	3793
2138	2200
2138	3843
2138	2334
2138	3197
2138	2651
2138	1619
2138	1337
2138	1747
2138	2340
2138	4204
2138	1272
4058	4257
4058	4020
4058	1434
4058	4454
4058	4392
4058	1738
4058	3843
4058	1619
4058	1288
4058	2637
4058	1877
2978	2458
4618	2779
4618	2413
4618	2226
3036	1280
2964	3524
2964	430
2964	1213
2964	30
2964	2070
2964	3284
2964	1379
3487	1097
3487	2510
3487	3424
3487	4347
3487	2226
4520	1097
4520	1168
4520	2510
4520	3013
4217	900
4217	3390
4217	138
252	3217
252	2866
252	847
252	1953
252	121
252	3530
252	139
252	1364
252	3427
252	2497
252	3424
252	1863
252	1512
252	352
252	2124
252	2763
252	2523
252	1002
252	3743
252	3642
252	2731
252	75
252	3316
252	4049
252	2703
3217	2716
3217	3612
3217	470
3217	2104
3217	2989
3217	686
3217	1871
3217	3627
3217	4273
2716	4645
48	4208
3762	4306
3762	2597
3762	314
2866	3214
2866	2277
2866	4090
2866	1610
2866	2510
2866	2919
2866	3389
2866	3296
2866	1599
1750	4607
1750	3622
1750	3813
1750	2895
1750	4292
1750	962
1750	3657
1750	1397
4607	3126
4607	1579
4607	4674
4607	2895
4607	2223
4607	1572
4607	3473
4607	4159
4607	4277
3622	2416
3622	2895
3622	2223
3622	815
3622	901
3885	3337
3912	3337
3912	2438
1659	632
1659	2515
3847	3690
732	1365
1930	3690
1930	2420
1930	488
1930	3283
1930	1889
1930	2275
1930	2363
1930	1561
1930	707
1930	2630
1930	4391
1930	2533
1930	551
1930	69
1930	295
1930	507
1930	2618
1930	1502
1930	2051
1930	2810
1930	3915
1930	4552
1930	4310
4422	1505
2194	66
1974	3638
4257	2527
2527	113
2527	3425
1858	4275
847	2510
847	1609
847	2195
847	4269
847	1375
847	3961
847	2245
847	2646
847	696
847	3373
847	3389
847	247
847	1121
847	4248
847	3780
847	3296
2463	2846
2463	3843
3873	2305
3873	3732
3690	3685
3690	1234
3690	295
4107	323
1809	3662
1834	744
1834	3220
1834	1154
1834	4305
1834	3106
1834	2871
1834	4011
1834	2003
1834	1110
1834	2678
1834	4145
1834	3335
1834	3379
1834	1532
1834	2198
1834	875
1834	2992
1834	2600
1834	4276
1834	4171
1834	105
1834	3740
1834	41
1834	1592
1834	1537
1834	4411
1834	357
1834	806
1834	901
1834	1204
1834	2486
1834	3436
1834	734
1834	2161
3214	41
3214	4348
3612	4475
3612	1302
3612	2104
1641	3106
1641	859
1641	3773
1641	3734
3858	543
3858	4163
3858	4012
3858	3635
3858	152
2603	4336
191	1167
191	2420
191	488
191	3575
191	3502
191	3283
191	452
191	2890
191	707
191	2533
191	551
191	17
191	295
191	958
191	2618
191	1502
191	2051
3769	1784
3769	627
3769	936
3769	1731
3769	4087
3769	3734
523	1781
523	960
523	1068
523	4392
523	709
523	1597
523	1369
523	2060
523	3328
3380	189
3380	1253
3380	1262
868	2786
868	2452
4554	1724
4554	4061
920	1579
920	3734
3417	4296
3405	4659
3405	3793
3405	3816
3405	233
4336	969
4336	1800
4460	3843
4460	598
4460	4428
2674	3331
2674	421
2674	3595
2674	3692
2674	3197
3331	2731
3199	1048
3199	551
4020	4605
4020	1619
1014	2271
1725	3734
4060	1434
1976	2585
1167	982
1167	580
1167	2618
4456	1804
3524	4269
3524	4483
3524	2424
3524	562
3524	4122
3524	3284
3524	1227
3524	2989
3524	1379
3524	4666
3524	289
3524	4335
512	982
1881	30
1881	2070
417	1262
1483	3850
1483	2125
3287	4368
4056	4595
4056	455
1174	2096
2277	280
2277	282
2277	3668
2277	3389
11	206
1781	1640
1781	4475
1781	1683
1781	234
1781	3389
1781	1337
1781	3734
1781	3296
1781	2047
1781	1525
4078	2096
744	1745
2258	3829
2258	2491
3829	2491
1745	4565
1745	292
1745	2223
1745	1524
1745	3209
414	3379
4612	4646
4612	1532
563	4090
563	3638
563	1738
2762	3055
2762	2003
2762	3723
3093	387
423	1978
423	1913
4169	1380
4169	632
4169	1579
4169	1871
4469	4303
4469	1349
4469	4346
4469	4144
4185	875
12	3843
2149	403
3522	960
2629	550
2629	1567
4090	368
4090	139
4090	3692
4090	3824
4090	2704
4090	1170
4090	4332
4090	2378
4090	162
4591	3703
4591	2808
4591	1728
4591	206
4591	2989
4591	1379
4591	4666
1097	92
1097	1683
1097	3734
1097	2005
1097	4338
4529	177
4529	2332
923	4195
2975	504
2244	2070
1197	2646
1197	4651
1355	4667
1355	1377
1355	3635
1355	221
1355	4177
1355	4604
1355	3734
1355	3296
1355	3603
1355	4244
2069	1110
2069	59
2069	2038
4034	2206
4034	1530
4034	3638
4034	1738
4034	1546
4034	1573
4034	4234
2825	4475
2825	2361
2825	2378
2734	4284
2734	4121
2734	128
780	345
780	131
1967	2947
1967	927
779	1288
779	3057
4659	396
4659	820
4659	3793
4659	3425
396	820
396	3793
396	3012
820	3793
3004	3943
3004	4155
4667	962
4667	4244
2830	3723
2830	3638
3550	1173
3550	1952
3550	1058
3550	4122
3550	2226
3550	689
4545	3529
4545	2458
4545	4392
4545	1738
4545	1366
4545	2365
4545	1397
312	1965
335	4011
335	345
2784	1369
1158	1385
2726	1567
884	1225
884	2294
1168	3767
1168	14
1168	2183
1168	584
1168	3291
1168	522
1168	3425
80	1121
80	3734
80	1258
80	4373
49	1610
49	3477
49	1293
49	1034
2423	86
3220	3573
309	4374
309	3734
309	3296
4101	2469
1230	969
1154	4475
1154	2458
1154	2146
1154	3082
1154	1747
1154	2937
1154	3734
1154	3296
1154	4244
121	4475
121	875
121	3779
188	3765
4351	3389
3840	2226
757	996
757	1898
757	3822
757	372
757	1561
757	864
757	2181
757	2530
3767	4323
3767	3692
3767	4326
3767	4392
3767	550
3767	1738
3767	4332
3767	2981
3767	2378
3767	4234
4142	3816
4142	233
2602	2530
2420	488
2420	3502
2420	982
2420	2533
2420	949
2420	551
2420	295
2420	958
2420	2618
2420	2051
2420	4552
4386	3581
4386	2653
3581	3137
3015	368
3015	458
3015	4326
3015	504
2935	1405
2935	295
2935	2810
1405	488
1405	295
1405	2618
1405	4536
3655	3393
3655	4454
3655	3784
3655	86
3655	1369
2078	3687
2078	3597
2078	4012
2078	3083
368	4475
368	3648
368	177
368	3692
368	458
368	2678
368	4070
368	4636
368	550
368	127
368	504
368	3921
368	4332
368	3011
368	2833
368	3780
1772	3692
1772	458
1772	504
1772	3573
669	2963
1385	4212
1385	2017
1385	1004
1385	3675
1048	114
1048	488
1048	1400
1048	694
1048	911
1048	2371
1048	2661
1048	482
1048	2895
1048	160
1048	295
1048	536
1048	1146
1048	1399
1048	2844
1048	2870
1048	3278
1048	3458
1048	1205
1048	1657
114	3502
114	982
4345	206
4345	4651
4345	4343
4345	3780
4345	1839
1798	1889
1798	794
1798	3826
2397	206
2397	3780
2397	1013
2397	686
1469	3502
3251	4614
3251	3105
3251	3389
3251	4338
3251	426
1992	205
2092	2271
2092	3456
2092	3654
1505	2861
1505	3742
4212	2017
4212	1004
4212	3675
4212	931
4212	2011
3685	66
1007	569
1007	933
1733	1789
3055	3128
3055	4269
3055	3692
3055	1614
3055	445
3055	4332
3055	2582
3055	3766
3055	3278
3112	4005
3529	4011
3529	4005
3529	2048
3529	3296
1431	4012
3609	3509
3609	2668
3609	2632
673	458
3687	3382
3687	2613
3687	2685
3687	1652
3687	3477
3687	2909
3687	2785
3687	3173
3687	1563
3687	768
3382	2410
3382	646
3382	1421
2710	4497
4497	2140
2613	4012
2613	4121
4576	3734
4319	113
488	3502
488	3934
488	982
488	2014
488	2435
488	1889
488	580
488	2829
488	2872
488	1506
488	2363
488	2890
488	4533
488	2257
488	401
488	949
488	551
488	2436
488	958
488	2051
488	2239
245	2873
245	2363
245	3922
245	2375
245	175
245	1911
245	3022
3589	1683
3589	3638
3589	2368
3589	2395
3589	110
3589	1796
3589	3058
3589	3212
1400	334
1400	3945
1400	3337
1400	2363
1400	2703
195	443
827	1314
827	202
2513	1314
2513	2612
2513	3832
2513	39
2513	3390
2513	3045
2513	3734
2513	3662
2163	2361
2163	3105
2163	3131
1140	4674
4315	1273
3643	1577
3360	4508
812	1323
812	1898
812	903
812	1337
812	3296
3232	1314
3232	3638
3232	1236
2861	1089
2861	295
3039	66
3039	1399
3039	2822
3039	1205
2741	1119
4027	4595
1016	1579
334	1293
334	1778
4525	4651
4525	3561
35	846
35	1952
35	2375
35	1860
34	1319
34	230
34	550
34	1737
34	3425
34	3061
34	3212
18	2366
18	230
3850	4133
430	4539
430	3648
430	1889
430	3379
430	1326
430	163
430	3291
430	3634
430	136
430	2648
430	2761
3516	470
92	1598
92	3633
92	1090
92	807
92	667
92	1507
92	2073
1979	372
1979	212
2926	1382
1815	1863
1815	601
311	1964
2941	2090
2941	982
2941	2271
4167	1314
4167	3077
3530	2366
3949	4512
3949	543
3949	4163
3949	1978
3949	4012
3949	321
3949	986
3949	1481
3949	2928
3949	152
3949	3773
3949	1964
3949	1739
3949	959
4512	3285
4512	1499
4512	1325
4512	1964
4512	1739
4512	4354
4512	4595
4512	1547
178	1567
178	2651
178	3425
2774	982
2774	707
2774	295
2774	1502
2774	205
3502	982
3502	3283
3502	2363
3502	707
3502	401
3502	2533
3502	551
3502	295
3502	2618
3502	1612
3502	2051
3502	2844
3502	4552
3934	2481
3934	66
3934	2844
1382	1468
1382	2491
421	3734
421	3787
4224	3796
4224	4374
4224	2909
4224	2444
4224	4502
1610	4011
1610	177
1610	3692
1610	3837
1610	282
1610	2308
1610	1347
1610	1286
1610	691
1150	4352
1150	1325
1150	1964
1150	959
1150	4354
1150	1878
1150	326
1150	1547
1150	2055
4125	206
1176	3069
1176	2384
1315	3379
1315	1366
1315	4099
1315	383
1315	1397
1315	2753
1315	3080
2469	66
2647	1683
2647	4611
2647	2101
2647	859
2647	2918
2647	2632
2647	962
2647	1525
2647	2691
3533	875
3533	1547
694	3337
694	66
960	1825
960	3547
960	3328
3442	122
3707	1726
2210	2963
1246	1314
1246	4646
1246	3077
846	1796
2945	3379
3249	2947
1151	4595
1314	4646
1314	1428
1314	3077
1314	4475
1314	4291
1314	2302
1314	2612
1314	1738
1314	1546
1314	2979
1314	39
1314	3081
1314	753
1314	4276
1314	2719
1314	3215
1314	86
1314	3978
1314	2444
1314	4502
1314	2580
1314	4168
1314	13
1314	2018
1314	4265
1314	4234
1292	1571
1292	3379
1292	875
1292	3734
1292	1902
443	3734
1235	3734
1235	2491
1235	3766
1378	3953
1378	3734
1378	594
2085	1625
2085	696
2085	4611
2085	3389
2085	1337
2085	2047
1119	707
1119	295
1119	3553
2410	4454
2410	4122
1219	4305
1219	47
1219	3619
1219	3684
4646	4475
4646	206
4646	3784
4646	3291
4646	2695
4646	3425
2851	1906
2090	982
2090	2452
2090	3662
1833	537
1833	1082
982	3283
982	2560
982	3566
982	1889
982	2363
982	482
982	2890
982	4533
982	4259
982	2533
982	949
982	551
982	17
982	295
982	2618
982	1502
982	2051
982	3915
982	4552
2685	3427
2685	2070
2685	609
2588	1408
2510	4011
2510	2979
2510	1724
2510	3635
2510	2226
2510	402
438	3389
802	1519
802	1627
4366	3627
1679	4651
3283	2271
3283	97
3283	2014
3283	2015
3283	2435
3283	2872
3283	3337
3283	2890
3283	4533
3283	401
3283	949
3283	551
3283	705
3283	2436
3283	295
3283	958
3283	2051
3283	2844
3106	177
3106	1293
3106	2727
3106	986
3106	4156
3106	1209
3106	57
3106	1440
3106	1337
3106	1537
3106	3734
3106	691
3106	734
3106	2161
1428	3077
1428	1936
1428	921
1428	1525
1789	1619
1789	475
1789	1821
1789	2749
2271	3958
2271	1751
2271	2895
2271	4338
2271	1631
2271	1775
4539	986
1640	97
1640	2779
1640	1202
1640	3456
1640	1185
1640	2153
1640	2765
1640	3876
1640	2375
1640	4449
1640	2735
1640	4234
4323	390
3020	797
3020	3780
3020	3296
3608	522
278	2146
4165	177
4165	1110
4165	2471
4165	647
4165	1982
4165	1262
1493	3734
1493	3296
549	2366
549	562
549	1121
549	3876
1652	1020
4417	1319
172	896
172	2646
172	1319
172	696
172	522
4057	4248
4057	407
4057	2404
369	3986
2481	4468
462	3179
462	2005
863	986
863	2668
863	3734
863	2814
863	3258
863	3318
863	3296
4051	2191
189	2458
189	3650
189	914
1609	2195
1609	3961
1609	2766
1609	247
1609	3547
2195	3961
2195	3703
2195	2766
2195	247
2195	3547
3924	3033
3033	2661
3033	3665
4475	2846
4475	991
4475	4326
4475	2678
4475	1611
4475	4207
4475	1546
4475	2087
4475	127
4475	266
4475	2835
4475	3679
4475	2765
4475	3013
4475	2675
4475	4196
4011	3619
4011	2956
4011	2146
4011	2854
4011	4284
4011	1952
4011	4225
4011	2306
4011	1567
4011	2226
4011	2378
4011	1509
2948	3619
2948	2226
3477	1898
3477	623
3477	4071
3477	4047
4269	2458
4269	4671
4269	1696
4269	3284
4269	247
4269	2107
390	4605
390	4225
390	1058
390	545
390	4122
390	1499
2846	2947
2846	3379
2846	4047
2846	861
2846	2736
4044	3379
4044	127
4044	3734
4044	3296
220	4450
220	3734
220	3296
3961	2766
3961	247
3961	961
82	177
82	687
82	504
896	3992
896	2646
896	696
896	1508
896	407
3923	2779
1234	4251
1372	2436
3833	3261
3833	507
2014	2829
2014	707
2014	2618
2014	2038
2013	3105
2015	2841
991	3837
991	3984
991	3148
991	110
2435	295
2715	1377
2443	2472
1255	3734
3483	4073
3619	4429
3619	14
3619	1567
3619	3425
2913	1279
2913	1627
2913	3209
2314	3456
2314	3439
2314	3235
139	206
139	4611
139	3780
1273	1898
1273	4374
1273	2610
1273	2632
1273	962
1273	298
79	3998
2108	1319
2108	3723
2108	623
2108	1337
2108	3734
2108	3212
497	1728
3648	504
3992	1440
3992	3960
3992	161
3992	4285
3992	976
3992	3207
3992	3904
3958	3456
3958	2363
3728	2146
3728	3734
3728	514
280	3668
2129	1293
2129	541
2129	1369
2129	3582
4580	4611
1356	1482
4353	2353
3796	4017
3796	1731
3796	4502
3796	1813
232	4595
232	3739
2245	3424
2245	1325
2245	990
2245	3387
4425	424
366	4258
366	3008
366	4611
366	2750
366	1442
366	2745
4258	3008
631	2124
3564	4454
3564	3379
3564	962
3564	2865
177	1293
177	3449
177	3379
177	875
177	2661
177	104
177	3424
177	30
177	1663
177	1183
177	588
177	782
177	3617
177	734
4415	3379
4415	1337
1473	3379
1473	4611
1473	2611
1293	3379
1293	875
1293	57
1293	859
1293	2632
2298	4462
2298	3567
4634	1726
4634	1369
4634	4517
4634	4274
454	3740
454	1489
454	3451
3393	2963
3393	1699
427	2779
1849	2947
3775	707
2206	4483
2206	1380
2206	3296
821	3617
625	1566
625	1347
625	4148
2947	4645
2947	2632
2947	2731
62	4392
62	3082
62	3296
62	1888
2697	2486
2697	2885
1791	375
1064	3680
2130	299
1138	2720
3692	458
3692	504
3692	1653
3692	3813
3692	2833
3692	2375
3692	3986
3692	3212
4645	86
4645	1446
3824	458
3824	3723
3824	4611
3824	3212
458	1614
458	4636
458	550
458	504
458	4632
458	2833
458	1081
458	3198
458	2786
458	976
2003	2600
2003	3742
1683	1598
1683	2779
1683	3337
1683	1511
1683	2101
1683	3215
1683	3235
1683	2005
1683	807
1683	667
1683	1280
1683	2226
1683	907
1683	1180
1683	1957
1683	2995
2646	3734
2646	3296
2646	962
3566	2188
1110	276
4483	30
4483	4155
4483	1379
4483	4666
4483	289
3837	3136
4114	1079
577	1034
2495	2808
2495	1567
2495	718
2495	3662
1530	3083
1530	1013
1530	3209
2727	2679
2727	3879
2727	1286
1380	2477
1380	345
1380	1512
2002	1731
2002	3662
1764	3734
1764	251
1764	1698
1764	2191
1434	86
1434	3573
1434	2305
1434	3207
437	86
4140	1347
4140	3425
1539	230
2366	1323
2366	1020
2366	3703
2366	2458
2366	4145
2366	1784
2366	482
2366	3615
2366	1619
2366	4335
2366	3309
2366	1226
2366	2143
2366	2876
2366	3803
2366	734
1323	1020
1323	3703
1323	2458
1323	2140
1323	4662
1323	206
1323	2918
1323	2989
1323	628
1323	1902
1323	2337
1020	3703
1020	2458
1020	1728
1020	2070
1020	2989
1020	2914
3703	2458
3703	4662
3703	206
3703	599
2458	3893
2458	1784
2458	900
2458	3493
2458	1728
2458	4662
2458	206
2458	2070
2458	4674
2458	4225
2458	3082
2458	627
2458	3215
2458	4087
2458	1227
2458	2989
2458	1958
2458	2288
2458	2822
2458	3087
4326	3984
4326	206
4326	3389
4326	4434
2704	3082
3597	473
3597	2491
3597	1280
3597	3425
3597	4459
2678	3379
2678	3534
2678	3725
606	2007
606	3282
606	2574
606	903
606	3284
606	1227
606	2989
606	1379
606	4666
606	908
606	1547
606	791
606	3110
3893	4159
1528	2294
1528	1369
2294	3756
2294	3773
2281	3773
2590	1567
2590	3413
1319	4188
282	4392
282	3638
282	1546
282	859
282	3463
282	4234
1889	1047
1889	3915
1889	4552
541	1369
2694	295
2694	4552
580	3355
580	707
580	295
580	958
580	1318
580	1502
580	1796
4565	1421
969	2638
969	1800
969	586
969	1227
969	1095
969	2060
969	3734
969	573
969	576
969	579
969	615
969	1079
969	1272
969	1376
1614	4392
1614	1058
1614	3503
1614	1337
350	3296
4005	2208
4005	445
4005	2191
600	206
1377	4207
1377	825
1377	1928
3841	1464
3920	2829
3323	562
2095	2808
2956	514
276	59
276	4047
543	4163
543	1978
543	4012
543	321
543	1578
543	1481
543	2928
543	3773
543	1964
543	1739
543	3734
543	1071
543	4354
4163	4012
4163	152
4163	598
4163	959
4163	3318
4163	3657
1978	4012
1978	152
1978	4595
1978	212
1978	2585
4012	321
4012	1578
4012	473
4012	2928
4012	152
4012	3773
4012	1964
4012	1739
4012	959
4012	3734
4012	1071
4012	1547
4012	2375
4012	1421
4012	2172
321	3379
321	1212
321	1173
321	152
321	1325
321	1964
321	1739
321	4595
4291	1952
4291	3591
1751	2051
4633	216
3749	913
4340	2808
4652	3425
2208	1347
2208	4611
2208	927
2208	4466
2254	1369
2254	3221
3804	4450
2146	4352
2146	4188
2146	2937
2146	2413
2146	2632
2146	2226
4450	1942
4450	2587
4450	2735
4462	4488
4462	2192
4207	696
4207	470
4207	2651
4207	3296
4207	2125
4207	3451
3756	3296
696	1567
696	2833
696	1804
696	1957
2873	4018
3141	3173
3141	3993
3373	4674
1942	861
230	100
230	1888
4429	234
4429	1952
4429	2842
4429	3425
4671	1948
2227	3688
2829	4118
2872	707
2872	295
2872	2618
2872	1880
2872	2394
1529	4198
243	86
911	2409
911	4393
4359	3411
3956	2808
3976	2012
2612	900
2612	3832
2612	39
2612	3390
2612	2580
2612	4285
2323	4595
1598	3235
459	562
3509	662
3509	3784
3509	1013
4590	192
4590	2810
4590	3739
996	1898
996	372
149	1898
149	372
1898	3822
1898	372
1898	3460
1898	3456
1898	632
1898	90
1898	3882
1898	1561
1898	2181
1898	2520
1898	2530
1898	247
2748	1928
3786	4285
3730	3224
3482	4595
3224	1728
2056	152
2056	1257
2320	1728
4333	372
4333	3379
4333	1805
3822	372
372	1728
372	1561
372	864
372	2181
372	2520
372	2530
372	3998
372	3731
372	1776
1934	104
1934	712
1934	2311
1934	1161
3818	2842
3996	2842
3043	3212
2767	86
1364	662
662	1481
662	1349
662	1592
662	2223
323	1932
323	4546
323	2766
2963	1213
2963	3282
2963	2574
2963	2070
2963	4335
2963	2491
986	3379
986	2804
986	1532
986	3322
986	875
986	632
986	1440
986	4296
3892	853
1676	2925
3030	4337
4156	3379
4156	2198
4156	875
1784	627
1784	936
1784	1731
1784	3152
2308	4465
2308	3998
2308	3573
4374	3131
4374	3296
4374	113
4374	2421
4374	2434
1948	1699
1948	1878
3427	152
3427	1811
3427	2232
4465	861
4465	2841
3684	2188
2007	3534
2007	3282
2007	2574
2007	903
2007	1227
2007	2989
2007	908
2007	3734
2007	3068
2007	3110
2779	3650
2779	3998
2779	921
2779	331
2779	4434
2779	734
4642	4595
4642	298
3618	3954
1965	4391
1965	2051
3272	3456
3272	4549
3988	1025
3083	524
1932	8
4152	4454
4152	1121
3557	2424
3557	4611
4454	4651
4454	2223
3650	3379
3650	3860
1025	3126
1025	4155
1025	3734
1025	212
1726	4231
1726	1369
1726	2940
1726	1904
4187	3723
4187	3638
4187	3212
2875	1717
4636	504
4392	3638
4392	875
4392	41
4392	4273
3723	1738
3723	2083
550	3638
550	4262
550	1738
550	504
550	3921
550	2833
550	1337
550	1878
550	3986
3638	1738
3638	1546
3638	3337
3638	4177
3638	2009
3638	4234
4262	504
4262	4632
1738	3734
1738	4635
1738	4234
4019	3379
2140	4584
2140	2909
2140	3011
2140	1878
4584	1325
4584	1878
4584	326
3785	3843
3785	861
1546	2009
3661	4496
1209	1532
1209	3389
1209	3734
1209	1204
1209	2161
14	584
14	4611
14	3450
3379	2804
3379	2198
3379	57
3379	632
3379	2471
3379	797
3379	1696
3379	4276
3379	4383
3379	2169
3379	1121
3379	2630
3379	41
3379	1592
3379	3734
3379	1034
3379	2455
3379	4285
3379	248
3379	342
3379	185
3379	277
3379	391
3379	901
3379	931
3379	1777
3379	2107
3379	3455
3379	2614
3379	2637
3379	3107
3379	3196
3379	3218
3379	3459
3379	3494
3379	4077
3379	3739
3379	3834
3379	3884
3379	3995
3379	4075
3379	4109
3379	4118
3379	4218
3379	4245
3379	4656
3379	4028
2610	1532
2610	875
2610	632
2610	3860
2804	875
2804	632
1532	875
1532	3456
1532	632
1532	1509
2198	1034
3322	3439
875	632
875	2471
875	3734
875	3662
3456	2363
3456	3439
3456	1592
3456	3296
3456	4007
3456	958
3456	3134
3456	3339
3456	3568
57	1537
57	3734
632	2471
632	2363
632	446
632	1599
632	1957
1578	152
1578	3611
2096	2661
2096	797
2096	3998
1491	1506
3293	3921
1800	807
1506	612
1506	295
2215	1567
2215	1180
1910	1302
2497	2306
3297	4648
3297	2034
3297	3328
4648	2034
1993	2060
2275	4110
2275	1632
2275	3261
2275	163
2275	3450
2275	551
2275	66
2275	2452
4110	1632
3261	4595
1331	3851
1331	4595
4452	2047
4231	2666
4231	3073
1207	1952
1207	3308
1207	2364
916	4365
2587	3662
1181	4155
1381	3278
452	2051
2368	1354
2368	544
2368	515
2368	3876
2992	4579
900	4347
900	39
900	3390
900	3209
2167	4000
2167	962
1566	4347
640	4347
1991	4347
4489	4347
1736	1911
1354	345
1354	1567
1354	2663
345	1812
345	3152
345	3292
2979	3780
2979	3079
2979	2047
2979	4321
1724	110
1724	3212
1042	66
84	470
1812	3425
190	3734
1326	2842
1326	3436
1326	4265
4055	30
4055	226
4055	160
4055	3357
4055	3235
4055	804
4055	2452
4055	1397
3515	599
3515	3192
3515	791
2310	4134
3534	3517
142	538
142	3423
2925	2424
104	1567
104	1161
925	3945
925	46
925	1761
1579	3945
1579	490
1579	651
1579	3989
3945	46
3945	2231
3945	4087
3945	2706
2066	2236
1850	2236
1850	3542
1850	247
1850	921
1850	4320
46	1761
4013	2424
3493	206
3493	1325
3493	2375
2087	2114
3832	39
3832	3390
3832	2580
1481	152
473	59
473	1567
473	1964
2666	584
3424	206
3424	584
3831	1408
2598	1121
725	3734
624	1440
1440	1499
1440	1325
1440	4595
1440	4413
3337	2363
3337	3105
3337	4259
3337	2533
3337	295
3337	2618
3337	3058
3337	3680
4347	3742
4347	1393
4347	2523
4347	3611
4347	1391
4347	1845
4347	3425
2363	2890
2363	707
2363	401
2363	949
2363	551
2363	2618
2363	2051
2363	3425
1245	3136
163	4651
163	3328
3984	1680
3922	3989
871	594
1464	988
1313	807
1203	206
482	707
482	295
482	2844
482	3061
1490	3734
3035	3734
3299	1619
3793	2600
234	2472
234	3816
234	233
234	4121
234	1955
234	1236
1185	1286
2890	707
2890	2533
2890	66
2890	2618
2890	2051
2890	4552
3635	470
3635	2047
3635	3425
3635	3791
1995	647
1995	687
647	687
647	2124
647	4611
647	1787
647	3368
647	4562
647	2047
687	1212
687	4605
687	1863
687	1787
687	1468
687	3368
687	4562
687	4325
687	2047
687	3547
687	3328
1065	1399
4458	2719
1066	2719
3567	3179
1212	4605
1212	1863
1212	1173
1212	2101
1212	1952
1212	4225
1212	1058
1212	545
1212	4122
1212	1499
1212	1468
1212	1957
1212	2728
1212	3425
1212	3026
4605	2101
4605	1468
4605	636
4605	3780
4605	4371
2183	86
2139	3389
2808	1796
2808	4661
2808	2541
2424	30
2424	562
2424	2812
2424	859
2424	1379
2424	3978
2424	289
909	3014
1728	4662
1728	206
1728	2070
1728	1227
1728	2989
1728	1379
1728	4666
1728	289
1728	1267
1713	2989
1713	289
3282	2070
3282	4666
3282	3110
2574	3773
2574	1379
2574	4666
2574	3110
903	4666
903	3110
30	3284
30	3734
30	3152
4662	206
4662	2070
4662	2989
4662	4155
4662	1379
4662	4666
4662	289
4662	4047
4662	1852
206	2070
206	2334
206	2989
206	4155
206	1379
206	4666
206	2523
206	289
206	1001
206	2731
206	637
2070	562
2070	3284
2070	1227
2070	2989
2070	888
2070	3209
562	4177
562	3284
562	4155
562	1379
562	4666
562	289
562	1101
562	4431
2658	3186
1905	4100
1905	3734
1905	212
135	3954
3954	1339
3954	2161
581	3734
3443	1996
3742	1021
3742	120
3177	789
39	3474
39	3390
39	3759
39	2580
39	4168
39	962
127	3784
127	584
127	4096
127	242
127	782
266	913
266	782
1996	2651
2835	1845
2835	3425
4288	2337
4288	3107
504	1593
504	4632
504	1468
504	4393
504	2833
504	3198
504	2786
504	976
504	1757
504	1780
4432	4533
1511	4611
1511	3291
4674	3734
4674	3296
1439	3773
1135	3105
1135	228
622	942
623	3876
623	4047
623	522
623	942
3362	3876
3362	2226
3489	1173
3489	1347
3489	1338
3489	962
3489	2119
1173	1338
1173	2101
1173	1952
1173	4225
1173	1058
1173	3226
1173	545
1173	4122
1173	1499
1173	1915
1173	1325
1173	1619
1173	2222
1173	962
1173	4413
1173	2226
1173	689
1349	736
1349	3816
1349	233
1349	3201
1347	2153
1347	2101
1347	1952
1347	4225
1347	1499
1347	2878
1347	2222
1347	4620
1347	314
1338	3000
1338	1915
1338	2226
3784	2919
3784	1567
3784	1369
3784	515
3784	1183
3784	1013
3784	2378
3273	584
3273	59
584	2153
584	2124
584	643
584	1567
584	1403
584	2632
584	2731
584	1183
1508	3969
1508	2731
1508	1804
609	2581
3668	161
2464	268
2464	1183
1519	2255
648	4651
648	2785
648	3724
202	3008
202	4611
202	3734
202	1878
202	2745
2457	3734
3081	859
3081	1121
753	2719
4188	765
4188	3679
4188	2679
4188	3851
4188	4611
4188	4121
1454	3011
1454	3813
1454	906
1454	1567
1454	2171
2218	2989
59	3518
59	545
59	1267
3816	233
3816	2918
3816	444
233	3473
96	4595
3008	1442
3008	2745
833	2906
833	3080
2928	152
2928	1468
2928	3773
4651	3173
4651	1283
4651	2104
4651	126
4651	2114
4651	3328
2200	1160
2200	2008
2785	2737
2785	2114
107	4656
1102	3734
4018	2822
2906	3080
1393	2395
4177	1121
2854	4284
2854	1499
4546	3734
797	1337
539	646
3390	247
3390	2937
3390	1547
3390	248
3173	699
352	705
152	3773
152	1964
152	1739
152	959
152	1071
152	4354
2488	848
2488	4284
2488	3679
2488	4611
2488	4670
2488	2530
2488	351
2488	73
2488	258
2488	878
4284	3679
4284	4611
4284	4670
4148	2124
4148	2377
4148	4670
4148	113
2124	2377
2124	2053
2124	3679
2124	1806
2124	1663
2377	212
2377	1911
2053	2128
765	3851
765	4121
3679	4611
3679	4121
2679	3851
2679	2763
2679	4611
2679	660
2679	4670
2679	4121
3851	2763
3851	4611
3851	660
3851	4121
2763	4611
2763	660
2763	4121
4611	660
4611	4670
4611	4121
4611	1567
4611	2940
4611	2739
4611	1482
4611	1078
4611	3766
4611	1401
4611	3058
660	4121
3843	240
3843	598
3843	3538
3843	4428
3843	2745
2009	4234
2101	4225
2101	1058
2101	545
2101	1499
2101	1468
2101	1302
2101	113
1952	1499
1952	636
1952	515
1952	3780
4225	1058
4225	113
4225	927
1058	1325
1058	3780
4670	4121
4121	1442
3148	643
3148	1258
3148	2008
3082	17
3725	3113
545	3826
4122	1325
4122	113
4122	2114
1499	1325
1499	3780
1499	326
1499	1804
1499	113
4332	3212
4017	936
4017	1731
627	936
627	1731
936	1731
936	4672
936	4087
936	3734
1731	4087
1731	3734
4632	1573
1442	3341
1442	3131
1442	4248
3341	1603
3284	2719
3284	4155
3284	1379
3284	4666
3284	289
3882	325
1561	66
1561	1502
3541	3389
3541	1399
1778	1637
3960	161
470	1567
470	1034
470	251
470	1509
598	3538
598	4428
1597	3734
3011	859
3011	113
4533	707
4533	2533
4533	949
4533	295
2765	4562
1240	1337
3538	4595
3538	3026
4488	3296
2020	3475
2020	507
4276	3662
1468	1367
2334	3389
2334	1888
1302	71
1090	2035
1090	378
1090	1147
2719	1759
2999	1637
2999	4572
2999	3346
2257	4649
2257	295
226	1567
853	2753
3813	1567
3813	859
3813	298
2192	859
2192	2895
906	1567
906	298
1567	2171
1567	4047
1567	2632
1567	3450
1567	2695
1567	2749
1567	3727
3225	3642
1366	1612
1366	3794
1366	1397
1403	3389
1403	3734
1403	3296
3179	794
3179	2237
3179	4517
3179	295
4393	3105
4393	4595
4393	66
3105	705
3105	295
859	1286
859	1946
2895	2722
3389	2955
3389	60
3389	4383
3389	2523
3389	2632
3389	2173
3389	2375
3389	1078
3389	2731
3389	2631
3215	2989
2955	60
2955	4383
60	4383
4171	2731
2169	2914
2169	3826
2035	378
2035	2580
2766	247
2766	2099
2766	3547
3131	3296
3131	3152
4071	1973
4071	3048
2668	3734
2668	3309
2668	185
2668	436
2668	525
2668	2307
2918	3734
128	347
128	689
707	705
707	958
707	2051
707	2452
707	3278
718	1957
247	3734
247	628
247	3198
247	3458
247	3547
247	3328
3773	3611
3773	1878
3773	1687
3773	1748
569	3868
569	1811
569	3068
569	3328
4672	1888
1770	375
3718	522
3503	2008
86	861
86	3532
86	4510
2651	3734
2651	2340
351	3425
4259	3061
1227	2989
1227	1379
1227	4666
1227	289
1227	3110
1227	3732
1369	2597
1369	2223
1369	3998
1369	1759
2989	4155
2989	1379
2989	4666
2989	2842
2989	2522
2989	3411
2989	4542
4155	4666
4155	1964
4155	3013
1973	2452
3291	3680
1121	3734
1121	347
1121	3860
1121	524
1379	908
1379	3110
1379	3209
4666	3734
4666	3296
4666	1003
4666	3209
4666	3990
636	630
28	1089
4275	1816
4275	3357
3868	407
4248	407
4248	2404
407	1915
407	4335
407	2404
407	2745
1563	3201
908	3734
908	3110
3419	3845
3419	3590
3845	3734
3845	3296
3845	3590
2523	2047
1936	212
1936	3425
2842	667
2842	2223
1002	2597
2048	4244
2060	961
2060	927
2060	4640
3602	371
3602	2055
3978	3657
8	2404
4176	3107
1325	4023
1325	4595
1325	1878
1325	494
1325	326
1325	1547
1325	4413
1325	2611
1325	2745
1619	913
4023	227
4023	2916
4023	4595
1337	3734
1337	3186
227	2916
227	326
227	1547
227	2017
227	3508
2916	1547
2916	2017
1964	1739
1964	326
1964	375
1964	1257
1964	2283
1739	4354
1739	3611
2937	3734
2937	3296
1537	734
1537	2161
611	2662
3734	2249
3734	1811
3734	1950
3734	2017
3734	1001
3734	1078
3734	4428
3734	2115
3734	717
3734	277
3734	804
3734	1674
3734	2421
3734	2434
3734	2467
3734	2585
3734	3037
3734	3134
3734	3152
3734	3627
3734	3547
2814	524
2814	2585
946	3296
401	2533
401	2237
401	295
401	2618
401	1502
401	2051
401	3121
401	4552
2878	962
2222	4047
2222	4413
1071	4354
4354	3611
3611	3079
3611	3132
3611	2047
2086	3296
3235	3203
3235	682
3235	686
3235	970
3235	1361
3235	3278
2507	1746
2533	551
2533	507
2533	958
2533	2051
2533	2239
807	667
4047	2731
4047	3425
4047	3826
792	2883
418	2226
418	4370
108	981
4595	1734
4595	1663
4595	3450
4595	1572
4595	2611
4595	4579
4595	175
4595	336
4595	666
4595	806
4595	931
4595	1265
4595	1401
4595	1693
4595	1825
4595	1891
4595	1927
4595	1928
4595	2329
4595	3107
4595	3327
4595	3584
4595	4077
4595	3995
4595	4092
4595	4150
4595	1397
2237	1796
3780	3450
3780	1001
3780	637
3780	825
2444	4502
2444	2375
4502	861
3642	1871
861	4251
949	295
949	2618
949	2051
949	3915
4348	1262
2580	4168
2413	3573
1034	829
3258	3318
3258	1878
3258	494
3258	326
3318	1878
3318	326
3318	1547
3318	3512
1878	494
1878	326
1878	1547
1878	3512
1878	2745
494	326
494	1547
494	2632
326	1547
326	921
1547	3512
1547	4198
2632	3296
3296	1950
3296	2375
3296	2593
3296	3860
3296	2631
3296	717
3296	4204
3296	277
3296	524
3296	525
3296	1411
3296	1698
3296	1845
3296	1957
3296	2099
3296	2421
3296	2434
3296	3425
3296	2753
3296	4234
3787	4434
962	2223
962	2780
962	4099
962	921
962	1612
962	1680
962	4451
264	2
264	4328
1663	3662
4522	2047
4522	825
4620	2047
4620	967
2223	3239
2375	113
2375	2047
2375	2356
4251	712
4251	2311
712	2311
1089	1535
1089	2758
1089	295
1089	3358
3691	3491
3491	2468
2491	3766
2491	4459
298	3755
2395	2695
2695	2047
2695	1957
4235	66
2017	2011
3998	4431
2780	2810
628	120
212	1226
212	1803
212	1819
212	1846
212	1880
212	1947
212	2284
1043	375
3504	375
375	4120
1078	2378
1078	3425
384	3074
551	295
551	958
551	1117
551	2618
551	2051
551	4552
2731	1286
2731	2226
2731	2047
4579	4325
3117	4325
1286	4496
1286	1397
2226	689
2226	4370
2226	3826
3573	2378
3573	813
1804	2378
1804	1525
705	295
705	2618
705	2038
66	295
66	1175
66	1971
66	2722
66	3278
66	3553
4338	804
4338	2324
113	2522
113	1525
113	2722
3860	1717
1147	1524
1147	1741
1147	3657
3634	162
4112	3192
4112	2722
599	791
913	782
268	2631
268	1748
2631	1183
1183	3425
242	3060
2745	2378
4099	2047
4099	1839
4099	3794
4099	4658
4099	2753
2521	3203
3192	791
3192	3561
1535	2722
4657	3012
4657	1310
2758	2293
2758	2011
2758	3080
2293	3080
2436	295
2436	2618
4204	4242
2378	3061
2378	4511
5	3328
17	2239
1852	3662
2255	1793
921	3662
69	1502
122	1904
162	967
165	2047
207	1420
219	2285
279	398
295	958
295	2051
295	2452
295	2844
295	2877
295	3061
295	3553
295	4536
295	205
361	3448
371	3278
2047	1305
2047	1780
2047	3680
455	3669
466	3072
480	3401
507	4575
507	3527
548	1956
548	2051
558	1668
618	2604
656	2622
693	1262
699	1698
804	4394
825	1957
825	3425
828	2161
829	2434
894	2038
901	2284
927	2038
927	3995
931	1120
958	2618
958	2051
978	4310
1003	1524
1011	1262
1047	1777
1079	3005
1175	4265
1243	3579
1243	2968
1258	4459
1333	1397
2618	2051
2618	2844
1391	2172
1391	2749
1399	3155
1502	2051
1502	2877
1599	2817
1612	3794
1612	4394
1612	383
1612	1397
1612	2753
1612	3080
1662	3134
1662	4552
1668	3423
1698	3627
1717	3652
1803	4371
1927	2770
1957	3425
1958	3061
2021	3794
2021	4510
2051	3553
2051	3915
2051	4552
2073	3791
3794	4552
3794	383
3794	1397
3794	2753
3794	3080
2229	2968
2239	4552
2594	2690
2614	3657
2614	3683
2781	3425
2790	2903
2790	3061
3556	3425
3425	3089
3425	3262
3425	4536
2844	2870
2844	4552
2863	3397
2898	3436
2908	3218
2914	3099
2970	3662
3061	3527
3134	4552
3239	4569
3239	4656
3277	3662
3327	299
3590	3791
3680	3826
3748	4244
4150	3423
4510	1397
3547	3328
1640	231
1931	231
1347	231
584	231
3291	231
2047	231
507	231
3742	1413
1769	3699
398	3699
3049	3699
2070	137
4148	358
2138	2655
4058	2655
1858	1239
4073	1239
2489	3863
1355	3863
4611	3863
718	3863
3425	3863
4611	91
3389	91
1097	3115
4034	3115
4475	3115
1683	3115
276	3115
1347	3115
59	3115
3389	3115
2114	3115
3080	3115
1964	45
3734	45
206	2994
4651	2994
3780	2994
206	3434
4612	4132
1158	4132
1580	4132
4450	4132
473	4132
511	4132
3296	4132
931	4132
3591	4132
206	1822
4595	1822
202	1638
2695	1638
4253	1638
206	1701
1314	1655
177	1655
2651	1655
2988	1655
3780	1655
1110	285
3379	285
206	2524
3113	2524
561	891
1353	891
4011	891
177	891
4611	891
1325	891
4595	891
1878	891
326	891
1547	891
3425	891
1412	471
1193	471
2469	471
507	471
4099	3051
368	1215
189	1215
1380	1215
3412	1215
3389	793
4079	1131
1965	272
4087	1412
2573	889
4015	889
2294	889
696	889
2140	889
14	889
1349	889
584	889
4611	889
2573	2958
1530	2958
696	2958
3362	2958
3148	2958
3389	2958
1013	2958
2378	2958
2047	2958
2952	3415
2866	3415
245	3415
4185	679
2366	679
4392	679
4674	679
3734	679
3998	679
2183	210
3257	210
1321	210
3448	210
2507	924
2706	924
807	924
4061	924
2047	924
2489	3704
3308	3704
1288	1514
1193	4494
191	4494
2420	4494
3502	4494
982	4494
482	4494
4533	4494
2051	4494
3690	4080
2837	1478
2978	1478
2872	1407
2584	1841
2913	337
1800	337
4231	337
1789	294
813	294
1888	294
2646	1581
4611	1581
3972	1581
1315	4664
1121	4664
3068	4664
2458	450
3108	1136
3721	546
2973	546
2952	546
2584	546
2071	546
144	546
1643	546
2973	3721
2584	3721
2071	3721
144	3721
1643	3721
2047	3721
2952	2973
2584	2973
2071	2973
144	2973
1355	2973
1643	2973
4011	2973
1692	2973
2584	2952
2071	2952
3724	2952
4472	404
962	404
4433	3461
1732	3461
3380	3461
4374	3461
1121	3461
3296	3461
1399	3461
11	4433
2397	4433
4553	2671
4523	2671
1618	2671
3992	2671
230	2671
3734	2671
3955	111
4523	4553
1447	4553
406	1869
2078	1869
4112	1869
3692	4523
4645	4523
3824	4523
458	4523
4392	4523
345	4523
3921	4523
1952	4523
4173	4523
162	4523
4335	406
175	406
1403	3955
2287	3664
2866	3664
847	3664
3214	3664
1815	3664
1764	3664
4326	3664
3424	3664
903	3664
4303	3664
470	3664
86	3664
3779	3664
3611	3664
2413	3664
1326	2142
1070	3264
3425	3264
1930	4675
488	4675
982	4675
2618	4675
2051	4675
206	287
3688	287
3172	2160
3880	2160
561	2160
2490	2160
3880	3172
561	3172
2490	3172
561	3880
2490	3880
252	3880
3214	3880
718	3880
3431	1940
230	1940
1948	1940
3212	499
2090	649
4611	649
1692	649
553	2341
3039	1260
862	3377
553	862
2458	4016
1852	3607
921	3607
4314	1022
4611	370
1179	370
4067	370
4434	370
562	1053
2490	561
3799	561
2489	561
2278	561
3214	561
335	561
3655	561
2647	561
1473	561
2208	561
4429	561
3427	561
14	561
4662	561
2835	561
59	561
4225	561
718	561
3734	561
3427	2490
4595	2490
1385	2335
4212	2335
1640	2335
172	2335
896	2335
2017	2335
726	2939
1683	4558
407	3372
1167	4680
4590	4680
295	4680
1117	4680
3003	4680
1048	3062
61	3431
1772	3431
62	3431
3824	3431
458	3431
4070	3431
1347	3431
59	3431
4121	3431
2334	3431
2451	3431
1888	3431
172	2362
2658	1732
744	2606
3272	607
3456	607
3108	2996
4649	2996
2124	4598
828	4598
1600	4568
1745	4568
900	4568
1600	4669
1750	4669
1863	4669
3657	4669
4411	269
1600	3208
3500	3208
749	3208
1750	3208
4607	3208
1745	3208
1966	3208
3767	3208
1640	3208
1279	3208
3728	3208
2254	3208
4207	3208
1898	3208
1948	3208
4454	3208
3650	3208
1025	3208
900	3208
2363	3208
30	3208
4651	3208
2299	3208
3357	3208
3296	3208
962	3208
921	3208
521	3208
1003	3208
1421	3208
2604	3208
2865	3208
2957	3208
3436	3208
4159	3208
4443	3208
3900	1432
1607	1432
2945	1432
1338	1432
161	1432
2020	1432
4522	1432
3292	1432
3331	1600
4454	629
2299	629
3209	629
140	3855
4156	3855
3379	3855
3351	1026
3553	3189
3108	2407
2536	3108
2111	3108
2315	3108
3040	3108
2194	3108
3522	3108
572	3108
2613	3108
2945	3108
2123	3108
3600	3108
2646	3108
2353	3108
1020	3108
2678	3108
3841	3108
321	3108
3456	3108
2666	3108
4143	3108
2199	3108
2332	3108
2153	3108
2377	3108
1774	3108
1499	3108
2171	3108
4171	3108
3291	3108
1121	3108
4666	3108
3274	3108
2222	3108
4595	3108
3375	3108
3642	3108
4649	3108
2631	3108
2521	3108
74	3108
70	3108
970	3108
1079	3108
1447	3108
1467	3108
1633	3108
1752	3108
1779	3108
2040	3108
2050	3108
2051	3108
3794	3108
2157	3108
3455	3108
2269	3108
2324	3108
2437	3108
2467	3108
2637	3108
3001	3108
3413	3108
3448	3108
3473	3108
3739	3108
3745	3108
3948	3108
4273	3108
4617	3108
1888	3108
2536	4532
2536	542
4548	3306
2536	3306
2578	3306
0	3306
2536	4548
2668	4548
4595	4548
950	2536
2578	2536
0	2536
1	2536
2578	950
0	950
0	2578
1930	2567
2420	2567
507	2567
2111	140
4107	140
4112	140
3972	140
2573	4621
4612	4621
2935	1840
2582	1840
875	4135
707	217
2438	217
206	2106
847	2287
3609	2287
3077	2287
4011	2287
3427	2287
4152	2287
163	2287
1689	2287
2243	2287
4091	2287
2138	2136
1314	2136
2208	2136
3362	2136
3734	2136
4595	2136
2395	2136
2695	2136
2047	2136
3780	3195
61	1332
1562	1332
372	1332
3638	1332
3742	1332
584	1332
1454	2111
4488	2111
3813	2111
2192	2111
906	2111
1567	2111
2171	2111
2895	2111
66	2111
804	2111
1791	2793
1043	2793
3504	2793
375	2793
4120	2793
553	951
1772	951
458	951
504	951
177	1885
718	1885
569	1885
4439	432
2646	432
3308	432
2368	3900
2955	3900
3597	2315
2146	2315
3742	2315
3734	2315
3318	2315
3296	2315
1280	2315
1709	2315
3662	2315
803	1353
4554	1353
3077	1353
745	1353
733	1353
753	1353
3734	1353
108	1353
4348	1353
3623	803
4554	803
827	803
960	803
745	803
3818	803
733	803
167	803
1653	803
3125	2317
553	3054
3734	1451
548	1451
3129	3799
639	3799
430	3799
3427	3799
4127	3799
4651	3799
2842	3799
3328	3799
2458	2837
2844	2837
390	2887
1508	2887
1090	2887
2035	2887
378	2887
2580	2887
476	721
1379	4574
3524	1348
2458	1348
2808	1348
206	1348
2070	1348
2989	1348
2569	4655
86	4655
488	1386
4207	1769
1567	1769
2245	1596
1625	1596
1246	61
1314	61
4475	61
2947	61
3845	61
3398	61
4028	61
1888	61
504	4088
3835	4088
1314	1384
424	1384
3063	1384
4520	2640
430	2640
2199	2640
4394	2640
3500	508
2070	508
3477	3129
2842	3129
1472	3129
4056	4254
625	4254
3824	4254
1847	4254
1535	4254
2957	4254
3563	4254
3379	3159
185	3159
1035	1336
3379	1055
19	1762
529	1762
2140	1762
4584	1762
2052	1193
191	1193
2420	1193
114	1193
3685	1193
488	1193
1400	1193
3283	1193
2275	1193
452	1193
2363	1193
482	1193
707	1193
2533	1193
66	1193
4428	1193
295	1193
507	1193
2618	1193
1502	1193
2051	1193
4157	1193
960	2569
1262	2569
2177	2569
2243	2569
2647	4404
1764	4404
3734	4404
3296	4404
1373	4404
969	1682
4015	4457
606	4457
4465	4457
2007	4457
3785	4457
1349	4457
3284	4457
908	4457
3734	4457
1767	2485
3417	2485
969	2485
2254	2485
2638	2485
3417	1767
4336	1767
1800	1767
368	3007
3055	3007
34	3007
458	3007
3684	3007
550	3007
3379	3007
2979	3007
3493	3007
504	3007
4332	3007
2188	3007
3734	3007
2471	4485
4595	2729
2078	1344
847	2573
396	2573
2085	2573
172	2573
896	2573
4207	2573
3489	2573
1567	2573
2833	2573
1804	2573
1957	2573
1119	4551
625	4551
4347	4551
2808	4551
1347	4551
227	4551
672	19
529	19
1781	19
1610	19
1598	19
4584	19
1071	19
4354	19
3611	19
4047	19
1804	19
1551	2282
1607	2282
1461	2282
1349	2282
2833	2282
326	2282
122	2282
3425	2282
1551	2489
1607	2489
3832	2489
2833	2489
326	2489
3425	2489
3368	2360
4122	2278
3125	465
427	465
1380	465
206	465
718	465
976	465
3680	3040
2071	2584
144	2584
1461	2584
1643	2584
1013	2584
4618	1551
1528	1551
2294	1551
2281	1551
4429	1551
4392	4085
4595	4085
144	2071
1461	2071
4618	2071
1643	2071
1337	2071
2277	3120
4475	3120
4152	3120
3668	3120
3882	3120
138	3120
2838	3120
1643	144
3858	4015
2277	4015
2726	4015
3529	4015
1640	4015
577	4015
3703	4015
606	4015
3793	4015
3173	4015
1921	4015
3389	4015
2444	4015
3296	4015
2375	4015
558	4015
825	4015
3212	4015
3423	4015
529	672
4584	672
1325	672
1071	672
4354	672
3611	672
2971	672
4011	529
2140	529
4584	529
1567	529
1071	529
4354	529
3611	529
3258	529
1878	529
1547	529
2378	529
427	3125
718	3125
3073	3125
3500	1009
30	1009
1170	2953
3843	2953
4090	3091
1170	3091
1614	3091
2734	639
753	639
161	639
128	639
2226	639
1689	639
2419	1370
4011	1370
4071	1370
4289	1607
3427	1607
647	1607
687	1607
2632	1607
162	1607
3068	1607
1957	1607
3547	1607
3328	1607
3297	2419
4648	2419
2034	2419
878	2419
1168	553
3140	553
1578	553
2979	553
1724	553
3679	553
4488	553
1567	553
4047	553
1734	553
601	553
2226	553
500	553
3891	553
4618	1461
663	1461
2779	1461
3573	1461
2964	3500
1881	3500
1213	3500
3859	3500
30	3500
2070	3500
3284	3500
4020	1562
34	1562
550	1562
345	1562
1619	1562
138	1562
1288	1562
2745	1562
3779	1485
2138	1340
4058	1340
4269	1340
366	1340
4258	1340
4188	1340
2745	1340
2647	392
3533	392
3077	392
2366	392
1347	392
2299	392
2993	392
2194	918
191	1224
3039	1224
3502	1224
982	1224
3456	1224
4533	1224
3105	1224
949	1224
958	1224
2051	1224
2239	1224
4338	193
1930	2052
4266	2052
2420	2052
488	2052
3283	2052
969	2052
452	2052
2666	2052
2363	2052
707	2052
2533	2052
949	2052
295	2052
2452	2052
1207	4289
3859	4505
2314	4048
1580	4048
3662	4048
41	1191
3436	1191
1640	749
4058	2138
4020	2138
563	2138
3678	2138
4351	2138
1772	2138
172	2138
3692	2138
3824	2138
2875	2138
4392	2138
3638	2138
1738	2138
900	2138
445	2138
3299	2138
3793	2138
2200	2138
3843	2138
2334	2138
3197	2138
2651	2138
1619	2138
1337	2138
1747	2138
2340	2138
4204	2138
1272	2138
4257	4058
4020	4058
1434	4058
4454	4058
4392	4058
1738	4058
3843	4058
1619	4058
1288	4058
2637	4058
1877	4058
2458	2978
2779	4618
2413	4618
2226	4618
1280	3036
3524	2964
430	2964
1213	2964
30	2964
2070	2964
3284	2964
1379	2964
1097	3487
2510	3487
3424	3487
4347	3487
2226	3487
1097	4520
1168	4520
2510	4520
3013	4520
900	4217
3390	4217
138	4217
3217	252
2866	252
847	252
1953	252
121	252
3530	252
139	252
1364	252
3427	252
2497	252
3424	252
1863	252
1512	252
352	252
2124	252
2763	252
2523	252
1002	252
3743	252
3642	252
2731	252
75	252
3316	252
4049	252
2703	252
2716	3217
3612	3217
470	3217
2104	3217
2989	3217
686	3217
1871	3217
3627	3217
4273	3217
4645	2716
4208	48
4306	3762
2597	3762
314	3762
3214	2866
2277	2866
4090	2866
1610	2866
2510	2866
2919	2866
3389	2866
3296	2866
1599	2866
4607	1750
3622	1750
3813	1750
2895	1750
4292	1750
962	1750
3657	1750
1397	1750
3126	4607
1579	4607
4674	4607
2895	4607
2223	4607
1572	4607
3473	4607
4159	4607
4277	4607
2416	3622
2895	3622
2223	3622
815	3622
901	3622
3337	3885
3337	3912
2438	3912
632	1659
2515	1659
3690	3847
1365	732
3690	1930
2420	1930
488	1930
3283	1930
1889	1930
2275	1930
2363	1930
1561	1930
707	1930
2630	1930
4391	1930
2533	1930
551	1930
69	1930
295	1930
507	1930
2618	1930
1502	1930
2051	1930
2810	1930
3915	1930
4552	1930
4310	1930
1505	4422
66	2194
3638	1974
2527	4257
113	2527
3425	2527
4275	1858
2510	847
1609	847
2195	847
4269	847
1375	847
3961	847
2245	847
2646	847
696	847
3373	847
3389	847
247	847
1121	847
4248	847
3780	847
3296	847
2846	2463
3843	2463
2305	3873
3732	3873
3685	3690
1234	3690
295	3690
323	4107
3662	1809
744	1834
3220	1834
1154	1834
4305	1834
3106	1834
2871	1834
4011	1834
2003	1834
1110	1834
2678	1834
4145	1834
3335	1834
3379	1834
1532	1834
2198	1834
875	1834
2992	1834
2600	1834
4276	1834
4171	1834
105	1834
3740	1834
41	1834
1592	1834
1537	1834
4411	1834
357	1834
806	1834
901	1834
1204	1834
2486	1834
3436	1834
734	1834
2161	1834
41	3214
4348	3214
4475	3612
1302	3612
2104	3612
3106	1641
859	1641
3773	1641
3734	1641
543	3858
4163	3858
4012	3858
3635	3858
152	3858
4336	2603
1167	191
2420	191
488	191
3575	191
3502	191
3283	191
452	191
2890	191
707	191
2533	191
551	191
17	191
295	191
958	191
2618	191
1502	191
2051	191
1784	3769
627	3769
936	3769
1731	3769
4087	3769
3734	3769
1781	523
960	523
1068	523
4392	523
709	523
1597	523
1369	523
2060	523
3328	523
189	3380
1253	3380
1262	3380
2786	868
2452	868
1724	4554
4061	4554
1579	920
3734	920
4296	3417
4659	3405
3793	3405
3816	3405
233	3405
969	4336
1800	4336
3843	4460
598	4460
4428	4460
3331	2674
421	2674
3595	2674
3692	2674
3197	2674
2731	3331
1048	3199
551	3199
4605	4020
1619	4020
2271	1014
3734	1725
1434	4060
2585	1976
982	1167
580	1167
2618	1167
1804	4456
4269	3524
4483	3524
2424	3524
562	3524
4122	3524
3284	3524
1227	3524
2989	3524
1379	3524
4666	3524
289	3524
4335	3524
982	512
30	1881
2070	1881
1262	417
3850	1483
2125	1483
4368	3287
4595	4056
455	4056
2096	1174
280	2277
282	2277
3668	2277
3389	2277
206	11
1640	1781
4475	1781
1683	1781
234	1781
3389	1781
1337	1781
3734	1781
3296	1781
2047	1781
1525	1781
2096	4078
1745	744
3829	2258
2491	2258
2491	3829
4565	1745
292	1745
2223	1745
1524	1745
3209	1745
3379	414
4646	4612
1532	4612
4090	563
3638	563
1738	563
3055	2762
2003	2762
3723	2762
387	3093
1978	423
1913	423
1380	4169
632	4169
1579	4169
1871	4169
4303	4469
1349	4469
4346	4469
4144	4469
875	4185
3843	12
403	2149
960	3522
550	2629
1567	2629
368	4090
139	4090
3692	4090
3824	4090
2704	4090
1170	4090
4332	4090
2378	4090
162	4090
3703	4591
2808	4591
1728	4591
206	4591
2989	4591
1379	4591
4666	4591
92	1097
1683	1097
3734	1097
2005	1097
4338	1097
177	4529
2332	4529
4195	923
504	2975
2070	2244
2646	1197
4651	1197
4667	1355
1377	1355
3635	1355
221	1355
4177	1355
4604	1355
3734	1355
3296	1355
3603	1355
4244	1355
1110	2069
59	2069
2038	2069
2206	4034
1530	4034
3638	4034
1738	4034
1546	4034
1573	4034
4234	4034
4475	2825
2361	2825
2378	2825
4284	2734
4121	2734
128	2734
345	780
131	780
2947	1967
927	1967
1288	779
3057	779
396	4659
820	4659
3793	4659
3425	4659
820	396
3793	396
3012	396
3793	820
3943	3004
4155	3004
962	4667
4244	4667
3723	2830
3638	2830
1173	3550
1952	3550
1058	3550
4122	3550
2226	3550
689	3550
3529	4545
2458	4545
4392	4545
1738	4545
1366	4545
2365	4545
1397	4545
1965	312
4011	335
345	335
1369	2784
1385	1158
1567	2726
1225	884
2294	884
3767	1168
14	1168
2183	1168
584	1168
3291	1168
522	1168
3425	1168
1121	80
3734	80
1258	80
4373	80
1610	49
3477	49
1293	49
1034	49
86	2423
3573	3220
4374	309
3734	309
3296	309
2469	4101
969	1230
4475	1154
2458	1154
2146	1154
3082	1154
1747	1154
2937	1154
3734	1154
3296	1154
4244	1154
4475	121
875	121
3779	121
3765	188
3389	4351
2226	3840
996	757
1898	757
3822	757
372	757
1561	757
864	757
2181	757
2530	757
4323	3767
3692	3767
4326	3767
4392	3767
550	3767
1738	3767
4332	3767
2981	3767
2378	3767
4234	3767
3816	4142
233	4142
2530	2602
488	2420
3502	2420
982	2420
2533	2420
949	2420
551	2420
295	2420
958	2420
2618	2420
2051	2420
4552	2420
3581	4386
2653	4386
3137	3581
368	3015
458	3015
4326	3015
504	3015
1405	2935
295	2935
2810	2935
488	1405
295	1405
2618	1405
4536	1405
3393	3655
4454	3655
3784	3655
86	3655
1369	3655
3687	2078
3597	2078
4012	2078
3083	2078
4475	368
3648	368
177	368
3692	368
458	368
2678	368
4070	368
4636	368
550	368
127	368
504	368
3921	368
4332	368
3011	368
2833	368
3780	368
3692	1772
458	1772
504	1772
3573	1772
2963	669
4212	1385
2017	1385
1004	1385
3675	1385
114	1048
488	1048
1400	1048
694	1048
911	1048
2371	1048
2661	1048
482	1048
2895	1048
160	1048
295	1048
536	1048
1146	1048
1399	1048
2844	1048
2870	1048
3278	1048
3458	1048
1205	1048
1657	1048
3502	114
982	114
206	4345
4651	4345
4343	4345
3780	4345
1839	4345
1889	1798
794	1798
3826	1798
206	2397
3780	2397
1013	2397
686	2397
3502	1469
4614	3251
3105	3251
3389	3251
4338	3251
426	3251
205	1992
2271	2092
3456	2092
3654	2092
2861	1505
3742	1505
2017	4212
1004	4212
3675	4212
931	4212
2011	4212
66	3685
569	1007
933	1007
1789	1733
3128	3055
4269	3055
3692	3055
1614	3055
445	3055
4332	3055
2582	3055
3766	3055
3278	3055
4005	3112
4011	3529
4005	3529
2048	3529
3296	3529
4012	1431
3509	3609
2668	3609
2632	3609
458	673
3382	3687
2613	3687
2685	3687
1652	3687
3477	3687
2909	3687
2785	3687
3173	3687
1563	3687
768	3687
2410	3382
646	3382
1421	3382
4497	2710
2140	4497
4012	2613
4121	2613
3734	4576
113	4319
3502	488
3934	488
982	488
2014	488
2435	488
1889	488
580	488
2829	488
2872	488
1506	488
2363	488
2890	488
4533	488
2257	488
401	488
949	488
551	488
2436	488
958	488
2051	488
2239	488
2873	245
2363	245
3922	245
2375	245
175	245
1911	245
3022	245
1683	3589
3638	3589
2368	3589
2395	3589
110	3589
1796	3589
3058	3589
3212	3589
334	1400
3945	1400
3337	1400
2363	1400
2703	1400
443	195
1314	827
202	827
1314	2513
2612	2513
3832	2513
39	2513
3390	2513
3045	2513
3734	2513
3662	2513
2361	2163
3105	2163
3131	2163
4674	1140
1273	4315
1577	3643
4508	3360
1323	812
1898	812
903	812
1337	812
3296	812
1314	3232
3638	3232
1236	3232
1089	2861
295	2861
66	3039
1399	3039
2822	3039
1205	3039
1119	2741
4595	4027
1579	1016
1293	334
1778	334
4651	4525
3561	4525
846	35
1952	35
2375	35
1860	35
1319	34
230	34
550	34
1737	34
3425	34
3061	34
3212	34
2366	18
230	18
4133	3850
4539	430
3648	430
1889	430
3379	430
1326	430
163	430
3291	430
3634	430
136	430
2648	430
2761	430
470	3516
1598	92
3633	92
1090	92
807	92
667	92
1507	92
2073	92
372	1979
212	1979
1382	2926
1863	1815
601	1815
1964	311
2090	2941
982	2941
2271	2941
1314	4167
3077	4167
2366	3530
4512	3949
543	3949
4163	3949
1978	3949
4012	3949
321	3949
986	3949
1481	3949
2928	3949
152	3949
3773	3949
1964	3949
1739	3949
959	3949
3285	4512
1499	4512
1325	4512
1964	4512
1739	4512
4354	4512
4595	4512
1547	4512
1567	178
2651	178
3425	178
982	2774
707	2774
295	2774
1502	2774
205	2774
982	3502
3283	3502
2363	3502
707	3502
401	3502
2533	3502
551	3502
295	3502
2618	3502
1612	3502
2051	3502
2844	3502
4552	3502
2481	3934
66	3934
2844	3934
1468	1382
2491	1382
3734	421
3787	421
3796	4224
4374	4224
2909	4224
2444	4224
4502	4224
4011	1610
177	1610
3692	1610
3837	1610
282	1610
2308	1610
1347	1610
1286	1610
691	1610
4352	1150
1325	1150
1964	1150
959	1150
4354	1150
1878	1150
326	1150
1547	1150
2055	1150
206	4125
3069	1176
2384	1176
3379	1315
1366	1315
4099	1315
383	1315
1397	1315
2753	1315
3080	1315
66	2469
1683	2647
4611	2647
2101	2647
859	2647
2918	2647
2632	2647
962	2647
1525	2647
2691	2647
875	3533
1547	3533
3337	694
66	694
1825	960
3547	960
3328	960
122	3442
1726	3707
2963	2210
1314	1246
4646	1246
3077	1246
1796	846
3379	2945
2947	3249
4595	1151
4646	1314
1428	1314
3077	1314
4475	1314
4291	1314
2302	1314
2612	1314
1738	1314
1546	1314
2979	1314
39	1314
3081	1314
753	1314
4276	1314
2719	1314
3215	1314
86	1314
3978	1314
2444	1314
4502	1314
2580	1314
4168	1314
13	1314
2018	1314
4265	1314
4234	1314
1571	1292
3379	1292
875	1292
3734	1292
1902	1292
3734	443
3734	1235
2491	1235
3766	1235
3953	1378
3734	1378
594	1378
1625	2085
696	2085
4611	2085
3389	2085
1337	2085
2047	2085
707	1119
295	1119
3553	1119
4454	2410
4122	2410
4305	1219
47	1219
3619	1219
3684	1219
4475	4646
206	4646
3784	4646
3291	4646
2695	4646
3425	4646
1906	2851
982	2090
2452	2090
3662	2090
537	1833
1082	1833
3283	982
2560	982
3566	982
1889	982
2363	982
482	982
2890	982
4533	982
4259	982
2533	982
949	982
551	982
17	982
295	982
2618	982
1502	982
2051	982
3915	982
4552	982
3427	2685
2070	2685
609	2685
1408	2588
4011	2510
2979	2510
1724	2510
3635	2510
2226	2510
402	2510
3389	438
1519	802
1627	802
3627	4366
4651	1679
2271	3283
97	3283
2014	3283
2015	3283
2435	3283
2872	3283
3337	3283
2890	3283
4533	3283
401	3283
949	3283
551	3283
705	3283
2436	3283
295	3283
958	3283
2051	3283
2844	3283
177	3106
1293	3106
2727	3106
986	3106
4156	3106
1209	3106
57	3106
1440	3106
1337	3106
1537	3106
3734	3106
691	3106
734	3106
2161	3106
3077	1428
1936	1428
921	1428
1525	1428
1619	1789
475	1789
1821	1789
2749	1789
3958	2271
1751	2271
2895	2271
4338	2271
1631	2271
1775	2271
986	4539
97	1640
2779	1640
1202	1640
3456	1640
1185	1640
2153	1640
2765	1640
3876	1640
2375	1640
4449	1640
2735	1640
4234	1640
390	4323
797	3020
3780	3020
3296	3020
522	3608
2146	278
177	4165
1110	4165
2471	4165
647	4165
1982	4165
1262	4165
3734	1493
3296	1493
2366	549
562	549
1121	549
3876	549
1020	1652
1319	4417
896	172
2646	172
1319	172
696	172
522	172
4248	4057
407	4057
2404	4057
3986	369
4468	2481
3179	462
2005	462
986	863
2668	863
3734	863
2814	863
3258	863
3318	863
3296	863
2191	4051
2458	189
3650	189
914	189
2195	1609
3961	1609
2766	1609
247	1609
3547	1609
3961	2195
3703	2195
2766	2195
247	2195
3547	2195
3033	3924
2661	3033
3665	3033
2846	4475
991	4475
4326	4475
2678	4475
1611	4475
4207	4475
1546	4475
2087	4475
127	4475
266	4475
2835	4475
3679	4475
2765	4475
3013	4475
2675	4475
4196	4475
3619	4011
2956	4011
2146	4011
2854	4011
4284	4011
1952	4011
4225	4011
2306	4011
1567	4011
2226	4011
2378	4011
1509	4011
3619	2948
2226	2948
1898	3477
623	3477
4071	3477
4047	3477
2458	4269
4671	4269
1696	4269
3284	4269
247	4269
2107	4269
4605	390
4225	390
1058	390
545	390
4122	390
1499	390
2947	2846
3379	2846
4047	2846
861	2846
2736	2846
3379	4044
127	4044
3734	4044
3296	4044
4450	220
3734	220
3296	220
2766	3961
247	3961
961	3961
177	82
687	82
504	82
3992	896
2646	896
696	896
1508	896
407	896
2779	3923
4251	1234
2436	1372
3261	3833
507	3833
2829	2014
707	2014
2618	2014
2038	2014
3105	2013
2841	2015
3837	991
3984	991
3148	991
110	991
295	2435
1377	2715
2472	2443
3734	1255
4073	3483
4429	3619
14	3619
1567	3619
3425	3619
1279	2913
1627	2913
3209	2913
3456	2314
3439	2314
3235	2314
206	139
4611	139
3780	139
1898	1273
4374	1273
2610	1273
2632	1273
962	1273
298	1273
3998	79
1319	2108
3723	2108
623	2108
1337	2108
3734	2108
3212	2108
1728	497
504	3648
1440	3992
3960	3992
161	3992
4285	3992
976	3992
3207	3992
3904	3992
3456	3958
2363	3958
2146	3728
3734	3728
514	3728
3668	280
1293	2129
541	2129
1369	2129
3582	2129
4611	4580
1482	1356
2353	4353
4017	3796
1731	3796
4502	3796
1813	3796
4595	232
3739	232
3424	2245
1325	2245
990	2245
3387	2245
424	4425
4258	366
3008	366
4611	366
2750	366
1442	366
2745	366
3008	4258
2124	631
4454	3564
3379	3564
962	3564
2865	3564
1293	177
3449	177
3379	177
875	177
2661	177
104	177
3424	177
30	177
1663	177
1183	177
588	177
782	177
3617	177
734	177
3379	4415
1337	4415
3379	1473
4611	1473
2611	1473
3379	1293
875	1293
57	1293
859	1293
2632	1293
4462	2298
3567	2298
1726	4634
1369	4634
4517	4634
4274	4634
3740	454
1489	454
3451	454
2963	3393
1699	3393
2779	427
2947	1849
707	3775
4483	2206
1380	2206
3296	2206
3617	821
1566	625
1347	625
4148	625
4645	2947
2632	2947
2731	2947
4392	62
3082	62
3296	62
1888	62
2486	2697
2885	2697
375	1791
3680	1064
299	2130
2720	1138
458	3692
504	3692
1653	3692
3813	3692
2833	3692
2375	3692
3986	3692
3212	3692
86	4645
1446	4645
458	3824
3723	3824
4611	3824
3212	3824
1614	458
4636	458
550	458
504	458
4632	458
2833	458
1081	458
3198	458
2786	458
976	458
2600	2003
3742	2003
1598	1683
2779	1683
3337	1683
1511	1683
2101	1683
3215	1683
3235	1683
2005	1683
807	1683
667	1683
1280	1683
2226	1683
907	1683
1180	1683
1957	1683
2995	1683
3734	2646
3296	2646
962	2646
2188	3566
276	1110
30	4483
4155	4483
1379	4483
4666	4483
289	4483
3136	3837
1079	4114
1034	577
2808	2495
1567	2495
718	2495
3662	2495
3083	1530
1013	1530
3209	1530
2679	2727
3879	2727
1286	2727
2477	1380
345	1380
1512	1380
1731	2002
3662	2002
3734	1764
251	1764
1698	1764
2191	1764
86	1434
3573	1434
2305	1434
3207	1434
86	437
1347	4140
3425	4140
230	1539
1323	2366
1020	2366
3703	2366
2458	2366
4145	2366
1784	2366
482	2366
3615	2366
1619	2366
4335	2366
3309	2366
1226	2366
2143	2366
2876	2366
3803	2366
734	2366
1020	1323
3703	1323
2458	1323
2140	1323
4662	1323
206	1323
2918	1323
2989	1323
628	1323
1902	1323
2337	1323
3703	1020
2458	1020
1728	1020
2070	1020
2989	1020
2914	1020
2458	3703
4662	3703
206	3703
599	3703
3893	2458
1784	2458
900	2458
3493	2458
1728	2458
4662	2458
206	2458
2070	2458
4674	2458
4225	2458
3082	2458
627	2458
3215	2458
4087	2458
1227	2458
2989	2458
1958	2458
2288	2458
2822	2458
3087	2458
3984	4326
206	4326
3389	4326
4434	4326
3082	2704
473	3597
2491	3597
1280	3597
3425	3597
4459	3597
3379	2678
3534	2678
3725	2678
2007	606
3282	606
2574	606
903	606
3284	606
1227	606
2989	606
1379	606
4666	606
908	606
1547	606
791	606
3110	606
4159	3893
2294	1528
1369	1528
3756	2294
3773	2294
3773	2281
1567	2590
3413	2590
4188	1319
4392	282
3638	282
1546	282
859	282
3463	282
4234	282
1047	1889
3915	1889
4552	1889
1369	541
295	2694
4552	2694
3355	580
707	580
295	580
958	580
1318	580
1502	580
1796	580
1421	4565
2638	969
1800	969
586	969
1227	969
1095	969
2060	969
3734	969
573	969
576	969
579	969
615	969
1079	969
1272	969
1376	969
4392	1614
1058	1614
3503	1614
1337	1614
3296	350
2208	4005
445	4005
2191	4005
206	600
4207	1377
825	1377
1928	1377
1464	3841
2829	3920
562	3323
2808	2095
514	2956
59	276
4047	276
4163	543
1978	543
4012	543
321	543
1578	543
1481	543
2928	543
3773	543
1964	543
1739	543
3734	543
1071	543
4354	543
4012	4163
152	4163
598	4163
959	4163
3318	4163
3657	4163
4012	1978
152	1978
4595	1978
212	1978
2585	1978
321	4012
1578	4012
473	4012
2928	4012
152	4012
3773	4012
1964	4012
1739	4012
959	4012
3734	4012
1071	4012
1547	4012
2375	4012
1421	4012
2172	4012
3379	321
1212	321
1173	321
152	321
1325	321
1964	321
1739	321
4595	321
1952	4291
3591	4291
2051	1751
216	4633
913	3749
2808	4340
3425	4652
1347	2208
4611	2208
927	2208
4466	2208
1369	2254
3221	2254
4450	3804
4352	2146
4188	2146
2937	2146
2413	2146
2632	2146
2226	2146
1942	4450
2587	4450
2735	4450
4488	4462
2192	4462
696	4207
470	4207
2651	4207
3296	4207
2125	4207
3451	4207
3296	3756
1567	696
2833	696
1804	696
1957	696
4018	2873
3173	3141
3993	3141
4674	3373
861	1942
100	230
1888	230
234	4429
1952	4429
2842	4429
3425	4429
1948	4671
3688	2227
4118	2829
707	2872
295	2872
2618	2872
1880	2872
2394	2872
4198	1529
86	243
2409	911
4393	911
3411	4359
2808	3956
2012	3976
900	2612
3832	2612
39	2612
3390	2612
2580	2612
4285	2612
4595	2323
3235	1598
562	459
662	3509
3784	3509
1013	3509
192	4590
2810	4590
3739	4590
1898	996
372	996
1898	149
372	149
3822	1898
372	1898
3460	1898
3456	1898
632	1898
90	1898
3882	1898
1561	1898
2181	1898
2520	1898
2530	1898
247	1898
1928	2748
4285	3786
3224	3730
4595	3482
1728	3224
152	2056
1257	2056
1728	2320
372	4333
3379	4333
1805	4333
372	3822
1728	372
1561	372
864	372
2181	372
2520	372
2530	372
3998	372
3731	372
1776	372
104	1934
712	1934
2311	1934
1161	1934
2842	3818
2842	3996
3212	3043
86	2767
662	1364
1481	662
1349	662
1592	662
2223	662
1932	323
4546	323
2766	323
1213	2963
3282	2963
2574	2963
2070	2963
4335	2963
2491	2963
3379	986
2804	986
1532	986
3322	986
875	986
632	986
1440	986
4296	986
853	3892
2925	1676
4337	3030
3379	4156
2198	4156
875	4156
627	1784
936	1784
1731	1784
3152	1784
4465	2308
3998	2308
3573	2308
3131	4374
3296	4374
113	4374
2421	4374
2434	4374
1699	1948
1878	1948
152	3427
1811	3427
2232	3427
861	4465
2841	4465
2188	3684
3534	2007
3282	2007
2574	2007
903	2007
1227	2007
2989	2007
908	2007
3734	2007
3068	2007
3110	2007
3650	2779
3998	2779
921	2779
331	2779
4434	2779
734	2779
4595	4642
298	4642
3954	3618
4391	1965
2051	1965
3456	3272
4549	3272
1025	3988
524	3083
8	1932
4454	4152
1121	4152
2424	3557
4611	3557
4651	4454
2223	4454
3379	3650
3860	3650
3126	1025
4155	1025
3734	1025
212	1025
4231	1726
1369	1726
2940	1726
1904	1726
3723	4187
3638	4187
3212	4187
1717	2875
504	4636
3638	4392
875	4392
41	4392
4273	4392
1738	3723
2083	3723
3638	550
4262	550
1738	550
504	550
3921	550
2833	550
1337	550
1878	550
3986	550
1738	3638
1546	3638
3337	3638
4177	3638
2009	3638
4234	3638
504	4262
4632	4262
3734	1738
4635	1738
4234	1738
3379	4019
4584	2140
2909	2140
3011	2140
1878	2140
1325	4584
1878	4584
326	4584
3843	3785
861	3785
2009	1546
4496	3661
1532	1209
3389	1209
3734	1209
1204	1209
2161	1209
584	14
4611	14
3450	14
2804	3379
2198	3379
57	3379
632	3379
2471	3379
797	3379
1696	3379
4276	3379
4383	3379
2169	3379
1121	3379
2630	3379
41	3379
1592	3379
3734	3379
1034	3379
2455	3379
4285	3379
248	3379
342	3379
185	3379
277	3379
391	3379
901	3379
931	3379
1777	3379
2107	3379
3455	3379
2614	3379
2637	3379
3107	3379
3196	3379
3218	3379
3459	3379
3494	3379
4077	3379
3739	3379
3834	3379
3884	3379
3995	3379
4075	3379
4109	3379
4118	3379
4218	3379
4245	3379
4656	3379
4028	3379
1532	2610
875	2610
632	2610
3860	2610
875	2804
632	2804
875	1532
3456	1532
632	1532
1509	1532
1034	2198
3439	3322
632	875
2471	875
3734	875
3662	875
2363	3456
3439	3456
1592	3456
3296	3456
4007	3456
958	3456
3134	3456
3339	3456
3568	3456
1537	57
3734	57
2471	632
2363	632
446	632
1599	632
1957	632
152	1578
3611	1578
2661	2096
797	2096
3998	2096
1506	1491
3921	3293
807	1800
612	1506
295	1506
1567	2215
1180	2215
1302	1910
2306	2497
4648	3297
2034	3297
3328	3297
2034	4648
2060	1993
4110	2275
1632	2275
3261	2275
163	2275
3450	2275
551	2275
66	2275
2452	2275
1632	4110
4595	3261
3851	1331
4595	1331
2047	4452
2666	4231
3073	4231
1952	1207
3308	1207
2364	1207
4365	916
3662	2587
4155	1181
3278	1381
2051	452
1354	2368
544	2368
515	2368
3876	2368
4579	2992
4347	900
39	900
3390	900
3209	900
4000	2167
962	2167
4347	1566
4347	640
4347	1991
4347	4489
1911	1736
345	1354
1567	1354
2663	1354
1812	345
3152	345
3292	345
3780	2979
3079	2979
2047	2979
4321	2979
110	1724
3212	1724
66	1042
470	84
3425	1812
3734	190
2842	1326
3436	1326
4265	1326
30	4055
226	4055
160	4055
3357	4055
3235	4055
804	4055
2452	4055
1397	4055
599	3515
3192	3515
791	3515
4134	2310
3517	3534
538	142
3423	142
2424	2925
1567	104
1161	104
3945	925
46	925
1761	925
3945	1579
490	1579
651	1579
3989	1579
46	3945
2231	3945
4087	3945
2706	3945
2236	2066
2236	1850
3542	1850
247	1850
921	1850
4320	1850
1761	46
2424	4013
206	3493
1325	3493
2375	3493
2114	2087
39	3832
3390	3832
2580	3832
152	1481
59	473
1567	473
1964	473
584	2666
206	3424
584	3424
1408	3831
1121	2598
3734	725
1440	624
1499	1440
1325	1440
4595	1440
4413	1440
2363	3337
3105	3337
4259	3337
2533	3337
295	3337
2618	3337
3058	3337
3680	3337
3742	4347
1393	4347
2523	4347
3611	4347
1391	4347
1845	4347
3425	4347
2890	2363
707	2363
401	2363
949	2363
551	2363
2618	2363
2051	2363
3425	2363
3136	1245
4651	163
3328	163
1680	3984
3989	3922
594	871
988	1464
807	1313
206	1203
707	482
295	482
2844	482
3061	482
3734	1490
3734	3035
1619	3299
2600	3793
2472	234
3816	234
233	234
4121	234
1955	234
1236	234
1286	1185
707	2890
2533	2890
66	2890
2618	2890
2051	2890
4552	2890
470	3635
2047	3635
3425	3635
3791	3635
647	1995
687	1995
687	647
2124	647
4611	647
1787	647
3368	647
4562	647
2047	647
1212	687
4605	687
1863	687
1787	687
1468	687
3368	687
4562	687
4325	687
2047	687
3547	687
3328	687
1399	1065
2719	4458
2719	1066
3179	3567
4605	1212
1863	1212
1173	1212
2101	1212
1952	1212
4225	1212
1058	1212
545	1212
4122	1212
1499	1212
1468	1212
1957	1212
2728	1212
3425	1212
3026	1212
2101	4605
1468	4605
636	4605
3780	4605
4371	4605
86	2183
3389	2139
1796	2808
4661	2808
2541	2808
30	2424
562	2424
2812	2424
859	2424
1379	2424
3978	2424
289	2424
3014	909
4662	1728
206	1728
2070	1728
1227	1728
2989	1728
1379	1728
4666	1728
289	1728
1267	1728
2989	1713
289	1713
2070	3282
4666	3282
3110	3282
3773	2574
1379	2574
4666	2574
3110	2574
4666	903
3110	903
3284	30
3734	30
3152	30
206	4662
2070	4662
2989	4662
4155	4662
1379	4662
4666	4662
289	4662
4047	4662
1852	4662
2070	206
2334	206
2989	206
4155	206
1379	206
4666	206
2523	206
289	206
1001	206
2731	206
637	206
562	2070
3284	2070
1227	2070
2989	2070
888	2070
3209	2070
4177	562
3284	562
4155	562
1379	562
4666	562
289	562
1101	562
4431	562
3186	2658
4100	1905
3734	1905
212	1905
3954	135
1339	3954
2161	3954
3734	581
1996	3443
1021	3742
120	3742
789	3177
3474	39
3390	39
3759	39
2580	39
4168	39
962	39
3784	127
584	127
4096	127
242	127
782	127
913	266
782	266
2651	1996
1845	2835
3425	2835
2337	4288
3107	4288
1593	504
4632	504
1468	504
4393	504
2833	504
3198	504
2786	504
976	504
1757	504
1780	504
4533	4432
4611	1511
3291	1511
3734	4674
3296	4674
3773	1439
3105	1135
228	1135
942	622
3876	623
4047	623
522	623
942	623
3876	3362
2226	3362
1173	3489
1347	3489
1338	3489
962	3489
2119	3489
1338	1173
2101	1173
1952	1173
4225	1173
1058	1173
3226	1173
545	1173
4122	1173
1499	1173
1915	1173
1325	1173
1619	1173
2222	1173
962	1173
4413	1173
2226	1173
689	1173
736	1349
3816	1349
233	1349
3201	1349
2153	1347
2101	1347
1952	1347
4225	1347
1499	1347
2878	1347
2222	1347
4620	1347
314	1347
3000	1338
1915	1338
2226	1338
2919	3784
1567	3784
1369	3784
515	3784
1183	3784
1013	3784
2378	3784
584	3273
59	3273
2153	584
2124	584
643	584
1567	584
1403	584
2632	584
2731	584
1183	584
3969	1508
2731	1508
1804	1508
2581	609
161	3668
268	2464
1183	2464
2255	1519
4651	648
2785	648
3724	648
3008	202
4611	202
3734	202
1878	202
2745	202
3734	2457
859	3081
1121	3081
2719	753
765	4188
3679	4188
2679	4188
3851	4188
4611	4188
4121	4188
3011	1454
3813	1454
906	1454
1567	1454
2171	1454
2989	2218
3518	59
545	59
1267	59
233	3816
2918	3816
444	3816
3473	233
4595	96
1442	3008
2745	3008
2906	833
3080	833
152	2928
1468	2928
3773	2928
3173	4651
1283	4651
2104	4651
126	4651
2114	4651
3328	4651
1160	2200
2008	2200
2737	2785
2114	2785
4656	107
3734	1102
2822	4018
3080	2906
2395	1393
1121	4177
4284	2854
1499	2854
3734	4546
1337	797
646	539
247	3390
2937	3390
1547	3390
248	3390
699	3173
705	352
3773	152
1964	152
1739	152
959	152
1071	152
4354	152
848	2488
4284	2488
3679	2488
4611	2488
4670	2488
2530	2488
351	2488
73	2488
258	2488
878	2488
3679	4284
4611	4284
4670	4284
2124	4148
2377	4148
4670	4148
113	4148
2377	2124
2053	2124
3679	2124
1806	2124
1663	2124
212	2377
1911	2377
2128	2053
3851	765
4121	765
4611	3679
4121	3679
3851	2679
2763	2679
4611	2679
660	2679
4670	2679
4121	2679
2763	3851
4611	3851
660	3851
4121	3851
4611	2763
660	2763
4121	2763
660	4611
4670	4611
4121	4611
1567	4611
2940	4611
2739	4611
1482	4611
1078	4611
3766	4611
1401	4611
3058	4611
4121	660
240	3843
598	3843
3538	3843
4428	3843
2745	3843
4234	2009
4225	2101
1058	2101
545	2101
1499	2101
1468	2101
1302	2101
113	2101
1499	1952
636	1952
515	1952
3780	1952
1058	4225
113	4225
927	4225
1325	1058
3780	1058
4121	4670
1442	4121
643	3148
1258	3148
2008	3148
17	3082
3113	3725
3826	545
1325	4122
113	4122
2114	4122
1325	1499
3780	1499
326	1499
1804	1499
113	1499
3212	4332
936	4017
1731	4017
936	627
1731	627
1731	936
4672	936
4087	936
3734	936
4087	1731
3734	1731
1573	4632
3341	1442
3131	1442
4248	1442
1603	3341
2719	3284
4155	3284
1379	3284
4666	3284
289	3284
325	3882
66	1561
1502	1561
3389	3541
1399	3541
1637	1778
161	3960
1567	470
1034	470
251	470
1509	470
3538	598
4428	598
3734	1597
859	3011
113	3011
707	4533
2533	4533
949	4533
295	4533
4562	2765
1337	1240
4595	3538
3026	3538
3296	4488
3475	2020
507	2020
3662	4276
1367	1468
3389	2334
1888	2334
71	1302
2035	1090
378	1090
1147	1090
1759	2719
1637	2999
4572	2999
3346	2999
4649	2257
295	2257
1567	226
2753	853
1567	3813
859	3813
298	3813
859	2192
2895	2192
1567	906
298	906
2171	1567
4047	1567
2632	1567
3450	1567
2695	1567
2749	1567
3727	1567
3642	3225
1612	1366
3794	1366
1397	1366
3389	1403
3734	1403
3296	1403
794	3179
2237	3179
4517	3179
295	3179
3105	4393
4595	4393
66	4393
705	3105
295	3105
1286	859
1946	859
2722	2895
2955	3389
60	3389
4383	3389
2523	3389
2632	3389
2173	3389
2375	3389
1078	3389
2731	3389
2631	3389
2989	3215
60	2955
4383	2955
4383	60
2731	4171
2914	2169
3826	2169
378	2035
2580	2035
247	2766
2099	2766
3547	2766
3296	3131
3152	3131
1973	4071
3048	4071
3734	2668
3309	2668
185	2668
436	2668
525	2668
2307	2668
3734	2918
347	128
689	128
705	707
958	707
2051	707
2452	707
3278	707
1957	718
3734	247
628	247
3198	247
3458	247
3547	247
3328	247
3611	3773
1878	3773
1687	3773
1748	3773
3868	569
1811	569
3068	569
3328	569
1888	4672
375	1770
522	3718
2008	3503
861	86
3532	86
4510	86
3734	2651
2340	2651
3425	351
3061	4259
2989	1227
1379	1227
4666	1227
289	1227
3110	1227
3732	1227
2597	1369
2223	1369
3998	1369
1759	1369
4155	2989
1379	2989
4666	2989
2842	2989
2522	2989
3411	2989
4542	2989
4666	4155
1964	4155
3013	4155
2452	1973
3680	3291
3734	1121
347	1121
3860	1121
524	1121
908	1379
3110	1379
3209	1379
3734	4666
3296	4666
1003	4666
3209	4666
3990	4666
630	636
1089	28
1816	4275
3357	4275
407	3868
407	4248
2404	4248
1915	407
4335	407
2404	407
2745	407
3201	1563
3734	908
3110	908
3845	3419
3590	3419
3734	3845
3296	3845
3590	3845
2047	2523
212	1936
3425	1936
667	2842
2223	2842
2597	1002
4244	2048
961	2060
927	2060
4640	2060
371	3602
2055	3602
3657	3978
2404	8
3107	4176
4023	1325
4595	1325
1878	1325
494	1325
326	1325
1547	1325
4413	1325
2611	1325
2745	1325
913	1619
227	4023
2916	4023
4595	4023
3734	1337
3186	1337
2916	227
326	227
1547	227
2017	227
3508	227
1547	2916
2017	2916
1739	1964
326	1964
375	1964
1257	1964
2283	1964
4354	1739
3611	1739
3734	2937
3296	2937
734	1537
2161	1537
2662	611
2249	3734
1811	3734
1950	3734
2017	3734
1001	3734
1078	3734
4428	3734
2115	3734
717	3734
277	3734
804	3734
1674	3734
2421	3734
2434	3734
2467	3734
2585	3734
3037	3734
3134	3734
3152	3734
3627	3734
3547	3734
524	2814
2585	2814
3296	946
2533	401
2237	401
295	401
2618	401
1502	401
2051	401
3121	401
4552	401
962	2878
4047	2222
4413	2222
4354	1071
3611	4354
3079	3611
3132	3611
2047	3611
3296	2086
3203	3235
682	3235
686	3235
970	3235
1361	3235
3278	3235
1746	2507
551	2533
507	2533
958	2533
2051	2533
2239	2533
667	807
2731	4047
3425	4047
3826	4047
2883	792
2226	418
4370	418
981	108
1734	4595
1663	4595
3450	4595
1572	4595
2611	4595
4579	4595
175	4595
336	4595
666	4595
806	4595
931	4595
1265	4595
1401	4595
1693	4595
1825	4595
1891	4595
1927	4595
1928	4595
2329	4595
3107	4595
3327	4595
3584	4595
4077	4595
3995	4595
4092	4595
4150	4595
1397	4595
1796	2237
3450	3780
1001	3780
637	3780
825	3780
4502	2444
2375	2444
861	4502
1871	3642
4251	861
295	949
2618	949
2051	949
3915	949
1262	4348
4168	2580
3573	2413
829	1034
3318	3258
1878	3258
494	3258
326	3258
1878	3318
326	3318
1547	3318
3512	3318
494	1878
326	1878
1547	1878
3512	1878
2745	1878
326	494
1547	494
2632	494
1547	326
921	326
3512	1547
4198	1547
3296	2632
1950	3296
2375	3296
2593	3296
3860	3296
2631	3296
717	3296
4204	3296
277	3296
524	3296
525	3296
1411	3296
1698	3296
1845	3296
1957	3296
2099	3296
2421	3296
2434	3296
3425	3296
2753	3296
4234	3296
4434	3787
2223	962
2780	962
4099	962
921	962
1612	962
1680	962
4451	962
2	264
4328	264
3662	1663
2047	4522
825	4522
2047	4620
967	4620
3239	2223
113	2375
2047	2375
2356	2375
712	4251
2311	4251
2311	712
1535	1089
2758	1089
295	1089
3358	1089
3491	3691
2468	3491
3766	2491
4459	2491
3755	298
2695	2395
2047	2695
1957	2695
66	4235
2011	2017
4431	3998
2810	2780
120	628
1226	212
1803	212
1819	212
1846	212
1880	212
1947	212
2284	212
375	1043
375	3504
4120	375
2378	1078
3425	1078
3074	384
295	551
958	551
1117	551
2618	551
2051	551
4552	551
1286	2731
2226	2731
2047	2731
4325	4579
4325	3117
4496	1286
1397	1286
689	2226
4370	2226
3826	2226
2378	3573
813	3573
2378	1804
1525	1804
295	705
2618	705
2038	705
295	66
1175	66
1971	66
2722	66
3278	66
3553	66
804	4338
2324	4338
2522	113
1525	113
2722	113
1717	3860
1524	1147
1741	1147
3657	1147
162	3634
3192	4112
2722	4112
791	599
782	913
2631	268
1748	268
1183	2631
3425	1183
3060	242
2378	2745
2047	4099
1839	4099
3794	4099
4658	4099
2753	4099
3203	2521
791	3192
3561	3192
2722	1535
3012	4657
1310	4657
2293	2758
2011	2758
3080	2758
3080	2293
295	2436
2618	2436
4242	4204
3061	2378
4511	2378
3328	5
2239	17
3662	1852
1793	2255
3662	921
1502	69
1904	122
967	162
2047	165
1420	207
2285	219
398	279
958	295
2051	295
2452	295
2844	295
2877	295
3061	295
3553	295
4536	295
205	295
3448	361
3278	371
1305	2047
1780	2047
3680	2047
3669	455
3072	466
3401	480
4575	507
3527	507
1956	548
2051	548
1668	558
2604	618
2622	656
1262	693
1698	699
4394	804
1957	825
3425	825
2161	828
2434	829
2038	894
2284	901
2038	927
3995	927
1120	931
2618	958
2051	958
4310	978
1524	1003
1262	1011
1777	1047
3005	1079
4265	1175
3579	1243
2968	1243
4459	1258
1397	1333
2051	2618
2844	2618
2172	1391
2749	1391
3155	1399
2051	1502
2877	1502
2817	1599
3794	1612
4394	1612
383	1612
1397	1612
2753	1612
3080	1612
3134	1662
4552	1662
3423	1668
3627	1698
3652	1717
4371	1803
2770	1927
3425	1957
3061	1958
3794	2021
4510	2021
3553	2051
3915	2051
4552	2051
3791	2073
4552	3794
383	3794
1397	3794
2753	3794
3080	3794
2968	2229
4552	2239
2690	2594
3657	2614
3683	2614
3425	2781
2903	2790
3061	2790
3425	3556
3089	3425
3262	3425
4536	3425
2870	2844
4552	2844
3397	2863
3436	2898
3218	2908
3099	2914
3662	2970
3527	3061
4552	3134
4569	3239
4656	3239
3662	3277
299	3327
3791	3590
3826	3680
4244	3748
3423	4150
1397	4510
3328	3547
