1	8
1	293
1	579
2	772
4	415
4	812
5	37
5	90
5	103
5	136
5	186
5	198
5	256
5	271
5	457
5	505
5	621
5	639
5	669
5	736
5	777
5	806
5	825
8	293
8	579
10	696
10	718
11	392
11	457
11	570
11	586
11	588
11	632
11	737
11	806
12	586
13	296
13	591
16	56
18	776
19	107
19	178
19	430
19	518
19	572
19	770
23	82
23	139
23	190
23	422
23	484
23	497
23	582
23	604
23	624
23	644
23	683
24	851
25	134
28	636
28	792
30	53
30	101
30	103
30	104
30	132
30	192
30	220
30	256
30	277
30	288
30	434
30	453
30	457
30	507
30	575
30	576
30	588
30	593
30	625
30	651
30	657
30	692
30	736
30	737
31	292
31	471
33	52
33	58
33	71
33	90
33	99
33	104
33	115
33	132
33	167
33	177
33	192
33	220
33	256
33	271
33	434
33	457
33	505
33	507
33	554
33	559
33	575
33	576
33	588
33	593
33	625
33	627
33	632
33	636
33	651
33	657
33	663
33	669
33	695
33	736
33	737
33	753
33	788
33	806
33	810
36	831
37	132
37	136
37	186
37	621
37	639
37	737
37	777
37	788
37	814
37	825
40	691
40	719
40	757
43	303
45	90
45	198
45	271
45	499
45	505
45	507
45	593
45	608
45	627
45	636
45	649
45	713
45	736
45	766
45	806
46	148
46	814
47	59
47	128
47	150
47	174
47	175
47	219
47	313
47	330
47	339
47	355
47	401
47	455
47	460
47	476
47	622
47	623
47	654
47	700
47	747
47	753
47	780
48	129
48	144
48	393
48	417
48	449
48	474
48	486
48	666
48	681
48	706
48	755
48	756
48	758
48	774
48	820
48	835
52	58
52	90
52	99
52	104
52	115
52	132
52	189
52	192
52	220
52	277
52	288
52	311
52	338
52	457
52	505
52	507
52	524
52	527
52	554
52	559
52	575
52	586
52	588
52	593
52	616
52	625
52	632
52	651
52	657
52	663
52	669
52	673
52	692
52	736
52	737
52	744
52	753
52	788
52	819
53	101
53	103
53	104
53	192
53	220
53	256
53	277
53	283
53	288
53	434
53	457
53	575
53	576
53	593
53	625
53	632
53	651
53	657
53	669
53	736
54	597
54	822
57	79
57	152
57	169
57	258
57	286
57	482
57	485
57	558
57	614
57	708
57	755
58	90
58	99
58	115
58	132
58	189
58	382
58	473
58	524
58	615
58	618
58	663
58	669
58	673
58	737
58	810
58	819
59	128
59	150
59	174
59	175
59	313
59	330
59	339
59	355
59	401
59	455
59	460
59	476
59	622
59	623
59	700
59	747
59	780
62	191
62	379
62	463
63	138
63	275
63	387
64	139
64	604
64	624
64	644
64	683
65	805
71	90
71	115
71	122
71	167
71	222
71	382
71	500
71	521
71	524
71	527
71	618
71	627
71	636
71	663
71	695
71	810
72	378
72	549
79	169
79	258
79	485
79	558
79	601
79	614
80	90
80	115
80	132
80	172
80	189
80	222
80	323
80	382
80	423
80	428
80	491
80	500
80	524
80	527
80	533
80	567
80	615
80	618
80	653
80	663
80	744
80	795
80	810
80	819
81	813
82	139
82	182
82	190
82	422
82	484
82	497
82	582
82	604
82	624
82	644
82	683
83	138
83	213
83	230
83	391
83	514
83	551
83	670
83	792
83	821
85	170
85	368
86	718
87	152
87	225
87	243
87	813
90	103
90	104
90	115
90	132
90	167
90	172
90	189
90	198
90	222
90	282
90	323
90	382
90	428
90	491
90	499
90	500
90	505
90	507
90	521
90	524
90	527
90	533
90	567
90	588
90	615
90	618
90	627
90	636
90	639
90	649
90	651
90	663
90	695
90	716
90	736
90	737
90	754
90	771
90	795
90	806
90	810
91	362
91	806
95	150
95	401
95	455
96	259
97	329
97	686
99	132
99	220
99	305
99	311
99	473
99	673
99	737
99	819
101	103
101	104
101	132
101	138
101	192
101	213
101	220
101	256
101	271
101	277
101	288
101	434
101	457
101	505
101	507
101	554
101	559
101	576
101	588
101	593
101	625
101	632
101	651
101	657
101	692
101	736
101	737
101	806
101	811
101	828
103	104
103	132
103	192
103	210
103	220
103	256
103	271
103	277
103	288
103	361
103	392
103	434
103	440
103	457
103	505
103	507
103	554
103	575
103	576
103	588
103	593
103	619
103	625
103	632
103	636
103	651
103	657
103	669
103	692
103	713
103	716
103	721
103	736
103	737
103	766
103	792
103	806
103	811
104	132
104	192
104	207
104	220
104	232
104	256
104	271
104	277
104	282
104	283
104	288
104	304
104	434
104	457
104	505
104	507
104	554
104	575
104	576
104	588
104	593
104	619
104	625
104	628
104	632
104	651
104	657
104	669
104	692
104	736
104	737
104	753
104	788
105	141
105	643
107	178
107	518
107	770
107	809
109	372
109	678
109	709
109	729
110	276
113	292
113	768
115	132
115	167
115	172
115	189
115	222
115	323
115	382
115	428
115	491
115	500
115	524
115	527
115	615
115	618
115	627
115	663
115	695
115	737
115	771
115	795
115	810
118	696
121	375
121	521
125	424
125	727
127	217
128	150
128	174
128	175
128	219
128	313
128	330
128	339
128	355
128	401
128	455
128	476
128	622
128	623
128	700
128	747
128	753
128	780
129	417
129	474
129	486
129	666
129	755
129	758
132	189
132	192
132	220
132	222
132	256
132	277
132	282
132	288
132	305
132	382
132	434
132	440
132	457
132	500
132	505
132	507
132	524
132	527
132	559
132	570
132	575
132	576
132	583
132	588
132	593
132	615
132	616
132	618
132	619
132	625
132	628
132	632
132	651
132	657
132	663
132	669
132	673
132	692
132	695
132	736
132	737
132	744
132	771
132	788
132	795
132	806
132	810
132	811
132	819
136	621
136	639
136	737
136	825
137	718
138	213
138	230
138	275
138	277
138	391
138	505
138	514
138	670
138	736
138	792
138	821
139	182
139	190
139	422
139	484
139	497
139	582
139	604
139	624
139	644
139	683
140	286
140	686
141	643
144	449
144	681
144	756
144	774
144	820
144	835
146	350
146	602
146	626
146	816
149	434
149	632
150	174
150	175
150	313
150	330
150	339
150	355
150	401
150	455
150	476
150	622
150	623
150	654
150	700
150	747
150	780
152	225
152	243
152	563
152	813
153	269
153	496
154	312
154	487
154	545
154	765
154	814
154	820
155	267
155	392
155	609
155	761
156	302
156	518
158	229
158	260
158	399
158	690
158	778
160	208
160	786
161	408
164	475
165	846
167	231
167	382
167	491
167	524
167	663
167	695
167	737
167	795
167	810
169	258
169	482
169	485
169	558
169	601
169	614
170	368
172	181
172	189
172	211
172	222
172	323
172	382
172	423
172	428
172	491
172	500
172	524
172	527
172	533
172	567
172	615
172	618
172	653
172	663
172	744
172	795
172	810
172	819
173	255
174	175
174	313
174	330
174	339
174	355
174	401
174	455
174	476
174	622
174	623
174	700
174	747
174	780
175	313
175	330
175	339
175	355
175	401
175	455
175	476
175	622
175	623
175	700
175	747
175	780
178	430
178	518
178	770
181	211
181	323
181	428
181	615
181	795
182	309
182	484
182	582
182	604
182	644
186	621
186	639
186	753
186	777
186	825
187	268
189	222
189	290
189	323
189	382
189	423
189	428
189	491
189	500
189	524
189	527
189	533
189	567
189	615
189	618
189	653
189	663
189	737
189	744
189	795
189	810
189	819
190	422
190	484
190	497
190	582
190	604
190	644
190	683
191	379
191	463
192	198
192	213
192	220
192	256
192	271
192	277
192	288
192	434
192	457
192	505
192	507
192	519
192	556
192	565
192	575
192	576
192	588
192	593
192	619
192	625
192	632
192	636
192	649
192	651
192	657
192	669
192	692
192	716
192	736
192	737
192	792
192	806
192	811
193	331
193	492
193	595
195	369
195	675
197	727
198	213
198	271
198	499
198	503
198	505
198	506
198	507
198	521
198	527
198	577
198	593
198	608
198	627
198	632
198	636
198	649
198	716
198	736
198	754
198	766
198	792
198	806
198	811
198	821
199	522
203	435
203	528
203	596
203	667
205	377
205	664
205	823
206	227
206	363
206	452
206	603
208	786
210	361
210	588
210	736
210	832
211	323
211	615
211	795
213	230
213	251
213	361
213	391
213	499
213	503
213	505
213	506
213	514
213	551
213	565
213	577
213	608
213	636
213	649
213	670
213	716
213	736
213	754
213	766
213	792
213	806
213	821
215	613
219	747
220	256
220	271
220	277
220	288
220	434
220	457
220	505
220	507
220	519
220	554
220	575
220	576
220	588
220	593
220	619
220	625
220	632
220	651
220	657
220	669
220	692
220	736
220	737
220	806
221	398
222	323
222	382
222	428
222	491
222	500
222	524
222	527
222	533
222	567
222	615
222	618
222	663
222	737
222	795
222	810
222	819
223	298
223	537
225	243
225	813
226	421
226	606
227	292
227	457
227	553
227	575
229	690
230	391
230	551
230	608
230	636
230	736
230	792
230	821
232	519
232	571
232	625
234	350
237	647
238	262
238	395
238	735
239	268
239	282
239	329
243	813
247	528
249	292
251	499
251	505
251	506
251	636
251	649
251	736
251	792
251	821
253	292
253	522
256	271
256	277
256	283
256	288
256	361
256	434
256	440
256	457
256	505
256	507
256	519
256	554
256	556
256	559
256	575
256	576
256	588
256	593
256	619
256	625
256	632
256	651
256	657
256	669
256	692
256	693
256	721
256	736
256	737
256	753
256	806
256	811
258	286
258	482
258	485
258	558
258	601
258	614
260	399
260	690
260	778
262	395
262	591
262	726
262	735
262	740
266	393
266	706
267	609
267	761
268	329
268	411
268	521
269	496
271	277
271	288
271	434
271	457
271	505
271	506
271	507
271	570
271	575
271	576
271	586
271	588
271	593
271	619
271	625
271	632
271	636
271	651
271	663
271	669
271	692
271	713
271	721
271	736
271	737
271	754
271	792
271	806
271	811
273	547
274	287
274	539
274	684
275	387
275	505
275	625
275	736
277	283
277	288
277	361
277	434
277	457
277	505
277	507
277	551
277	554
277	565
277	575
277	576
277	588
277	593
277	619
277	625
277	632
277	651
277	657
277	669
277	692
277	693
277	736
277	737
277	792
277	806
277	811
282	328
282	527
282	618
282	663
282	736
282	737
282	771
282	831
283	434
283	457
283	575
283	593
283	632
283	669
283	736
284	782
286	482
287	539
287	684
288	434
288	457
288	505
288	507
288	554
288	565
288	576
288	588
288	593
288	625
288	632
288	636
288	651
288	657
288	669
288	736
288	737
288	792
288	806
288	821
290	382
290	524
292	402
292	522
292	742
293	579
293	730
298	349
298	820
302	518
302	827
304	434
304	457
305	636
305	673
305	736
311	638
312	487
312	545
312	765
312	814
313	330
313	339
313	355
313	401
313	455
313	460
313	476
313	622
313	623
313	700
313	747
313	780
323	382
323	428
323	500
323	524
323	527
323	533
323	615
323	618
323	663
323	795
323	810
326	463
326	576
326	609
326	676
326	750
326	834
329	432
329	753
330	355
330	397
330	401
330	455
330	476
330	622
330	623
330	747
330	780
331	492
331	595
334	561
338	510
339	355
339	401
339	455
339	460
339	476
339	622
339	623
339	700
339	747
342	704
343	656
344	522
350	602
355	401
355	455
355	476
355	622
355	623
355	700
355	747
355	753
355	780
356	480
361	505
361	559
361	625
361	636
361	651
361	736
361	737
361	792
361	806
363	452
363	522
369	675
369	688
370	536
370	674
372	678
372	709
372	729
375	507
375	521
375	695
377	816
377	823
378	549
379	463
380	408
381	756
381	758
381	774
381	820
382	423
382	428
382	491
382	500
382	524
382	527
382	533
382	567
382	615
382	618
382	653
382	663
382	737
382	744
382	795
382	810
391	499
391	503
391	506
391	514
391	608
391	636
391	649
391	670
391	716
391	736
391	754
391	766
391	792
391	821
392	570
392	586
392	619
392	761
393	706
393	756
393	758
394	448
395	472
395	591
395	726
395	735
395	740
399	690
399	778
401	455
401	476
401	622
401	623
401	654
401	700
401	747
401	780
402	742
403	436
404	481
415	812
417	474
417	486
417	666
417	755
417	758
417	835
418	805
422	484
422	497
422	582
422	604
422	624
422	644
422	683
423	428
423	533
423	567
423	615
424	727
426	457
426	616
428	500
428	524
428	527
428	533
428	567
428	615
428	618
428	663
428	795
428	810
430	518
430	572
430	770
434	457
434	505
434	507
434	519
434	554
434	575
434	576
434	588
434	593
434	619
434	625
434	632
434	651
434	657
434	669
434	692
434	693
434	736
434	737
434	753
434	806
434	811
435	528
435	596
435	667
440	457
440	588
440	619
440	669
440	736
440	737
440	832
441	494
448	529
449	681
449	756
449	758
449	774
449	820
449	835
455	476
455	622
455	623
455	654
455	700
455	747
455	780
457	505
457	507
457	527
457	554
457	575
457	576
457	588
457	593
457	615
457	616
457	619
457	625
457	628
457	632
457	651
457	657
457	663
457	669
457	692
457	693
457	736
457	737
457	753
457	811
457	819
460	780
463	576
463	609
463	676
463	750
463	834
465	659
467	751
471	536
472	735
473	669
473	673
473	819
474	486
474	666
474	755
474	758
474	835
476	622
476	623
476	700
476	747
476	753
476	780
482	558
482	614
484	497
484	582
484	604
484	624
484	644
484	683
485	558
485	601
485	614
486	666
486	755
486	756
486	758
486	835
487	545
487	765
487	814
488	552
491	500
491	524
491	527
491	567
491	615
491	618
491	663
491	737
491	795
492	595
497	582
497	604
497	624
497	644
497	683
499	503
499	505
499	506
499	514
499	608
499	627
499	636
499	649
499	716
499	736
499	754
499	766
499	792
499	806
499	821
500	524
500	527
500	533
500	567
500	615
500	663
500	795
500	810
503	506
503	577
503	608
503	632
503	636
503	649
503	716
503	736
503	754
503	766
503	792
505	506
505	507
505	570
505	575
505	576
505	588
505	593
505	619
505	625
505	632
505	636
505	649
505	651
505	663
505	669
505	692
505	713
505	716
505	721
505	736
505	737
505	754
505	766
505	792
505	806
505	811
505	821
506	507
506	577
506	608
506	636
506	649
506	713
506	716
506	736
506	754
506	766
506	792
506	806
506	821
507	554
507	570
507	576
507	588
507	593
507	625
507	627
507	632
507	636
507	651
507	657
507	663
507	669
507	692
507	713
507	716
507	721
507	736
507	737
507	753
507	754
507	792
507	806
507	811
509	536
514	522
514	603
514	670
514	792
518	748
518	770
518	809
519	576
519	588
519	593
519	632
519	651
519	736
519	737
519	806
521	527
521	627
521	636
521	695
521	736
522	603
524	527
524	533
524	567
524	615
524	618
524	663
524	737
524	744
524	771
524	795
524	810
527	533
527	567
527	576
527	615
527	618
527	627
527	636
527	653
527	663
527	737
527	771
527	795
527	810
528	596
528	667
533	567
533	615
533	618
533	653
533	663
533	795
533	810
535	841
537	656
539	684
545	765
545	814
546	793
551	736
551	792
554	575
554	576
554	588
554	593
554	625
554	632
554	651
554	663
554	669
554	692
554	811
556	625
558	601
558	614
559	583
559	616
559	625
559	673
559	734
559	737
565	575
565	736
566	735
567	615
567	663
567	795
567	810
570	586
570	593
570	636
570	669
570	806
575	576
575	588
575	593
575	625
575	632
575	651
575	657
575	669
575	692
575	736
575	737
575	806
575	811
576	588
576	593
576	609
576	619
576	625
576	632
576	636
576	651
576	657
576	663
576	669
576	692
576	713
576	736
576	737
576	806
576	811
577	594
577	608
577	632
577	636
577	649
577	716
577	736
577	754
577	792
577	806
578	624
578	683
582	604
582	624
582	644
582	668
582	683
583	737
586	736
586	806
588	593
588	619
588	625
588	632
588	636
588	651
588	657
588	663
588	669
588	692
588	721
588	736
588	737
588	753
588	806
588	811
589	685
589	842
591	726
591	735
591	740
593	619
593	625
593	632
593	636
593	649
593	651
593	657
593	669
593	692
593	713
593	721
593	736
593	737
593	753
593	792
593	806
593	811
596	667
597	822
599	635
601	614
604	624
604	644
604	683
608	627
608	636
608	649
608	716
608	736
608	754
608	766
608	792
608	821
609	761
615	618
615	653
615	663
615	737
615	744
615	795
615	810
615	819
616	737
618	627
618	653
618	663
618	737
618	795
618	810
619	625
619	632
619	651
619	669
619	692
619	736
619	737
619	753
619	806
621	639
621	753
621	777
621	788
621	825
622	623
622	747
622	780
623	700
623	747
624	644
624	683
625	632
625	651
625	657
625	663
625	669
625	692
625	693
625	736
625	737
625	806
625	811
626	816
627	636
627	649
627	663
627	713
627	716
627	754
627	766
627	795
628	669
632	636
632	651
632	657
632	669
632	692
632	693
632	713
632	716
632	736
632	737
632	753
632	754
632	792
632	806
632	811
636	649
636	651
636	663
636	695
636	713
636	716
636	721
636	736
636	737
636	754
636	766
636	792
636	806
636	811
636	821
638	781
639	753
639	777
639	825
641	790
644	683
644	753
649	713
649	716
649	736
649	754
649	766
649	792
649	806
649	811
649	821
651	657
651	669
651	692
651	721
651	736
651	737
651	753
651	806
651	811
651	832
653	795
657	669
657	692
657	736
657	737
657	828
663	669
663	736
663	737
663	771
663	788
663	795
663	806
663	810
664	823
666	755
666	756
666	758
666	835
669	692
669	736
669	737
669	806
670	736
670	792
670	821
673	734
673	744
673	819
675	688
676	750
676	834
678	709
678	729
680	710
681	756
681	758
681	774
681	820
681	835
685	842
690	778
691	719
691	757
692	721
692	736
692	737
692	753
692	754
700	747
705	823
706	756
706	758
709	729
713	716
713	736
713	754
713	766
713	806
716	736
716	754
716	766
716	792
716	806
719	757
721	736
721	754
721	806
726	735
726	740
735	740
736	737
736	754
736	766
736	792
736	806
736	811
736	821
737	771
737	788
737	795
737	806
737	810
737	811
742	813
744	795
744	819
747	780
748	809
753	777
753	788
753	825
754	766
754	792
754	821
755	756
755	758
755	835
756	758
756	774
756	820
756	835
758	774
758	820
758	835
765	814
766	792
766	806
770	809
771	795
774	820
774	835
777	825
792	806
792	821
792	832
795	810
795	819
806	811
809	831
810	836
811	832
820	835
8	1
293	1
579	1
772	2
415	4
812	4
37	5
90	5
103	5
136	5
186	5
198	5
256	5
271	5
457	5
505	5
621	5
639	5
669	5
736	5
777	5
806	5
825	5
293	8
579	8
696	10
718	10
392	11
457	11
570	11
586	11
588	11
632	11
737	11
806	11
586	12
296	13
591	13
56	16
776	18
107	19
178	19
430	19
518	19
572	19
770	19
82	23
139	23
190	23
422	23
484	23
497	23
582	23
604	23
624	23
644	23
683	23
851	24
134	25
636	28
792	28
53	30
101	30
103	30
104	30
132	30
192	30
220	30
256	30
277	30
288	30
434	30
453	30
457	30
507	30
575	30
576	30
588	30
593	30
625	30
651	30
657	30
692	30
736	30
737	30
292	31
471	31
52	33
58	33
71	33
90	33
99	33
104	33
115	33
132	33
167	33
177	33
192	33
220	33
256	33
271	33
434	33
457	33
505	33
507	33
554	33
559	33
575	33
576	33
588	33
593	33
625	33
627	33
632	33
636	33
651	33
657	33
663	33
669	33
695	33
736	33
737	33
753	33
788	33
806	33
810	33
831	36
132	37
136	37
186	37
621	37
639	37
737	37
777	37
788	37
814	37
825	37
691	40
719	40
757	40
303	43
90	45
198	45
271	45
499	45
505	45
507	45
593	45
608	45
627	45
636	45
649	45
713	45
736	45
766	45
806	45
148	46
814	46
59	47
128	47
150	47
174	47
175	47
219	47
313	47
330	47
339	47
355	47
401	47
455	47
460	47
476	47
622	47
623	47
654	47
700	47
747	47
753	47
780	47
129	48
144	48
393	48
417	48
449	48
474	48
486	48
666	48
681	48
706	48
755	48
756	48
758	48
774	48
820	48
835	48
58	52
90	52
99	52
104	52
115	52
132	52
189	52
192	52
220	52
277	52
288	52
311	52
338	52
457	52
505	52
507	52
524	52
527	52
554	52
559	52
575	52
586	52
588	52
593	52
616	52
625	52
632	52
651	52
657	52
663	52
669	52
673	52
692	52
736	52
737	52
744	52
753	52
788	52
819	52
101	53
103	53
104	53
192	53
220	53
256	53
277	53
283	53
288	53
434	53
457	53
575	53
576	53
593	53
625	53
632	53
651	53
657	53
669	53
736	53
597	54
822	54
79	57
152	57
169	57
258	57
286	57
482	57
485	57
558	57
614	57
708	57
755	57
90	58
99	58
115	58
132	58
189	58
382	58
473	58
524	58
615	58
618	58
663	58
669	58
673	58
737	58
810	58
819	58
128	59
150	59
174	59
175	59
313	59
330	59
339	59
355	59
401	59
455	59
460	59
476	59
622	59
623	59
700	59
747	59
780	59
191	62
379	62
463	62
138	63
275	63
387	63
139	64
604	64
624	64
644	64
683	64
805	65
90	71
115	71
122	71
167	71
222	71
382	71
500	71
521	71
524	71
527	71
618	71
627	71
636	71
663	71
695	71
810	71
378	72
549	72
169	79
258	79
485	79
558	79
601	79
614	79
90	80
115	80
132	80
172	80
189	80
222	80
323	80
382	80
423	80
428	80
491	80
500	80
524	80
527	80
533	80
567	80
615	80
618	80
653	80
663	80
744	80
795	80
810	80
819	80
813	81
139	82
182	82
190	82
422	82
484	82
497	82
582	82
604	82
624	82
644	82
683	82
138	83
213	83
230	83
391	83
514	83
551	83
670	83
792	83
821	83
170	85
368	85
718	86
152	87
225	87
243	87
813	87
103	90
104	90
115	90
132	90
167	90
172	90
189	90
198	90
222	90
282	90
323	90
382	90
428	90
491	90
499	90
500	90
505	90
507	90
521	90
524	90
527	90
533	90
567	90
588	90
615	90
618	90
627	90
636	90
639	90
649	90
651	90
663	90
695	90
716	90
736	90
737	90
754	90
771	90
795	90
806	90
810	90
362	91
806	91
150	95
401	95
455	95
259	96
329	97
686	97
132	99
220	99
305	99
311	99
473	99
673	99
737	99
819	99
103	101
104	101
132	101
138	101
192	101
213	101
220	101
256	101
271	101
277	101
288	101
434	101
457	101
505	101
507	101
554	101
559	101
576	101
588	101
593	101
625	101
632	101
651	101
657	101
692	101
736	101
737	101
806	101
811	101
828	101
104	103
132	103
192	103
210	103
220	103
256	103
271	103
277	103
288	103
361	103
392	103
434	103
440	103
457	103
505	103
507	103
554	103
575	103
576	103
588	103
593	103
619	103
625	103
632	103
636	103
651	103
657	103
669	103
692	103
713	103
716	103
721	103
736	103
737	103
766	103
792	103
806	103
811	103
132	104
192	104
207	104
220	104
232	104
256	104
271	104
277	104
282	104
283	104
288	104
304	104
434	104
457	104
505	104
507	104
554	104
575	104
576	104
588	104
593	104
619	104
625	104
628	104
632	104
651	104
657	104
669	104
692	104
736	104
737	104
753	104
788	104
141	105
643	105
178	107
518	107
770	107
809	107
372	109
678	109
709	109
729	109
276	110
292	113
768	113
132	115
167	115
172	115
189	115
222	115
323	115
382	115
428	115
491	115
500	115
524	115
527	115
615	115
618	115
627	115
663	115
695	115
737	115
771	115
795	115
810	115
696	118
375	121
521	121
424	125
727	125
217	127
150	128
174	128
175	128
219	128
313	128
330	128
339	128
355	128
401	128
455	128
476	128
622	128
623	128
700	128
747	128
753	128
780	128
417	129
474	129
486	129
666	129
755	129
758	129
189	132
192	132
220	132
222	132
256	132
277	132
282	132
288	132
305	132
382	132
434	132
440	132
457	132
500	132
505	132
507	132
524	132
527	132
559	132
570	132
575	132
576	132
583	132
588	132
593	132
615	132
616	132
618	132
619	132
625	132
628	132
632	132
651	132
657	132
663	132
669	132
673	132
692	132
695	132
736	132
737	132
744	132
771	132
788	132
795	132
806	132
810	132
811	132
819	132
621	136
639	136
737	136
825	136
718	137
213	138
230	138
275	138
277	138
391	138
505	138
514	138
670	138
736	138
792	138
821	138
182	139
190	139
422	139
484	139
497	139
582	139
604	139
624	139
644	139
683	139
286	140
686	140
643	141
449	144
681	144
756	144
774	144
820	144
835	144
350	146
602	146
626	146
816	146
434	149
632	149
174	150
175	150
313	150
330	150
339	150
355	150
401	150
455	150
476	150
622	150
623	150
654	150
700	150
747	150
780	150
225	152
243	152
563	152
813	152
269	153
496	153
312	154
487	154
545	154
765	154
814	154
820	154
267	155
392	155
609	155
761	155
302	156
518	156
229	158
260	158
399	158
690	158
778	158
208	160
786	160
408	161
475	164
846	165
231	167
382	167
491	167
524	167
663	167
695	167
737	167
795	167
810	167
258	169
482	169
485	169
558	169
601	169
614	169
368	170
181	172
189	172
211	172
222	172
323	172
382	172
423	172
428	172
491	172
500	172
524	172
527	172
533	172
567	172
615	172
618	172
653	172
663	172
744	172
795	172
810	172
819	172
255	173
175	174
313	174
330	174
339	174
355	174
401	174
455	174
476	174
622	174
623	174
700	174
747	174
780	174
313	175
330	175
339	175
355	175
401	175
455	175
476	175
622	175
623	175
700	175
747	175
780	175
430	178
518	178
770	178
211	181
323	181
428	181
615	181
795	181
309	182
484	182
582	182
604	182
644	182
621	186
639	186
753	186
777	186
825	186
268	187
222	189
290	189
323	189
382	189
423	189
428	189
491	189
500	189
524	189
527	189
533	189
567	189
615	189
618	189
653	189
663	189
737	189
744	189
795	189
810	189
819	189
422	190
484	190
497	190
582	190
604	190
644	190
683	190
379	191
463	191
198	192
213	192
220	192
256	192
271	192
277	192
288	192
434	192
457	192
505	192
507	192
519	192
556	192
565	192
575	192
576	192
588	192
593	192
619	192
625	192
632	192
636	192
649	192
651	192
657	192
669	192
692	192
716	192
736	192
737	192
792	192
806	192
811	192
331	193
492	193
595	193
369	195
675	195
727	197
213	198
271	198
499	198
503	198
505	198
506	198
507	198
521	198
527	198
577	198
593	198
608	198
627	198
632	198
636	198
649	198
716	198
736	198
754	198
766	198
792	198
806	198
811	198
821	198
522	199
435	203
528	203
596	203
667	203
377	205
664	205
823	205
227	206
363	206
452	206
603	206
786	208
361	210
588	210
736	210
832	210
323	211
615	211
795	211
230	213
251	213
361	213
391	213
499	213
503	213
505	213
506	213
514	213
551	213
565	213
577	213
608	213
636	213
649	213
670	213
716	213
736	213
754	213
766	213
792	213
806	213
821	213
613	215
747	219
256	220
271	220
277	220
288	220
434	220
457	220
505	220
507	220
519	220
554	220
575	220
576	220
588	220
593	220
619	220
625	220
632	220
651	220
657	220
669	220
692	220
736	220
737	220
806	220
398	221
323	222
382	222
428	222
491	222
500	222
524	222
527	222
533	222
567	222
615	222
618	222
663	222
737	222
795	222
810	222
819	222
298	223
537	223
243	225
813	225
421	226
606	226
292	227
457	227
553	227
575	227
690	229
391	230
551	230
608	230
636	230
736	230
792	230
821	230
519	232
571	232
625	232
350	234
647	237
262	238
395	238
735	238
268	239
282	239
329	239
813	243
528	247
292	249
499	251
505	251
506	251
636	251
649	251
736	251
792	251
821	251
292	253
522	253
271	256
277	256
283	256
288	256
361	256
434	256
440	256
457	256
505	256
507	256
519	256
554	256
556	256
559	256
575	256
576	256
588	256
593	256
619	256
625	256
632	256
651	256
657	256
669	256
692	256
693	256
721	256
736	256
737	256
753	256
806	256
811	256
286	258
482	258
485	258
558	258
601	258
614	258
399	260
690	260
778	260
395	262
591	262
726	262
735	262
740	262
393	266
706	266
609	267
761	267
329	268
411	268
521	268
496	269
277	271
288	271
434	271
457	271
505	271
506	271
507	271
570	271
575	271
576	271
586	271
588	271
593	271
619	271
625	271
632	271
636	271
651	271
663	271
669	271
692	271
713	271
721	271
736	271
737	271
754	271
792	271
806	271
811	271
547	273
287	274
539	274
684	274
387	275
505	275
625	275
736	275
283	277
288	277
361	277
434	277
457	277
505	277
507	277
551	277
554	277
565	277
575	277
576	277
588	277
593	277
619	277
625	277
632	277
651	277
657	277
669	277
692	277
693	277
736	277
737	277
792	277
806	277
811	277
328	282
527	282
618	282
663	282
736	282
737	282
771	282
831	282
434	283
457	283
575	283
593	283
632	283
669	283
736	283
782	284
482	286
539	287
684	287
434	288
457	288
505	288
507	288
554	288
565	288
576	288
588	288
593	288
625	288
632	288
636	288
651	288
657	288
669	288
736	288
737	288
792	288
806	288
821	288
382	290
524	290
402	292
522	292
742	292
579	293
730	293
349	298
820	298
518	302
827	302
434	304
457	304
636	305
673	305
736	305
638	311
487	312
545	312
765	312
814	312
330	313
339	313
355	313
401	313
455	313
460	313
476	313
622	313
623	313
700	313
747	313
780	313
382	323
428	323
500	323
524	323
527	323
533	323
615	323
618	323
663	323
795	323
810	323
463	326
576	326
609	326
676	326
750	326
834	326
432	329
753	329
355	330
397	330
401	330
455	330
476	330
622	330
623	330
747	330
780	330
492	331
595	331
561	334
510	338
355	339
401	339
455	339
460	339
476	339
622	339
623	339
700	339
747	339
704	342
656	343
522	344
602	350
401	355
455	355
476	355
622	355
623	355
700	355
747	355
753	355
780	355
480	356
505	361
559	361
625	361
636	361
651	361
736	361
737	361
792	361
806	361
452	363
522	363
675	369
688	369
536	370
674	370
678	372
709	372
729	372
507	375
521	375
695	375
816	377
823	377
549	378
463	379
408	380
756	381
758	381
774	381
820	381
423	382
428	382
491	382
500	382
524	382
527	382
533	382
567	382
615	382
618	382
653	382
663	382
737	382
744	382
795	382
810	382
499	391
503	391
506	391
514	391
608	391
636	391
649	391
670	391
716	391
736	391
754	391
766	391
792	391
821	391
570	392
586	392
619	392
761	392
706	393
756	393
758	393
448	394
472	395
591	395
726	395
735	395
740	395
690	399
778	399
455	401
476	401
622	401
623	401
654	401
700	401
747	401
780	401
742	402
436	403
481	404
812	415
474	417
486	417
666	417
755	417
758	417
835	417
805	418
484	422
497	422
582	422
604	422
624	422
644	422
683	422
428	423
533	423
567	423
615	423
727	424
457	426
616	426
500	428
524	428
527	428
533	428
567	428
615	428
618	428
663	428
795	428
810	428
518	430
572	430
770	430
457	434
505	434
507	434
519	434
554	434
575	434
576	434
588	434
593	434
619	434
625	434
632	434
651	434
657	434
669	434
692	434
693	434
736	434
737	434
753	434
806	434
811	434
528	435
596	435
667	435
457	440
588	440
619	440
669	440
736	440
737	440
832	440
494	441
529	448
681	449
756	449
758	449
774	449
820	449
835	449
476	455
622	455
623	455
654	455
700	455
747	455
780	455
505	457
507	457
527	457
554	457
575	457
576	457
588	457
593	457
615	457
616	457
619	457
625	457
628	457
632	457
651	457
657	457
663	457
669	457
692	457
693	457
736	457
737	457
753	457
811	457
819	457
780	460
576	463
609	463
676	463
750	463
834	463
659	465
751	467
536	471
735	472
669	473
673	473
819	473
486	474
666	474
755	474
758	474
835	474
622	476
623	476
700	476
747	476
753	476
780	476
558	482
614	482
497	484
582	484
604	484
624	484
644	484
683	484
558	485
601	485
614	485
666	486
755	486
756	486
758	486
835	486
545	487
765	487
814	487
552	488
500	491
524	491
527	491
567	491
615	491
618	491
663	491
737	491
795	491
595	492
582	497
604	497
624	497
644	497
683	497
503	499
505	499
506	499
514	499
608	499
627	499
636	499
649	499
716	499
736	499
754	499
766	499
792	499
806	499
821	499
524	500
527	500
533	500
567	500
615	500
663	500
795	500
810	500
506	503
577	503
608	503
632	503
636	503
649	503
716	503
736	503
754	503
766	503
792	503
506	505
507	505
570	505
575	505
576	505
588	505
593	505
619	505
625	505
632	505
636	505
649	505
651	505
663	505
669	505
692	505
713	505
716	505
721	505
736	505
737	505
754	505
766	505
792	505
806	505
811	505
821	505
507	506
577	506
608	506
636	506
649	506
713	506
716	506
736	506
754	506
766	506
792	506
806	506
821	506
554	507
570	507
576	507
588	507
593	507
625	507
627	507
632	507
636	507
651	507
657	507
663	507
669	507
692	507
713	507
716	507
721	507
736	507
737	507
753	507
754	507
792	507
806	507
811	507
536	509
522	514
603	514
670	514
792	514
748	518
770	518
809	518
576	519
588	519
593	519
632	519
651	519
736	519
737	519
806	519
527	521
627	521
636	521
695	521
736	521
603	522
527	524
533	524
567	524
615	524
618	524
663	524
737	524
744	524
771	524
795	524
810	524
533	527
567	527
576	527
615	527
618	527
627	527
636	527
653	527
663	527
737	527
771	527
795	527
810	527
596	528
667	528
567	533
615	533
618	533
653	533
663	533
795	533
810	533
841	535
656	537
684	539
765	545
814	545
793	546
736	551
792	551
575	554
576	554
588	554
593	554
625	554
632	554
651	554
663	554
669	554
692	554
811	554
625	556
601	558
614	558
583	559
616	559
625	559
673	559
734	559
737	559
575	565
736	565
735	566
615	567
663	567
795	567
810	567
586	570
593	570
636	570
669	570
806	570
576	575
588	575
593	575
625	575
632	575
651	575
657	575
669	575
692	575
736	575
737	575
806	575
811	575
588	576
593	576
609	576
619	576
625	576
632	576
636	576
651	576
657	576
663	576
669	576
692	576
713	576
736	576
737	576
806	576
811	576
594	577
608	577
632	577
636	577
649	577
716	577
736	577
754	577
792	577
806	577
624	578
683	578
604	582
624	582
644	582
668	582
683	582
737	583
736	586
806	586
593	588
619	588
625	588
632	588
636	588
651	588
657	588
663	588
669	588
692	588
721	588
736	588
737	588
753	588
806	588
811	588
685	589
842	589
726	591
735	591
740	591
619	593
625	593
632	593
636	593
649	593
651	593
657	593
669	593
692	593
713	593
721	593
736	593
737	593
753	593
792	593
806	593
811	593
667	596
822	597
635	599
614	601
624	604
644	604
683	604
627	608
636	608
649	608
716	608
736	608
754	608
766	608
792	608
821	608
761	609
618	615
653	615
663	615
737	615
744	615
795	615
810	615
819	615
737	616
627	618
653	618
663	618
737	618
795	618
810	618
625	619
632	619
651	619
669	619
692	619
736	619
737	619
753	619
806	619
639	621
753	621
777	621
788	621
825	621
623	622
747	622
780	622
700	623
747	623
644	624
683	624
632	625
651	625
657	625
663	625
669	625
692	625
693	625
736	625
737	625
806	625
811	625
816	626
636	627
649	627
663	627
713	627
716	627
754	627
766	627
795	627
669	628
636	632
651	632
657	632
669	632
692	632
693	632
713	632
716	632
736	632
737	632
753	632
754	632
792	632
806	632
811	632
649	636
651	636
663	636
695	636
713	636
716	636
721	636
736	636
737	636
754	636
766	636
792	636
806	636
811	636
821	636
781	638
753	639
777	639
825	639
790	641
683	644
753	644
713	649
716	649
736	649
754	649
766	649
792	649
806	649
811	649
821	649
657	651
669	651
692	651
721	651
736	651
737	651
753	651
806	651
811	651
832	651
795	653
669	657
692	657
736	657
737	657
828	657
669	663
736	663
737	663
771	663
788	663
795	663
806	663
810	663
823	664
755	666
756	666
758	666
835	666
692	669
736	669
737	669
806	669
736	670
792	670
821	670
734	673
744	673
819	673
688	675
750	676
834	676
709	678
729	678
710	680
756	681
758	681
774	681
820	681
835	681
842	685
778	690
719	691
757	691
721	692
736	692
737	692
753	692
754	692
747	700
823	705
756	706
758	706
729	709
716	713
736	713
754	713
766	713
806	713
736	716
754	716
766	716
792	716
806	716
757	719
736	721
754	721
806	721
735	726
740	726
740	735
737	736
754	736
766	736
792	736
806	736
811	736
821	736
771	737
788	737
795	737
806	737
810	737
811	737
813	742
795	744
819	744
780	747
809	748
777	753
788	753
825	753
766	754
792	754
821	754
756	755
758	755
835	755
758	756
774	756
820	756
835	756
774	758
820	758
835	758
814	765
792	766
806	766
809	770
795	771
820	774
835	774
825	777
806	792
821	792
832	792
810	795
819	795
811	806
831	809
836	810
832	811
835	820
