0	370
0	471
0	536
1	8
1	293
2	44
2	772
8	293
10	696
10	718
11	314
11	392
11	457
11	570
11	586
11	588
11	737
11	806
15	26
15	33
15	52
15	71
15	80
15	90
15	115
15	122
15	132
15	167
15	189
15	222
15	315
15	382
15	428
15	491
15	500
15	515
15	524
15	527
15	567
15	615
15	618
15	627
15	663
15	737
15	744
15	779
15	784
15	795
15	810
15	819
16	56
16	731
17	369
17	675
17	688
18	776
19	34
19	107
19	178
19	233
19	316
19	572
19	770
20	30
20	32
20	33
20	76
20	101
20	104
20	124
20	132
20	179
20	220
20	256
20	257
20	283
20	288
20	314
20	434
20	457
20	505
20	519
20	575
20	576
20	588
20	593
20	625
20	651
20	657
20	669
20	692
20	712
20	722
20	737
20	815
21	413
21	465
21	659
24	851
25	672
26	32
26	33
26	52
26	71
26	76
26	90
26	99
26	104
26	115
26	132
26	185
26	189
26	220
26	256
26	288
26	305
26	314
26	315
26	434
26	457
26	459
26	500
26	505
26	515
26	524
26	527
26	554
26	575
26	576
26	588
26	593
26	615
26	616
26	618
26	625
26	627
26	636
26	657
26	663
26	669
26	695
26	722
26	737
26	779
26	795
26	798
26	806
28	279
28	636
28	792
28	807
29	47
29	95
29	128
29	150
29	174
29	285
29	330
29	339
29	401
29	622
29	623
29	694
29	700
29	780
29	794
30	32
30	101
30	104
30	132
30	179
30	220
30	256
30	257
30	288
30	314
30	434
30	453
30	457
30	575
30	576
30	588
30	593
30	625
30	651
30	657
30	692
30	712
30	722
30	737
31	456
31	471
32	33
32	45
32	52
32	76
32	101
32	104
32	124
32	179
32	185
32	198
32	220
32	256
32	288
32	314
32	434
32	457
32	459
32	495
32	505
32	575
32	576
32	588
32	593
32	625
32	636
32	651
32	657
32	663
32	669
32	692
32	722
32	737
32	779
32	806
32	815
33	52
33	71
33	76
33	90
33	99
33	104
33	115
33	124
33	132
33	167
33	177
33	185
33	220
33	256
33	314
33	315
33	434
33	457
33	459
33	505
33	554
33	575
33	576
33	588
33	593
33	625
33	627
33	636
33	651
33	657
33	663
33	669
33	695
33	703
33	722
33	737
33	779
33	788
33	798
33	806
33	810
34	107
34	178
34	233
34	316
34	504
34	748
34	770
35	589
35	685
35	842
39	256
39	361
39	554
40	691
40	719
40	743
42	78
42	82
42	157
42	166
42	171
42	190
42	484
42	573
42	604
42	624
42	644
42	683
42	745
45	90
45	130
45	198
45	314
45	459
45	499
45	505
45	593
45	608
45	627
45	636
45	642
45	649
45	766
45	784
45	798
45	806
45	808
45	815
46	814
47	128
47	150
47	174
47	219
47	285
47	330
47	339
47	401
47	622
47	623
47	654
47	694
47	700
47	780
47	794
48	116
48	129
48	144
48	270
48	301
48	307
48	393
48	417
48	433
48	449
48	474
48	486
48	666
48	739
48	756
48	774
48	775
48	797
48	835
48	848
49	117
50	546
50	793
51	463
52	76
52	90
52	99
52	104
52	115
52	132
52	179
52	185
52	189
52	220
52	288
52	314
52	315
52	457
52	459
52	505
52	524
52	527
52	538
52	554
52	575
52	586
52	588
52	593
52	616
52	625
52	651
52	657
52	663
52	669
52	673
52	692
52	712
52	722
52	737
52	744
52	779
52	788
52	798
52	819
55	561
56	458
56	731
57	169
57	254
57	258
57	286
57	407
57	482
57	485
57	558
57	708
57	769
62	191
62	463
63	275
67	200
71	90
71	115
71	122
71	167
71	222
71	382
71	459
71	500
71	524
71	527
71	618
71	627
71	636
71	663
71	695
71	810
73	209
74	169
74	258
74	407
74	485
74	558
74	601
74	605
76	90
76	101
76	104
76	115
76	132
76	179
76	185
76	220
76	256
76	283
76	288
76	314
76	434
76	457
76	505
76	519
76	554
76	575
76	576
76	588
76	593
76	619
76	625
76	651
76	657
76	663
76	669
76	692
76	722
76	737
76	799
76	815
77	109
77	317
77	678
77	709
77	729
78	82
78	157
78	166
78	171
78	190
78	484
78	548
78	573
78	604
78	624
78	644
78	668
78	683
78	745
80	90
80	115
80	132
80	189
80	222
80	315
80	382
80	423
80	428
80	459
80	491
80	500
80	515
80	524
80	527
80	567
80	615
80	618
80	653
80	663
80	744
80	795
80	810
80	819
81	813
82	157
82	166
82	171
82	190
82	484
82	548
82	573
82	604
82	624
82	644
82	683
82	745
85	170
85	679
85	783
87	243
87	797
87	813
90	104
90	115
90	130
90	132
90	167
90	189
90	198
90	222
90	314
90	315
90	382
90	428
90	459
90	491
90	499
90	500
90	505
90	515
90	524
90	527
90	567
90	588
90	615
90	618
90	627
90	636
90	639
90	649
90	651
90	663
90	695
90	737
90	754
90	771
90	779
90	795
90	798
90	806
90	810
95	150
95	401
95	694
96	259
97	106
97	598
97	686
97	830
99	132
99	220
99	305
99	459
99	473
99	673
99	737
99	779
99	819
100	787
101	104
101	124
101	132
101	179
101	185
101	213
101	220
101	256
101	257
101	288
101	314
101	318
101	434
101	457
101	505
101	554
101	576
101	588
101	593
101	625
101	642
101	651
101	657
101	660
101	692
101	712
101	722
101	737
101	779
101	798
101	806
101	815
101	828
104	132
104	179
104	185
104	207
104	220
104	232
104	256
104	257
104	283
104	288
104	304
104	314
104	434
104	457
104	459
104	505
104	554
104	575
104	576
104	588
104	593
104	619
104	625
104	628
104	651
104	657
104	669
104	692
104	712
104	722
104	737
104	788
104	798
104	815
105	141
105	386
105	643
106	598
106	830
107	178
107	316
107	770
108	443
109	317
109	678
109	709
109	729
109	849
111	119
113	464
113	768
114	158
114	229
114	399
114	690
114	778
115	132
115	167
115	189
115	222
115	315
115	382
115	428
115	459
115	491
115	500
115	515
115	524
115	527
115	615
115	618
115	627
115	663
115	695
115	737
115	771
115	779
115	795
115	810
116	129
116	417
116	474
116	486
116	666
116	739
116	756
116	835
116	848
118	696
121	640
123	378
124	179
124	185
124	198
124	220
124	256
124	288
124	314
124	434
124	457
124	459
124	495
124	505
124	554
124	575
124	576
124	588
124	593
124	625
124	636
124	649
124	651
124	669
124	692
124	722
124	737
124	806
128	150
128	174
128	219
128	285
128	330
128	339
128	401
128	622
128	623
128	694
128	700
128	780
128	794
129	417
129	474
129	486
129	666
129	739
130	135
130	198
130	213
130	279
130	318
130	478
130	495
130	499
130	503
130	505
130	506
130	541
130	608
130	627
130	636
130	642
130	649
130	692
130	754
130	766
130	779
130	784
130	792
130	798
130	808
132	179
132	185
132	189
132	220
132	222
132	256
132	288
132	305
132	314
132	315
132	382
132	434
132	457
132	459
132	500
132	505
132	515
132	524
132	527
132	538
132	570
132	575
132	576
132	583
132	588
132	593
132	615
132	616
132	618
132	619
132	625
132	628
132	651
132	657
132	663
132	669
132	673
132	692
132	695
132	712
132	722
132	737
132	744
132	771
132	779
132	788
132	795
132	798
132	806
132	810
132	815
132	819
132	849
135	198
135	213
135	279
135	314
135	495
135	499
135	503
135	608
135	636
135	642
135	649
135	754
135	766
135	808
136	639
136	737
137	718
141	386
141	643
143	333
144	433
144	449
144	756
144	774
144	775
144	835
144	848
150	174
150	285
150	330
150	339
150	401
150	622
150	623
150	654
150	694
150	700
150	780
150	794
154	312
154	487
154	765
154	814
155	392
155	609
155	761
157	166
157	171
157	190
157	484
157	548
157	573
157	604
157	624
157	644
157	683
157	689
157	745
158	229
158	399
158	690
158	778
160	208
160	437
160	450
160	786
162	652
164	475
166	171
166	190
166	484
166	548
166	573
166	604
166	624
166	644
166	668
166	683
166	745
167	231
167	382
167	459
167	491
167	524
167	663
167	695
167	703
167	737
167	795
167	810
168	463
168	483
168	542
168	609
168	676
168	834
169	258
169	407
169	482
169	485
169	558
169	601
169	605
170	679
170	783
171	190
171	484
171	548
171	573
171	604
171	624
171	644
171	683
171	689
171	745
173	255
174	285
174	330
174	339
174	401
174	622
174	623
174	694
174	700
174	780
174	794
177	703
178	233
178	316
178	770
179	185
179	220
179	256
179	257
179	314
179	434
179	457
179	505
179	554
179	575
179	576
179	588
179	593
179	625
179	651
179	657
179	692
179	711
179	722
179	737
179	798
179	815
181	211
181	428
181	615
181	795
184	504
184	831
185	256
185	283
185	288
185	314
185	361
185	434
185	457
185	505
185	519
185	554
185	575
185	576
185	588
185	593
185	625
185	651
185	669
185	722
185	737
185	798
185	815
186	639
187	268
187	617
189	222
189	290
189	315
189	382
189	423
189	428
189	459
189	491
189	500
189	515
189	524
189	527
189	567
189	615
189	618
189	653
189	663
189	737
189	744
189	795
189	810
189	819
190	484
190	573
190	604
190	644
190	683
190	689
190	745
191	463
193	331
195	369
195	675
197	727
198	213
198	279
198	459
198	462
198	495
198	499
198	503
198	505
198	506
198	527
198	541
198	593
198	608
198	627
198	636
198	642
198	649
198	660
198	722
198	754
198	766
198	779
198	784
198	792
198	798
198	806
198	808
205	377
205	664
208	437
208	450
208	786
210	361
210	459
210	588
210	815
210	832
211	615
211	795
213	251
213	279
213	314
213	318
213	345
213	361
213	478
213	495
213	499
213	503
213	505
213	506
213	514
213	541
213	565
213	608
213	636
213	642
213	649
213	660
213	702
213	722
213	754
213	766
213	784
213	792
213	798
213	806
213	808
213	815
217	281
219	285
219	794
220	256
220	257
220	288
220	314
220	434
220	457
220	459
220	505
220	519
220	554
220	575
220	576
220	588
220	593
220	619
220	625
220	651
220	657
220	669
220	692
220	712
220	722
220	737
220	806
220	815
222	315
222	382
222	428
222	491
222	500
222	515
222	524
222	527
222	567
222	615
222	618
222	663
222	737
222	795
222	810
222	819
223	298
223	464
223	537
223	741
226	421
226	606
229	690
232	519
232	571
232	625
237	592
243	797
243	813
246	511
250	605
251	499
251	505
251	506
251	636
251	642
251	649
251	792
254	286
255	540
256	283
256	288
256	314
256	361
256	434
256	457
256	459
256	505
256	519
256	554
256	575
256	576
256	588
256	593
256	619
256	625
256	651
256	657
256	669
256	692
256	712
256	722
256	737
256	799
256	806
256	815
257	314
257	434
257	576
257	625
257	657
257	712
257	722
258	286
258	407
258	482
258	485
258	558
258	601
258	605
258	769
262	315
262	395
262	568
262	735
263	416
266	270
266	301
266	393
268	411
268	617
270	301
270	307
270	393
270	756
270	797
270	848
272	276
273	547
274	539
275	505
275	625
278	298
278	349
279	318
279	478
279	499
279	503
279	506
279	541
279	608
279	636
279	642
279	649
279	660
279	722
279	754
279	766
279	784
279	792
279	798
279	808
283	314
283	434
283	457
283	575
283	593
283	669
283	712
285	330
285	339
285	401
285	622
285	623
285	694
285	700
285	780
285	794
286	407
286	482
286	769
288	314
288	434
288	457
288	505
288	554
288	565
288	576
288	588
288	593
288	625
288	636
288	651
288	657
288	669
288	712
288	722
288	737
288	792
288	798
288	806
288	815
290	382
290	515
290	524
293	730
298	349
301	307
301	393
301	756
301	797
301	848
304	434
304	457
304	722
305	636
305	673
307	393
307	848
310	596
310	667
312	487
312	765
312	814
314	434
314	457
314	459
314	495
314	505
314	519
314	554
314	570
314	575
314	576
314	588
314	593
314	619
314	625
314	636
314	649
314	651
314	657
314	663
314	669
314	692
314	712
314	722
314	737
314	752
314	792
314	798
314	799
314	806
314	815
315	382
315	395
315	428
315	459
315	515
315	524
315	527
315	534
315	567
315	615
315	618
315	627
315	636
315	663
315	735
315	737
315	779
315	795
315	810
316	770
317	678
317	709
317	729
318	345
318	495
318	499
318	505
318	506
318	514
318	608
318	636
318	642
318	649
318	660
318	702
318	722
318	754
318	766
318	784
318	792
318	798
318	808
318	815
330	397
330	401
330	622
330	623
330	694
330	780
330	794
339	401
339	622
339	623
339	694
339	700
339	794
345	514
345	642
345	660
345	702
345	792
348	585
352	640
356	480
359	658
361	459
361	505
361	625
361	636
361	651
361	702
361	722
361	737
361	792
361	806
361	815
361	849
362	762
363	452
365	520
369	675
369	688
370	536
373	514
373	702
373	792
377	629
377	816
381	756
381	774
381	848
382	423
382	428
382	459
382	491
382	500
382	515
382	524
382	527
382	567
382	615
382	618
382	653
382	663
382	737
382	744
382	795
382	810
386	643
392	570
392	586
392	619
392	761
393	756
393	797
393	848
394	448
395	472
395	568
395	735
399	690
399	778
401	622
401	623
401	654
401	694
401	700
401	780
401	794
402	742
405	421
407	482
407	485
407	558
407	601
407	605
407	769
413	465
413	659
415	812
417	474
417	486
417	666
417	739
417	835
417	848
418	805
420	720
423	428
423	515
423	567
423	615
426	457
426	616
428	500
428	515
428	524
428	527
428	567
428	615
428	618
428	663
428	779
428	795
428	810
431	650
433	449
433	756
433	774
433	775
433	835
433	848
434	457
434	505
434	519
434	554
434	575
434	576
434	588
434	593
434	619
434	625
434	651
434	657
434	669
434	692
434	712
434	722
434	737
434	806
434	815
437	450
437	786
438	585
441	494
442	714
445	462
445	725
448	529
449	756
449	774
449	775
449	835
449	848
450	786
457	459
457	505
457	527
457	554
457	575
457	576
457	588
457	593
457	615
457	616
457	619
457	625
457	628
457	651
457	657
457	663
457	669
457	692
457	712
457	722
457	737
457	798
457	819
457	849
458	731
459	505
459	519
459	524
459	527
459	575
459	586
459	588
459	593
459	615
459	616
459	618
459	627
459	636
459	651
459	663
459	669
459	695
459	722
459	737
459	779
459	788
459	798
459	806
459	810
462	636
462	649
462	725
462	784
463	483
463	542
463	576
463	609
463	676
463	750
463	834
464	514
464	603
465	659
467	751
471	536
472	580
472	735
473	669
473	673
473	819
474	486
474	666
474	739
474	835
474	848
478	495
478	499
478	505
478	506
478	541
478	608
478	636
478	642
478	649
478	722
478	754
478	766
478	792
478	798
478	808
482	558
482	605
482	769
483	542
483	609
483	676
483	834
484	548
484	573
484	604
484	624
484	644
484	683
485	558
485	601
485	605
486	666
486	739
486	756
486	835
486	848
487	765
487	814
491	500
491	515
491	524
491	527
491	567
491	615
491	618
491	663
491	737
491	795
495	499
495	505
495	506
495	541
495	636
495	642
495	649
495	660
495	702
495	722
495	737
495	754
495	792
495	798
495	806
499	503
499	505
499	506
499	514
499	541
499	608
499	627
499	636
499	642
499	649
499	660
499	722
499	754
499	766
499	784
499	792
499	798
499	806
499	808
500	515
500	524
500	527
500	567
500	615
500	663
500	795
500	810
503	506
503	608
503	636
503	642
503	649
503	754
503	766
503	784
503	792
503	808
504	831
505	506
505	570
505	575
505	576
505	588
505	593
505	619
505	625
505	636
505	642
505	649
505	651
505	663
505	669
505	692
505	722
505	737
505	754
505	766
505	779
505	784
505	792
505	798
505	806
505	808
505	815
506	608
506	636
506	642
506	649
506	660
506	722
506	754
506	766
506	792
506	798
506	806
506	808
509	536
509	717
514	603
514	642
514	702
514	792
515	524
515	527
515	567
515	615
515	618
515	663
515	744
515	779
515	795
515	810
515	819
519	576
519	588
519	593
519	651
519	722
519	737
519	806
519	815
524	527
524	567
524	615
524	618
524	663
524	737
524	744
524	771
524	779
524	795
524	810
527	567
527	576
527	615
527	618
527	627
527	636
527	653
527	663
527	737
527	771
527	779
527	795
527	810
536	717
536	741
536	798
538	657
541	608
541	636
541	642
541	649
541	722
541	754
541	779
541	784
541	792
541	808
542	576
542	609
542	676
542	834
543	554
546	793
548	573
548	604
548	624
548	644
548	683
554	575
554	576
554	588
554	593
554	625
554	651
554	663
554	669
554	692
554	711
554	722
554	815
558	601
558	605
564	849
565	575
565	722
566	735
567	615
567	663
567	795
567	810
568	735
570	586
570	593
570	636
570	669
570	798
570	806
573	604
573	624
573	644
573	683
573	689
573	745
575	576
575	588
575	593
575	625
575	651
575	657
575	669
575	692
575	712
575	722
575	737
575	806
576	588
576	593
576	609
576	619
576	625
576	636
576	651
576	657
576	663
576	669
576	692
576	712
576	722
576	737
576	798
576	806
576	815
578	624
578	683
581	588
581	737
583	737
586	806
588	593
588	619
588	625
588	636
588	651
588	657
588	663
588	669
588	692
588	712
588	722
588	737
588	779
588	806
588	815
589	685
589	842
593	619
593	625
593	636
593	642
593	649
593	651
593	657
593	669
593	692
593	712
593	722
593	737
593	792
593	799
593	806
593	815
596	667
597	822
598	830
601	605
604	624
604	644
604	683
604	689
604	745
605	797
608	627
608	636
608	642
608	649
608	660
608	722
608	754
608	766
608	784
608	792
608	808
609	761
611	691
611	719
612	717
615	618
615	653
615	663
615	737
615	744
615	779
615	795
615	810
615	819
616	737
616	849
618	627
618	653
618	663
618	737
618	779
618	795
618	810
619	625
619	651
619	669
619	692
619	722
619	737
619	799
619	806
619	815
622	623
622	694
622	780
622	794
623	694
623	700
623	794
624	644
624	683
625	651
625	657
625	663
625	669
625	692
625	712
625	722
625	737
625	806
626	629
626	816
627	636
627	649
627	663
627	754
627	766
627	779
627	795
628	669
629	816
636	642
636	649
636	651
636	660
636	663
636	695
636	722
636	737
636	754
636	766
636	779
636	784
636	792
636	798
636	806
636	808
638	781
642	649
642	660
642	702
642	722
642	754
642	766
642	784
642	792
642	798
642	808
642	815
644	683
644	689
644	745
646	742
648	789
649	660
649	722
649	754
649	766
649	784
649	792
649	798
649	806
649	808
651	657
651	669
651	692
651	711
651	712
651	722
651	737
651	799
651	806
651	815
651	832
653	795
657	669
657	692
657	712
657	722
657	737
657	800
657	828
660	722
660	754
660	766
660	792
660	808
663	669
663	737
663	771
663	779
663	788
663	795
663	806
663	810
666	739
666	756
666	835
666	848
669	692
669	712
669	722
669	737
669	798
669	806
673	744
673	819
675	688
676	750
676	834
678	709
678	729
679	783
683	689
683	745
685	842
686	844
690	778
691	719
691	743
692	722
692	737
692	754
692	798
692	815
694	700
694	780
694	794
695	779
697	705
700	794
702	722
702	792
702	798
702	815
709	729
711	722
712	722
712	737
717	741
719	743
722	737
722	754
722	784
722	792
722	798
722	799
722	806
722	808
722	815
722	828
737	771
737	779
737	788
737	795
737	798
737	806
737	810
737	815
739	756
739	769
739	835
739	848
742	813
744	779
744	795
744	819
754	766
754	784
754	792
754	798
754	808
756	774
756	775
756	835
756	848
765	814
766	784
766	792
766	798
766	806
766	808
771	795
774	775
774	835
774	848
775	835
775	848
779	784
779	795
779	798
779	810
779	819
780	794
784	792
784	806
784	808
792	798
792	806
792	808
792	815
792	832
795	810
795	819
797	813
797	848
798	806
798	808
798	815
798	832
799	815
806	808
835	848
370	0
471	0
536	0
8	1
293	1
44	2
772	2
293	8
696	10
718	10
314	11
392	11
457	11
570	11
586	11
588	11
737	11
806	11
26	15
33	15
52	15
71	15
80	15
90	15
115	15
122	15
132	15
167	15
189	15
222	15
315	15
382	15
428	15
491	15
500	15
515	15
524	15
527	15
567	15
615	15
618	15
627	15
663	15
737	15
744	15
779	15
784	15
795	15
810	15
819	15
56	16
731	16
369	17
675	17
688	17
776	18
34	19
107	19
178	19
233	19
316	19
572	19
770	19
30	20
32	20
33	20
76	20
101	20
104	20
124	20
132	20
179	20
220	20
256	20
257	20
283	20
288	20
314	20
434	20
457	20
505	20
519	20
575	20
576	20
588	20
593	20
625	20
651	20
657	20
669	20
692	20
712	20
722	20
737	20
815	20
413	21
465	21
659	21
851	24
672	25
32	26
33	26
52	26
71	26
76	26
90	26
99	26
104	26
115	26
132	26
185	26
189	26
220	26
256	26
288	26
305	26
314	26
315	26
434	26
457	26
459	26
500	26
505	26
515	26
524	26
527	26
554	26
575	26
576	26
588	26
593	26
615	26
616	26
618	26
625	26
627	26
636	26
657	26
663	26
669	26
695	26
722	26
737	26
779	26
795	26
798	26
806	26
279	28
636	28
792	28
807	28
47	29
95	29
128	29
150	29
174	29
285	29
330	29
339	29
401	29
622	29
623	29
694	29
700	29
780	29
794	29
32	30
101	30
104	30
132	30
179	30
220	30
256	30
257	30
288	30
314	30
434	30
453	30
457	30
575	30
576	30
588	30
593	30
625	30
651	30
657	30
692	30
712	30
722	30
737	30
456	31
471	31
33	32
45	32
52	32
76	32
101	32
104	32
124	32
179	32
185	32
198	32
220	32
256	32
288	32
314	32
434	32
457	32
459	32
495	32
505	32
575	32
576	32
588	32
593	32
625	32
636	32
651	32
657	32
663	32
669	32
692	32
722	32
737	32
779	32
806	32
815	32
52	33
71	33
76	33
90	33
99	33
104	33
115	33
124	33
132	33
167	33
177	33
185	33
220	33
256	33
314	33
315	33
434	33
457	33
459	33
505	33
554	33
575	33
576	33
588	33
593	33
625	33
627	33
636	33
651	33
657	33
663	33
669	33
695	33
703	33
722	33
737	33
779	33
788	33
798	33
806	33
810	33
107	34
178	34
233	34
316	34
504	34
748	34
770	34
589	35
685	35
842	35
256	39
361	39
554	39
691	40
719	40
743	40
78	42
82	42
157	42
166	42
171	42
190	42
484	42
573	42
604	42
624	42
644	42
683	42
745	42
90	45
130	45
198	45
314	45
459	45
499	45
505	45
593	45
608	45
627	45
636	45
642	45
649	45
766	45
784	45
798	45
806	45
808	45
815	45
814	46
128	47
150	47
174	47
219	47
285	47
330	47
339	47
401	47
622	47
623	47
654	47
694	47
700	47
780	47
794	47
116	48
129	48
144	48
270	48
301	48
307	48
393	48
417	48
433	48
449	48
474	48
486	48
666	48
739	48
756	48
774	48
775	48
797	48
835	48
848	48
117	49
546	50
793	50
463	51
76	52
90	52
99	52
104	52
115	52
132	52
179	52
185	52
189	52
220	52
288	52
314	52
315	52
457	52
459	52
505	52
524	52
527	52
538	52
554	52
575	52
586	52
588	52
593	52
616	52
625	52
651	52
657	52
663	52
669	52
673	52
692	52
712	52
722	52
737	52
744	52
779	52
788	52
798	52
819	52
561	55
458	56
731	56
169	57
254	57
258	57
286	57
407	57
482	57
485	57
558	57
708	57
769	57
191	62
463	62
275	63
200	67
90	71
115	71
122	71
167	71
222	71
382	71
459	71
500	71
524	71
527	71
618	71
627	71
636	71
663	71
695	71
810	71
209	73
169	74
258	74
407	74
485	74
558	74
601	74
605	74
90	76
101	76
104	76
115	76
132	76
179	76
185	76
220	76
256	76
283	76
288	76
314	76
434	76
457	76
505	76
519	76
554	76
575	76
576	76
588	76
593	76
619	76
625	76
651	76
657	76
663	76
669	76
692	76
722	76
737	76
799	76
815	76
109	77
317	77
678	77
709	77
729	77
82	78
157	78
166	78
171	78
190	78
484	78
548	78
573	78
604	78
624	78
644	78
668	78
683	78
745	78
90	80
115	80
132	80
189	80
222	80
315	80
382	80
423	80
428	80
459	80
491	80
500	80
515	80
524	80
527	80
567	80
615	80
618	80
653	80
663	80
744	80
795	80
810	80
819	80
813	81
157	82
166	82
171	82
190	82
484	82
548	82
573	82
604	82
624	82
644	82
683	82
745	82
170	85
679	85
783	85
243	87
797	87
813	87
104	90
115	90
130	90
132	90
167	90
189	90
198	90
222	90
314	90
315	90
382	90
428	90
459	90
491	90
499	90
500	90
505	90
515	90
524	90
527	90
567	90
588	90
615	90
618	90
627	90
636	90
639	90
649	90
651	90
663	90
695	90
737	90
754	90
771	90
779	90
795	90
798	90
806	90
810	90
150	95
401	95
694	95
259	96
106	97
598	97
686	97
830	97
132	99
220	99
305	99
459	99
473	99
673	99
737	99
779	99
819	99
787	100
104	101
124	101
132	101
179	101
185	101
213	101
220	101
256	101
257	101
288	101
314	101
318	101
434	101
457	101
505	101
554	101
576	101
588	101
593	101
625	101
642	101
651	101
657	101
660	101
692	101
712	101
722	101
737	101
779	101
798	101
806	101
815	101
828	101
132	104
179	104
185	104
207	104
220	104
232	104
256	104
257	104
283	104
288	104
304	104
314	104
434	104
457	104
459	104
505	104
554	104
575	104
576	104
588	104
593	104
619	104
625	104
628	104
651	104
657	104
669	104
692	104
712	104
722	104
737	104
788	104
798	104
815	104
141	105
386	105
643	105
598	106
830	106
178	107
316	107
770	107
443	108
317	109
678	109
709	109
729	109
849	109
119	111
464	113
768	113
158	114
229	114
399	114
690	114
778	114
132	115
167	115
189	115
222	115
315	115
382	115
428	115
459	115
491	115
500	115
515	115
524	115
527	115
615	115
618	115
627	115
663	115
695	115
737	115
771	115
779	115
795	115
810	115
129	116
417	116
474	116
486	116
666	116
739	116
756	116
835	116
848	116
696	118
640	121
378	123
179	124
185	124
198	124
220	124
256	124
288	124
314	124
434	124
457	124
459	124
495	124
505	124
554	124
575	124
576	124
588	124
593	124
625	124
636	124
649	124
651	124
669	124
692	124
722	124
737	124
806	124
150	128
174	128
219	128
285	128
330	128
339	128
401	128
622	128
623	128
694	128
700	128
780	128
794	128
417	129
474	129
486	129
666	129
739	129
135	130
198	130
213	130
279	130
318	130
478	130
495	130
499	130
503	130
505	130
506	130
541	130
608	130
627	130
636	130
642	130
649	130
692	130
754	130
766	130
779	130
784	130
792	130
798	130
808	130
179	132
185	132
189	132
220	132
222	132
256	132
288	132
305	132
314	132
315	132
382	132
434	132
457	132
459	132
500	132
505	132
515	132
524	132
527	132
538	132
570	132
575	132
576	132
583	132
588	132
593	132
615	132
616	132
618	132
619	132
625	132
628	132
651	132
657	132
663	132
669	132
673	132
692	132
695	132
712	132
722	132
737	132
744	132
771	132
779	132
788	132
795	132
798	132
806	132
810	132
815	132
819	132
849	132
198	135
213	135
279	135
314	135
495	135
499	135
503	135
608	135
636	135
642	135
649	135
754	135
766	135
808	135
639	136
737	136
718	137
386	141
643	141
333	143
433	144
449	144
756	144
774	144
775	144
835	144
848	144
174	150
285	150
330	150
339	150
401	150
622	150
623	150
654	150
694	150
700	150
780	150
794	150
312	154
487	154
765	154
814	154
392	155
609	155
761	155
166	157
171	157
190	157
484	157
548	157
573	157
604	157
624	157
644	157
683	157
689	157
745	157
229	158
399	158
690	158
778	158
208	160
437	160
450	160
786	160
652	162
475	164
171	166
190	166
484	166
548	166
573	166
604	166
624	166
644	166
668	166
683	166
745	166
231	167
382	167
459	167
491	167
524	167
663	167
695	167
703	167
737	167
795	167
810	167
463	168
483	168
542	168
609	168
676	168
834	168
258	169
407	169
482	169
485	169
558	169
601	169
605	169
679	170
783	170
190	171
484	171
548	171
573	171
604	171
624	171
644	171
683	171
689	171
745	171
255	173
285	174
330	174
339	174
401	174
622	174
623	174
694	174
700	174
780	174
794	174
703	177
233	178
316	178
770	178
185	179
220	179
256	179
257	179
314	179
434	179
457	179
505	179
554	179
575	179
576	179
588	179
593	179
625	179
651	179
657	179
692	179
711	179
722	179
737	179
798	179
815	179
211	181
428	181
615	181
795	181
504	184
831	184
256	185
283	185
288	185
314	185
361	185
434	185
457	185
505	185
519	185
554	185
575	185
576	185
588	185
593	185
625	185
651	185
669	185
722	185
737	185
798	185
815	185
639	186
268	187
617	187
222	189
290	189
315	189
382	189
423	189
428	189
459	189
491	189
500	189
515	189
524	189
527	189
567	189
615	189
618	189
653	189
663	189
737	189
744	189
795	189
810	189
819	189
484	190
573	190
604	190
644	190
683	190
689	190
745	190
463	191
331	193
369	195
675	195
727	197
213	198
279	198
459	198
462	198
495	198
499	198
503	198
505	198
506	198
527	198
541	198
593	198
608	198
627	198
636	198
642	198
649	198
660	198
722	198
754	198
766	198
779	198
784	198
792	198
798	198
806	198
808	198
377	205
664	205
437	208
450	208
786	208
361	210
459	210
588	210
815	210
832	210
615	211
795	211
251	213
279	213
314	213
318	213
345	213
361	213
478	213
495	213
499	213
503	213
505	213
506	213
514	213
541	213
565	213
608	213
636	213
642	213
649	213
660	213
702	213
722	213
754	213
766	213
784	213
792	213
798	213
806	213
808	213
815	213
281	217
285	219
794	219
256	220
257	220
288	220
314	220
434	220
457	220
459	220
505	220
519	220
554	220
575	220
576	220
588	220
593	220
619	220
625	220
651	220
657	220
669	220
692	220
712	220
722	220
737	220
806	220
815	220
315	222
382	222
428	222
491	222
500	222
515	222
524	222
527	222
567	222
615	222
618	222
663	222
737	222
795	222
810	222
819	222
298	223
464	223
537	223
741	223
421	226
606	226
690	229
519	232
571	232
625	232
592	237
797	243
813	243
511	246
605	250
499	251
505	251
506	251
636	251
642	251
649	251
792	251
286	254
540	255
283	256
288	256
314	256
361	256
434	256
457	256
459	256
505	256
519	256
554	256
575	256
576	256
588	256
593	256
619	256
625	256
651	256
657	256
669	256
692	256
712	256
722	256
737	256
799	256
806	256
815	256
314	257
434	257
576	257
625	257
657	257
712	257
722	257
286	258
407	258
482	258
485	258
558	258
601	258
605	258
769	258
315	262
395	262
568	262
735	262
416	263
270	266
301	266
393	266
411	268
617	268
301	270
307	270
393	270
756	270
797	270
848	270
276	272
547	273
539	274
505	275
625	275
298	278
349	278
318	279
478	279
499	279
503	279
506	279
541	279
608	279
636	279
642	279
649	279
660	279
722	279
754	279
766	279
784	279
792	279
798	279
808	279
314	283
434	283
457	283
575	283
593	283
669	283
712	283
330	285
339	285
401	285
622	285
623	285
694	285
700	285
780	285
794	285
407	286
482	286
769	286
314	288
434	288
457	288
505	288
554	288
565	288
576	288
588	288
593	288
625	288
636	288
651	288
657	288
669	288
712	288
722	288
737	288
792	288
798	288
806	288
815	288
382	290
515	290
524	290
730	293
349	298
307	301
393	301
756	301
797	301
848	301
434	304
457	304
722	304
636	305
673	305
393	307
848	307
596	310
667	310
487	312
765	312
814	312
434	314
457	314
459	314
495	314
505	314
519	314
554	314
570	314
575	314
576	314
588	314
593	314
619	314
625	314
636	314
649	314
651	314
657	314
663	314
669	314
692	314
712	314
722	314
737	314
752	314
792	314
798	314
799	314
806	314
815	314
382	315
395	315
428	315
459	315
515	315
524	315
527	315
534	315
567	315
615	315
618	315
627	315
636	315
663	315
735	315
737	315
779	315
795	315
810	315
770	316
678	317
709	317
729	317
345	318
495	318
499	318
505	318
506	318
514	318
608	318
636	318
642	318
649	318
660	318
702	318
722	318
754	318
766	318
784	318
792	318
798	318
808	318
815	318
397	330
401	330
622	330
623	330
694	330
780	330
794	330
401	339
622	339
623	339
694	339
700	339
794	339
514	345
642	345
660	345
702	345
792	345
585	348
640	352
480	356
658	359
459	361
505	361
625	361
636	361
651	361
702	361
722	361
737	361
792	361
806	361
815	361
849	361
762	362
452	363
520	365
675	369
688	369
536	370
514	373
702	373
792	373
629	377
816	377
756	381
774	381
848	381
423	382
428	382
459	382
491	382
500	382
515	382
524	382
527	382
567	382
615	382
618	382
653	382
663	382
737	382
744	382
795	382
810	382
643	386
570	392
586	392
619	392
761	392
756	393
797	393
848	393
448	394
472	395
568	395
735	395
690	399
778	399
622	401
623	401
654	401
694	401
700	401
780	401
794	401
742	402
421	405
482	407
485	407
558	407
601	407
605	407
769	407
465	413
659	413
812	415
474	417
486	417
666	417
739	417
835	417
848	417
805	418
720	420
428	423
515	423
567	423
615	423
457	426
616	426
500	428
515	428
524	428
527	428
567	428
615	428
618	428
663	428
779	428
795	428
810	428
650	431
449	433
756	433
774	433
775	433
835	433
848	433
457	434
505	434
519	434
554	434
575	434
576	434
588	434
593	434
619	434
625	434
651	434
657	434
669	434
692	434
712	434
722	434
737	434
806	434
815	434
450	437
786	437
585	438
494	441
714	442
462	445
725	445
529	448
756	449
774	449
775	449
835	449
848	449
786	450
459	457
505	457
527	457
554	457
575	457
576	457
588	457
593	457
615	457
616	457
619	457
625	457
628	457
651	457
657	457
663	457
669	457
692	457
712	457
722	457
737	457
798	457
819	457
849	457
731	458
505	459
519	459
524	459
527	459
575	459
586	459
588	459
593	459
615	459
616	459
618	459
627	459
636	459
651	459
663	459
669	459
695	459
722	459
737	459
779	459
788	459
798	459
806	459
810	459
636	462
649	462
725	462
784	462
483	463
542	463
576	463
609	463
676	463
750	463
834	463
514	464
603	464
659	465
751	467
536	471
580	472
735	472
669	473
673	473
819	473
486	474
666	474
739	474
835	474
848	474
495	478
499	478
505	478
506	478
541	478
608	478
636	478
642	478
649	478
722	478
754	478
766	478
792	478
798	478
808	478
558	482
605	482
769	482
542	483
609	483
676	483
834	483
548	484
573	484
604	484
624	484
644	484
683	484
558	485
601	485
605	485
666	486
739	486
756	486
835	486
848	486
765	487
814	487
500	491
515	491
524	491
527	491
567	491
615	491
618	491
663	491
737	491
795	491
499	495
505	495
506	495
541	495
636	495
642	495
649	495
660	495
702	495
722	495
737	495
754	495
792	495
798	495
806	495
503	499
505	499
506	499
514	499
541	499
608	499
627	499
636	499
642	499
649	499
660	499
722	499
754	499
766	499
784	499
792	499
798	499
806	499
808	499
515	500
524	500
527	500
567	500
615	500
663	500
795	500
810	500
506	503
608	503
636	503
642	503
649	503
754	503
766	503
784	503
792	503
808	503
831	504
506	505
570	505
575	505
576	505
588	505
593	505
619	505
625	505
636	505
642	505
649	505
651	505
663	505
669	505
692	505
722	505
737	505
754	505
766	505
779	505
784	505
792	505
798	505
806	505
808	505
815	505
608	506
636	506
642	506
649	506
660	506
722	506
754	506
766	506
792	506
798	506
806	506
808	506
536	509
717	509
603	514
642	514
702	514
792	514
524	515
527	515
567	515
615	515
618	515
663	515
744	515
779	515
795	515
810	515
819	515
576	519
588	519
593	519
651	519
722	519
737	519
806	519
815	519
527	524
567	524
615	524
618	524
663	524
737	524
744	524
771	524
779	524
795	524
810	524
567	527
576	527
615	527
618	527
627	527
636	527
653	527
663	527
737	527
771	527
779	527
795	527
810	527
717	536
741	536
798	536
657	538
608	541
636	541
642	541
649	541
722	541
754	541
779	541
784	541
792	541
808	541
576	542
609	542
676	542
834	542
554	543
793	546
573	548
604	548
624	548
644	548
683	548
575	554
576	554
588	554
593	554
625	554
651	554
663	554
669	554
692	554
711	554
722	554
815	554
601	558
605	558
849	564
575	565
722	565
735	566
615	567
663	567
795	567
810	567
735	568
586	570
593	570
636	570
669	570
798	570
806	570
604	573
624	573
644	573
683	573
689	573
745	573
576	575
588	575
593	575
625	575
651	575
657	575
669	575
692	575
712	575
722	575
737	575
806	575
588	576
593	576
609	576
619	576
625	576
636	576
651	576
657	576
663	576
669	576
692	576
712	576
722	576
737	576
798	576
806	576
815	576
624	578
683	578
588	581
737	581
737	583
806	586
593	588
619	588
625	588
636	588
651	588
657	588
663	588
669	588
692	588
712	588
722	588
737	588
779	588
806	588
815	588
685	589
842	589
619	593
625	593
636	593
642	593
649	593
651	593
657	593
669	593
692	593
712	593
722	593
737	593
792	593
799	593
806	593
815	593
667	596
822	597
830	598
605	601
624	604
644	604
683	604
689	604
745	604
797	605
627	608
636	608
642	608
649	608
660	608
722	608
754	608
766	608
784	608
792	608
808	608
761	609
691	611
719	611
717	612
618	615
653	615
663	615
737	615
744	615
779	615
795	615
810	615
819	615
737	616
849	616
627	618
653	618
663	618
737	618
779	618
795	618
810	618
625	619
651	619
669	619
692	619
722	619
737	619
799	619
806	619
815	619
623	622
694	622
780	622
794	622
694	623
700	623
794	623
644	624
683	624
651	625
657	625
663	625
669	625
692	625
712	625
722	625
737	625
806	625
629	626
816	626
636	627
649	627
663	627
754	627
766	627
779	627
795	627
669	628
816	629
642	636
649	636
651	636
660	636
663	636
695	636
722	636
737	636
754	636
766	636
779	636
784	636
792	636
798	636
806	636
808	636
781	638
649	642
660	642
702	642
722	642
754	642
766	642
784	642
792	642
798	642
808	642
815	642
683	644
689	644
745	644
742	646
789	648
660	649
722	649
754	649
766	649
784	649
792	649
798	649
806	649
808	649
657	651
669	651
692	651
711	651
712	651
722	651
737	651
799	651
806	651
815	651
832	651
795	653
669	657
692	657
712	657
722	657
737	657
800	657
828	657
722	660
754	660
766	660
792	660
808	660
669	663
737	663
771	663
779	663
788	663
795	663
806	663
810	663
739	666
756	666
835	666
848	666
692	669
712	669
722	669
737	669
798	669
806	669
744	673
819	673
688	675
750	676
834	676
709	678
729	678
783	679
689	683
745	683
842	685
844	686
778	690
719	691
743	691
722	692
737	692
754	692
798	692
815	692
700	694
780	694
794	694
779	695
705	697
794	700
722	702
792	702
798	702
815	702
729	709
722	711
722	712
737	712
741	717
743	719
737	722
754	722
784	722
792	722
798	722
799	722
806	722
808	722
815	722
828	722
771	737
779	737
788	737
795	737
798	737
806	737
810	737
815	737
756	739
769	739
835	739
848	739
813	742
779	744
795	744
819	744
766	754
784	754
792	754
798	754
808	754
774	756
775	756
835	756
848	756
814	765
784	766
792	766
798	766
806	766
808	766
795	771
775	774
835	774
848	774
835	775
848	775
784	779
795	779
798	779
810	779
819	779
794	780
792	784
806	784
808	784
798	792
806	792
808	792
815	792
832	792
810	795
819	795
813	797
848	797
806	798
808	798
815	798
832	798
815	799
808	806
848	835
