0	353
0	370
0	471
0	536
1	8
1	579
3	17
3	369
3	675
4	415
5	32
5	37
5	90
5	186
5	198
5	256
5	271
5	439
5	457
5	621
5	777
5	806
8	579
10	718
13	296
15	52
15	71
15	80
15	90
15	115
15	122
15	167
15	189
15	315
15	325
15	382
15	491
15	500
15	524
15	533
15	559
15	567
15	615
15	618
15	627
15	663
15	707
15	744
15	784
15	810
15	819
15	838
15	839
16	731
17	369
17	675
18	776
19	34
19	107
19	233
19	430
19	572
19	770
20	32
20	53
20	76
20	101
20	124
20	192
20	220
20	256
20	264
20	283
20	314
20	354
20	409
20	457
20	479
20	556
20	576
20	588
20	593
20	625
20	632
20	651
20	657
20	692
20	722
20	815
21	413
21	465
23	78
23	82
23	139
23	157
23	166
23	190
23	340
23	422
23	484
23	582
23	604
23	624
23	644
23	683
23	689
23	745
25	134
27	34
27	770
28	176
28	807
29	175
29	285
29	355
29	401
29	454
29	455
29	476
29	665
29	700
29	780
31	292
31	471
32	45
32	52
32	53
32	76
32	101
32	124
32	192
32	198
32	220
32	256
32	264
32	314
32	354
32	409
32	439
32	457
32	479
32	576
32	588
32	593
32	625
32	632
32	651
32	657
32	661
32	663
32	692
32	716
32	721
32	722
32	806
32	811
32	815
34	107
34	233
34	302
34	430
34	504
34	631
34	770
34	809
35	498
35	589
35	842
37	186
37	621
37	777
37	814
39	192
39	256
40	691
40	743
40	757
45	90
45	130
45	198
45	271
45	314
45	593
45	608
45	627
45	649
45	713
45	766
45	784
45	798
45	806
45	808
45	815
46	814
50	546
50	793
51	463
52	76
52	90
52	115
52	189
52	192
52	220
52	264
52	311
52	314
52	315
52	338
52	357
52	409
52	439
52	457
52	479
52	524
52	538
52	559
52	588
52	593
52	616
52	625
52	632
52	651
52	657
52	663
52	673
52	692
52	722
52	744
52	753
52	798
52	819
53	76
53	101
53	192
53	220
53	256
53	264
53	283
53	314
53	354
53	457
53	479
53	576
53	593
53	625
53	632
53	651
53	657
53	722
54	822
55	334
62	191
62	379
62	463
65	805
67	200
68	315
70	478
70	649
70	660
70	808
71	90
71	115
71	122
71	167
71	325
71	382
71	500
71	524
71	618
71	627
71	663
71	695
71	810
71	839
72	123
72	378
72	549
73	209
74	258
74	407
74	485
74	558
74	601
74	605
74	614
76	90
76	101
76	115
76	192
76	220
76	256
76	264
76	271
76	283
76	314
76	354
76	357
76	409
76	439
76	457
76	479
76	576
76	588
76	593
76	625
76	632
76	651
76	657
76	663
76	692
76	693
76	722
76	753
76	799
76	815
78	82
78	139
78	157
78	166
78	190
78	340
78	422
78	484
78	582
78	604
78	624
78	644
78	668
78	683
78	745
80	90
80	115
80	189
80	315
80	382
80	491
80	500
80	524
80	533
80	567
80	615
80	618
80	653
80	663
80	744
80	810
80	819
80	838
80	839
82	139
82	157
82	166
82	190
82	340
82	422
82	484
82	582
82	604
82	624
82	644
82	683
82	745
83	138
83	345
83	391
83	512
83	514
83	551
83	670
83	702
83	821
86	718
90	115
90	130
90	167
90	189
90	198
90	264
90	314
90	315
90	325
90	382
90	409
90	439
90	491
90	500
90	524
90	533
90	567
90	588
90	615
90	618
90	627
90	649
90	651
90	663
90	695
90	716
90	754
90	798
90	806
90	810
90	838
90	839
91	362
91	806
92	425
97	106
97	598
97	686
97	830
98	523
100	787
101	124
101	138
101	192
101	220
101	256
101	264
101	271
101	314
101	318
101	354
101	409
101	439
101	457
101	479
101	559
101	576
101	588
101	593
101	625
101	632
101	651
101	657
101	660
101	692
101	722
101	798
101	806
101	811
101	815
101	828
106	598
106	830
107	631
107	770
107	809
108	443
109	317
109	327
109	336
109	372
109	709
109	729
109	849
110	272
110	276
111	119
114	158
114	229
114	260
114	399
114	778
115	167
115	189
115	315
115	325
115	382
115	491
115	500
115	524
115	615
115	618
115	627
115	663
115	695
115	707
115	810
115	839
121	375
123	378
123	549
124	192
124	198
124	220
124	256
124	314
124	409
124	457
124	479
124	576
124	588
124	593
124	625
124	632
124	649
124	651
124	692
124	713
124	721
124	722
124	806
124	811
125	727
127	217
129	417
129	474
129	486
129	666
129	755
129	758
129	850
130	198
130	241
130	271
130	318
130	409
130	478
130	503
130	541
130	608
130	627
130	649
130	692
130	713
130	716
130	754
130	766
130	784
130	798
130	808
137	718
138	264
138	318
138	345
138	391
138	514
138	660
138	670
138	702
138	808
138	815
138	821
139	157
139	166
139	190
139	340
139	422
139	484
139	582
139	604
139	624
139	644
139	683
139	745
147	555
149	632
154	487
154	545
154	765
154	814
156	302
157	166
157	190
157	340
157	422
157	484
157	582
157	604
157	624
157	644
157	683
157	689
157	745
158	229
158	260
158	399
158	778
160	555
160	786
164	475
166	190
166	340
166	422
166	484
166	582
166	604
166	624
166	644
166	668
166	683
166	745
167	231
167	325
167	382
167	491
167	524
167	663
167	695
167	703
167	810
167	839
168	326
168	463
168	483
168	542
168	676
168	834
170	366
170	679
170	749
170	783
175	285
175	355
175	401
175	454
175	455
175	476
175	665
175	700
175	780
176	807
177	325
177	703
184	504
184	809
184	831
186	621
186	753
186	777
189	315
189	325
189	382
189	491
189	500
189	524
189	533
189	567
189	615
189	618
189	653
189	663
189	744
189	810
189	819
189	838
189	839
190	340
190	422
190	484
190	582
190	604
190	644
190	683
190	689
190	745
191	379
191	463
192	198
192	220
192	256
192	264
192	271
192	314
192	354
192	357
192	409
192	439
192	457
192	479
192	556
192	565
192	576
192	588
192	593
192	625
192	632
192	649
192	651
192	657
192	660
192	661
192	692
192	716
192	722
192	806
192	808
192	811
192	815
195	369
195	675
198	241
198	264
198	271
198	409
198	462
198	503
198	541
198	593
198	608
198	627
198	632
198	649
198	660
198	716
198	722
198	754
198	766
198	784
198	798
198	806
198	808
198	811
198	821
199	522
203	310
203	435
203	667
204	728
205	377
205	664
206	363
206	452
206	603
210	264
210	588
210	815
210	832
211	615
214	444
215	613
219	285
220	256
220	264
220	271
220	314
220	354
220	409
220	439
220	457
220	479
220	576
220	588
220	593
220	625
220	632
220	651
220	657
220	692
220	722
220	806
220	815
221	398
231	325
232	571
232	625
233	430
235	501
237	647
238	395
241	251
241	318
241	391
241	478
241	503
241	608
241	649
241	660
241	716
241	722
241	754
241	766
241	798
241	808
241	821
249	292
250	605
251	649
251	821
253	292
253	522
254	286
255	540
256	264
256	271
256	283
256	314
256	354
256	409
256	439
256	457
256	479
256	556
256	559
256	576
256	588
256	593
256	625
256	632
256	651
256	657
256	692
256	693
256	721
256	722
256	753
256	799
256	806
256	811
256	815
258	286
258	407
258	482
258	485
258	558
258	601
258	605
258	614
258	769
260	399
260	778
263	416
264	271
264	314
264	318
264	354
264	409
264	439
264	457
264	479
264	551
264	559
264	576
264	588
264	593
264	625
264	632
264	651
264	660
264	663
264	716
264	722
264	753
264	811
264	815
264	821
268	411
268	439
268	724
269	496
271	314
271	318
271	354
271	409
271	439
271	457
271	479
271	576
271	588
271	593
271	625
271	632
271	651
271	663
271	692
271	713
271	721
271	722
271	754
271	806
271	811
271	815
272	276
273	547
274	287
274	539
274	684
283	314
283	354
283	457
283	479
283	593
283	632
284	782
285	355
285	401
285	454
285	455
285	476
285	665
285	700
285	753
285	780
286	407
286	482
286	769
287	539
287	684
292	522
292	742
299	733
301	307
301	706
301	756
301	758
301	848
302	827
305	673
307	706
307	848
310	435
310	667
311	638
314	354
314	357
314	409
314	439
314	457
314	479
314	559
314	576
314	588
314	593
314	625
314	632
314	649
314	651
314	657
314	661
314	663
314	692
314	722
314	753
314	798
314	799
314	806
314	811
314	815
315	382
315	395
315	524
315	533
315	567
315	615
315	618
315	627
315	663
315	810
315	839
317	327
317	336
317	372
317	709
317	729
318	345
318	391
318	514
318	608
318	649
318	660
318	670
318	702
318	716
318	722
318	754
318	766
318	784
318	798
318	808
318	815
318	821
325	382
325	491
325	500
325	524
325	567
325	615
325	625
325	663
325	703
325	810
325	839
326	463
326	483
326	542
326	576
326	676
326	750
326	834
327	336
327	372
327	709
327	729
327	849
336	372
336	709
336	729
337	790
338	510
340	422
340	484
340	582
340	624
340	644
340	683
343	656
345	391
345	514
345	660
345	670
345	702
345	821
346	366
346	377
346	626
346	629
346	679
346	816
348	490
348	585
350	602
350	629
353	370
353	426
353	849
354	409
354	439
354	457
354	479
354	576
354	588
354	593
354	625
354	632
354	651
354	722
354	806
354	811
354	815
355	401
355	454
355	455
355	476
355	665
355	700
355	753
355	780
357	439
357	457
357	479
357	593
357	628
357	632
363	452
363	522
364	772
366	679
366	749
366	783
369	675
370	536
372	709
372	729
373	391
373	514
373	670
373	702
375	695
377	629
377	816
378	549
379	463
382	491
382	500
382	524
382	533
382	567
382	615
382	618
382	653
382	663
382	744
382	810
382	838
382	839
386	587
386	643
391	503
391	514
391	608
391	649
391	660
391	670
391	702
391	716
391	722
391	754
391	766
391	808
391	821
394	448
395	568
395	740
399	778
401	454
401	455
401	476
401	665
401	700
401	780
404	741
407	482
407	485
407	558
407	601
407	605
407	614
407	769
409	439
409	457
409	479
409	576
409	588
409	593
409	625
409	632
409	651
409	657
409	663
409	692
409	713
409	716
409	721
409	722
409	753
409	754
409	798
409	799
409	806
409	815
413	465
417	474
417	486
417	666
417	755
417	758
417	848
417	850
418	805
420	720
422	484
422	582
422	604
422	624
422	644
422	683
422	745
426	457
426	616
430	572
430	770
432	724
435	667
438	490
438	585
439	457
439	479
439	576
439	581
439	588
439	593
439	616
439	625
439	628
439	632
439	651
439	657
439	722
439	724
439	753
439	798
439	800
439	806
442	714
452	555
454	455
454	476
454	665
454	700
454	753
454	780
455	476
455	665
455	700
455	780
457	479
457	576
457	588
457	593
457	615
457	616
457	625
457	628
457	632
457	651
457	657
457	663
457	692
457	693
457	722
457	753
457	798
457	811
457	819
457	849
458	731
462	649
462	784
463	483
463	542
463	576
463	676
463	750
463	834
470	773
471	536
474	486
474	666
474	755
474	758
474	848
474	850
476	665
476	700
476	753
476	780
478	526
478	541
478	608
478	649
478	716
478	722
478	754
478	766
478	798
478	808
479	565
479	576
479	581
479	588
479	593
479	625
479	632
479	651
479	657
479	663
479	692
479	693
479	722
479	799
479	806
479	811
479	815
482	558
482	605
482	614
482	769
483	542
483	676
483	834
484	582
484	604
484	624
484	644
484	683
485	558
485	601
485	605
485	614
486	666
486	755
486	756
486	758
486	848
486	850
487	545
487	765
487	814
488	630
490	585
491	500
491	524
491	567
491	615
491	618
491	663
491	839
498	589
498	842
500	524
500	533
500	567
500	615
500	663
500	810
500	838
500	839
503	608
503	632
503	649
503	716
503	754
503	766
503	784
503	808
504	631
504	809
504	831
512	551
512	702
512	722
514	522
514	603
514	670
514	702
522	603
524	533
524	567
524	615
524	618
524	663
524	744
524	810
524	838
524	839
526	713
526	716
526	798
533	567
533	615
533	618
533	653
533	663
533	810
533	838
533	839
535	841
536	741
536	798
537	656
538	657
539	684
541	608
541	649
541	716
541	722
541	754
541	784
541	808
542	576
542	676
542	834
545	765
545	814
546	793
551	702
551	722
551	815
556	625
558	601
558	605
558	614
559	616
559	625
559	673
559	724
559	734
559	815
564	849
565	722
567	615
567	663
567	810
567	838
567	839
568	740
576	588
576	593
576	625
576	632
576	651
576	657
576	663
576	692
576	713
576	722
576	798
576	806
576	811
576	815
578	624
578	683
581	588
581	753
582	604
582	624
582	644
582	668
582	683
587	643
588	593
588	625
588	632
588	651
588	657
588	663
588	692
588	721
588	722
588	753
588	806
588	811
588	815
589	842
593	625
593	632
593	649
593	651
593	657
593	661
593	692
593	713
593	721
593	722
593	753
593	799
593	806
593	811
593	815
598	830
600	603
601	605
601	614
602	629
604	624
604	644
604	683
604	689
604	745
605	614
608	627
608	649
608	660
608	716
608	722
608	754
608	766
608	784
608	808
608	821
610	633
610	697
615	618
615	653
615	663
615	744
615	810
615	819
615	838
615	839
616	849
618	627
618	653
618	663
618	707
618	810
618	838
618	839
621	753
621	777
624	644
624	683
625	632
625	651
625	657
625	663
625	692
625	693
625	722
625	806
625	811
626	629
626	816
627	649
627	663
627	713
627	716
627	754
627	766
629	816
631	770
631	809
632	651
632	657
632	692
632	693
632	713
632	716
632	722
632	753
632	754
632	798
632	806
632	811
632	815
633	697
638	781
644	683
644	689
644	745
644	753
646	742
648	789
649	660
649	713
649	716
649	722
649	754
649	766
649	784
649	798
649	806
649	808
649	811
649	821
651	657
651	692
651	711
651	721
651	722
651	753
651	799
651	806
651	811
651	815
651	832
653	838
653	839
657	692
657	722
657	800
657	828
660	670
660	716
660	722
660	754
660	766
660	808
660	821
661	722
663	806
663	810
663	838
663	839
665	780
666	755
666	756
666	758
666	848
666	850
670	702
670	821
673	734
673	744
673	819
676	750
676	834
679	749
679	783
683	689
683	745
686	844
691	743
691	757
692	721
692	722
692	753
692	754
692	798
692	815
702	722
702	798
702	815
702	821
706	756
706	758
706	848
707	810
709	729
711	722
713	716
713	722
713	754
713	766
713	784
713	798
713	806
716	722
716	754
716	766
716	784
716	798
716	806
716	808
721	722
721	754
721	799
721	806
722	754
722	784
722	798
722	799
722	806
722	808
722	811
722	815
722	821
722	828
724	767
744	819
749	783
753	777
753	815
754	766
754	784
754	798
754	808
754	821
755	756
755	758
755	848
755	850
756	758
756	775
756	848
756	850
758	775
758	848
758	850
765	814
766	784
766	798
766	806
766	808
770	809
775	848
784	806
784	808
798	806
798	808
798	815
798	821
798	832
799	815
806	808
806	811
808	821
809	831
810	838
810	839
811	832
815	821
819	839
838	839
848	850
353	0
370	0
471	0
536	0
8	1
579	1
17	3
369	3
675	3
415	4
32	5
37	5
90	5
186	5
198	5
256	5
271	5
439	5
457	5
621	5
777	5
806	5
579	8
718	10
296	13
52	15
71	15
80	15
90	15
115	15
122	15
167	15
189	15
315	15
325	15
382	15
491	15
500	15
524	15
533	15
559	15
567	15
615	15
618	15
627	15
663	15
707	15
744	15
784	15
810	15
819	15
838	15
839	15
731	16
369	17
675	17
776	18
34	19
107	19
233	19
430	19
572	19
770	19
32	20
53	20
76	20
101	20
124	20
192	20
220	20
256	20
264	20
283	20
314	20
354	20
409	20
457	20
479	20
556	20
576	20
588	20
593	20
625	20
632	20
651	20
657	20
692	20
722	20
815	20
413	21
465	21
78	23
82	23
139	23
157	23
166	23
190	23
340	23
422	23
484	23
582	23
604	23
624	23
644	23
683	23
689	23
745	23
134	25
34	27
770	27
176	28
807	28
175	29
285	29
355	29
401	29
454	29
455	29
476	29
665	29
700	29
780	29
292	31
471	31
45	32
52	32
53	32
76	32
101	32
124	32
192	32
198	32
220	32
256	32
264	32
314	32
354	32
409	32
439	32
457	32
479	32
576	32
588	32
593	32
625	32
632	32
651	32
657	32
661	32
663	32
692	32
716	32
721	32
722	32
806	32
811	32
815	32
107	34
233	34
302	34
430	34
504	34
631	34
770	34
809	34
498	35
589	35
842	35
186	37
621	37
777	37
814	37
192	39
256	39
691	40
743	40
757	40
90	45
130	45
198	45
271	45
314	45
593	45
608	45
627	45
649	45
713	45
766	45
784	45
798	45
806	45
808	45
815	45
814	46
546	50
793	50
463	51
76	52
90	52
115	52
189	52
192	52
220	52
264	52
311	52
314	52
315	52
338	52
357	52
409	52
439	52
457	52
479	52
524	52
538	52
559	52
588	52
593	52
616	52
625	52
632	52
651	52
657	52
663	52
673	52
692	52
722	52
744	52
753	52
798	52
819	52
76	53
101	53
192	53
220	53
256	53
264	53
283	53
314	53
354	53
457	53
479	53
576	53
593	53
625	53
632	53
651	53
657	53
722	53
822	54
334	55
191	62
379	62
463	62
805	65
200	67
315	68
478	70
649	70
660	70
808	70
90	71
115	71
122	71
167	71
325	71
382	71
500	71
524	71
618	71
627	71
663	71
695	71
810	71
839	71
123	72
378	72
549	72
209	73
258	74
407	74
485	74
558	74
601	74
605	74
614	74
90	76
101	76
115	76
192	76
220	76
256	76
264	76
271	76
283	76
314	76
354	76
357	76
409	76
439	76
457	76
479	76
576	76
588	76
593	76
625	76
632	76
651	76
657	76
663	76
692	76
693	76
722	76
753	76
799	76
815	76
82	78
139	78
157	78
166	78
190	78
340	78
422	78
484	78
582	78
604	78
624	78
644	78
668	78
683	78
745	78
90	80
115	80
189	80
315	80
382	80
491	80
500	80
524	80
533	80
567	80
615	80
618	80
653	80
663	80
744	80
810	80
819	80
838	80
839	80
139	82
157	82
166	82
190	82
340	82
422	82
484	82
582	82
604	82
624	82
644	82
683	82
745	82
138	83
345	83
391	83
512	83
514	83
551	83
670	83
702	83
821	83
718	86
115	90
130	90
167	90
189	90
198	90
264	90
314	90
315	90
325	90
382	90
409	90
439	90
491	90
500	90
524	90
533	90
567	90
588	90
615	90
618	90
627	90
649	90
651	90
663	90
695	90
716	90
754	90
798	90
806	90
810	90
838	90
839	90
362	91
806	91
425	92
106	97
598	97
686	97
830	97
523	98
787	100
124	101
138	101
192	101
220	101
256	101
264	101
271	101
314	101
318	101
354	101
409	101
439	101
457	101
479	101
559	101
576	101
588	101
593	101
625	101
632	101
651	101
657	101
660	101
692	101
722	101
798	101
806	101
811	101
815	101
828	101
598	106
830	106
631	107
770	107
809	107
443	108
317	109
327	109
336	109
372	109
709	109
729	109
849	109
272	110
276	110
119	111
158	114
229	114
260	114
399	114
778	114
167	115
189	115
315	115
325	115
382	115
491	115
500	115
524	115
615	115
618	115
627	115
663	115
695	115
707	115
810	115
839	115
375	121
378	123
549	123
192	124
198	124
220	124
256	124
314	124
409	124
457	124
479	124
576	124
588	124
593	124
625	124
632	124
649	124
651	124
692	124
713	124
721	124
722	124
806	124
811	124
727	125
217	127
417	129
474	129
486	129
666	129
755	129
758	129
850	129
198	130
241	130
271	130
318	130
409	130
478	130
503	130
541	130
608	130
627	130
649	130
692	130
713	130
716	130
754	130
766	130
784	130
798	130
808	130
718	137
264	138
318	138
345	138
391	138
514	138
660	138
670	138
702	138
808	138
815	138
821	138
157	139
166	139
190	139
340	139
422	139
484	139
582	139
604	139
624	139
644	139
683	139
745	139
555	147
632	149
487	154
545	154
765	154
814	154
302	156
166	157
190	157
340	157
422	157
484	157
582	157
604	157
624	157
644	157
683	157
689	157
745	157
229	158
260	158
399	158
778	158
555	160
786	160
475	164
190	166
340	166
422	166
484	166
582	166
604	166
624	166
644	166
668	166
683	166
745	166
231	167
325	167
382	167
491	167
524	167
663	167
695	167
703	167
810	167
839	167
326	168
463	168
483	168
542	168
676	168
834	168
366	170
679	170
749	170
783	170
285	175
355	175
401	175
454	175
455	175
476	175
665	175
700	175
780	175
807	176
325	177
703	177
504	184
809	184
831	184
621	186
753	186
777	186
315	189
325	189
382	189
491	189
500	189
524	189
533	189
567	189
615	189
618	189
653	189
663	189
744	189
810	189
819	189
838	189
839	189
340	190
422	190
484	190
582	190
604	190
644	190
683	190
689	190
745	190
379	191
463	191
198	192
220	192
256	192
264	192
271	192
314	192
354	192
357	192
409	192
439	192
457	192
479	192
556	192
565	192
576	192
588	192
593	192
625	192
632	192
649	192
651	192
657	192
660	192
661	192
692	192
716	192
722	192
806	192
808	192
811	192
815	192
369	195
675	195
241	198
264	198
271	198
409	198
462	198
503	198
541	198
593	198
608	198
627	198
632	198
649	198
660	198
716	198
722	198
754	198
766	198
784	198
798	198
806	198
808	198
811	198
821	198
522	199
310	203
435	203
667	203
728	204
377	205
664	205
363	206
452	206
603	206
264	210
588	210
815	210
832	210
615	211
444	214
613	215
285	219
256	220
264	220
271	220
314	220
354	220
409	220
439	220
457	220
479	220
576	220
588	220
593	220
625	220
632	220
651	220
657	220
692	220
722	220
806	220
815	220
398	221
325	231
571	232
625	232
430	233
501	235
647	237
395	238
251	241
318	241
391	241
478	241
503	241
608	241
649	241
660	241
716	241
722	241
754	241
766	241
798	241
808	241
821	241
292	249
605	250
649	251
821	251
292	253
522	253
286	254
540	255
264	256
271	256
283	256
314	256
354	256
409	256
439	256
457	256
479	256
556	256
559	256
576	256
588	256
593	256
625	256
632	256
651	256
657	256
692	256
693	256
721	256
722	256
753	256
799	256
806	256
811	256
815	256
286	258
407	258
482	258
485	258
558	258
601	258
605	258
614	258
769	258
399	260
778	260
416	263
271	264
314	264
318	264
354	264
409	264
439	264
457	264
479	264
551	264
559	264
576	264
588	264
593	264
625	264
632	264
651	264
660	264
663	264
716	264
722	264
753	264
811	264
815	264
821	264
411	268
439	268
724	268
496	269
314	271
318	271
354	271
409	271
439	271
457	271
479	271
576	271
588	271
593	271
625	271
632	271
651	271
663	271
692	271
713	271
721	271
722	271
754	271
806	271
811	271
815	271
276	272
547	273
287	274
539	274
684	274
314	283
354	283
457	283
479	283
593	283
632	283
782	284
355	285
401	285
454	285
455	285
476	285
665	285
700	285
753	285
780	285
407	286
482	286
769	286
539	287
684	287
522	292
742	292
733	299
307	301
706	301
756	301
758	301
848	301
827	302
673	305
706	307
848	307
435	310
667	310
638	311
354	314
357	314
409	314
439	314
457	314
479	314
559	314
576	314
588	314
593	314
625	314
632	314
649	314
651	314
657	314
661	314
663	314
692	314
722	314
753	314
798	314
799	314
806	314
811	314
815	314
382	315
395	315
524	315
533	315
567	315
615	315
618	315
627	315
663	315
810	315
839	315
327	317
336	317
372	317
709	317
729	317
345	318
391	318
514	318
608	318
649	318
660	318
670	318
702	318
716	318
722	318
754	318
766	318
784	318
798	318
808	318
815	318
821	318
382	325
491	325
500	325
524	325
567	325
615	325
625	325
663	325
703	325
810	325
839	325
463	326
483	326
542	326
576	326
676	326
750	326
834	326
336	327
372	327
709	327
729	327
849	327
372	336
709	336
729	336
790	337
510	338
422	340
484	340
582	340
624	340
644	340
683	340
656	343
391	345
514	345
660	345
670	345
702	345
821	345
366	346
377	346
626	346
629	346
679	346
816	346
490	348
585	348
602	350
629	350
370	353
426	353
849	353
409	354
439	354
457	354
479	354
576	354
588	354
593	354
625	354
632	354
651	354
722	354
806	354
811	354
815	354
401	355
454	355
455	355
476	355
665	355
700	355
753	355
780	355
439	357
457	357
479	357
593	357
628	357
632	357
452	363
522	363
772	364
679	366
749	366
783	366
675	369
536	370
709	372
729	372
391	373
514	373
670	373
702	373
695	375
629	377
816	377
549	378
463	379
491	382
500	382
524	382
533	382
567	382
615	382
618	382
653	382
663	382
744	382
810	382
838	382
839	382
587	386
643	386
503	391
514	391
608	391
649	391
660	391
670	391
702	391
716	391
722	391
754	391
766	391
808	391
821	391
448	394
568	395
740	395
778	399
454	401
455	401
476	401
665	401
700	401
780	401
741	404
482	407
485	407
558	407
601	407
605	407
614	407
769	407
439	409
457	409
479	409
576	409
588	409
593	409
625	409
632	409
651	409
657	409
663	409
692	409
713	409
716	409
721	409
722	409
753	409
754	409
798	409
799	409
806	409
815	409
465	413
474	417
486	417
666	417
755	417
758	417
848	417
850	417
805	418
720	420
484	422
582	422
604	422
624	422
644	422
683	422
745	422
457	426
616	426
572	430
770	430
724	432
667	435
490	438
585	438
457	439
479	439
576	439
581	439
588	439
593	439
616	439
625	439
628	439
632	439
651	439
657	439
722	439
724	439
753	439
798	439
800	439
806	439
714	442
555	452
455	454
476	454
665	454
700	454
753	454
780	454
476	455
665	455
700	455
780	455
479	457
576	457
588	457
593	457
615	457
616	457
625	457
628	457
632	457
651	457
657	457
663	457
692	457
693	457
722	457
753	457
798	457
811	457
819	457
849	457
731	458
649	462
784	462
483	463
542	463
576	463
676	463
750	463
834	463
773	470
536	471
486	474
666	474
755	474
758	474
848	474
850	474
665	476
700	476
753	476
780	476
526	478
541	478
608	478
649	478
716	478
722	478
754	478
766	478
798	478
808	478
565	479
576	479
581	479
588	479
593	479
625	479
632	479
651	479
657	479
663	479
692	479
693	479
722	479
799	479
806	479
811	479
815	479
558	482
605	482
614	482
769	482
542	483
676	483
834	483
582	484
604	484
624	484
644	484
683	484
558	485
601	485
605	485
614	485
666	486
755	486
756	486
758	486
848	486
850	486
545	487
765	487
814	487
630	488
585	490
500	491
524	491
567	491
615	491
618	491
663	491
839	491
589	498
842	498
524	500
533	500
567	500
615	500
663	500
810	500
838	500
839	500
608	503
632	503
649	503
716	503
754	503
766	503
784	503
808	503
631	504
809	504
831	504
551	512
702	512
722	512
522	514
603	514
670	514
702	514
603	522
533	524
567	524
615	524
618	524
663	524
744	524
810	524
838	524
839	524
713	526
716	526
798	526
567	533
615	533
618	533
653	533
663	533
810	533
838	533
839	533
841	535
741	536
798	536
656	537
657	538
684	539
608	541
649	541
716	541
722	541
754	541
784	541
808	541
576	542
676	542
834	542
765	545
814	545
793	546
702	551
722	551
815	551
625	556
601	558
605	558
614	558
616	559
625	559
673	559
724	559
734	559
815	559
849	564
722	565
615	567
663	567
810	567
838	567
839	567
740	568
588	576
593	576
625	576
632	576
651	576
657	576
663	576
692	576
713	576
722	576
798	576
806	576
811	576
815	576
624	578
683	578
588	581
753	581
604	582
624	582
644	582
668	582
683	582
643	587
593	588
625	588
632	588
651	588
657	588
663	588
692	588
721	588
722	588
753	588
806	588
811	588
815	588
842	589
625	593
632	593
649	593
651	593
657	593
661	593
692	593
713	593
721	593
722	593
753	593
799	593
806	593
811	593
815	593
830	598
603	600
605	601
614	601
629	602
624	604
644	604
683	604
689	604
745	604
614	605
627	608
649	608
660	608
716	608
722	608
754	608
766	608
784	608
808	608
821	608
633	610
697	610
618	615
653	615
663	615
744	615
810	615
819	615
838	615
839	615
849	616
627	618
653	618
663	618
707	618
810	618
838	618
839	618
753	621
777	621
644	624
683	624
632	625
651	625
657	625
663	625
692	625
693	625
722	625
806	625
811	625
629	626
816	626
649	627
663	627
713	627
716	627
754	627
766	627
816	629
770	631
809	631
651	632
657	632
692	632
693	632
713	632
716	632
722	632
753	632
754	632
798	632
806	632
811	632
815	632
697	633
781	638
683	644
689	644
745	644
753	644
742	646
789	648
660	649
713	649
716	649
722	649
754	649
766	649
784	649
798	649
806	649
808	649
811	649
821	649
657	651
692	651
711	651
721	651
722	651
753	651
799	651
806	651
811	651
815	651
832	651
838	653
839	653
692	657
722	657
800	657
828	657
670	660
716	660
722	660
754	660
766	660
808	660
821	660
722	661
806	663
810	663
838	663
839	663
780	665
755	666
756	666
758	666
848	666
850	666
702	670
821	670
734	673
744	673
819	673
750	676
834	676
749	679
783	679
689	683
745	683
844	686
743	691
757	691
721	692
722	692
753	692
754	692
798	692
815	692
722	702
798	702
815	702
821	702
756	706
758	706
848	706
810	707
729	709
722	711
716	713
722	713
754	713
766	713
784	713
798	713
806	713
722	716
754	716
766	716
784	716
798	716
806	716
808	716
722	721
754	721
799	721
806	721
754	722
784	722
798	722
799	722
806	722
808	722
811	722
815	722
821	722
828	722
767	724
819	744
783	749
777	753
815	753
766	754
784	754
798	754
808	754
821	754
756	755
758	755
848	755
850	755
758	756
775	756
848	756
850	756
775	758
848	758
850	758
814	765
784	766
798	766
806	766
808	766
809	770
848	775
806	784
808	784
806	798
808	798
815	798
821	798
832	798
815	799
808	806
811	806
821	808
831	809
838	810
839	810
832	811
821	815
839	819
839	838
850	848
