1	8
1	293
1	579
2	44
2	772
3	369
3	688
4	415
5	32
5	90
5	103
5	136
5	185
5	186
5	256
5	271
5	459
5	505
5	621
5	669
5	777
5	825
6	590
8	293
8	579
10	696
10	718
11	314
11	392
11	632
13	591
15	52
15	58
15	90
15	115
15	122
15	132
15	167
15	172
15	189
15	315
15	323
15	325
15	382
15	390
15	428
15	500
15	515
15	524
15	527
15	559
15	567
15	627
15	663
15	744
15	784
15	795
15	819
15	839
16	56
16	731
20	30
20	32
20	101
20	103
20	104
20	132
20	179
20	220
20	256
20	257
20	264
20	277
20	288
20	314
20	354
20	409
20	479
20	505
20	507
20	519
20	575
20	576
20	593
20	625
20	632
20	651
20	657
20	669
20	692
20	722
20	791
21	413
21	659
24	851
25	672
28	176
28	279
28	636
28	792
29	47
29	313
29	330
29	339
29	355
29	454
29	622
29	623
29	700
29	780
29	794
30	32
30	101
30	103
30	104
30	132
30	179
30	220
30	256
30	257
30	264
30	277
30	288
30	314
30	354
30	479
30	507
30	575
30	576
30	593
30	625
30	651
30	657
30	692
30	722
32	45
32	52
32	101
32	103
32	104
32	179
32	185
32	220
32	256
32	264
32	277
32	288
32	314
32	354
32	409
32	459
32	479
32	505
32	507
32	575
32	576
32	593
32	625
32	632
32	636
32	651
32	657
32	661
32	663
32	669
32	692
32	721
32	722
32	791
32	811
34	107
34	178
34	302
34	384
34	430
34	504
34	518
34	631
34	748
35	589
35	842
36	384
36	504
36	831
39	256
39	361
40	757
41	103
42	78
42	139
42	166
42	171
42	182
42	340
42	422
42	477
42	497
42	573
42	582
42	604
42	624
42	745
45	90
45	271
45	314
45	367
45	459
45	499
45	505
45	507
45	593
45	627
45	636
45	642
45	649
45	784
45	808
46	814
47	219
47	313
47	330
47	339
47	355
47	454
47	460
47	622
47	623
47	654
47	700
47	753
47	780
47	794
48	116
48	129
48	144
48	270
48	301
48	307
48	393
48	417
48	433
48	449
48	474
48	666
48	681
48	739
48	820
48	835
48	850
50	546
50	763
50	793
51	463
52	58
52	69
52	90
52	99
52	104
52	115
52	132
52	179
52	185
52	189
52	220
52	264
52	277
52	288
52	314
52	315
52	338
52	357
52	409
52	459
52	479
52	505
52	507
52	524
52	527
52	538
52	559
52	575
52	593
52	625
52	632
52	651
52	657
52	663
52	669
52	692
52	722
52	744
52	753
52	788
52	791
52	819
54	597
54	822
55	334
55	561
56	731
58	90
58	99
58	115
58	132
58	189
58	325
58	382
58	459
58	473
58	524
58	663
58	669
58	819
58	839
62	191
62	379
62	463
63	387
64	78
64	139
64	166
64	171
64	573
64	604
64	624
65	347
65	805
68	315
69	90
69	104
69	268
69	329
69	459
69	628
69	636
69	724
78	139
78	166
78	171
78	340
78	422
78	477
78	497
78	573
78	582
78	604
78	624
78	668
78	745
81	813
85	170
85	679
85	749
85	783
87	152
87	225
87	813
88	242
90	103
90	104
90	115
90	132
90	167
90	172
90	189
90	264
90	314
90	315
90	323
90	325
90	382
90	409
90	428
90	459
90	499
90	500
90	505
90	507
90	515
90	524
90	527
90	567
90	627
90	636
90	649
90	651
90	663
90	754
90	771
90	795
90	839
99	132
99	220
99	459
99	473
99	819
100	787
101	103
101	104
101	132
101	179
101	185
101	220
101	256
101	257
101	264
101	271
101	277
101	288
101	314
101	318
101	354
101	409
101	479
101	505
101	507
101	559
101	576
101	593
101	625
101	632
101	642
101	651
101	657
101	660
101	692
101	722
101	759
101	791
101	811
102	179
103	104
103	132
103	179
103	185
103	210
103	220
103	256
103	257
103	264
103	271
103	277
103	288
103	314
103	318
103	354
103	361
103	392
103	409
103	459
103	478
103	479
103	505
103	507
103	575
103	576
103	593
103	625
103	632
103	636
103	651
103	657
103	660
103	669
103	692
103	721
103	722
103	759
103	791
103	792
103	811
104	132
104	179
104	185
104	207
104	220
104	232
104	256
104	257
104	264
104	271
104	277
104	288
104	304
104	314
104	354
104	357
104	409
104	459
104	479
104	505
104	507
104	575
104	576
104	593
104	625
104	628
104	632
104	651
104	657
104	669
104	692
104	722
104	753
104	788
105	141
105	386
105	643
106	598
106	830
107	178
107	384
107	518
107	631
109	678
109	709
109	729
109	849
110	272
110	276
110	446
111	119
113	292
113	768
114	229
114	260
114	399
114	778
115	132
115	167
115	172
115	189
115	315
115	323
115	325
115	382
115	428
115	459
115	500
115	515
115	524
115	527
115	627
115	663
115	771
115	795
115	839
116	129
116	417
116	474
116	666
116	739
116	835
116	850
118	696
125	424
125	727
127	281
129	417
129	474
129	666
129	739
129	850
131	637
132	179
132	185
132	189
132	220
132	256
132	264
132	277
132	288
132	314
132	315
132	325
132	354
132	357
132	382
132	409
132	459
132	479
132	500
132	505
132	507
132	515
132	524
132	527
132	538
132	559
132	575
132	576
132	583
132	593
132	625
132	628
132	632
132	651
132	657
132	663
132	669
132	692
132	722
132	744
132	771
132	788
132	791
132	795
132	811
132	819
132	839
132	849
135	241
135	279
135	314
135	367
135	461
135	499
135	503
135	636
135	642
135	649
135	754
135	808
135	821
136	621
136	825
137	718
139	166
139	171
139	182
139	340
139	422
139	477
139	497
139	573
139	582
139	604
139	624
139	745
140	286
140	686
140	769
140	844
141	386
141	643
144	433
144	449
144	681
144	820
144	835
146	346
146	350
146	602
146	626
146	816
152	225
152	769
152	813
154	216
154	487
154	765
154	814
154	820
155	267
155	392
155	761
156	159
156	302
156	518
159	302
159	384
159	518
160	208
160	437
162	652
164	475
165	645
165	846
166	171
166	182
166	340
166	422
166	477
166	497
166	573
166	582
166	604
166	624
166	668
166	745
167	231
167	325
167	382
167	459
167	524
167	663
167	703
167	795
167	839
169	258
169	407
169	485
169	508
169	558
169	601
169	614
170	679
170	749
170	783
171	182
171	340
171	422
171	477
171	497
171	573
171	582
171	604
171	624
171	745
172	181
172	189
172	211
172	315
172	323
172	382
172	390
172	423
172	428
172	500
172	515
172	524
172	527
172	567
172	663
172	744
172	795
172	819
172	839
177	325
177	703
178	384
178	430
178	518
179	185
179	220
179	256
179	257
179	264
179	271
179	277
179	314
179	354
179	409
179	479
179	505
179	507
179	575
179	576
179	593
179	625
179	632
179	651
179	657
179	692
179	711
179	722
179	759
179	811
181	211
181	323
181	390
181	428
181	795
182	477
182	573
182	582
182	604
183	193
183	331
183	492
183	595
183	738
185	256
185	264
185	271
185	277
185	288
185	314
185	354
185	361
185	409
185	479
185	505
185	519
185	575
185	576
185	593
185	625
185	632
185	651
185	669
185	722
185	811
186	621
186	753
186	777
186	825
187	268
189	290
189	315
189	323
189	325
189	382
189	390
189	423
189	428
189	459
189	500
189	515
189	524
189	527
189	567
189	663
189	744
189	795
189	819
189	839
191	379
191	463
193	331
193	492
193	595
193	738
195	369
197	727
199	522
203	310
203	435
203	528
203	596
203	667
206	227
206	363
208	437
210	264
210	361
210	459
211	323
211	390
211	795
216	487
216	621
216	765
216	814
216	825
218	248
219	794
220	256
220	257
220	264
220	271
220	277
220	288
220	314
220	354
220	409
220	459
220	479
220	505
220	507
220	519
220	575
220	576
220	593
220	625
220	632
220	651
220	657
220	669
220	692
220	722
220	759
220	791
221	398
225	813
226	421
226	606
227	292
227	575
227	843
230	461
230	512
230	636
230	642
230	660
230	702
230	792
230	821
231	325
232	519
232	625
234	350
236	701
237	592
237	647
239	268
239	329
239	724
241	251
241	279
241	318
241	367
241	461
241	478
241	499
241	503
241	506
241	577
241	636
241	642
241	649
241	660
241	722
241	754
241	792
241	808
241	821
245	406
246	511
249	292
251	367
251	499
251	505
251	506
251	636
251	642
251	649
251	792
251	821
253	292
253	522
256	264
256	271
256	277
256	288
256	314
256	354
256	361
256	409
256	459
256	479
256	505
256	507
256	519
256	559
256	575
256	576
256	593
256	625
256	632
256	651
256	657
256	669
256	692
256	693
256	721
256	722
256	753
256	791
256	799
256	811
257	277
257	314
257	466
257	507
257	576
257	625
257	632
257	657
257	722
258	286
258	407
258	485
258	508
258	558
258	601
258	614
258	769
260	399
260	778
264	271
264	277
264	288
264	304
264	314
264	318
264	354
264	361
264	367
264	409
264	479
264	505
264	507
264	519
264	559
264	575
264	576
264	593
264	625
264	632
264	642
264	651
264	660
264	663
264	722
264	753
264	792
264	811
264	821
266	270
266	301
266	393
267	761
268	329
268	411
268	724
270	301
270	307
270	393
271	277
271	279
271	288
271	314
271	318
271	354
271	409
271	459
271	479
271	505
271	506
271	507
271	575
271	576
271	593
271	625
271	632
271	636
271	651
271	663
271	669
271	692
271	721
271	722
271	754
271	792
271	811
272	276
272	446
274	287
276	446
277	288
277	314
277	354
277	357
277	361
277	367
277	409
277	459
277	478
277	479
277	505
277	507
277	575
277	576
277	593
277	625
277	632
277	651
277	657
277	660
277	669
277	692
277	693
277	722
277	791
277	792
277	811
279	318
279	367
279	461
279	478
279	499
279	503
279	506
279	541
279	636
279	642
279	649
279	660
279	722
279	754
279	784
279	792
279	808
279	821
284	782
286	407
286	769
288	314
288	354
288	357
288	409
288	461
288	479
288	505
288	507
288	576
288	593
288	625
288	632
288	636
288	651
288	657
288	669
288	722
288	792
288	821
290	325
290	382
290	515
290	524
292	402
292	522
292	742
293	579
293	730
299	505
299	733
301	307
301	393
302	384
302	518
302	827
304	479
304	722
307	393
310	435
310	528
310	596
310	667
313	330
313	339
313	355
313	454
313	460
313	622
313	623
313	700
313	780
313	794
314	354
314	357
314	409
314	459
314	479
314	505
314	507
314	519
314	559
314	575
314	576
314	593
314	625
314	632
314	636
314	649
314	651
314	657
314	661
314	663
314	669
314	692
314	722
314	752
314	753
314	759
314	791
314	792
314	799
314	811
315	323
315	382
315	428
315	459
315	515
315	524
315	527
315	534
315	567
315	627
315	636
315	663
315	795
315	839
318	367
318	461
318	499
318	505
318	506
318	507
318	636
318	642
318	649
318	660
318	670
318	702
318	722
318	754
318	784
318	792
318	808
318	821
323	382
323	390
323	428
323	500
323	515
323	524
323	527
323	663
323	795
323	839
325	382
325	500
325	515
325	524
325	567
325	625
325	663
325	703
325	795
325	839
329	724
329	753
330	355
330	397
330	454
330	622
330	623
330	780
330	794
331	492
331	595
331	738
334	561
337	641
338	510
339	355
339	454
339	460
339	622
339	623
339	700
339	794
340	422
340	477
340	497
340	573
340	582
340	624
343	656
346	377
346	626
346	679
346	816
347	418
347	805
348	490
348	585
350	602
354	409
354	479
354	505
354	575
354	576
354	593
354	625
354	632
354	651
354	669
354	722
354	791
354	811
355	454
355	622
355	623
355	700
355	753
355	780
355	794
356	480
357	479
357	593
357	628
357	632
357	669
357	752
361	367
361	459
361	479
361	505
361	559
361	625
361	636
361	651
361	702
361	722
361	792
361	849
362	762
363	522
367	461
367	478
367	499
367	503
367	505
367	506
367	541
367	577
367	627
367	632
367	636
367	642
367	649
367	660
367	670
367	722
367	754
367	784
367	792
367	808
367	821
369	688
370	536
370	674
375	507
377	816
377	823
378	451
379	463
382	390
382	423
382	428
382	459
382	500
382	515
382	524
382	527
382	567
382	663
382	744
382	795
382	839
384	430
384	504
384	518
384	631
384	748
384	831
386	643
388	530
390	428
390	500
390	515
390	524
390	527
390	795
390	839
392	761
394	448
399	778
402	742
404	481
404	741
407	485
407	508
407	558
407	601
407	614
407	769
409	459
409	479
409	505
409	507
409	527
409	575
409	576
409	583
409	593
409	625
409	632
409	636
409	651
409	657
409	663
409	669
409	692
409	721
409	722
409	753
409	754
409	799
413	659
417	474
417	666
417	739
417	835
417	850
418	805
422	477
422	497
422	573
422	582
422	604
422	624
422	745
423	428
423	515
423	567
424	727
428	500
428	515
428	524
428	527
428	567
428	663
428	795
428	839
429	801
430	518
430	572
433	449
433	681
433	820
433	835
435	528
435	596
435	667
438	490
438	585
448	529
449	681
449	820
449	835
454	622
454	623
454	654
454	700
454	753
454	780
454	794
459	505
459	507
459	519
459	524
459	527
459	559
459	575
459	593
459	627
459	632
459	636
459	651
459	663
459	669
459	721
459	722
459	753
459	788
459	791
459	811
459	839
460	780
460	794
461	499
461	505
461	506
461	636
461	642
461	649
461	660
461	670
461	702
461	754
461	792
461	808
461	821
463	483
463	542
463	576
463	750
463	834
471	536
473	669
473	819
474	666
474	739
474	835
474	850
477	497
477	573
477	582
477	604
477	624
478	499
478	505
478	506
478	507
478	526
478	541
478	636
478	642
478	649
478	722
478	754
478	792
478	808
479	505
479	507
479	575
479	576
479	581
479	593
479	625
479	632
479	651
479	657
479	663
479	669
479	692
479	693
479	722
479	799
479	811
481	741
483	542
483	834
485	508
485	558
485	601
485	614
487	765
487	814
488	630
490	585
492	595
492	738
497	573
497	582
497	604
497	624
497	745
499	503
499	505
499	506
499	541
499	627
499	636
499	642
499	649
499	660
499	722
499	754
499	784
499	792
499	808
499	821
500	515
500	524
500	527
500	567
500	663
500	795
500	839
503	506
503	577
503	632
503	636
503	642
503	649
503	754
503	784
503	792
503	808
504	518
504	631
504	831
505	506
505	507
505	526
505	575
505	576
505	593
505	625
505	632
505	636
505	642
505	649
505	651
505	661
505	663
505	669
505	692
505	721
505	722
505	754
505	784
505	791
505	792
505	808
505	811
505	821
506	507
506	577
506	636
506	642
506	649
506	660
506	722
506	754
506	792
506	808
506	821
507	526
507	576
507	593
507	625
507	627
507	632
507	636
507	642
507	651
507	657
507	663
507	669
507	692
507	721
507	722
507	753
507	754
507	791
507	792
507	811
508	558
508	601
508	614
509	536
509	717
512	702
512	722
512	792
515	524
515	527
515	567
515	663
515	744
515	795
515	819
515	836
515	839
518	631
518	748
519	576
519	593
519	632
519	651
519	661
519	722
524	527
524	567
524	663
524	744
524	771
524	795
524	839
527	567
527	576
527	627
527	636
527	663
527	771
527	795
527	839
528	596
528	667
536	717
536	741
537	656
538	657
541	636
541	642
541	649
541	722
541	754
541	784
541	792
541	808
542	576
542	834
546	763
546	793
558	601
558	614
559	583
559	625
559	724
564	849
567	663
567	795
567	839
568	726
568	740
573	582
573	604
573	624
573	745
575	576
575	593
575	625
575	632
575	651
575	657
575	669
575	692
575	722
575	791
575	811
576	593
576	625
576	632
576	636
576	651
576	657
576	663
576	669
576	692
576	722
576	791
576	811
577	594
577	632
577	636
577	649
577	722
577	754
577	792
577	808
578	624
581	753
582	604
582	624
582	668
589	842
591	726
591	740
592	647
593	625
593	632
593	636
593	642
593	649
593	651
593	657
593	661
593	669
593	692
593	721
593	722
593	753
593	759
593	791
593	792
593	799
593	811
595	738
596	667
597	822
598	830
599	635
601	614
604	624
604	745
607	687
612	717
621	753
621	777
621	788
621	825
622	623
622	780
622	794
623	700
623	794
625	632
625	651
625	657
625	663
625	669
625	692
625	693
625	722
625	811
626	816
627	636
627	649
627	663
627	754
627	795
628	669
632	636
632	642
632	651
632	657
632	669
632	692
632	693
632	722
632	753
632	754
632	759
632	791
632	792
632	811
636	642
636	649
636	651
636	660
636	663
636	721
636	722
636	754
636	784
636	792
636	808
636	811
636	821
642	649
642	660
642	670
642	702
642	722
642	754
642	784
642	792
642	808
642	821
645	846
646	742
648	789
649	660
649	722
649	754
649	784
649	792
649	808
649	811
649	821
651	657
651	669
651	692
651	711
651	721
651	722
651	753
651	791
651	799
651	811
657	669
657	692
657	722
657	791
660	670
660	722
660	754
660	792
660	808
660	821
661	722
663	669
663	771
663	788
663	791
663	795
663	839
664	823
666	739
666	835
666	850
669	692
669	722
669	791
670	702
670	792
670	821
678	709
678	729
679	749
679	783
681	820
681	835
686	844
692	721
692	722
692	753
692	754
692	791
700	794
702	722
702	792
702	821
709	729
711	722
717	741
721	722
721	754
721	799
722	754
722	784
722	791
722	792
722	799
722	808
722	811
722	821
724	767
726	740
739	769
739	835
739	850
742	813
744	795
744	819
749	783
753	777
753	788
753	791
753	794
753	825
754	784
754	792
754	808
754	821
763	793
765	814
771	795
777	825
780	794
784	792
784	808
792	808
792	821
795	819
795	839
808	821
819	839
820	835
835	850
8	1
293	1
579	1
44	2
772	2
369	3
688	3
415	4
32	5
90	5
103	5
136	5
185	5
186	5
256	5
271	5
459	5
505	5
621	5
669	5
777	5
825	5
590	6
293	8
579	8
696	10
718	10
314	11
392	11
632	11
591	13
52	15
58	15
90	15
115	15
122	15
132	15
167	15
172	15
189	15
315	15
323	15
325	15
382	15
390	15
428	15
500	15
515	15
524	15
527	15
559	15
567	15
627	15
663	15
744	15
784	15
795	15
819	15
839	15
56	16
731	16
30	20
32	20
101	20
103	20
104	20
132	20
179	20
220	20
256	20
257	20
264	20
277	20
288	20
314	20
354	20
409	20
479	20
505	20
507	20
519	20
575	20
576	20
593	20
625	20
632	20
651	20
657	20
669	20
692	20
722	20
791	20
413	21
659	21
851	24
672	25
176	28
279	28
636	28
792	28
47	29
313	29
330	29
339	29
355	29
454	29
622	29
623	29
700	29
780	29
794	29
32	30
101	30
103	30
104	30
132	30
179	30
220	30
256	30
257	30
264	30
277	30
288	30
314	30
354	30
479	30
507	30
575	30
576	30
593	30
625	30
651	30
657	30
692	30
722	30
45	32
52	32
101	32
103	32
104	32
179	32
185	32
220	32
256	32
264	32
277	32
288	32
314	32
354	32
409	32
459	32
479	32
505	32
507	32
575	32
576	32
593	32
625	32
632	32
636	32
651	32
657	32
661	32
663	32
669	32
692	32
721	32
722	32
791	32
811	32
107	34
178	34
302	34
384	34
430	34
504	34
518	34
631	34
748	34
589	35
842	35
384	36
504	36
831	36
256	39
361	39
757	40
103	41
78	42
139	42
166	42
171	42
182	42
340	42
422	42
477	42
497	42
573	42
582	42
604	42
624	42
745	42
90	45
271	45
314	45
367	45
459	45
499	45
505	45
507	45
593	45
627	45
636	45
642	45
649	45
784	45
808	45
814	46
219	47
313	47
330	47
339	47
355	47
454	47
460	47
622	47
623	47
654	47
700	47
753	47
780	47
794	47
116	48
129	48
144	48
270	48
301	48
307	48
393	48
417	48
433	48
449	48
474	48
666	48
681	48
739	48
820	48
835	48
850	48
546	50
763	50
793	50
463	51
58	52
69	52
90	52
99	52
104	52
115	52
132	52
179	52
185	52
189	52
220	52
264	52
277	52
288	52
314	52
315	52
338	52
357	52
409	52
459	52
479	52
505	52
507	52
524	52
527	52
538	52
559	52
575	52
593	52
625	52
632	52
651	52
657	52
663	52
669	52
692	52
722	52
744	52
753	52
788	52
791	52
819	52
597	54
822	54
334	55
561	55
731	56
90	58
99	58
115	58
132	58
189	58
325	58
382	58
459	58
473	58
524	58
663	58
669	58
819	58
839	58
191	62
379	62
463	62
387	63
78	64
139	64
166	64
171	64
573	64
604	64
624	64
347	65
805	65
315	68
90	69
104	69
268	69
329	69
459	69
628	69
636	69
724	69
139	78
166	78
171	78
340	78
422	78
477	78
497	78
573	78
582	78
604	78
624	78
668	78
745	78
813	81
170	85
679	85
749	85
783	85
152	87
225	87
813	87
242	88
103	90
104	90
115	90
132	90
167	90
172	90
189	90
264	90
314	90
315	90
323	90
325	90
382	90
409	90
428	90
459	90
499	90
500	90
505	90
507	90
515	90
524	90
527	90
567	90
627	90
636	90
649	90
651	90
663	90
754	90
771	90
795	90
839	90
132	99
220	99
459	99
473	99
819	99
787	100
103	101
104	101
132	101
179	101
185	101
220	101
256	101
257	101
264	101
271	101
277	101
288	101
314	101
318	101
354	101
409	101
479	101
505	101
507	101
559	101
576	101
593	101
625	101
632	101
642	101
651	101
657	101
660	101
692	101
722	101
759	101
791	101
811	101
179	102
104	103
132	103
179	103
185	103
210	103
220	103
256	103
257	103
264	103
271	103
277	103
288	103
314	103
318	103
354	103
361	103
392	103
409	103
459	103
478	103
479	103
505	103
507	103
575	103
576	103
593	103
625	103
632	103
636	103
651	103
657	103
660	103
669	103
692	103
721	103
722	103
759	103
791	103
792	103
811	103
132	104
179	104
185	104
207	104
220	104
232	104
256	104
257	104
264	104
271	104
277	104
288	104
304	104
314	104
354	104
357	104
409	104
459	104
479	104
505	104
507	104
575	104
576	104
593	104
625	104
628	104
632	104
651	104
657	104
669	104
692	104
722	104
753	104
788	104
141	105
386	105
643	105
598	106
830	106
178	107
384	107
518	107
631	107
678	109
709	109
729	109
849	109
272	110
276	110
446	110
119	111
292	113
768	113
229	114
260	114
399	114
778	114
132	115
167	115
172	115
189	115
315	115
323	115
325	115
382	115
428	115
459	115
500	115
515	115
524	115
527	115
627	115
663	115
771	115
795	115
839	115
129	116
417	116
474	116
666	116
739	116
835	116
850	116
696	118
424	125
727	125
281	127
417	129
474	129
666	129
739	129
850	129
637	131
179	132
185	132
189	132
220	132
256	132
264	132
277	132
288	132
314	132
315	132
325	132
354	132
357	132
382	132
409	132
459	132
479	132
500	132
505	132
507	132
515	132
524	132
527	132
538	132
559	132
575	132
576	132
583	132
593	132
625	132
628	132
632	132
651	132
657	132
663	132
669	132
692	132
722	132
744	132
771	132
788	132
791	132
795	132
811	132
819	132
839	132
849	132
241	135
279	135
314	135
367	135
461	135
499	135
503	135
636	135
642	135
649	135
754	135
808	135
821	135
621	136
825	136
718	137
166	139
171	139
182	139
340	139
422	139
477	139
497	139
573	139
582	139
604	139
624	139
745	139
286	140
686	140
769	140
844	140
386	141
643	141
433	144
449	144
681	144
820	144
835	144
346	146
350	146
602	146
626	146
816	146
225	152
769	152
813	152
216	154
487	154
765	154
814	154
820	154
267	155
392	155
761	155
159	156
302	156
518	156
302	159
384	159
518	159
208	160
437	160
652	162
475	164
645	165
846	165
171	166
182	166
340	166
422	166
477	166
497	166
573	166
582	166
604	166
624	166
668	166
745	166
231	167
325	167
382	167
459	167
524	167
663	167
703	167
795	167
839	167
258	169
407	169
485	169
508	169
558	169
601	169
614	169
679	170
749	170
783	170
182	171
340	171
422	171
477	171
497	171
573	171
582	171
604	171
624	171
745	171
181	172
189	172
211	172
315	172
323	172
382	172
390	172
423	172
428	172
500	172
515	172
524	172
527	172
567	172
663	172
744	172
795	172
819	172
839	172
325	177
703	177
384	178
430	178
518	178
185	179
220	179
256	179
257	179
264	179
271	179
277	179
314	179
354	179
409	179
479	179
505	179
507	179
575	179
576	179
593	179
625	179
632	179
651	179
657	179
692	179
711	179
722	179
759	179
811	179
211	181
323	181
390	181
428	181
795	181
477	182
573	182
582	182
604	182
193	183
331	183
492	183
595	183
738	183
256	185
264	185
271	185
277	185
288	185
314	185
354	185
361	185
409	185
479	185
505	185
519	185
575	185
576	185
593	185
625	185
632	185
651	185
669	185
722	185
811	185
621	186
753	186
777	186
825	186
268	187
290	189
315	189
323	189
325	189
382	189
390	189
423	189
428	189
459	189
500	189
515	189
524	189
527	189
567	189
663	189
744	189
795	189
819	189
839	189
379	191
463	191
331	193
492	193
595	193
738	193
369	195
727	197
522	199
310	203
435	203
528	203
596	203
667	203
227	206
363	206
437	208
264	210
361	210
459	210
323	211
390	211
795	211
487	216
621	216
765	216
814	216
825	216
248	218
794	219
256	220
257	220
264	220
271	220
277	220
288	220
314	220
354	220
409	220
459	220
479	220
505	220
507	220
519	220
575	220
576	220
593	220
625	220
632	220
651	220
657	220
669	220
692	220
722	220
759	220
791	220
398	221
813	225
421	226
606	226
292	227
575	227
843	227
461	230
512	230
636	230
642	230
660	230
702	230
792	230
821	230
325	231
519	232
625	232
350	234
701	236
592	237
647	237
268	239
329	239
724	239
251	241
279	241
318	241
367	241
461	241
478	241
499	241
503	241
506	241
577	241
636	241
642	241
649	241
660	241
722	241
754	241
792	241
808	241
821	241
406	245
511	246
292	249
367	251
499	251
505	251
506	251
636	251
642	251
649	251
792	251
821	251
292	253
522	253
264	256
271	256
277	256
288	256
314	256
354	256
361	256
409	256
459	256
479	256
505	256
507	256
519	256
559	256
575	256
576	256
593	256
625	256
632	256
651	256
657	256
669	256
692	256
693	256
721	256
722	256
753	256
791	256
799	256
811	256
277	257
314	257
466	257
507	257
576	257
625	257
632	257
657	257
722	257
286	258
407	258
485	258
508	258
558	258
601	258
614	258
769	258
399	260
778	260
271	264
277	264
288	264
304	264
314	264
318	264
354	264
361	264
367	264
409	264
479	264
505	264
507	264
519	264
559	264
575	264
576	264
593	264
625	264
632	264
642	264
651	264
660	264
663	264
722	264
753	264
792	264
811	264
821	264
270	266
301	266
393	266
761	267
329	268
411	268
724	268
301	270
307	270
393	270
277	271
279	271
288	271
314	271
318	271
354	271
409	271
459	271
479	271
505	271
506	271
507	271
575	271
576	271
593	271
625	271
632	271
636	271
651	271
663	271
669	271
692	271
721	271
722	271
754	271
792	271
811	271
276	272
446	272
287	274
446	276
288	277
314	277
354	277
357	277
361	277
367	277
409	277
459	277
478	277
479	277
505	277
507	277
575	277
576	277
593	277
625	277
632	277
651	277
657	277
660	277
669	277
692	277
693	277
722	277
791	277
792	277
811	277
318	279
367	279
461	279
478	279
499	279
503	279
506	279
541	279
636	279
642	279
649	279
660	279
722	279
754	279
784	279
792	279
808	279
821	279
782	284
407	286
769	286
314	288
354	288
357	288
409	288
461	288
479	288
505	288
507	288
576	288
593	288
625	288
632	288
636	288
651	288
657	288
669	288
722	288
792	288
821	288
325	290
382	290
515	290
524	290
402	292
522	292
742	292
579	293
730	293
505	299
733	299
307	301
393	301
384	302
518	302
827	302
479	304
722	304
393	307
435	310
528	310
596	310
667	310
330	313
339	313
355	313
454	313
460	313
622	313
623	313
700	313
780	313
794	313
354	314
357	314
409	314
459	314
479	314
505	314
507	314
519	314
559	314
575	314
576	314
593	314
625	314
632	314
636	314
649	314
651	314
657	314
661	314
663	314
669	314
692	314
722	314
752	314
753	314
759	314
791	314
792	314
799	314
811	314
323	315
382	315
428	315
459	315
515	315
524	315
527	315
534	315
567	315
627	315
636	315
663	315
795	315
839	315
367	318
461	318
499	318
505	318
506	318
507	318
636	318
642	318
649	318
660	318
670	318
702	318
722	318
754	318
784	318
792	318
808	318
821	318
382	323
390	323
428	323
500	323
515	323
524	323
527	323
663	323
795	323
839	323
382	325
500	325
515	325
524	325
567	325
625	325
663	325
703	325
795	325
839	325
724	329
753	329
355	330
397	330
454	330
622	330
623	330
780	330
794	330
492	331
595	331
738	331
561	334
641	337
510	338
355	339
454	339
460	339
622	339
623	339
700	339
794	339
422	340
477	340
497	340
573	340
582	340
624	340
656	343
377	346
626	346
679	346
816	346
418	347
805	347
490	348
585	348
602	350
409	354
479	354
505	354
575	354
576	354
593	354
625	354
632	354
651	354
669	354
722	354
791	354
811	354
454	355
622	355
623	355
700	355
753	355
780	355
794	355
480	356
479	357
593	357
628	357
632	357
669	357
752	357
367	361
459	361
479	361
505	361
559	361
625	361
636	361
651	361
702	361
722	361
792	361
849	361
762	362
522	363
461	367
478	367
499	367
503	367
505	367
506	367
541	367
577	367
627	367
632	367
636	367
642	367
649	367
660	367
670	367
722	367
754	367
784	367
792	367
808	367
821	367
688	369
536	370
674	370
507	375
816	377
823	377
451	378
463	379
390	382
423	382
428	382
459	382
500	382
515	382
524	382
527	382
567	382
663	382
744	382
795	382
839	382
430	384
504	384
518	384
631	384
748	384
831	384
643	386
530	388
428	390
500	390
515	390
524	390
527	390
795	390
839	390
761	392
448	394
778	399
742	402
481	404
741	404
485	407
508	407
558	407
601	407
614	407
769	407
459	409
479	409
505	409
507	409
527	409
575	409
576	409
583	409
593	409
625	409
632	409
636	409
651	409
657	409
663	409
669	409
692	409
721	409
722	409
753	409
754	409
799	409
659	413
474	417
666	417
739	417
835	417
850	417
805	418
477	422
497	422
573	422
582	422
604	422
624	422
745	422
428	423
515	423
567	423
727	424
500	428
515	428
524	428
527	428
567	428
663	428
795	428
839	428
801	429
518	430
572	430
449	433
681	433
820	433
835	433
528	435
596	435
667	435
490	438
585	438
529	448
681	449
820	449
835	449
622	454
623	454
654	454
700	454
753	454
780	454
794	454
505	459
507	459
519	459
524	459
527	459
559	459
575	459
593	459
627	459
632	459
636	459
651	459
663	459
669	459
721	459
722	459
753	459
788	459
791	459
811	459
839	459
780	460
794	460
499	461
505	461
506	461
636	461
642	461
649	461
660	461
670	461
702	461
754	461
792	461
808	461
821	461
483	463
542	463
576	463
750	463
834	463
536	471
669	473
819	473
666	474
739	474
835	474
850	474
497	477
573	477
582	477
604	477
624	477
499	478
505	478
506	478
507	478
526	478
541	478
636	478
642	478
649	478
722	478
754	478
792	478
808	478
505	479
507	479
575	479
576	479
581	479
593	479
625	479
632	479
651	479
657	479
663	479
669	479
692	479
693	479
722	479
799	479
811	479
741	481
542	483
834	483
508	485
558	485
601	485
614	485
765	487
814	487
630	488
585	490
595	492
738	492
573	497
582	497
604	497
624	497
745	497
503	499
505	499
506	499
541	499
627	499
636	499
642	499
649	499
660	499
722	499
754	499
784	499
792	499
808	499
821	499
515	500
524	500
527	500
567	500
663	500
795	500
839	500
506	503
577	503
632	503
636	503
642	503
649	503
754	503
784	503
792	503
808	503
518	504
631	504
831	504
506	505
507	505
526	505
575	505
576	505
593	505
625	505
632	505
636	505
642	505
649	505
651	505
661	505
663	505
669	505
692	505
721	505
722	505
754	505
784	505
791	505
792	505
808	505
811	505
821	505
507	506
577	506
636	506
642	506
649	506
660	506
722	506
754	506
792	506
808	506
821	506
526	507
576	507
593	507
625	507
627	507
632	507
636	507
642	507
651	507
657	507
663	507
669	507
692	507
721	507
722	507
753	507
754	507
791	507
792	507
811	507
558	508
601	508
614	508
536	509
717	509
702	512
722	512
792	512
524	515
527	515
567	515
663	515
744	515
795	515
819	515
836	515
839	515
631	518
748	518
576	519
593	519
632	519
651	519
661	519
722	519
527	524
567	524
663	524
744	524
771	524
795	524
839	524
567	527
576	527
627	527
636	527
663	527
771	527
795	527
839	527
596	528
667	528
717	536
741	536
656	537
657	538
636	541
642	541
649	541
722	541
754	541
784	541
792	541
808	541
576	542
834	542
763	546
793	546
601	558
614	558
583	559
625	559
724	559
849	564
663	567
795	567
839	567
726	568
740	568
582	573
604	573
624	573
745	573
576	575
593	575
625	575
632	575
651	575
657	575
669	575
692	575
722	575
791	575
811	575
593	576
625	576
632	576
636	576
651	576
657	576
663	576
669	576
692	576
722	576
791	576
811	576
594	577
632	577
636	577
649	577
722	577
754	577
792	577
808	577
624	578
753	581
604	582
624	582
668	582
842	589
726	591
740	591
647	592
625	593
632	593
636	593
642	593
649	593
651	593
657	593
661	593
669	593
692	593
721	593
722	593
753	593
759	593
791	593
792	593
799	593
811	593
738	595
667	596
822	597
830	598
635	599
614	601
624	604
745	604
687	607
717	612
753	621
777	621
788	621
825	621
623	622
780	622
794	622
700	623
794	623
632	625
651	625
657	625
663	625
669	625
692	625
693	625
722	625
811	625
816	626
636	627
649	627
663	627
754	627
795	627
669	628
636	632
642	632
651	632
657	632
669	632
692	632
693	632
722	632
753	632
754	632
759	632
791	632
792	632
811	632
642	636
649	636
651	636
660	636
663	636
721	636
722	636
754	636
784	636
792	636
808	636
811	636
821	636
649	642
660	642
670	642
702	642
722	642
754	642
784	642
792	642
808	642
821	642
846	645
742	646
789	648
660	649
722	649
754	649
784	649
792	649
808	649
811	649
821	649
657	651
669	651
692	651
711	651
721	651
722	651
753	651
791	651
799	651
811	651
669	657
692	657
722	657
791	657
670	660
722	660
754	660
792	660
808	660
821	660
722	661
669	663
771	663
788	663
791	663
795	663
839	663
823	664
739	666
835	666
850	666
692	669
722	669
791	669
702	670
792	670
821	670
709	678
729	678
749	679
783	679
820	681
835	681
844	686
721	692
722	692
753	692
754	692
791	692
794	700
722	702
792	702
821	702
729	709
722	711
741	717
722	721
754	721
799	721
754	722
784	722
791	722
792	722
799	722
808	722
811	722
821	722
767	724
740	726
769	739
835	739
850	739
813	742
795	744
819	744
783	749
777	753
788	753
791	753
794	753
825	753
784	754
792	754
808	754
821	754
793	763
814	765
795	771
825	777
794	780
792	784
808	784
808	792
821	792
819	795
839	795
821	808
839	819
835	820
850	835
