0	471
0	536
2	44
2	772
5	32
5	37
5	90
5	103
5	136
5	185
5	186
5	256
5	457
5	459
5	505
5	525
5	621
5	639
5	669
5	736
5	777
5	806
5	825
6	590
15	26
15	52
15	58
15	90
15	189
15	323
15	325
15	382
15	390
15	428
15	491
15	500
15	515
15	524
15	527
15	533
15	559
15	567
15	615
15	618
15	663
15	744
15	784
15	795
15	810
15	819
16	56
19	34
19	107
19	233
19	308
19	316
19	430
19	518
20	30
20	32
20	53
20	76
20	101
20	103
20	104
20	124
20	179
20	192
20	256
20	261
20	283
20	314
20	354
20	360
20	409
20	434
20	457
20	505
20	507
20	513
20	519
20	556
20	575
20	576
20	588
20	593
20	625
20	632
20	651
20	669
20	722
20	736
20	791
20	815
26	32
26	37
26	52
26	58
26	69
26	76
26	90
26	99
26	103
26	104
26	185
26	189
26	192
26	256
26	282
26	305
26	314
26	325
26	354
26	357
26	360
26	434
26	457
26	459
26	500
26	505
26	507
26	513
26	515
26	524
26	527
26	575
26	576
26	588
26	593
26	615
26	616
26	618
26	621
26	625
26	632
26	636
26	663
26	669
26	695
26	722
26	736
26	777
26	791
26	795
26	798
26	806
28	176
28	636
28	792
28	807
30	32
30	53
30	101
30	103
30	104
30	179
30	192
30	256
30	261
30	314
30	354
30	434
30	453
30	457
30	507
30	575
30	576
30	588
30	593
30	625
30	651
30	722
30	736
31	292
31	471
32	45
32	52
32	53
32	76
32	101
32	103
32	104
32	124
32	179
32	185
32	192
32	256
32	314
32	354
32	360
32	409
32	434
32	457
32	459
32	495
32	505
32	507
32	513
32	575
32	576
32	588
32	593
32	625
32	632
32	636
32	651
32	663
32	669
32	721
32	722
32	736
32	791
32	806
32	811
32	815
34	93
34	107
34	233
34	308
34	316
34	430
34	504
34	518
34	631
34	748
34	809
35	589
36	504
36	831
37	136
37	186
37	216
37	525
37	621
37	639
37	777
37	814
37	825
39	192
39	256
39	513
39	736
40	691
40	719
40	743
41	103
45	90
45	130
45	314
45	367
45	459
45	505
45	507
45	593
45	636
45	642
45	649
45	736
45	784
45	798
45	806
45	808
45	815
46	814
48	112
48	116
48	129
48	144
48	270
48	301
48	307
48	433
48	449
48	486
48	666
48	681
48	739
48	758
48	774
48	775
48	797
48	835
48	848
48	850
52	58
52	69
52	76
52	90
52	99
52	104
52	179
52	185
52	189
52	192
52	311
52	314
52	338
52	357
52	409
52	457
52	459
52	505
52	507
52	513
52	524
52	527
52	538
52	559
52	575
52	588
52	593
52	616
52	625
52	632
52	651
52	663
52	669
52	673
52	722
52	736
52	744
52	791
52	798
52	819
53	76
53	101
53	103
53	104
53	185
53	192
53	256
53	261
53	283
53	314
53	354
53	360
53	434
53	457
53	575
53	576
53	593
53	625
53	632
53	651
53	669
53	722
53	736
57	152
57	169
57	258
57	286
57	407
57	485
57	614
57	769
58	90
58	99
58	189
58	325
58	382
58	459
58	524
58	615
58	618
58	663
58	669
58	673
58	810
58	819
63	138
63	275
63	387
69	90
69	104
69	268
69	282
69	329
69	459
69	521
69	628
69	636
69	724
69	798
70	213
70	478
70	636
70	642
70	649
70	660
70	792
70	808
76	90
76	101
76	103
76	104
76	179
76	185
76	192
76	256
76	283
76	314
76	354
76	357
76	360
76	409
76	434
76	440
76	457
76	505
76	507
76	513
76	519
76	575
76	576
76	588
76	593
76	625
76	632
76	651
76	663
76	669
76	693
76	722
76	736
76	791
76	799
76	815
77	109
77	317
77	327
77	336
77	678
77	709
77	729
83	138
83	213
83	345
83	391
83	461
83	512
83	514
83	551
83	670
83	702
83	792
83	821
85	366
85	368
85	783
90	103
90	104
90	130
90	189
90	282
90	314
90	323
90	325
90	382
90	409
90	428
90	459
90	491
90	500
90	505
90	507
90	513
90	515
90	521
90	524
90	527
90	533
90	567
90	588
90	615
90	618
90	636
90	639
90	649
90	651
90	663
90	695
90	736
90	754
90	771
90	795
90	798
90	806
90	810
91	362
91	806
92	425
93	518
93	631
93	809
96	259
97	106
97	329
99	305
99	311
99	459
99	673
99	819
101	103
101	104
101	124
101	138
101	179
101	185
101	192
101	213
101	256
101	261
101	314
101	318
101	354
101	409
101	434
101	457
101	505
101	507
101	513
101	559
101	576
101	588
101	593
101	625
101	632
101	642
101	651
101	660
101	722
101	736
101	791
101	798
101	806
101	811
101	815
102	179
103	104
103	124
103	179
103	185
103	192
103	256
103	261
103	314
103	318
103	354
103	360
103	409
103	434
103	440
103	457
103	459
103	478
103	505
103	507
103	513
103	575
103	576
103	588
103	593
103	625
103	632
103	636
103	651
103	660
103	669
103	721
103	722
103	736
103	791
103	792
103	806
103	811
103	815
104	179
104	185
104	192
104	207
104	232
104	256
104	282
104	283
104	304
104	314
104	354
104	357
104	360
104	409
104	434
104	457
104	459
104	505
104	507
104	513
104	575
104	576
104	588
104	593
104	625
104	628
104	632
104	651
104	669
104	722
104	736
104	798
104	815
105	587
105	643
107	308
107	316
107	518
107	631
107	809
109	317
109	327
109	336
109	678
109	709
109	729
109	849
111	119
112	266
112	270
112	301
112	307
112	758
112	797
112	848
113	292
113	410
113	464
114	158
116	129
116	486
116	666
116	739
116	758
116	835
116	848
116	850
120	145
123	378
123	451
124	179
124	185
124	192
124	256
124	314
124	360
124	409
124	434
124	457
124	459
124	495
124	505
124	507
124	575
124	576
124	588
124	593
124	625
124	632
124	636
124	649
124	651
124	669
124	721
124	722
124	736
124	791
124	806
124	811
129	486
129	666
129	739
129	758
129	850
130	135
130	213
130	318
130	367
130	409
130	478
130	495
130	503
130	505
130	507
130	636
130	642
130	649
130	736
130	754
130	784
130	792
130	798
130	808
134	672
135	213
135	314
135	367
135	461
135	495
135	503
135	636
135	642
135	649
135	754
135	808
135	821
136	525
136	621
136	639
136	825
138	213
138	275
138	318
138	345
138	367
138	391
138	461
138	495
138	505
138	514
138	642
138	660
138	670
138	702
138	736
138	792
138	808
138	815
138	821
140	286
140	769
143	333
144	433
144	449
144	681
144	774
144	775
144	835
144	848
147	555
149	434
149	632
152	225
152	769
152	797
154	216
154	487
154	765
154	814
156	159
156	308
156	396
156	518
159	308
159	396
159	518
160	208
160	324
160	555
165	645
165	846
169	258
169	407
169	485
169	550
169	601
169	605
169	614
176	807
177	325
177	703
179	185
179	192
179	256
179	314
179	354
179	409
179	434
179	457
179	505
179	507
179	513
179	575
179	576
179	588
179	593
179	625
179	632
179	651
179	722
179	736
179	798
179	811
179	815
181	323
181	390
181	428
181	615
181	795
184	282
184	351
184	504
184	809
184	831
185	192
185	256
185	283
185	314
185	354
185	360
185	409
185	434
185	457
185	505
185	513
185	519
185	575
185	576
185	588
185	593
185	625
185	632
185	651
185	669
185	722
185	736
185	798
185	811
185	815
186	525
186	621
186	639
186	777
186	825
189	323
189	325
189	382
189	390
189	423
189	428
189	459
189	491
189	500
189	515
189	524
189	527
189	533
189	567
189	615
189	618
189	653
189	663
189	744
189	795
189	810
189	819
191	379
192	213
192	256
192	261
192	314
192	354
192	357
192	360
192	409
192	434
192	457
192	459
192	495
192	505
192	507
192	513
192	519
192	556
192	565
192	575
192	576
192	588
192	593
192	625
192	632
192	636
192	649
192	651
192	660
192	669
192	722
192	736
192	791
192	792
192	806
192	808
192	811
192	815
195	369
195	675
203	435
203	528
206	227
206	363
206	452
206	603
208	324
208	555
213	251
213	314
213	318
213	345
213	367
213	391
213	461
213	478
213	495
213	503
213	505
213	514
213	551
213	565
213	577
213	636
213	642
213	649
213	660
213	670
213	702
213	722
213	736
213	754
213	784
213	792
213	798
213	806
213	808
213	815
213	821
216	487
216	621
216	639
216	765
216	814
216	825
218	248
221	398
223	298
223	464
223	741
225	797
227	292
227	457
227	575
227	843
231	325
232	519
232	571
232	625
233	430
235	501
239	268
239	282
239	329
239	724
247	528
251	367
251	505
251	636
251	642
251	649
251	736
251	792
251	821
252	320
253	292
253	464
256	261
256	283
256	314
256	354
256	360
256	409
256	434
256	440
256	457
256	459
256	505
256	507
256	513
256	519
256	556
256	559
256	575
256	576
256	588
256	593
256	625
256	632
256	651
256	669
256	693
256	721
256	722
256	736
256	791
256	799
256	806
256	811
256	815
258	286
258	407
258	485
258	550
258	601
258	605
258	614
258	769
261	354
261	434
261	576
261	588
261	593
261	625
261	632
261	693
261	722
262	568
262	732
262	735
262	740
266	270
266	301
268	329
268	521
268	724
270	301
270	307
270	758
270	797
270	848
273	547
274	539
275	387
275	505
275	625
275	736
282	328
282	459
282	504
282	527
282	618
282	663
282	736
282	771
282	798
282	831
283	314
283	354
283	434
283	457
283	575
283	593
283	632
283	669
283	736
286	407
286	769
292	464
295	564
295	849
298	349
299	505
299	733
301	307
301	758
301	797
301	848
304	434
304	457
304	722
305	636
305	673
305	736
307	848
308	316
308	396
308	518
308	631
308	748
308	809
308	827
314	354
314	357
314	360
314	409
314	434
314	457
314	459
314	495
314	505
314	507
314	513
314	519
314	559
314	575
314	576
314	588
314	593
314	625
314	632
314	636
314	649
314	651
314	663
314	669
314	722
314	736
314	791
314	792
314	798
314	799
314	806
314	811
314	815
316	430
316	518
316	631
316	809
317	327
317	336
317	678
317	709
317	729
318	345
318	367
318	391
318	461
318	495
318	505
318	507
318	514
318	636
318	642
318	649
318	660
318	670
318	702
318	722
318	736
318	754
318	784
318	792
318	798
318	808
318	815
318	821
321	647
323	382
323	390
323	428
323	500
323	515
323	524
323	527
323	533
323	615
323	618
323	663
323	795
323	810
325	382
325	491
325	500
325	515
325	524
325	567
325	615
325	625
325	663
325	703
325	795
325	810
327	336
327	678
327	709
327	729
327	849
329	432
329	724
331	595
331	738
336	678
336	709
336	729
337	641
337	790
338	510
343	656
345	391
345	461
345	514
345	642
345	660
345	670
345	702
345	736
345	792
345	821
348	585
351	504
352	640
354	360
354	409
354	434
354	457
354	505
354	513
354	575
354	576
354	588
354	593
354	625
354	632
354	651
354	669
354	722
354	736
354	791
354	806
354	811
354	815
357	457
357	593
357	628
357	632
357	669
358	605
358	699
360	409
360	434
360	457
360	459
360	505
360	507
360	513
360	575
360	576
360	588
360	593
360	625
360	632
360	651
360	669
360	722
360	736
360	791
360	806
360	811
362	762
363	452
366	368
366	783
367	391
367	461
367	478
367	495
367	503
367	505
367	514
367	577
367	632
367	636
367	642
367	649
367	660
367	670
367	722
367	736
367	754
367	784
367	792
367	798
367	808
367	821
368	783
369	675
369	688
373	391
373	461
373	514
373	670
373	702
373	792
375	507
375	521
375	695
378	451
382	390
382	423
382	428
382	459
382	491
382	500
382	515
382	524
382	527
382	533
382	567
382	615
382	618
382	653
382	663
382	744
382	795
382	810
390	428
390	500
390	515
390	524
390	527
390	615
390	795
390	810
391	461
391	495
391	503
391	514
391	636
391	642
391	649
391	660
391	670
391	702
391	722
391	736
391	754
391	792
391	808
391	821
396	518
396	827
404	481
404	741
407	485
407	550
407	601
407	605
407	614
407	769
409	434
409	457
409	459
409	505
409	507
409	513
409	527
409	575
409	576
409	583
409	588
409	593
409	625
409	632
409	636
409	651
409	663
409	669
409	721
409	722
409	736
409	754
409	798
409	799
409	806
409	815
423	428
423	515
423	533
423	567
423	615
428	500
428	515
428	524
428	527
428	533
428	567
428	615
428	618
428	663
428	795
428	810
430	518
432	724
433	449
433	681
433	774
433	775
433	835
433	848
434	457
434	505
434	507
434	513
434	519
434	575
434	576
434	588
434	593
434	625
434	632
434	651
434	669
434	693
434	722
434	736
434	791
434	806
434	811
434	815
435	528
438	585
440	457
440	588
440	669
440	736
449	681
449	758
449	774
449	775
449	835
449	848
452	555
457	459
457	505
457	507
457	513
457	527
457	575
457	576
457	588
457	593
457	615
457	616
457	625
457	628
457	632
457	651
457	663
457	669
457	693
457	722
457	736
457	791
457	798
457	811
457	819
457	849
459	505
459	507
459	519
459	521
459	524
459	527
459	559
459	575
459	588
459	593
459	615
459	616
459	618
459	632
459	636
459	651
459	663
459	669
459	695
459	721
459	722
459	736
459	791
459	798
459	806
459	810
459	811
461	495
461	505
461	565
461	636
461	642
461	649
461	660
461	670
461	702
461	736
461	754
461	792
461	798
461	806
461	808
461	815
461	821
462	636
462	649
462	725
462	784
464	514
464	603
471	536
472	732
472	735
478	495
478	505
478	507
478	526
478	636
478	642
478	649
478	722
478	736
478	754
478	792
478	798
478	808
481	741
485	550
485	601
485	605
485	614
486	666
486	739
486	758
486	835
486	848
486	850
487	765
487	814
491	500
491	515
491	524
491	527
491	567
491	615
491	618
491	663
491	795
495	505
495	507
495	636
495	642
495	649
495	660
495	702
495	722
495	736
495	754
495	792
495	798
495	806
495	821
500	515
500	524
500	527
500	533
500	567
500	615
500	663
500	795
500	810
503	577
503	632
503	636
503	642
503	649
503	736
503	754
503	784
503	792
503	808
504	518
504	631
504	809
504	831
505	507
505	513
505	526
505	575
505	576
505	588
505	593
505	625
505	632
505	636
505	642
505	649
505	651
505	663
505	669
505	721
505	722
505	736
505	754
505	784
505	791
505	792
505	798
505	806
505	808
505	811
505	815
505	821
507	513
507	526
507	576
507	588
507	593
507	625
507	632
507	636
507	642
507	651
507	663
507	669
507	721
507	722
507	736
507	754
507	791
507	792
507	798
507	806
507	811
509	536
509	717
512	551
512	702
512	722
512	792
513	519
513	575
513	576
513	588
513	593
513	625
513	632
513	651
513	663
513	669
513	722
513	736
513	791
513	806
513	811
513	815
514	603
514	642
514	670
514	702
514	792
515	524
515	527
515	533
515	567
515	615
515	618
515	663
515	744
515	795
515	810
515	819
518	631
518	748
518	809
519	576
519	588
519	593
519	632
519	651
519	722
519	736
519	806
519	815
521	527
521	636
521	640
521	695
521	736
524	527
524	533
524	567
524	615
524	618
524	663
524	744
524	771
524	795
524	810
525	621
525	639
525	777
525	825
526	798
527	533
527	567
527	576
527	615
527	618
527	636
527	653
527	663
527	771
527	795
527	810
533	567
533	615
533	618
533	653
533	663
533	795
533	810
536	717
536	741
536	798
542	576
546	763
546	793
550	601
550	605
550	614
551	702
551	722
551	736
551	792
551	815
556	625
559	583
559	616
559	625
559	673
559	724
559	734
559	815
564	849
565	575
565	722
565	736
567	615
567	663
567	795
567	810
568	732
568	735
568	740
575	576
575	588
575	593
575	625
575	632
575	651
575	669
575	722
575	736
575	791
575	806
575	811
576	588
576	593
576	625
576	632
576	636
576	651
576	663
576	669
576	722
576	736
576	791
576	798
576	806
576	811
576	815
577	594
577	632
577	636
577	649
577	722
577	736
577	754
577	792
577	798
577	800
577	806
577	808
581	588
587	643
588	593
588	625
588	632
588	636
588	651
588	663
588	669
588	721
588	722
588	736
588	791
588	806
588	811
588	815
593	625
593	632
593	636
593	642
593	649
593	651
593	669
593	721
593	722
593	736
593	791
593	792
593	799
593	806
593	811
593	815
595	738
601	605
601	614
605	614
605	699
605	797
610	633
612	717
615	618
615	653
615	663
615	744
615	795
615	810
615	819
616	849
618	653
618	663
618	795
618	810
621	639
621	777
621	825
625	632
625	651
625	663
625	669
625	693
625	722
625	736
625	806
625	811
628	669
631	809
632	636
632	642
632	651
632	669
632	693
632	722
632	736
632	754
632	791
632	792
632	798
632	806
632	811
632	815
633	804
636	642
636	649
636	651
636	660
636	663
636	695
636	721
636	722
636	736
636	754
636	784
636	792
636	798
636	806
636	808
636	811
636	821
639	777
639	825
641	790
642	649
642	660
642	670
642	702
642	722
642	736
642	754
642	784
642	792
642	798
642	808
642	815
642	821
645	846
649	660
649	722
649	736
649	754
649	784
649	792
649	798
649	806
649	808
649	811
649	821
651	669
651	721
651	722
651	736
651	791
651	799
651	806
651	811
651	815
653	795
660	670
660	722
660	736
660	754
660	792
660	808
660	821
663	669
663	736
663	771
663	791
663	795
663	806
663	810
666	739
666	758
666	835
666	848
666	850
669	722
669	736
669	791
669	798
669	806
670	702
670	736
670	792
670	821
673	734
673	744
673	819
675	688
678	709
678	729
681	758
681	774
681	775
681	835
681	848
691	719
691	743
699	797
702	722
702	736
702	792
702	798
702	815
702	821
709	729
715	837
717	741
719	743
721	722
721	736
721	754
721	799
721	806
722	736
722	754
722	784
722	791
722	792
722	798
722	799
722	806
722	808
722	811
722	815
722	821
724	767
732	735
735	740
736	754
736	784
736	791
736	792
736	798
736	799
736	806
736	808
736	811
736	815
736	821
736	849
739	758
739	769
739	835
739	848
739	850
744	795
744	819
748	809
754	784
754	792
754	798
754	808
754	821
758	774
758	775
758	797
758	835
758	848
758	850
763	793
765	814
771	795
774	775
774	835
774	848
775	835
775	848
777	825
784	792
784	806
784	808
791	806
792	798
792	806
792	808
792	815
792	821
795	810
795	819
797	848
798	806
798	808
798	815
798	821
799	815
806	808
806	811
808	821
809	831
815	821
835	848
835	850
848	850
471	0
536	0
44	2
772	2
32	5
37	5
90	5
103	5
136	5
185	5
186	5
256	5
457	5
459	5
505	5
525	5
621	5
639	5
669	5
736	5
777	5
806	5
825	5
590	6
26	15
52	15
58	15
90	15
189	15
323	15
325	15
382	15
390	15
428	15
491	15
500	15
515	15
524	15
527	15
533	15
559	15
567	15
615	15
618	15
663	15
744	15
784	15
795	15
810	15
819	15
56	16
34	19
107	19
233	19
308	19
316	19
430	19
518	19
30	20
32	20
53	20
76	20
101	20
103	20
104	20
124	20
179	20
192	20
256	20
261	20
283	20
314	20
354	20
360	20
409	20
434	20
457	20
505	20
507	20
513	20
519	20
556	20
575	20
576	20
588	20
593	20
625	20
632	20
651	20
669	20
722	20
736	20
791	20
815	20
32	26
37	26
52	26
58	26
69	26
76	26
90	26
99	26
103	26
104	26
185	26
189	26
192	26
256	26
282	26
305	26
314	26
325	26
354	26
357	26
360	26
434	26
457	26
459	26
500	26
505	26
507	26
513	26
515	26
524	26
527	26
575	26
576	26
588	26
593	26
615	26
616	26
618	26
621	26
625	26
632	26
636	26
663	26
669	26
695	26
722	26
736	26
777	26
791	26
795	26
798	26
806	26
176	28
636	28
792	28
807	28
32	30
53	30
101	30
103	30
104	30
179	30
192	30
256	30
261	30
314	30
354	30
434	30
453	30
457	30
507	30
575	30
576	30
588	30
593	30
625	30
651	30
722	30
736	30
292	31
471	31
45	32
52	32
53	32
76	32
101	32
103	32
104	32
124	32
179	32
185	32
192	32
256	32
314	32
354	32
360	32
409	32
434	32
457	32
459	32
495	32
505	32
507	32
513	32
575	32
576	32
588	32
593	32
625	32
632	32
636	32
651	32
663	32
669	32
721	32
722	32
736	32
791	32
806	32
811	32
815	32
93	34
107	34
233	34
308	34
316	34
430	34
504	34
518	34
631	34
748	34
809	34
589	35
504	36
831	36
136	37
186	37
216	37
525	37
621	37
639	37
777	37
814	37
825	37
192	39
256	39
513	39
736	39
691	40
719	40
743	40
103	41
90	45
130	45
314	45
367	45
459	45
505	45
507	45
593	45
636	45
642	45
649	45
736	45
784	45
798	45
806	45
808	45
815	45
814	46
112	48
116	48
129	48
144	48
270	48
301	48
307	48
433	48
449	48
486	48
666	48
681	48
739	48
758	48
774	48
775	48
797	48
835	48
848	48
850	48
58	52
69	52
76	52
90	52
99	52
104	52
179	52
185	52
189	52
192	52
311	52
314	52
338	52
357	52
409	52
457	52
459	52
505	52
507	52
513	52
524	52
527	52
538	52
559	52
575	52
588	52
593	52
616	52
625	52
632	52
651	52
663	52
669	52
673	52
722	52
736	52
744	52
791	52
798	52
819	52
76	53
101	53
103	53
104	53
185	53
192	53
256	53
261	53
283	53
314	53
354	53
360	53
434	53
457	53
575	53
576	53
593	53
625	53
632	53
651	53
669	53
722	53
736	53
152	57
169	57
258	57
286	57
407	57
485	57
614	57
769	57
90	58
99	58
189	58
325	58
382	58
459	58
524	58
615	58
618	58
663	58
669	58
673	58
810	58
819	58
138	63
275	63
387	63
90	69
104	69
268	69
282	69
329	69
459	69
521	69
628	69
636	69
724	69
798	69
213	70
478	70
636	70
642	70
649	70
660	70
792	70
808	70
90	76
101	76
103	76
104	76
179	76
185	76
192	76
256	76
283	76
314	76
354	76
357	76
360	76
409	76
434	76
440	76
457	76
505	76
507	76
513	76
519	76
575	76
576	76
588	76
593	76
625	76
632	76
651	76
663	76
669	76
693	76
722	76
736	76
791	76
799	76
815	76
109	77
317	77
327	77
336	77
678	77
709	77
729	77
138	83
213	83
345	83
391	83
461	83
512	83
514	83
551	83
670	83
702	83
792	83
821	83
366	85
368	85
783	85
103	90
104	90
130	90
189	90
282	90
314	90
323	90
325	90
382	90
409	90
428	90
459	90
491	90
500	90
505	90
507	90
513	90
515	90
521	90
524	90
527	90
533	90
567	90
588	90
615	90
618	90
636	90
639	90
649	90
651	90
663	90
695	90
736	90
754	90
771	90
795	90
798	90
806	90
810	90
362	91
806	91
425	92
518	93
631	93
809	93
259	96
106	97
329	97
305	99
311	99
459	99
673	99
819	99
103	101
104	101
124	101
138	101
179	101
185	101
192	101
213	101
256	101
261	101
314	101
318	101
354	101
409	101
434	101
457	101
505	101
507	101
513	101
559	101
576	101
588	101
593	101
625	101
632	101
642	101
651	101
660	101
722	101
736	101
791	101
798	101
806	101
811	101
815	101
179	102
104	103
124	103
179	103
185	103
192	103
256	103
261	103
314	103
318	103
354	103
360	103
409	103
434	103
440	103
457	103
459	103
478	103
505	103
507	103
513	103
575	103
576	103
588	103
593	103
625	103
632	103
636	103
651	103
660	103
669	103
721	103
722	103
736	103
791	103
792	103
806	103
811	103
815	103
179	104
185	104
192	104
207	104
232	104
256	104
282	104
283	104
304	104
314	104
354	104
357	104
360	104
409	104
434	104
457	104
459	104
505	104
507	104
513	104
575	104
576	104
588	104
593	104
625	104
628	104
632	104
651	104
669	104
722	104
736	104
798	104
815	104
587	105
643	105
308	107
316	107
518	107
631	107
809	107
317	109
327	109
336	109
678	109
709	109
729	109
849	109
119	111
266	112
270	112
301	112
307	112
758	112
797	112
848	112
292	113
410	113
464	113
158	114
129	116
486	116
666	116
739	116
758	116
835	116
848	116
850	116
145	120
378	123
451	123
179	124
185	124
192	124
256	124
314	124
360	124
409	124
434	124
457	124
459	124
495	124
505	124
507	124
575	124
576	124
588	124
593	124
625	124
632	124
636	124
649	124
651	124
669	124
721	124
722	124
736	124
791	124
806	124
811	124
486	129
666	129
739	129
758	129
850	129
135	130
213	130
318	130
367	130
409	130
478	130
495	130
503	130
505	130
507	130
636	130
642	130
649	130
736	130
754	130
784	130
792	130
798	130
808	130
672	134
213	135
314	135
367	135
461	135
495	135
503	135
636	135
642	135
649	135
754	135
808	135
821	135
525	136
621	136
639	136
825	136
213	138
275	138
318	138
345	138
367	138
391	138
461	138
495	138
505	138
514	138
642	138
660	138
670	138
702	138
736	138
792	138
808	138
815	138
821	138
286	140
769	140
333	143
433	144
449	144
681	144
774	144
775	144
835	144
848	144
555	147
434	149
632	149
225	152
769	152
797	152
216	154
487	154
765	154
814	154
159	156
308	156
396	156
518	156
308	159
396	159
518	159
208	160
324	160
555	160
645	165
846	165
258	169
407	169
485	169
550	169
601	169
605	169
614	169
807	176
325	177
703	177
185	179
192	179
256	179
314	179
354	179
409	179
434	179
457	179
505	179
507	179
513	179
575	179
576	179
588	179
593	179
625	179
632	179
651	179
722	179
736	179
798	179
811	179
815	179
323	181
390	181
428	181
615	181
795	181
282	184
351	184
504	184
809	184
831	184
192	185
256	185
283	185
314	185
354	185
360	185
409	185
434	185
457	185
505	185
513	185
519	185
575	185
576	185
588	185
593	185
625	185
632	185
651	185
669	185
722	185
736	185
798	185
811	185
815	185
525	186
621	186
639	186
777	186
825	186
323	189
325	189
382	189
390	189
423	189
428	189
459	189
491	189
500	189
515	189
524	189
527	189
533	189
567	189
615	189
618	189
653	189
663	189
744	189
795	189
810	189
819	189
379	191
213	192
256	192
261	192
314	192
354	192
357	192
360	192
409	192
434	192
457	192
459	192
495	192
505	192
507	192
513	192
519	192
556	192
565	192
575	192
576	192
588	192
593	192
625	192
632	192
636	192
649	192
651	192
660	192
669	192
722	192
736	192
791	192
792	192
806	192
808	192
811	192
815	192
369	195
675	195
435	203
528	203
227	206
363	206
452	206
603	206
324	208
555	208
251	213
314	213
318	213
345	213
367	213
391	213
461	213
478	213
495	213
503	213
505	213
514	213
551	213
565	213
577	213
636	213
642	213
649	213
660	213
670	213
702	213
722	213
736	213
754	213
784	213
792	213
798	213
806	213
808	213
815	213
821	213
487	216
621	216
639	216
765	216
814	216
825	216
248	218
398	221
298	223
464	223
741	223
797	225
292	227
457	227
575	227
843	227
325	231
519	232
571	232
625	232
430	233
501	235
268	239
282	239
329	239
724	239
528	247
367	251
505	251
636	251
642	251
649	251
736	251
792	251
821	251
320	252
292	253
464	253
261	256
283	256
314	256
354	256
360	256
409	256
434	256
440	256
457	256
459	256
505	256
507	256
513	256
519	256
556	256
559	256
575	256
576	256
588	256
593	256
625	256
632	256
651	256
669	256
693	256
721	256
722	256
736	256
791	256
799	256
806	256
811	256
815	256
286	258
407	258
485	258
550	258
601	258
605	258
614	258
769	258
354	261
434	261
576	261
588	261
593	261
625	261
632	261
693	261
722	261
568	262
732	262
735	262
740	262
270	266
301	266
329	268
521	268
724	268
301	270
307	270
758	270
797	270
848	270
547	273
539	274
387	275
505	275
625	275
736	275
328	282
459	282
504	282
527	282
618	282
663	282
736	282
771	282
798	282
831	282
314	283
354	283
434	283
457	283
575	283
593	283
632	283
669	283
736	283
407	286
769	286
464	292
564	295
849	295
349	298
505	299
733	299
307	301
758	301
797	301
848	301
434	304
457	304
722	304
636	305
673	305
736	305
848	307
316	308
396	308
518	308
631	308
748	308
809	308
827	308
354	314
357	314
360	314
409	314
434	314
457	314
459	314
495	314
505	314
507	314
513	314
519	314
559	314
575	314
576	314
588	314
593	314
625	314
632	314
636	314
649	314
651	314
663	314
669	314
722	314
736	314
791	314
792	314
798	314
799	314
806	314
811	314
815	314
430	316
518	316
631	316
809	316
327	317
336	317
678	317
709	317
729	317
345	318
367	318
391	318
461	318
495	318
505	318
507	318
514	318
636	318
642	318
649	318
660	318
670	318
702	318
722	318
736	318
754	318
784	318
792	318
798	318
808	318
815	318
821	318
647	321
382	323
390	323
428	323
500	323
515	323
524	323
527	323
533	323
615	323
618	323
663	323
795	323
810	323
382	325
491	325
500	325
515	325
524	325
567	325
615	325
625	325
663	325
703	325
795	325
810	325
336	327
678	327
709	327
729	327
849	327
432	329
724	329
595	331
738	331
678	336
709	336
729	336
641	337
790	337
510	338
656	343
391	345
461	345
514	345
642	345
660	345
670	345
702	345
736	345
792	345
821	345
585	348
504	351
640	352
360	354
409	354
434	354
457	354
505	354
513	354
575	354
576	354
588	354
593	354
625	354
632	354
651	354
669	354
722	354
736	354
791	354
806	354
811	354
815	354
457	357
593	357
628	357
632	357
669	357
605	358
699	358
409	360
434	360
457	360
459	360
505	360
507	360
513	360
575	360
576	360
588	360
593	360
625	360
632	360
651	360
669	360
722	360
736	360
791	360
806	360
811	360
762	362
452	363
368	366
783	366
391	367
461	367
478	367
495	367
503	367
505	367
514	367
577	367
632	367
636	367
642	367
649	367
660	367
670	367
722	367
736	367
754	367
784	367
792	367
798	367
808	367
821	367
783	368
675	369
688	369
391	373
461	373
514	373
670	373
702	373
792	373
507	375
521	375
695	375
451	378
390	382
423	382
428	382
459	382
491	382
500	382
515	382
524	382
527	382
533	382
567	382
615	382
618	382
653	382
663	382
744	382
795	382
810	382
428	390
500	390
515	390
524	390
527	390
615	390
795	390
810	390
461	391
495	391
503	391
514	391
636	391
642	391
649	391
660	391
670	391
702	391
722	391
736	391
754	391
792	391
808	391
821	391
518	396
827	396
481	404
741	404
485	407
550	407
601	407
605	407
614	407
769	407
434	409
457	409
459	409
505	409
507	409
513	409
527	409
575	409
576	409
583	409
588	409
593	409
625	409
632	409
636	409
651	409
663	409
669	409
721	409
722	409
736	409
754	409
798	409
799	409
806	409
815	409
428	423
515	423
533	423
567	423
615	423
500	428
515	428
524	428
527	428
533	428
567	428
615	428
618	428
663	428
795	428
810	428
518	430
724	432
449	433
681	433
774	433
775	433
835	433
848	433
457	434
505	434
507	434
513	434
519	434
575	434
576	434
588	434
593	434
625	434
632	434
651	434
669	434
693	434
722	434
736	434
791	434
806	434
811	434
815	434
528	435
585	438
457	440
588	440
669	440
736	440
681	449
758	449
774	449
775	449
835	449
848	449
555	452
459	457
505	457
507	457
513	457
527	457
575	457
576	457
588	457
593	457
615	457
616	457
625	457
628	457
632	457
651	457
663	457
669	457
693	457
722	457
736	457
791	457
798	457
811	457
819	457
849	457
505	459
507	459
519	459
521	459
524	459
527	459
559	459
575	459
588	459
593	459
615	459
616	459
618	459
632	459
636	459
651	459
663	459
669	459
695	459
721	459
722	459
736	459
791	459
798	459
806	459
810	459
811	459
495	461
505	461
565	461
636	461
642	461
649	461
660	461
670	461
702	461
736	461
754	461
792	461
798	461
806	461
808	461
815	461
821	461
636	462
649	462
725	462
784	462
514	464
603	464
536	471
732	472
735	472
495	478
505	478
507	478
526	478
636	478
642	478
649	478
722	478
736	478
754	478
792	478
798	478
808	478
741	481
550	485
601	485
605	485
614	485
666	486
739	486
758	486
835	486
848	486
850	486
765	487
814	487
500	491
515	491
524	491
527	491
567	491
615	491
618	491
663	491
795	491
505	495
507	495
636	495
642	495
649	495
660	495
702	495
722	495
736	495
754	495
792	495
798	495
806	495
821	495
515	500
524	500
527	500
533	500
567	500
615	500
663	500
795	500
810	500
577	503
632	503
636	503
642	503
649	503
736	503
754	503
784	503
792	503
808	503
518	504
631	504
809	504
831	504
507	505
513	505
526	505
575	505
576	505
588	505
593	505
625	505
632	505
636	505
642	505
649	505
651	505
663	505
669	505
721	505
722	505
736	505
754	505
784	505
791	505
792	505
798	505
806	505
808	505
811	505
815	505
821	505
513	507
526	507
576	507
588	507
593	507
625	507
632	507
636	507
642	507
651	507
663	507
669	507
721	507
722	507
736	507
754	507
791	507
792	507
798	507
806	507
811	507
536	509
717	509
551	512
702	512
722	512
792	512
519	513
575	513
576	513
588	513
593	513
625	513
632	513
651	513
663	513
669	513
722	513
736	513
791	513
806	513
811	513
815	513
603	514
642	514
670	514
702	514
792	514
524	515
527	515
533	515
567	515
615	515
618	515
663	515
744	515
795	515
810	515
819	515
631	518
748	518
809	518
576	519
588	519
593	519
632	519
651	519
722	519
736	519
806	519
815	519
527	521
636	521
640	521
695	521
736	521
527	524
533	524
567	524
615	524
618	524
663	524
744	524
771	524
795	524
810	524
621	525
639	525
777	525
825	525
798	526
533	527
567	527
576	527
615	527
618	527
636	527
653	527
663	527
771	527
795	527
810	527
567	533
615	533
618	533
653	533
663	533
795	533
810	533
717	536
741	536
798	536
576	542
763	546
793	546
601	550
605	550
614	550
702	551
722	551
736	551
792	551
815	551
625	556
583	559
616	559
625	559
673	559
724	559
734	559
815	559
849	564
575	565
722	565
736	565
615	567
663	567
795	567
810	567
732	568
735	568
740	568
576	575
588	575
593	575
625	575
632	575
651	575
669	575
722	575
736	575
791	575
806	575
811	575
588	576
593	576
625	576
632	576
636	576
651	576
663	576
669	576
722	576
736	576
791	576
798	576
806	576
811	576
815	576
594	577
632	577
636	577
649	577
722	577
736	577
754	577
792	577
798	577
800	577
806	577
808	577
588	581
643	587
593	588
625	588
632	588
636	588
651	588
663	588
669	588
721	588
722	588
736	588
791	588
806	588
811	588
815	588
625	593
632	593
636	593
642	593
649	593
651	593
669	593
721	593
722	593
736	593
791	593
792	593
799	593
806	593
811	593
815	593
738	595
605	601
614	601
614	605
699	605
797	605
633	610
717	612
618	615
653	615
663	615
744	615
795	615
810	615
819	615
849	616
653	618
663	618
795	618
810	618
639	621
777	621
825	621
632	625
651	625
663	625
669	625
693	625
722	625
736	625
806	625
811	625
669	628
809	631
636	632
642	632
651	632
669	632
693	632
722	632
736	632
754	632
791	632
792	632
798	632
806	632
811	632
815	632
804	633
642	636
649	636
651	636
660	636
663	636
695	636
721	636
722	636
736	636
754	636
784	636
792	636
798	636
806	636
808	636
811	636
821	636
777	639
825	639
790	641
649	642
660	642
670	642
702	642
722	642
736	642
754	642
784	642
792	642
798	642
808	642
815	642
821	642
846	645
660	649
722	649
736	649
754	649
784	649
792	649
798	649
806	649
808	649
811	649
821	649
669	651
721	651
722	651
736	651
791	651
799	651
806	651
811	651
815	651
795	653
670	660
722	660
736	660
754	660
792	660
808	660
821	660
669	663
736	663
771	663
791	663
795	663
806	663
810	663
739	666
758	666
835	666
848	666
850	666
722	669
736	669
791	669
798	669
806	669
702	670
736	670
792	670
821	670
734	673
744	673
819	673
688	675
709	678
729	678
758	681
774	681
775	681
835	681
848	681
719	691
743	691
797	699
722	702
736	702
792	702
798	702
815	702
821	702
729	709
837	715
741	717
743	719
722	721
736	721
754	721
799	721
806	721
736	722
754	722
784	722
791	722
792	722
798	722
799	722
806	722
808	722
811	722
815	722
821	722
767	724
735	732
740	735
754	736
784	736
791	736
792	736
798	736
799	736
806	736
808	736
811	736
815	736
821	736
849	736
758	739
769	739
835	739
848	739
850	739
795	744
819	744
809	748
784	754
792	754
798	754
808	754
821	754
774	758
775	758
797	758
835	758
848	758
850	758
793	763
814	765
795	771
775	774
835	774
848	774
835	775
848	775
825	777
792	784
806	784
808	784
806	791
798	792
806	792
808	792
815	792
821	792
810	795
819	795
848	797
806	798
808	798
815	798
821	798
815	799
808	806
811	806
821	808
831	809
821	815
848	835
850	835
850	848
