2	772
3	17
4	415
4	812
5	32
5	90
5	103
5	185
5	186
5	198
5	256
5	459
5	669
5	736
5	777
5	806
5	825
8	293
10	718
12	586
13	296
13	591
16	56
18	776
20	32
20	33
20	53
20	76
20	101
20	103
20	104
20	124
20	132
20	220
20	256
20	261
20	265
20	277
20	288
20	314
20	409
20	434
20	479
20	507
20	556
20	575
20	593
20	625
20	669
20	712
20	722
20	736
20	737
20	791
20	815
21	413
21	465
21	659
23	42
23	78
23	139
23	157
23	190
23	477
23	484
23	604
23	624
23	644
23	683
29	47
29	59
29	95
29	174
29	175
29	285
29	313
29	355
29	401
29	454
29	476
29	665
29	700
29	747
29	780
29	794
31	292
31	456
31	471
32	33
32	45
32	53
32	76
32	101
32	103
32	104
32	124
32	185
32	198
32	220
32	256
32	265
32	277
32	288
32	314
32	409
32	434
32	459
32	479
32	507
32	575
32	593
32	625
32	663
32	669
32	721
32	722
32	736
32	737
32	791
32	806
32	811
32	815
33	58
33	71
33	76
33	90
33	99
33	104
33	115
33	124
33	132
33	167
33	177
33	185
33	216
33	220
33	256
33	314
33	315
33	409
33	434
33	459
33	479
33	507
33	554
33	559
33	575
33	593
33	625
33	627
33	663
33	669
33	695
33	703
33	722
33	736
33	737
33	753
33	788
33	791
33	806
33	810
34	178
34	233
34	302
34	384
34	430
34	504
34	518
34	631
34	748
34	809
36	384
36	504
36	831
41	103
42	78
42	139
42	157
42	182
42	190
42	477
42	484
42	604
42	624
42	644
42	683
45	90
45	130
45	198
45	314
45	367
45	459
45	507
45	593
45	627
45	642
45	713
45	736
45	766
45	784
45	806
45	815
47	59
47	174
47	175
47	219
47	285
47	313
47	355
47	401
47	454
47	476
47	654
47	665
47	700
47	747
47	753
47	780
47	794
48	116
48	129
48	144
48	270
48	307
48	393
48	417
48	449
48	474
48	666
48	681
48	706
48	739
48	758
48	774
48	775
48	797
48	820
48	835
48	848
50	546
50	793
51	463
53	76
53	101
53	103
53	104
53	185
53	220
53	256
53	261
53	277
53	288
53	314
53	434
53	479
53	575
53	593
53	625
53	669
53	722
53	736
54	597
55	334
55	561
56	458
57	169
57	254
57	258
57	286
57	407
57	482
57	485
57	769
58	90
58	99
58	115
58	132
58	189
58	459
58	473
58	615
58	663
58	669
58	737
58	810
58	819
59	174
59	175
59	285
59	313
59	355
59	401
59	454
59	476
59	665
59	700
59	747
59	780
59	794
62	191
62	463
64	78
64	139
64	157
64	604
64	624
64	644
64	683
67	200
68	315
69	90
69	104
69	268
69	282
69	329
69	459
69	521
69	586
69	628
69	737
70	213
70	478
70	642
70	660
71	90
71	115
71	122
71	167
71	222
71	459
71	500
71	521
71	627
71	663
71	695
71	810
72	123
72	451
72	549
73	209
76	90
76	101
76	103
76	104
76	115
76	132
76	185
76	220
76	256
76	265
76	277
76	288
76	314
76	357
76	409
76	434
76	479
76	507
76	554
76	575
76	593
76	619
76	625
76	663
76	669
76	693
76	722
76	736
76	737
76	753
76	759
76	791
76	799
76	815
77	109
77	372
77	678
77	709
77	729
78	139
78	157
78	190
78	477
78	484
78	604
78	624
78	644
78	683
81	813
86	718
87	225
87	797
87	813
90	103
90	104
90	115
90	130
90	132
90	167
90	172
90	189
90	198
90	222
90	282
90	314
90	315
90	323
90	409
90	428
90	459
90	500
90	507
90	515
90	521
90	567
90	615
90	627
90	663
90	695
90	736
90	737
90	771
90	795
90	806
90	810
90	838
95	401
96	259
99	132
99	220
99	305
99	459
99	473
99	737
99	819
101	103
101	104
101	124
101	132
101	138
101	185
101	213
101	220
101	256
101	261
101	277
101	288
101	314
101	409
101	434
101	479
101	507
101	554
101	559
101	593
101	625
101	642
101	660
101	712
101	722
101	736
101	737
101	759
101	791
101	806
101	811
101	815
103	104
103	124
103	132
103	185
103	220
103	256
103	261
103	265
103	277
103	288
103	314
103	361
103	409
103	434
103	459
103	478
103	479
103	507
103	554
103	575
103	593
103	619
103	625
103	660
103	669
103	713
103	721
103	722
103	736
103	737
103	759
103	766
103	791
103	806
103	811
103	815
104	132
104	185
104	207
104	220
104	232
104	256
104	265
104	277
104	282
104	288
104	304
104	314
104	357
104	409
104	434
104	459
104	479
104	507
104	554
104	575
104	593
104	619
104	625
104	628
104	669
104	712
104	722
104	736
104	737
104	753
104	788
104	815
106	830
109	372
109	678
109	709
109	729
109	849
111	119
114	158
114	229
114	399
114	778
115	132
115	167
115	172
115	189
115	222
115	315
115	323
115	428
115	459
115	500
115	515
115	615
115	627
115	663
115	695
115	707
115	737
115	771
115	795
115	810
116	129
116	417
116	474
116	666
116	739
116	758
116	835
116	848
120	145
121	521
123	451
123	549
124	185
124	198
124	220
124	256
124	277
124	288
124	314
124	409
124	434
124	459
124	479
124	507
124	554
124	575
124	593
124	625
124	669
124	713
124	721
124	722
124	736
124	737
124	791
124	806
124	811
125	424
125	727
127	217
127	281
129	417
129	474
129	666
129	739
129	758
130	135
130	198
130	213
130	241
130	367
130	409
130	478
130	507
130	627
130	642
130	713
130	736
130	766
130	784
131	637
132	185
132	189
132	220
132	222
132	256
132	261
132	277
132	282
132	288
132	305
132	314
132	315
132	357
132	409
132	434
132	459
132	479
132	500
132	507
132	515
132	559
132	570
132	575
132	583
132	593
132	615
132	619
132	625
132	628
132	663
132	669
132	695
132	712
132	722
132	736
132	737
132	744
132	771
132	788
132	791
132	795
132	806
132	810
132	811
132	815
132	819
132	849
135	198
135	213
135	241
135	314
135	367
135	461
135	642
135	766
135	821
137	718
138	213
138	275
138	277
138	345
138	367
138	391
138	461
138	642
138	660
138	670
138	736
138	815
138	821
139	157
139	182
139	190
139	477
139	484
139	604
139	624
139	644
139	683
141	386
141	587
141	643
144	449
144	681
144	774
144	775
144	820
144	835
144	848
146	350
146	626
146	816
147	555
153	269
157	182
157	190
157	477
157	484
157	604
157	624
157	644
157	683
158	229
158	399
158	778
159	302
159	384
159	518
165	645
167	459
167	663
167	695
167	703
167	737
167	795
167	810
169	258
169	407
169	482
169	485
169	601
169	605
170	366
170	749
172	181
172	189
172	222
172	315
172	323
172	390
172	423
172	428
172	500
172	515
172	567
172	615
172	663
172	744
172	795
172	810
172	819
172	838
174	175
174	285
174	313
174	355
174	401
174	454
174	476
174	665
174	700
174	747
174	780
174	794
175	285
175	313
175	355
175	401
175	454
175	476
175	665
175	700
175	747
175	780
175	794
176	807
177	703
178	233
178	384
178	430
178	518
181	323
181	390
181	428
181	615
181	795
182	309
182	477
182	484
182	604
182	644
184	282
184	384
184	504
184	809
184	831
185	256
185	277
185	288
185	314
185	361
185	409
185	434
185	479
185	554
185	575
185	593
185	625
185	669
185	722
185	736
185	737
185	811
185	815
186	753
186	777
186	825
187	268
189	222
189	290
189	315
189	323
189	390
189	423
189	428
189	459
189	500
189	515
189	567
189	615
189	663
189	737
189	744
189	795
189	810
189	819
189	838
190	477
190	484
190	604
190	644
190	683
191	463
198	213
198	241
198	367
198	409
198	459
198	461
198	462
198	507
198	521
198	577
198	593
198	627
198	642
198	660
198	722
198	736
198	766
198	784
198	806
198	811
198	821
203	435
203	528
203	596
204	728
205	300
205	377
205	823
208	555
208	786
213	241
213	314
213	345
213	361
213	367
213	391
213	461
213	478
213	565
213	577
213	642
213	660
213	670
213	722
213	736
213	766
213	784
213	806
213	815
213	821
215	613
216	312
216	487
216	545
216	814
216	825
217	281
218	248
219	285
219	747
219	794
220	256
220	261
220	277
220	288
220	314
220	409
220	434
220	459
220	479
220	507
220	554
220	575
220	593
220	619
220	625
220	669
220	712
220	722
220	736
220	737
220	759
220	791
220	806
220	815
222	315
222	323
222	390
222	428
222	500
222	515
222	567
222	615
222	663
222	737
222	795
222	810
222	819
222	838
223	537
225	797
225	813
226	606
227	292
227	575
227	843
232	571
232	625
233	384
233	430
234	350
237	321
237	592
239	268
239	282
239	329
240	408
241	367
241	391
241	461
241	478
241	577
241	642
241	660
241	722
241	736
241	766
241	821
247	528
249	292
250	605
250	699
253	292
254	286
256	261
256	265
256	277
256	288
256	314
256	361
256	409
256	434
256	459
256	479
256	507
256	554
256	556
256	559
256	575
256	593
256	619
256	625
256	669
256	693
256	712
256	721
256	722
256	736
256	737
256	753
256	791
256	799
256	806
256	811
256	815
258	286
258	407
258	482
258	485
258	601
258	605
258	769
261	277
261	434
261	593
261	625
261	693
261	712
261	722
262	315
262	568
262	591
265	277
265	314
265	338
265	434
265	479
265	555
265	575
265	593
265	625
265	722
265	736
265	815
267	609
268	329
268	411
268	521
270	307
270	393
270	706
270	758
270	797
270	848
273	547
275	625
275	736
277	288
277	314
277	357
277	361
277	367
277	409
277	434
277	459
277	478
277	479
277	507
277	554
277	555
277	565
277	575
277	593
277	619
277	625
277	660
277	669
277	693
277	712
277	722
277	736
277	737
277	791
277	806
277	811
277	815
282	328
282	384
282	459
282	504
282	663
282	736
282	737
282	771
282	831
285	313
285	355
285	401
285	454
285	476
285	665
285	700
285	747
285	753
285	780
285	794
286	407
286	482
286	769
288	314
288	357
288	409
288	434
288	461
288	479
288	507
288	554
288	565
288	593
288	625
288	669
288	712
288	722
288	736
288	737
288	806
288	815
288	821
290	515
292	402
292	742
299	733
300	813
300	823
302	384
302	518
302	827
304	434
304	479
304	722
305	736
307	393
307	706
307	848
312	487
312	545
312	814
313	355
313	401
313	454
313	476
313	665
313	700
313	747
313	780
313	794
314	357
314	409
314	434
314	459
314	479
314	507
314	554
314	559
314	570
314	575
314	593
314	619
314	625
314	663
314	669
314	712
314	722
314	736
314	737
314	753
314	759
314	791
314	799
314	806
314	811
314	815
315	323
315	428
315	459
315	515
315	567
315	615
315	627
315	663
315	736
315	737
315	795
315	810
321	592
323	390
323	428
323	500
323	515
323	615
323	663
323	795
323	810
326	463
326	483
326	542
326	609
326	676
326	834
329	432
329	753
334	561
338	510
345	391
345	461
345	642
345	660
345	670
345	736
345	821
353	849
355	401
355	454
355	476
355	665
355	700
355	747
355	753
355	780
355	794
357	479
357	554
357	593
357	628
357	669
357	712
357	737
361	367
361	459
361	479
361	559
361	625
361	722
361	736
361	737
361	806
361	815
361	849
363	452
365	520
366	749
367	391
367	461
367	478
367	577
367	627
367	642
367	660
367	670
367	713
367	722
367	736
367	766
367	784
367	821
372	678
372	709
372	729
373	391
373	461
373	670
377	816
377	823
380	408
381	758
381	774
381	820
381	848
384	430
384	504
384	518
384	631
384	748
384	809
384	831
385	760
386	587
386	643
388	530
390	428
390	500
390	515
390	615
390	795
390	810
390	838
391	461
391	642
391	660
391	670
391	722
391	736
391	766
391	821
393	706
393	758
393	797
393	848
394	448
397	665
399	778
401	454
401	476
401	654
401	665
401	700
401	747
401	780
401	794
402	742
403	436
404	481
407	482
407	485
407	601
407	605
407	769
409	434
409	459
409	479
409	507
409	554
409	575
409	583
409	593
409	619
409	625
409	663
409	669
409	713
409	721
409	722
409	736
409	737
409	753
409	799
409	806
409	815
413	465
413	659
415	812
417	474
417	666
417	739
417	758
417	835
417	848
423	428
423	515
423	567
423	615
424	727
428	500
428	515
428	567
428	615
428	663
428	795
428	810
428	838
430	518
434	479
434	507
434	554
434	575
434	593
434	619
434	625
434	669
434	693
434	712
434	722
434	736
434	737
434	753
434	759
434	791
434	806
434	811
434	815
435	528
435	596
441	494
445	462
445	725
448	529
449	681
449	758
449	774
449	775
449	820
449	835
449	848
451	549
452	555
454	476
454	654
454	665
454	700
454	747
454	753
454	780
454	794
459	507
459	521
459	559
459	575
459	586
459	593
459	615
459	627
459	663
459	669
459	695
459	721
459	722
459	736
459	737
459	753
459	788
459	791
459	806
459	810
459	811
461	565
461	642
461	660
461	670
461	736
461	766
461	806
461	815
461	821
462	725
462	784
463	483
463	542
463	609
463	676
463	834
465	659
473	669
473	819
474	666
474	739
474	758
474	835
474	848
476	665
476	700
476	747
476	753
476	780
476	794
477	484
477	604
477	624
477	644
477	683
478	507
478	642
478	722
478	736
478	766
479	507
479	554
479	565
479	575
479	581
479	593
479	619
479	625
479	663
479	669
479	693
479	712
479	722
479	736
479	737
479	799
479	806
479	811
479	815
482	605
482	769
483	542
483	609
483	676
483	834
484	604
484	624
484	644
484	683
485	601
485	605
487	545
487	814
488	552
488	630
492	595
500	515
500	567
500	615
500	663
500	795
500	810
500	838
504	518
504	631
504	809
504	831
507	554
507	570
507	593
507	625
507	627
507	642
507	663
507	669
507	712
507	713
507	721
507	722
507	736
507	737
507	753
507	791
507	806
507	811
509	717
512	722
515	567
515	615
515	663
515	744
515	795
515	810
515	819
515	836
515	838
518	631
518	748
518	809
521	627
521	695
521	736
528	596
532	725
535	841
537	656
542	609
542	676
542	834
545	814
546	793
552	630
554	575
554	593
554	625
554	663
554	669
554	711
554	722
554	791
554	811
554	815
556	625
559	583
559	625
559	734
559	737
559	815
565	575
565	722
565	736
567	615
567	663
567	795
567	810
567	838
570	586
570	593
570	669
570	806
575	593
575	625
575	669
575	712
575	722
575	736
575	737
575	791
575	806
575	811
577	594
577	722
577	736
577	800
577	806
581	737
581	753
583	737
586	736
586	806
587	643
593	619
593	625
593	642
593	669
593	712
593	713
593	721
593	722
593	736
593	737
593	753
593	759
593	791
593	799
593	806
593	811
593	815
601	605
604	624
604	644
604	683
605	699
605	797
607	687
610	633
610	697
610	705
610	823
611	719
612	717
615	663
615	737
615	744
615	795
615	810
615	819
615	838
619	625
619	669
619	722
619	736
619	737
619	753
619	791
619	799
619	806
619	815
624	644
624	683
625	663
625	669
625	693
625	712
625	722
625	736
625	737
625	806
625	811
626	816
627	663
627	713
627	766
627	795
628	669
631	809
633	697
633	705
638	781
641	790
642	660
642	670
642	713
642	722
642	736
642	766
642	784
642	815
642	821
644	683
644	753
660	670
660	722
660	736
660	766
660	821
663	669
663	736
663	737
663	771
663	788
663	791
663	795
663	806
663	810
663	838
665	747
665	780
665	794
666	739
666	758
666	835
666	848
669	712
669	722
669	736
669	737
669	791
669	806
670	736
670	821
676	834
678	709
678	729
681	758
681	774
681	775
681	820
681	835
681	848
697	705
697	823
699	797
700	747
700	794
705	823
706	758
706	797
706	848
707	810
709	729
711	722
712	722
712	736
712	737
712	791
713	722
713	736
713	766
713	784
713	806
719	743
719	757
721	722
721	736
721	799
721	806
722	736
722	737
722	784
722	791
722	799
722	806
722	811
722	815
722	821
736	737
736	766
736	784
736	791
736	799
736	806
736	811
736	815
736	821
736	849
737	771
737	788
737	791
737	795
737	806
737	810
737	811
737	815
739	758
739	769
739	835
739	848
742	813
744	795
744	819
747	780
747	794
748	809
753	777
753	788
753	791
753	794
753	815
753	825
758	774
758	775
758	797
758	820
758	835
758	848
766	784
766	806
771	795
771	838
774	775
774	820
774	835
774	848
775	820
775	835
775	848
777	825
780	794
784	806
791	806
795	810
795	819
795	838
797	813
797	848
799	815
806	811
809	831
810	836
810	838
815	821
818	824
820	835
820	848
835	848
772	2
17	3
415	4
812	4
32	5
90	5
103	5
185	5
186	5
198	5
256	5
459	5
669	5
736	5
777	5
806	5
825	5
293	8
718	10
586	12
296	13
591	13
56	16
776	18
32	20
33	20
53	20
76	20
101	20
103	20
104	20
124	20
132	20
220	20
256	20
261	20
265	20
277	20
288	20
314	20
409	20
434	20
479	20
507	20
556	20
575	20
593	20
625	20
669	20
712	20
722	20
736	20
737	20
791	20
815	20
413	21
465	21
659	21
42	23
78	23
139	23
157	23
190	23
477	23
484	23
604	23
624	23
644	23
683	23
47	29
59	29
95	29
174	29
175	29
285	29
313	29
355	29
401	29
454	29
476	29
665	29
700	29
747	29
780	29
794	29
292	31
456	31
471	31
33	32
45	32
53	32
76	32
101	32
103	32
104	32
124	32
185	32
198	32
220	32
256	32
265	32
277	32
288	32
314	32
409	32
434	32
459	32
479	32
507	32
575	32
593	32
625	32
663	32
669	32
721	32
722	32
736	32
737	32
791	32
806	32
811	32
815	32
58	33
71	33
76	33
90	33
99	33
104	33
115	33
124	33
132	33
167	33
177	33
185	33
216	33
220	33
256	33
314	33
315	33
409	33
434	33
459	33
479	33
507	33
554	33
559	33
575	33
593	33
625	33
627	33
663	33
669	33
695	33
703	33
722	33
736	33
737	33
753	33
788	33
791	33
806	33
810	33
178	34
233	34
302	34
384	34
430	34
504	34
518	34
631	34
748	34
809	34
384	36
504	36
831	36
103	41
78	42
139	42
157	42
182	42
190	42
477	42
484	42
604	42
624	42
644	42
683	42
90	45
130	45
198	45
314	45
367	45
459	45
507	45
593	45
627	45
642	45
713	45
736	45
766	45
784	45
806	45
815	45
59	47
174	47
175	47
219	47
285	47
313	47
355	47
401	47
454	47
476	47
654	47
665	47
700	47
747	47
753	47
780	47
794	47
116	48
129	48
144	48
270	48
307	48
393	48
417	48
449	48
474	48
666	48
681	48
706	48
739	48
758	48
774	48
775	48
797	48
820	48
835	48
848	48
546	50
793	50
463	51
76	53
101	53
103	53
104	53
185	53
220	53
256	53
261	53
277	53
288	53
314	53
434	53
479	53
575	53
593	53
625	53
669	53
722	53
736	53
597	54
334	55
561	55
458	56
169	57
254	57
258	57
286	57
407	57
482	57
485	57
769	57
90	58
99	58
115	58
132	58
189	58
459	58
473	58
615	58
663	58
669	58
737	58
810	58
819	58
174	59
175	59
285	59
313	59
355	59
401	59
454	59
476	59
665	59
700	59
747	59
780	59
794	59
191	62
463	62
78	64
139	64
157	64
604	64
624	64
644	64
683	64
200	67
315	68
90	69
104	69
268	69
282	69
329	69
459	69
521	69
586	69
628	69
737	69
213	70
478	70
642	70
660	70
90	71
115	71
122	71
167	71
222	71
459	71
500	71
521	71
627	71
663	71
695	71
810	71
123	72
451	72
549	72
209	73
90	76
101	76
103	76
104	76
115	76
132	76
185	76
220	76
256	76
265	76
277	76
288	76
314	76
357	76
409	76
434	76
479	76
507	76
554	76
575	76
593	76
619	76
625	76
663	76
669	76
693	76
722	76
736	76
737	76
753	76
759	76
791	76
799	76
815	76
109	77
372	77
678	77
709	77
729	77
139	78
157	78
190	78
477	78
484	78
604	78
624	78
644	78
683	78
813	81
718	86
225	87
797	87
813	87
103	90
104	90
115	90
130	90
132	90
167	90
172	90
189	90
198	90
222	90
282	90
314	90
315	90
323	90
409	90
428	90
459	90
500	90
507	90
515	90
521	90
567	90
615	90
627	90
663	90
695	90
736	90
737	90
771	90
795	90
806	90
810	90
838	90
401	95
259	96
132	99
220	99
305	99
459	99
473	99
737	99
819	99
103	101
104	101
124	101
132	101
138	101
185	101
213	101
220	101
256	101
261	101
277	101
288	101
314	101
409	101
434	101
479	101
507	101
554	101
559	101
593	101
625	101
642	101
660	101
712	101
722	101
736	101
737	101
759	101
791	101
806	101
811	101
815	101
104	103
124	103
132	103
185	103
220	103
256	103
261	103
265	103
277	103
288	103
314	103
361	103
409	103
434	103
459	103
478	103
479	103
507	103
554	103
575	103
593	103
619	103
625	103
660	103
669	103
713	103
721	103
722	103
736	103
737	103
759	103
766	103
791	103
806	103
811	103
815	103
132	104
185	104
207	104
220	104
232	104
256	104
265	104
277	104
282	104
288	104
304	104
314	104
357	104
409	104
434	104
459	104
479	104
507	104
554	104
575	104
593	104
619	104
625	104
628	104
669	104
712	104
722	104
736	104
737	104
753	104
788	104
815	104
830	106
372	109
678	109
709	109
729	109
849	109
119	111
158	114
229	114
399	114
778	114
132	115
167	115
172	115
189	115
222	115
315	115
323	115
428	115
459	115
500	115
515	115
615	115
627	115
663	115
695	115
707	115
737	115
771	115
795	115
810	115
129	116
417	116
474	116
666	116
739	116
758	116
835	116
848	116
145	120
521	121
451	123
549	123
185	124
198	124
220	124
256	124
277	124
288	124
314	124
409	124
434	124
459	124
479	124
507	124
554	124
575	124
593	124
625	124
669	124
713	124
721	124
722	124
736	124
737	124
791	124
806	124
811	124
424	125
727	125
217	127
281	127
417	129
474	129
666	129
739	129
758	129
135	130
198	130
213	130
241	130
367	130
409	130
478	130
507	130
627	130
642	130
713	130
736	130
766	130
784	130
637	131
185	132
189	132
220	132
222	132
256	132
261	132
277	132
282	132
288	132
305	132
314	132
315	132
357	132
409	132
434	132
459	132
479	132
500	132
507	132
515	132
559	132
570	132
575	132
583	132
593	132
615	132
619	132
625	132
628	132
663	132
669	132
695	132
712	132
722	132
736	132
737	132
744	132
771	132
788	132
791	132
795	132
806	132
810	132
811	132
815	132
819	132
849	132
198	135
213	135
241	135
314	135
367	135
461	135
642	135
766	135
821	135
718	137
213	138
275	138
277	138
345	138
367	138
391	138
461	138
642	138
660	138
670	138
736	138
815	138
821	138
157	139
182	139
190	139
477	139
484	139
604	139
624	139
644	139
683	139
386	141
587	141
643	141
449	144
681	144
774	144
775	144
820	144
835	144
848	144
350	146
626	146
816	146
555	147
269	153
182	157
190	157
477	157
484	157
604	157
624	157
644	157
683	157
229	158
399	158
778	158
302	159
384	159
518	159
645	165
459	167
663	167
695	167
703	167
737	167
795	167
810	167
258	169
407	169
482	169
485	169
601	169
605	169
366	170
749	170
181	172
189	172
222	172
315	172
323	172
390	172
423	172
428	172
500	172
515	172
567	172
615	172
663	172
744	172
795	172
810	172
819	172
838	172
175	174
285	174
313	174
355	174
401	174
454	174
476	174
665	174
700	174
747	174
780	174
794	174
285	175
313	175
355	175
401	175
454	175
476	175
665	175
700	175
747	175
780	175
794	175
807	176
703	177
233	178
384	178
430	178
518	178
323	181
390	181
428	181
615	181
795	181
309	182
477	182
484	182
604	182
644	182
282	184
384	184
504	184
809	184
831	184
256	185
277	185
288	185
314	185
361	185
409	185
434	185
479	185
554	185
575	185
593	185
625	185
669	185
722	185
736	185
737	185
811	185
815	185
753	186
777	186
825	186
268	187
222	189
290	189
315	189
323	189
390	189
423	189
428	189
459	189
500	189
515	189
567	189
615	189
663	189
737	189
744	189
795	189
810	189
819	189
838	189
477	190
484	190
604	190
644	190
683	190
463	191
213	198
241	198
367	198
409	198
459	198
461	198
462	198
507	198
521	198
577	198
593	198
627	198
642	198
660	198
722	198
736	198
766	198
784	198
806	198
811	198
821	198
435	203
528	203
596	203
728	204
300	205
377	205
823	205
555	208
786	208
241	213
314	213
345	213
361	213
367	213
391	213
461	213
478	213
565	213
577	213
642	213
660	213
670	213
722	213
736	213
766	213
784	213
806	213
815	213
821	213
613	215
312	216
487	216
545	216
814	216
825	216
281	217
248	218
285	219
747	219
794	219
256	220
261	220
277	220
288	220
314	220
409	220
434	220
459	220
479	220
507	220
554	220
575	220
593	220
619	220
625	220
669	220
712	220
722	220
736	220
737	220
759	220
791	220
806	220
815	220
315	222
323	222
390	222
428	222
500	222
515	222
567	222
615	222
663	222
737	222
795	222
810	222
819	222
838	222
537	223
797	225
813	225
606	226
292	227
575	227
843	227
571	232
625	232
384	233
430	233
350	234
321	237
592	237
268	239
282	239
329	239
408	240
367	241
391	241
461	241
478	241
577	241
642	241
660	241
722	241
736	241
766	241
821	241
528	247
292	249
605	250
699	250
292	253
286	254
261	256
265	256
277	256
288	256
314	256
361	256
409	256
434	256
459	256
479	256
507	256
554	256
556	256
559	256
575	256
593	256
619	256
625	256
669	256
693	256
712	256
721	256
722	256
736	256
737	256
753	256
791	256
799	256
806	256
811	256
815	256
286	258
407	258
482	258
485	258
601	258
605	258
769	258
277	261
434	261
593	261
625	261
693	261
712	261
722	261
315	262
568	262
591	262
277	265
314	265
338	265
434	265
479	265
555	265
575	265
593	265
625	265
722	265
736	265
815	265
609	267
329	268
411	268
521	268
307	270
393	270
706	270
758	270
797	270
848	270
547	273
625	275
736	275
288	277
314	277
357	277
361	277
367	277
409	277
434	277
459	277
478	277
479	277
507	277
554	277
555	277
565	277
575	277
593	277
619	277
625	277
660	277
669	277
693	277
712	277
722	277
736	277
737	277
791	277
806	277
811	277
815	277
328	282
384	282
459	282
504	282
663	282
736	282
737	282
771	282
831	282
313	285
355	285
401	285
454	285
476	285
665	285
700	285
747	285
753	285
780	285
794	285
407	286
482	286
769	286
314	288
357	288
409	288
434	288
461	288
479	288
507	288
554	288
565	288
593	288
625	288
669	288
712	288
722	288
736	288
737	288
806	288
815	288
821	288
515	290
402	292
742	292
733	299
813	300
823	300
384	302
518	302
827	302
434	304
479	304
722	304
736	305
393	307
706	307
848	307
487	312
545	312
814	312
355	313
401	313
454	313
476	313
665	313
700	313
747	313
780	313
794	313
357	314
409	314
434	314
459	314
479	314
507	314
554	314
559	314
570	314
575	314
593	314
619	314
625	314
663	314
669	314
712	314
722	314
736	314
737	314
753	314
759	314
791	314
799	314
806	314
811	314
815	314
323	315
428	315
459	315
515	315
567	315
615	315
627	315
663	315
736	315
737	315
795	315
810	315
592	321
390	323
428	323
500	323
515	323
615	323
663	323
795	323
810	323
463	326
483	326
542	326
609	326
676	326
834	326
432	329
753	329
561	334
510	338
391	345
461	345
642	345
660	345
670	345
736	345
821	345
849	353
401	355
454	355
476	355
665	355
700	355
747	355
753	355
780	355
794	355
479	357
554	357
593	357
628	357
669	357
712	357
737	357
367	361
459	361
479	361
559	361
625	361
722	361
736	361
737	361
806	361
815	361
849	361
452	363
520	365
749	366
391	367
461	367
478	367
577	367
627	367
642	367
660	367
670	367
713	367
722	367
736	367
766	367
784	367
821	367
678	372
709	372
729	372
391	373
461	373
670	373
816	377
823	377
408	380
758	381
774	381
820	381
848	381
430	384
504	384
518	384
631	384
748	384
809	384
831	384
760	385
587	386
643	386
530	388
428	390
500	390
515	390
615	390
795	390
810	390
838	390
461	391
642	391
660	391
670	391
722	391
736	391
766	391
821	391
706	393
758	393
797	393
848	393
448	394
665	397
778	399
454	401
476	401
654	401
665	401
700	401
747	401
780	401
794	401
742	402
436	403
481	404
482	407
485	407
601	407
605	407
769	407
434	409
459	409
479	409
507	409
554	409
575	409
583	409
593	409
619	409
625	409
663	409
669	409
713	409
721	409
722	409
736	409
737	409
753	409
799	409
806	409
815	409
465	413
659	413
812	415
474	417
666	417
739	417
758	417
835	417
848	417
428	423
515	423
567	423
615	423
727	424
500	428
515	428
567	428
615	428
663	428
795	428
810	428
838	428
518	430
479	434
507	434
554	434
575	434
593	434
619	434
625	434
669	434
693	434
712	434
722	434
736	434
737	434
753	434
759	434
791	434
806	434
811	434
815	434
528	435
596	435
494	441
462	445
725	445
529	448
681	449
758	449
774	449
775	449
820	449
835	449
848	449
549	451
555	452
476	454
654	454
665	454
700	454
747	454
753	454
780	454
794	454
507	459
521	459
559	459
575	459
586	459
593	459
615	459
627	459
663	459
669	459
695	459
721	459
722	459
736	459
737	459
753	459
788	459
791	459
806	459
810	459
811	459
565	461
642	461
660	461
670	461
736	461
766	461
806	461
815	461
821	461
725	462
784	462
483	463
542	463
609	463
676	463
834	463
659	465
669	473
819	473
666	474
739	474
758	474
835	474
848	474
665	476
700	476
747	476
753	476
780	476
794	476
484	477
604	477
624	477
644	477
683	477
507	478
642	478
722	478
736	478
766	478
507	479
554	479
565	479
575	479
581	479
593	479
619	479
625	479
663	479
669	479
693	479
712	479
722	479
736	479
737	479
799	479
806	479
811	479
815	479
605	482
769	482
542	483
609	483
676	483
834	483
604	484
624	484
644	484
683	484
601	485
605	485
545	487
814	487
552	488
630	488
595	492
515	500
567	500
615	500
663	500
795	500
810	500
838	500
518	504
631	504
809	504
831	504
554	507
570	507
593	507
625	507
627	507
642	507
663	507
669	507
712	507
713	507
721	507
722	507
736	507
737	507
753	507
791	507
806	507
811	507
717	509
722	512
567	515
615	515
663	515
744	515
795	515
810	515
819	515
836	515
838	515
631	518
748	518
809	518
627	521
695	521
736	521
596	528
725	532
841	535
656	537
609	542
676	542
834	542
814	545
793	546
630	552
575	554
593	554
625	554
663	554
669	554
711	554
722	554
791	554
811	554
815	554
625	556
583	559
625	559
734	559
737	559
815	559
575	565
722	565
736	565
615	567
663	567
795	567
810	567
838	567
586	570
593	570
669	570
806	570
593	575
625	575
669	575
712	575
722	575
736	575
737	575
791	575
806	575
811	575
594	577
722	577
736	577
800	577
806	577
737	581
753	581
737	583
736	586
806	586
643	587
619	593
625	593
642	593
669	593
712	593
713	593
721	593
722	593
736	593
737	593
753	593
759	593
791	593
799	593
806	593
811	593
815	593
605	601
624	604
644	604
683	604
699	605
797	605
687	607
633	610
697	610
705	610
823	610
719	611
717	612
663	615
737	615
744	615
795	615
810	615
819	615
838	615
625	619
669	619
722	619
736	619
737	619
753	619
791	619
799	619
806	619
815	619
644	624
683	624
663	625
669	625
693	625
712	625
722	625
736	625
737	625
806	625
811	625
816	626
663	627
713	627
766	627
795	627
669	628
809	631
697	633
705	633
781	638
790	641
660	642
670	642
713	642
722	642
736	642
766	642
784	642
815	642
821	642
683	644
753	644
670	660
722	660
736	660
766	660
821	660
669	663
736	663
737	663
771	663
788	663
791	663
795	663
806	663
810	663
838	663
747	665
780	665
794	665
739	666
758	666
835	666
848	666
712	669
722	669
736	669
737	669
791	669
806	669
736	670
821	670
834	676
709	678
729	678
758	681
774	681
775	681
820	681
835	681
848	681
705	697
823	697
797	699
747	700
794	700
823	705
758	706
797	706
848	706
810	707
729	709
722	711
722	712
736	712
737	712
791	712
722	713
736	713
766	713
784	713
806	713
743	719
757	719
722	721
736	721
799	721
806	721
736	722
737	722
784	722
791	722
799	722
806	722
811	722
815	722
821	722
737	736
766	736
784	736
791	736
799	736
806	736
811	736
815	736
821	736
849	736
771	737
788	737
791	737
795	737
806	737
810	737
811	737
815	737
758	739
769	739
835	739
848	739
813	742
795	744
819	744
780	747
794	747
809	748
777	753
788	753
791	753
794	753
815	753
825	753
774	758
775	758
797	758
820	758
835	758
848	758
784	766
806	766
795	771
838	771
775	774
820	774
835	774
848	774
820	775
835	775
848	775
825	777
794	780
806	784
806	791
810	795
819	795
838	795
813	797
848	797
815	799
811	806
831	809
836	810
838	810
821	815
824	818
835	820
848	820
848	835
