231	1640
231	1931
231	1347
231	584
231	3291
231	507
1413	3742
3699	1769
3699	398
3699	3049
137	2070
2655	2138
1239	1858
1239	1601
1239	4073
3863	2489
3863	1355
3863	4611
3863	718
3863	3425
91	2466
91	4611
91	3389
3115	1097
3115	4034
3115	4475
3115	1683
3115	276
3115	2466
3115	1347
3115	59
3115	3389
3115	2114
3115	3080
45	1964
45	3734
2994	206
2994	4651
2994	3780
3434	206
4132	4612
4132	1158
4132	1580
4132	4450
4132	473
4132	511
4132	3296
4132	931
4132	3591
4132	4594
1822	206
1822	4595
1638	202
1638	2695
1638	4253
1701	206
1655	1314
1655	177
1655	2466
1655	2988
1655	3780
285	1110
285	3379
3588	2466
891	561
891	1353
891	4011
891	177
891	4611
891	1325
891	4595
891	1878
891	326
891	1547
891	3425
471	1412
471	1193
471	2469
471	507
3051	4099
1215	368
1215	189
1215	1380
1215	3412
793	3389
1131	4079
272	1965
1412	4087
2958	1530
2958	696
2958	3362
2958	3148
2958	3389
2958	1013
2958	2378
3415	2952
3415	2866
3415	245
3415	3697
679	4185
679	2366
679	4392
679	1063
679	4674
679	3734
679	3998
210	2183
210	435
210	3257
210	1321
210	3448
924	2507
924	2706
924	4061
4307	1951
3704	2489
3704	3308
253	1193
253	2052
253	1930
253	488
253	3502
253	982
253	3337
253	1951
253	4533
253	551
253	958
253	2051
1514	1288
364	3303
1478	2978
1841	2584
337	2913
337	1800
337	4231
294	1789
294	813
294	1888
1581	2646
1581	4611
1581	3972
4664	1315
4664	1121
4664	3068
450	2458
1136	3108
546	3721
546	817
546	2952
546	2584
546	2071
546	144
546	1643
3721	817
3721	2584
3721	2071
3721	144
3721	1643
817	2952
817	2071
817	144
817	1643
2952	2584
2952	2071
2952	3724
404	4472
404	962
3461	4433
3461	1732
3461	3380
3461	1121
3461	3296
3461	1399
2671	4523
2671	1618
2671	3992
2671	230
2671	3734
111	3955
1869	406
1869	2078
1869	4112
4523	3692
4523	4645
4523	3824
4523	458
4523	4392
4523	345
4523	3921
4523	1952
4523	4173
4523	2572
4523	162
406	4335
3955	1403
3955	1452
95	1150
3664	2030
3664	2866
3664	847
3664	3214
3664	1815
3664	1764
3664	4326
3664	3424
3664	903
3664	4303
3664	470
3664	86
3664	3779
3664	3611
3664	2413
2142	1326
3264	3425
4675	1894
4675	1930
4675	488
4675	982
4675	2051
287	206
287	3688
2160	3172
2160	2575
2160	3880
2160	561
2160	2490
3172	2575
3172	3880
3172	561
3172	2490
2575	3880
2575	561
2575	2490
2575	3427
3880	561
3880	2490
3880	2030
3880	3214
3880	718
1940	3431
1940	230
1940	1948
499	3212
1260	3039
3377	862
4016	2458
3607	1852
3607	921
1022	4314
370	4611
370	1179
370	4067
370	4434
1053	562
561	2490
561	3799
561	2489
561	2278
561	3214
561	335
561	3655
561	2647
561	1473
561	2208
561	4429
561	3427
561	4662
561	2835
561	59
561	4225
561	4223
561	718
561	3734
561	922
561	2732
2490	3427
2490	4595
2335	1385
2335	4212
2335	1640
2335	896
2335	2017
2939	726
4558	1683
4680	1167
4680	4590
4680	1117
3062	182
3062	1048
3431	1772
3431	62
3431	3824
3431	458
3431	4070
3431	1347
3431	59
3431	4121
3431	2334
3431	2451
3431	1888
2362	2551
1732	2658
2606	744
607	3272
607	3456
1754	2672
4598	2124
4598	828
4568	1600
4568	1745
4568	900
269	4411
3208	1600
3208	3500
3208	749
3208	1750
3208	4607
3208	1745
3208	1966
3208	3767
3208	3104
3208	1640
3208	3371
3208	1279
3208	3728
3208	843
3208	2254
3208	4207
3208	1898
3208	1948
3208	4454
3208	3650
3208	900
3208	4154
3208	2363
3208	30
3208	4651
3208	2299
3208	3357
3208	435
3208	3296
3208	962
3208	3279
3208	921
3208	521
3208	1003
3208	1421
3208	2459
3208	2604
3208	2865
3208	2957
3208	3436
3208	4159
3208	4443
1432	1607
1432	2945
1432	2551
1432	1338
1432	2020
1432	4522
1432	3292
1600	3331
629	4454
629	2299
629	3209
3855	2030
3855	4156
3855	3379
1026	3351
3189	3553
2407	3108
2407	2030
3108	2536
3108	2111
3108	2315
3108	2194
3108	3522
3108	572
3108	2613
3108	2945
3108	2123
3108	3600
3108	2646
3108	2353
3108	1020
3108	2678
3108	3841
3108	321
3108	658
3108	3456
3108	2666
3108	4143
3108	2199
3108	2332
3108	2153
3108	2377
3108	1774
3108	1499
3108	4171
3108	1299
3108	3291
3108	1121
3108	4666
3108	3274
3108	2222
3108	4595
3108	3375
3108	3642
3108	4649
3108	739
3108	2631
3108	74
3108	70
3108	970
3108	1079
3108	1447
3108	1467
3108	1633
3108	1752
3108	1779
3108	2040
3108	2051
3108	3794
3108	2157
3108	3455
3108	2269
3108	2324
3108	2437
3108	2467
3108	2552
3108	2637
3108	3001
3108	3413
3108	3448
3108	3473
3108	3739
3108	3745
3108	3948
3108	4273
3108	4617
3108	1888
4532	2536
542	2536
3306	4548
3306	2536
3306	2578
3306	0
4548	2536
4548	2668
4548	4595
2536	950
2536	2578
2536	0
2536	1
950	2578
950	0
2578	0
3790	930
4089	1894
4089	4595
2567	1894
2567	1930
2567	2420
2567	507
4621	4612
2219	1193
2219	1089
2219	2369
1840	2935
1840	2582
4135	875
217	707
217	2438
2106	206
2136	2138
2136	1314
2136	2208
2136	3362
2136	3734
2136	4595
2136	2395
2136	2695
3195	3780
1332	1562
1332	372
1332	3638
1332	3742
1332	584
4445	2857
4445	960
4445	4152
4445	4651
4445	2785
4445	1778
4445	1240
4445	1558
4445	893
2111	1454
2111	4488
2111	3813
2111	2192
2111	906
2111	1567
2111	2895
2793	1791
2793	1043
2793	3504
2793	375
2793	4120
1885	177
1885	718
1885	569
432	4439
432	2646
432	3308
2315	3597
2315	2146
2315	3742
2315	3734
2315	3318
2315	3296
2315	1280
2315	1709
2315	3662
1353	803
1353	4554
1353	3077
1353	745
1353	775
1353	733
1353	753
1353	3734
1353	108
1353	4348
1353	2131
803	3623
803	4554
803	827
803	960
803	745
803	775
803	3818
803	733
803	167
803	1653
803	3009
4487	4090
4487	458
4487	3638
4487	504
4487	1270
2317	3125
1451	3734
1451	548
3799	639
3799	430
3799	3371
3799	3427
3799	4127
3799	4651
3799	2842
3770	1314
3623	2211
2887	390
2887	1508
2887	2035
2887	378
2887	2580
3894	1328
3894	921
4655	2030
4655	1601
4655	86
1386	488
1769	4207
1769	1567
1596	2245
1596	1625
4088	504
4088	3835
1384	1314
1384	424
1384	3063
2640	4520
2640	430
2640	2199
2640	4394
508	3500
508	2070
422	2512
422	4618
422	2188
422	4595
422	1270
4254	4056
4254	625
4254	3824
4254	1847
4254	1535
4254	3279
4254	2957
4254	3563
3159	3379
3159	185
3549	4429
2030	4404
2030	780
2030	1629
2030	3807
2030	3251
2030	2510
2030	843
2030	2402
2030	1380
2030	2767
2030	3427
2030	4454
2030	3650
2030	2363
2030	1490
2030	647
2030	2424
2030	4599
2030	1606
2030	489
2030	1561
2030	2955
2030	86
2030	1126
2030	4365
2030	2981
2030	551
2030	2232
2030	2115
2030	1631
2030	656
2030	970
2030	1743
2030	2384
2030	2769
2030	2869
2030	2960
2030	3532
2030	3662
2030	3914
2030	4073
2030	4510
2030	2703
1055	3379
1762	19
1762	529
1762	2140
1762	4584
1389	19
1389	1071
1193	2052
1193	191
1193	2420
1193	114
1193	3685
1193	488
1193	1400
1193	3562
1193	3283
1193	2275
1193	452
1193	2363
1193	482
1193	707
1193	2533
1193	4499
1193	4428
1193	507
1193	1502
1193	2051
1193	3150
1193	4157
2137	672
2137	329
2137	438
2137	419
2137	13
2137	241
2137	425
2137	455
2137	383
4404	2647
4404	1764
4404	3734
4404	3296
1682	969
4457	4015
4457	606
4457	1063
4457	3785
4457	3734
2485	1767
2485	969
2485	2254
2485	2638
1767	4336
1767	1800
4485	2471
2729	4595
1344	2078
4551	1119
4551	625
4551	4347
4551	2808
4551	1347
4551	227
19	672
19	529
19	1781
19	1729
19	1610
19	1598
19	4584
19	1071
19	4354
19	3611
19	4047
19	1804
2282	1551
2282	1607
2282	1461
2282	2833
2282	326
2282	1270
2282	4205
2282	3425
2489	1551
2489	1607
2489	3832
2489	2833
2489	326
2489	3425
2360	3368
2278	4122
465	3125
465	427
465	1380
465	206
465	718
465	976
2584	2071
2584	144
2584	1461
2584	1643
2584	1027
2584	1013
1551	4618
1551	1528
1551	2281
1551	4429
1551	887
4085	4392
4085	4595
2071	144
2071	1461
2071	4618
2071	1643
2071	1337
2071	922
3120	2277
3120	4475
3120	4152
3120	3668
3120	3882
3120	138
3120	348
144	1643
4221	1002
4015	3858
4015	2277
4015	2726
4015	3529
4015	1640
4015	3703
4015	606
4015	1027
4015	3793
4015	2466
4015	3173
4015	1921
4015	3389
4015	2444
4015	3296
4015	2375
4015	558
4015	825
4015	3212
4015	3423
672	529
672	4584
672	1325
672	1071
672	4354
672	3611
672	2971
529	4011
529	2140
529	4584
529	1567
529	1071
529	4354
529	3611
529	1878
529	1547
529	2378
3125	427
3125	718
3125	3073
1009	3500
1009	30
2953	1170
2953	3843
3091	4090
3091	1170
639	2734
639	303
639	753
639	2226
639	1689
1370	2419
1370	4011
1370	4071
530	1530
1607	4289
1607	2549
1607	3427
1607	647
1607	887
1607	2632
1607	162
1607	3068
1607	1957
1607	3547
3345	1461
3345	2129
3345	541
3345	2286
3345	1027
3345	3723
3345	1369
3345	41
3345	3734
3345	2413
3345	901
3345	3662
2419	3297
2419	4648
2419	2034
2419	878
1461	4618
1461	663
1461	2779
1461	3573
3500	2964
3500	1881
3500	1213
3500	3859
3500	30
3500	2070
1562	4020
1562	2211
1562	34
1562	345
1562	1619
1562	138
1562	1288
1562	2745
1485	3779
1340	2138
1340	4269
1340	366
1340	4258
1340	4188
1340	2745
392	4623
392	2647
392	3533
392	3077
392	2366
392	3861
392	1347
392	2299
392	2993
392	3771
1224	191
1224	3039
1224	3502
1224	982
1224	3456
1224	4533
1224	949
1224	958
1224	2051
1224	2239
193	4608
193	4338
193	425
182	1234
182	2533
2052	1930
2052	4266
2052	2420
2052	488
2052	3283
2052	1897
2052	969
2052	452
2052	2666
2052	2363
2052	3861
2052	707
2052	2533
2052	949
2052	2452
4289	1207
4505	3859
4048	2314
4048	1580
4048	3662
1191	41
1191	1270
1191	3436
749	1640
4535	1288
2138	4020
2138	563
2138	3678
2138	4351
2138	1772
2138	2211
2138	3692
2138	3824
2138	2875
2138	4392
2138	3638
2138	1738
2138	900
2138	445
2138	3299
2138	3793
2138	3843
2138	2334
2138	3197
2138	1619
2138	1337
2138	1747
2138	2340
2138	4204
2138	1272
2978	2458
4618	1027
4618	2779
4618	2413
4618	2226
3036	1280
2964	3524
2964	430
2964	1213
2964	30
2964	2070
2964	319
3487	1097
3487	2510
3487	3424
3487	4347
3487	2226
4520	1097
4520	1168
4520	2510
4520	3013
4217	900
4217	3390
4217	138
3217	2716
3217	3612
3217	470
3217	2104
3217	686
3217	1871
3217	3627
3217	4273
2716	4645
48	4208
3762	4306
3762	2597
3762	314
2866	3214
2866	2277
2866	4090
2866	1610
2866	2510
2866	2919
2866	3389
2866	3697
2866	3296
1750	4607
1750	3622
1750	1417
1750	4154
1750	3813
1750	2895
1750	4292
1750	962
1750	3657
1750	1397
4607	3126
4607	1579
4607	4674
4607	2895
4607	2223
4607	1572
4607	1980
4607	3473
4607	4159
4607	4277
3622	2416
3622	2895
3622	2223
3622	815
3622	901
3885	3337
3912	3337
3912	2438
1659	632
1659	2515
1894	488
1894	3283
1894	707
1894	3057
1894	1502
1894	3150
732	1365
1930	2420
1930	488
1930	3283
1930	1897
1930	1889
1930	2275
1930	2363
1930	1951
1930	1561
1930	707
1930	2630
1930	2533
1930	551
1930	69
1930	507
1930	1502
1930	2051
1930	2810
1930	3915
1930	4552
1930	4310
4422	1505
2194	1907
2707	881
4257	2527
4257	922
2527	113
2527	3425
847	2510
847	1609
847	2195
847	4269
847	1375
847	3961
847	2245
847	2646
847	696
847	3373
847	3389
847	1121
847	3780
847	3296
847	2823
1977	2585
2463	2846
2463	3843
3873	2126
3873	2305
3873	3732
1809	3662
3214	41
3214	4348
3612	4475
3612	1302
3612	2104
1641	3106
1641	859
1641	3773
1641	3734
3858	543
3858	4163
3858	4012
3858	3635
3858	152
191	1167
191	2420
191	488
191	3502
191	3283
191	1897
191	775
191	452
191	2890
191	1951
191	707
191	2533
191	551
191	17
191	958
191	1502
191	2051
3769	1784
3769	627
3769	489
3769	936
3769	1731
3769	4031
3769	4087
3769	3734
523	1781
523	3104
523	960
523	1068
523	4392
523	709
523	1597
523	1369
523	2060
3380	189
3380	1253
2506	4666
868	657
868	711
868	2786
868	2452
4554	1724
4554	4061
3405	4659
3405	3793
3405	3816
3405	233
4336	969
4336	1800
4630	4090
4630	3489
4630	3202
4460	254
4460	3843
4460	598
4460	4428
3331	2731
2025	1709
4623	4263
4623	3614
4623	1567
3199	1048
3199	551
4020	2549
4020	4605
4020	1619
1014	2271
1725	3734
4060	1434
1661	4011
1661	835
1976	2585
1167	982
1167	580
1167	1951
4456	1804
3524	254
3524	4269
3524	4483
3524	2424
3524	562
3524	4122
3524	4666
3524	289
3524	4335
1881	30
1881	2070
1483	3850
1483	2125
3287	4368
2474	2016
4056	4595
4056	455
1174	2096
254	3718
254	1585
254	522
2277	1729
2277	280
2277	282
2277	3668
2277	3389
2277	3697
1781	1640
1781	4475
1781	1683
1781	234
1781	3389
1781	1337
1781	3734
1781	3296
1781	1525
4078	2096
4078	3965
744	1745
744	881
2558	4536
2258	3829
2258	2491
3829	2491
1745	4565
1745	292
1745	2223
1745	1524
1745	3209
414	3379
4612	4646
4612	4136
4612	1532
1729	4646
1729	657
1729	4122
1729	1567
1729	4354
1729	2614
1729	3209
563	4090
563	3638
563	1738
2762	3055
2762	2003
2762	3723
3093	387
4169	3098
4169	1380
4169	632
4169	1579
4169	1871
4469	4303
4469	4346
4469	4144
4185	875
12	3843
3522	960
2629	1567
4090	368
4090	139
4090	3692
4090	3824
4090	2704
4090	1170
4090	4332
4090	453
4090	963
4090	2378
4090	162
1097	92
1097	1683
1097	3734
1097	4338
4529	177
4529	2332
923	4195
2975	504
2975	1270
2244	2070
1197	2646
1197	4651
1355	4667
1355	1377
1355	658
1355	3635
1355	221
1355	4177
1355	4604
1355	3734
1355	3296
1355	2732
1355	3603
1355	4244
4034	2206
4034	1530
4034	3638
4034	1738
4034	1573
4034	4234
2825	4475
2825	2378
2734	4284
2734	4121
780	345
780	131
780	657
1967	2947
1967	927
932	1455
779	1288
779	3057
2118	1601
4659	396
4659	820
4659	3793
4659	3425
396	820
396	3793
396	3012
396	2113
820	3793
3004	3943
3004	4155
4667	962
4667	4244
2830	3723
2830	3638
3550	1173
3550	1952
3550	1058
3550	4122
3550	2226
3550	689
4545	3529
4545	2458
4545	4392
4545	1738
4545	1366
4545	2365
4545	1397
312	1965
335	4011
335	345
2784	1369
1158	1385
2726	1567
3098	1579
3098	3734
3098	3296
1168	3767
1168	2183
1168	2466
1168	584
1168	3291
1168	522
1168	3425
80	1121
80	3734
80	1258
80	4373
49	1610
49	3477
49	1293
49	1034
2423	86
3220	3573
309	3104
309	3734
309	3296
1230	969
1154	2551
1154	4475
1154	2458
1154	2146
1154	3082
1154	1747
1154	2937
1154	3734
1154	3296
1154	4244
121	4475
121	875
121	3779
188	3765
4351	3389
3840	2226
757	1898
757	3822
757	372
757	1561
757	864
757	2181
757	2530
3767	4323
3767	3692
3767	4326
3767	4392
3767	1738
3767	4332
3767	2981
3767	2378
3767	4234
4142	3816
4142	233
2602	2530
2420	488
2420	3502
2420	982
2420	2533
2420	949
2420	551
2420	958
2420	2051
2420	4552
4386	3581
4386	2653
3581	3137
3015	368
3015	458
3015	4326
3015	504
2935	1405
2935	2810
1405	488
1405	4536
3655	3393
3655	4454
3655	2466
3655	3784
3655	86
3655	1369
3655	881
2078	3687
2078	3597
2078	4012
2078	3083
368	4475
368	2057
368	3648
368	177
368	3692
368	458
368	2678
368	2439
368	4070
368	4636
368	658
368	127
368	504
368	3921
368	4332
368	2833
368	3780
368	1270
1772	3692
1772	458
1772	504
1772	3573
669	2963
1385	4212
1385	2017
1385	1004
1385	3675
1048	114
1048	488
1048	1400
1048	694
1048	3562
1048	1114
1048	911
1048	2371
1048	2661
1048	482
1048	2895
1048	160
1048	536
1048	1146
1048	1399
1048	2418
1048	2844
1048	2870
1048	3278
1048	3458
1048	1205
1048	3839
1048	1657
114	3502
114	982
4345	206
4345	4651
4345	4343
4345	3780
4345	1839
3340	2664
3340	3389
2951	1567
2917	3082
2917	2169
2917	3983
1469	3502
3251	4614
3251	3389
3251	4338
3251	426
2092	2271
2092	3456
2092	3654
1505	2861
1505	3742
4212	2017
4212	1004
4212	3675
4212	931
4212	2011
3505	899
1007	569
1007	933
1733	1789
3055	3128
3055	4269
3055	3692
3055	2286
3055	445
3055	4332
3055	2582
3055	3766
3055	3278
3112	4005
3529	3104
3529	4011
3529	4005
3529	2048
3529	3296
1431	4012
3609	3509
3609	2668
3609	2632
673	458
3687	2613
3687	2685
3687	1652
3687	3477
3687	2909
3687	2785
3687	3173
3687	1563
3687	768
2710	4497
4497	2140
2613	4012
2613	4121
4576	3734
4319	113
488	3502
488	3934
488	982
488	1810
488	2014
488	2435
488	1889
488	580
488	1506
488	2363
488	2890
488	4533
488	2257
488	401
488	949
488	551
488	2436
488	958
488	2051
488	2239
245	2873
245	2363
245	3922
245	2375
245	1911
245	3022
245	4426
3589	1683
3589	3638
3589	2368
3589	2395
3589	110
3589	1796
3589	3058
3589	3212
1400	334
1400	3945
1400	3337
1400	2363
1400	2703
195	443
827	1314
827	202
2513	1314
2513	2612
2513	3832
2513	39
2513	3390
2513	3045
2513	3734
2513	435
2513	3662
2163	3131
1140	4674
4315	1273
2211	1815
2211	1721
2211	3104
2211	896
2211	1917
2211	935
2211	3800
2211	2444
2211	3766
2211	3448
3643	1577
3360	4508
812	1323
812	1898
812	903
812	1337
812	3296
3232	1314
3232	3638
3232	1236
2861	1089
3039	1399
3039	2822
3039	1205
2741	1119
4316	1601
4027	4595
1016	4136
1016	1579
334	1293
334	1778
4525	4651
4525	3561
35	1952
35	2375
35	1860
34	1319
34	230
34	1737
34	3425
34	3212
18	2366
18	230
430	4539
430	3648
430	1889
430	3379
430	1326
430	163
430	3291
430	3634
430	136
430	2648
430	2761
3516	470
92	1598
92	667
92	2073
2185	4122
1979	372
2926	1382
1815	1863
2941	2090
2941	982
2941	2271
4167	1314
4167	3077
4512	3285
4512	4223
4512	1499
4512	1325
4512	1964
4512	1739
4512	4354
4512	4595
4512	1547
178	1567
178	3425
2774	982
2774	707
2774	1502
2774	205
3502	982
3502	3283
3502	2363
3502	707
3502	401
3502	2533
3502	4499
3502	551
3502	1612
3502	2051
3502	2844
3502	3150
3502	4552
3934	2481
3934	2440
3934	2844
1382	1468
1382	2491
2251	2354
421	3734
421	3787
1223	4224
1223	3104
1223	1323
1223	584
1223	4611
1223	4017
1223	2444
1223	3296
4224	1721
4224	3104
4224	3796
4224	2909
4224	2444
1721	3104
1721	3796
1721	2444
1721	522
3104	1601
3104	3796
3104	2727
3104	2208
3104	1222
3104	4312
3104	1421
3104	1674
3104	2421
1610	4011
1610	177
1610	3692
1610	282
1610	27
1610	1347
1610	1286
1610	691
1150	4352
1150	1325
1150	1964
1150	959
1150	4354
1150	1878
1150	326
1150	1547
4125	206
1176	2384
710	4567
1315	3379
1315	2466
1315	1366
1315	4099
1315	383
1315	1397
1315	2753
1315	3080
2469	146
2647	1683
2647	775
2647	4611
2647	2101
2647	859
2647	2918
2647	2632
2647	962
2647	1525
3533	875
3533	1547
694	3337
960	435
960	1825
960	3547
3707	1726
2210	2963
1246	1314
1246	4646
1246	3077
2945	3379
3249	2947
1151	4595
1314	4646
1314	1428
1314	3077
1314	4475
1314	2302
1314	2612
1314	1738
1314	2979
1314	39
1314	877
1314	753
1314	4276
1314	2719
1314	3215
1314	86
1314	453
1314	3978
1314	2444
1314	2580
1314	4168
1314	13
1314	2018
1314	4234
1292	1571
1292	3379
1292	875
1292	3734
1292	1902
2374	1428
2374	3077
443	3734
1235	1601
1235	3734
1235	435
1235	2491
1235	3766
1378	3953
1378	4298
1378	3734
1378	594
2085	1625
2085	696
2085	4611
2085	3389
2085	1337
1119	707
1119	3553
2410	4454
2410	4122
1919	2895
3562	2844
1219	4305
1219	47
1219	3619
4646	4475
4646	206
4646	1052
4646	3784
4646	3291
4646	2695
4646	3425
2851	1906
2090	982
2090	1907
2090	2452
2090	3662
1833	537
1833	1082
982	3283
982	2560
982	1897
982	1889
982	2363
982	482
982	2890
982	1951
982	4533
982	2533
982	949
982	551
982	17
982	1502
982	2051
982	3915
982	4552
2685	3427
2685	2070
2685	609
2792	1454
2792	1567
2588	1408
2510	3371
2510	4011
2510	2979
2510	1724
2510	3635
2510	2226
2510	402
438	3389
802	1519
802	1627
1350	1627
4366	3371
4366	3627
1679	4651
3283	2271
3283	97
3283	2014
3283	2015
3283	2435
3283	3337
3283	2890
3283	4533
3283	401
3283	949
3283	551
3283	705
3283	2436
3283	958
3283	2051
3283	2844
3106	4172
3106	177
3106	1293
3106	2727
3106	986
3106	4156
3106	57
3106	1440
3106	1337
3106	1537
3106	3734
3106	691
3106	734
3106	2161
4172	177
4172	1473
4172	691
1428	3077
1428	921
1428	1525
3077	3090
1789	1619
1789	475
1789	1821
1789	2749
1601	278
1601	390
1601	62
1601	4333
1601	2204
1601	4440
1601	2765
1601	1240
1601	86
1601	1337
1601	1253
1601	2378
1601	5
1601	1852
1601	921
1601	514
1601	2080
1601	2156
1601	4277
2271	1810
2271	3958
2271	1751
2271	2895
2271	4338
2271	1631
2271	1775
2271	2126
2271	3771
4539	986
1640	97
1640	2779
1640	1202
1640	3456
1640	1185
1640	2153
1640	2765
1640	2375
1640	4449
1640	4594
1640	2735
1640	4234
4323	390
3020	3780
3020	3296
3608	3977
3608	522
278	2146
4165	177
4165	1110
4165	2471
4165	647
4165	1982
1493	3734
1493	3296
1652	1020
4417	1319
4417	1027
1810	4488
1810	707
1810	2533
1810	3097
4057	407
4057	2404
2551	3291
369	3986
2481	4468
1134	3746
1134	3734
3303	3924
3303	2828
3303	3857
3303	4109
462	3179
863	986
863	2668
863	3734
863	2814
863	3318
863	3296
4051	2191
189	2458
189	3650
189	914
3371	1917
3371	1240
3371	1321
3371	1860
3371	4273
1609	2195
1609	3961
1609	2766
1609	3547
2195	3961
2195	3703
2195	2766
2195	3547
1037	3734
4475	2846
4475	991
4475	4326
4475	2678
4475	1611
4475	4207
4475	2087
4475	127
4475	266
4475	2835
4475	3679
4475	2765
4475	3800
4475	2016
4475	3013
4475	2675
4475	348
4475	2609
4475	4196
4011	3619
4011	2956
4011	2354
4011	2146
4011	2854
4011	4284
4011	1952
4011	4225
4011	1567
4011	2226
4011	2378
4011	1509
4011	2422
2948	3619
2948	2226
3477	1898
3477	3977
3477	27
3477	623
3477	2659
3477	4071
3477	4047
4269	2458
4269	4671
4269	1696
390	4605
390	1455
390	4225
390	1058
390	545
390	4122
390	1499
2846	2947
2846	3379
2846	4047
2846	861
2846	2736
4044	3379
4044	127
4044	3734
4044	3296
220	4450
220	3734
220	3296
3961	2766
3961	961
82	177
82	504
896	3992
896	2646
896	696
896	1508
896	407
896	229
896	1270
3923	2286
3923	2779
1234	4251
1372	2436
3833	3261
3833	507
2014	707
2014	2038
2015	2841
991	3984
991	3148
991	110
2715	1377
2715	2572
2443	2472
3716	3661
1255	3734
3483	4073
3619	4136
3619	4429
3619	1567
3619	3425
4136	1347
4136	4611
4136	859
4136	3734
4136	2283
1374	4595
2913	1279
2913	1627
2913	3209
3047	435
2314	3456
2314	3439
2314	3235
139	206
139	4611
139	3780
1273	1898
1273	2610
1273	2632
1273	962
1273	298
3161	1110
79	3998
2108	1319
2108	3723
2108	623
2108	1337
2108	3734
2108	3212
2549	1323
2549	3573
2057	458
2057	2439
2057	504
3648	2439
3648	504
3992	1440
3992	3960
3992	4285
3992	976
3992	3207
3992	3904
3674	4671
3674	3635
3674	935
3674	2765
3674	86
3674	4348
3674	2375
3674	4657
3958	3456
3958	2363
1426	366
2006	3162
3728	2146
3728	3734
3728	514
280	3668
2129	1293
2129	541
2129	869
2129	1369
2129	3582
4580	4611
1356	1482
4353	2353
4608	4649
3796	4017
3796	1731
3796	1813
232	4595
232	3739
2245	3424
2245	1325
2245	3387
4425	424
366	4258
366	3008
366	4611
366	2750
366	1442
366	2745
4258	3008
3564	4454
3564	3379
3564	962
3564	2865
177	1293
177	775
177	3379
177	875
177	2661
177	104
177	3424
177	30
177	4223
177	1663
177	588
177	782
177	3617
177	734
4415	3379
4415	1337
1473	3379
1473	4611
1473	2611
1293	843
1293	775
1293	27
1293	3379
1293	875
1293	57
1293	859
1293	2632
2298	4462
2298	3567
4634	1726
4634	1369
4634	4517
4634	4274
454	3740
454	1489
454	3451
3393	2963
3393	1699
427	2779
1849	2947
3775	707
2206	843
2206	4483
2206	1380
2206	657
2206	3296
2206	1452
843	1380
843	3379
843	718
843	1121
843	3734
843	2572
843	1452
843	3662
821	3617
625	1566
625	1347
625	4148
2947	4645
2947	2632
2947	2731
62	4392
62	3082
62	3296
62	1888
2697	2486
2697	2885
1791	4181
1791	375
1064	3680
2130	299
3692	458
3692	1027
3692	504
3692	1653
3692	3813
3692	2833
3692	2375
3692	3986
3692	1270
3692	3212
4645	657
4645	86
4645	1446
3824	458
3824	1027
3824	3723
3824	4611
3824	3212
458	2439
458	4636
458	658
458	504
458	4632
458	2833
458	1081
458	3198
458	2786
458	976
458	1270
2003	2600
2003	3742
1683	1598
1683	2779
1683	3337
1683	2101
1683	3215
1683	3235
1683	667
1683	229
1683	1280
1683	2226
1683	907
1683	1180
1683	1957
1683	2995
1897	3379
2646	3734
2646	3296
2646	962
2646	1394
1110	276
4483	30
4483	4155
4483	4666
4483	289
4114	1079
2495	2808
2495	1567
2495	718
2495	3662
1530	3083
1530	1013
1530	3209
2727	3879
2727	1286
1380	2477
1380	345
4367	1692
1114	2668
3856	3389
2002	1731
2002	4031
2002	3662
1764	3734
1764	1698
1764	2191
1434	86
1434	3573
1434	2305
1434	3207
437	86
4140	1347
4140	3425
1539	230
2366	1323
2366	1020
2366	3703
2366	2458
2366	4145
2366	1784
2366	482
2366	3615
2366	1619
2366	4335
2366	3309
2366	1226
2366	2143
2366	2876
2366	3803
2366	734
1323	1020
1323	3703
1323	2458
1323	2140
1323	4662
1323	206
1323	2918
1323	628
1323	1902
1323	2337
1020	3703
1020	2458
1020	2070
1020	2914
3703	2458
3703	4662
3703	206
3703	599
2458	3893
2458	1784
2458	900
2458	3493
2458	4662
2458	206
2458	2070
2458	4674
2458	1455
2458	4225
2458	3082
2458	627
2458	3215
2458	4087
2458	1958
2458	2288
2458	2822
2458	3087
4326	3984
4326	206
4326	3389
4326	4434
2704	3082
3597	473
3597	2491
3597	1280
3597	3425
3597	4459
2678	3379
2678	3534
2678	3725
606	3282
606	2574
606	903
606	4666
606	1547
606	791
606	3110
3893	4159
1528	1369
2281	3773
2590	1567
2590	3413
1319	3977
1319	4188
282	4392
282	3638
282	859
282	3463
282	4234
1889	1047
1889	3915
1889	4552
4181	3534
4181	962
4181	2378
541	869
541	1369
2694	4552
580	1951
580	3355
580	707
580	958
580	1318
580	1502
580	1796
4565	1421
969	2638
969	1800
969	586
969	1095
969	2060
969	3734
969	576
969	579
969	615
969	1079
969	1272
969	1376
969	2853
350	3296
4005	2208
4005	445
4005	657
4005	2191
600	206
1377	4207
1377	825
1377	1928
3841	1464
3323	562
2095	2808
2956	514
1611	348
276	59
276	4047
543	4163
543	4012
543	321
543	1578
543	1481
543	2928
543	3773
543	1964
543	1739
543	3734
543	1071
543	4354
4163	4012
4163	152
4163	598
4163	959
4163	3318
4163	3657
4012	321
4012	1578
4012	473
4012	2928
4012	152
4012	3773
4012	1964
4012	1739
4012	959
4012	3734
4012	1071
4012	1547
4012	2375
4012	1421
4012	2172
321	3379
321	1212
321	1173
321	152
321	1325
321	1964
321	1739
321	4595
1751	2051
3749	913
4340	2808
4652	3425
2208	1347
2208	4611
2208	927
2254	1369
2254	3221
3804	4450
2146	4352
2146	2543
2146	4188
2146	835
2146	2937
2146	2413
2146	2632
2146	2226
4450	1942
4450	2587
4450	1222
4450	2735
4462	4488
4462	2192
4207	696
4207	470
4207	3296
4207	2125
4207	3451
3756	3296
696	1567
696	2833
696	1804
696	1957
696	2609
2873	4018
3141	3173
3141	3993
3373	4674
1942	861
230	100
230	1888
4429	234
4429	1952
4429	2842
4429	3425
4671	1948
2227	1417
2227	3688
1529	4198
243	1027
243	86
4290	1906
911	2409
911	4393
4359	3333
4359	3411
2543	903
2543	3296
4236	1210
3956	2808
4246	4594
3976	2012
2612	900
2612	3832
2612	39
2612	877
2612	3390
2612	2580
2612	4285
2439	504
2439	1270
2286	3988
1598	3235
459	562
4613	1270
3509	662
3509	3784
3509	1013
4590	192
4590	2810
4590	3739
1041	3730
149	1898
149	372
1898	3822
1898	372
1898	3460
1898	3456
1898	632
1898	4154
1898	4211
1898	90
1898	3882
1898	1561
1898	2181
1898	2520
1898	2530
3596	3730
2748	1928
3786	4285
3730	3224
3482	4595
2056	152
2056	1257
4333	372
4333	3379
4333	1805
3822	372
372	4211
372	1561
372	864
372	2181
372	2520
372	2530
372	3998
372	3731
372	1776
1934	104
1934	2311
1934	1161
3818	2842
3996	2842
3043	3212
2767	86
3977	3653
3977	4272
3977	3489
3977	1347
3977	59
3977	1442
3977	2222
3977	2375
1364	662
662	1481
662	2223
2963	1213
2963	3282
2963	2574
2963	2070
2963	4335
2963	922
2963	2491
986	1417
986	3379
986	2804
986	1532
986	3322
986	875
986	632
986	1440
1676	2925
3030	4337
4156	3379
4156	2198
4156	875
1784	627
1784	936
1784	1731
1784	3152
1027	3638
1027	2053
1027	435
1027	2226
1027	1267
1027	3610
1027	4402
1948	27
1948	1699
1948	1878
27	2668
27	227
27	3068
3427	152
3427	1811
3427	2232
2779	3650
2779	3998
2779	921
2779	331
2779	3963
2779	4434
2779	734
4642	4595
4642	298
3618	3954
1965	2051
3272	3456
3272	4549
3083	524
1932	8
4152	4454
4152	1121
3557	2424
3557	4611
1417	3322
1417	3456
1417	3439
1417	3010
1628	3734
1628	3296
4454	4651
4454	2223
3650	3379
3650	3860
3650	3963
1726	4231
1726	1369
1726	2940
1726	1904
4187	3723
4187	3638
4187	3212
4636	504
4392	3638
4392	875
4392	41
4392	4273
3723	1738
658	504
3638	1738
3638	3337
3638	4177
3638	2009
3638	4234
4262	504
4262	4632
4262	453
1738	453
1738	3734
1738	4635
1738	4234
4019	3379
2140	4584
2140	2909
2140	1878
4584	1325
4584	1878
4584	326
1063	93
1063	3212
303	2909
303	1689
303	689
303	921
3785	3843
3785	861
3661	4496
3379	2804
3379	2198
3379	57
3379	632
3379	2471
3379	4298
3379	1088
3379	1696
3379	4276
3379	4383
3379	2169
3379	1121
3379	2630
3379	41
3379	3734
3379	1034
3379	2455
3379	4285
3379	248
3379	185
3379	277
3379	391
3379	901
3379	931
3379	1777
3379	3455
3379	2552
3379	2614
3379	2637
3379	3107
3379	3196
3379	3218
3379	3494
3379	4077
3379	3739
3379	3834
3379	3884
3379	3995
3379	4075
3379	4109
3379	4118
3379	4218
3379	4656
3379	4028
2610	1532
2610	875
2610	632
2610	3860
2804	875
2804	632
1532	875
1532	3456
1532	632
1532	1509
2198	1034
3322	3439
875	632
875	2471
875	3734
875	3662
3456	2363
3456	3439
3456	3296
3456	4007
3456	958
3456	3134
3456	3339
3456	3771
57	1537
57	3734
632	2471
632	2363
632	446
632	1957
1578	152
1578	3611
2096	2661
2096	3998
1491	1506
3293	3921
1506	612
2215	1567
2215	1180
1910	1302
3297	4648
3297	2034
4648	2034
1993	2060
2275	4110
2275	1632
2275	3261
2275	163
2275	1479
2275	3450
2275	551
2275	2452
4110	1632
4110	1479
1632	1479
3261	4595
3261	3150
4231	2666
4231	3073
1207	1952
1207	3308
1207	2364
916	4365
2587	3662
1181	4155
1381	3278
452	1951
452	2051
2368	1354
2368	515
900	4347
900	39
900	3390
900	3209
2167	711
2167	4000
2167	962
1566	4347
640	4347
1991	4347
4489	4347
1736	1911
1354	345
1354	1567
1354	2663
345	1812
345	3152
345	3292
2979	3780
2979	3079
2979	4321
1724	110
1724	3212
84	470
1812	3425
190	3734
1326	2842
1326	3436
4055	30
4055	226
4055	160
4055	3357
4055	3235
4055	435
4055	1584
4055	2452
4055	1397
3515	599
3515	3192
3515	791
2310	4134
3534	3517
142	538
142	3423
4154	90
4154	3013
4154	3209
2925	2424
104	1567
104	1161
925	3945
925	46
925	1761
1579	3945
1579	490
1579	651
1579	3989
3945	46
3945	2231
3945	4087
3945	2706
2066	2236
1850	2236
1850	3542
1850	921
1850	4320
46	1761
4013	2424
3493	206
3493	1325
3493	2375
2087	2114
3832	39
3832	877
3832	3390
3832	2580
3832	887
4127	3697
1481	152
473	59
473	1567
473	1964
2666	584
3424	206
3424	584
3831	1408
725	3734
624	1440
1440	4223
1440	1499
1440	1325
1440	4595
1440	4413
3337	2363
3337	2533
3337	3058
3337	3680
4347	3742
4347	1393
4347	2523
4347	3611
4347	1391
4347	3425
2363	2890
2363	707
2363	401
2363	949
2363	551
2363	2051
2363	3425
1245	3136
163	4651
163	1479
3984	1680
3922	3989
871	594
1464	988
1203	206
482	707
482	2844
1490	3734
3035	3734
3299	1619
3299	4249
3793	2600
234	2472
234	3816
234	233
234	4121
234	1955
234	1236
1185	1286
1185	1270
2890	707
2890	2533
2890	2051
2890	4552
3635	470
3635	3425
3635	3791
1951	707
1951	551
1951	17
1995	647
647	2124
647	4611
647	1787
647	3368
647	4562
1065	1399
4458	2719
1066	2719
3567	3179
4298	1212
4298	1863
4298	1468
4298	1567
4298	3780
4298	1587
4298	2931
1212	4605
1212	1863
1212	1173
1212	2101
1212	1455
1212	3206
1212	1952
1212	657
1212	4225
1212	1058
1212	545
1212	4122
1212	1499
1212	1468
1212	1957
1212	2728
1212	3425
1212	3026
4605	2101
4605	657
4605	1468
4605	636
4605	3780
4605	4371
2183	86
2139	3389
1222	1567
1222	3734
1222	3296
2808	1796
2808	4661
2808	2541
2424	30
2424	562
2424	2812
2424	859
2424	3978
2424	289
2424	134
909	922
909	3014
1713	289
3282	2070
3282	4666
3282	3110
2574	3773
2574	4666
2574	3110
903	4666
903	3110
30	3734
30	3152
4662	206
4662	2070
4662	4155
4662	4666
4662	289
4662	4047
4662	1852
206	2070
206	2334
206	4155
206	4666
206	2523
206	289
206	1001
206	2731
206	637
2070	562
2070	888
2070	3209
562	4177
562	4155
562	4666
562	289
562	1101
562	4431
2658	3186
1905	4100
1905	3734
3954	1339
3954	2161
581	3734
3443	1996
3742	1021
3742	120
39	877
39	3390
39	3759
39	2580
39	4168
39	962
127	3784
127	584
127	4096
127	242
127	782
266	913
266	782
1996	2466
2835	3425
4288	2337
4288	3107
504	1593
504	4632
504	1468
504	4393
504	2833
504	3198
504	2786
504	976
504	1270
504	1757
504	1780
4432	4533
4674	2466
4674	3734
4674	3296
1439	3773
623	4047
623	522
623	942
3362	2226
3489	1173
3489	1347
3489	1338
3489	962
3489	2119
1173	1338
1173	2101
1173	1455
1173	1952
1173	4225
1173	1058
1173	3226
1173	545
1173	4122
1173	1499
1173	1915
1173	1325
1173	1619
1173	2222
1173	962
1173	4413
1173	2226
1173	689
1173	965
2466	1347
2466	2153
2466	1403
2466	2632
2466	2375
2466	977
1347	2153
1347	2101
1347	1952
1347	4225
1347	1499
1347	2878
1347	2222
1347	314
1338	3000
1338	1915
1338	2226
3784	2919
3784	1567
3784	1369
3784	515
3784	1013
3784	2378
3273	584
3273	59
584	2153
584	2124
584	1567
584	1403
584	2632
584	2731
1508	3969
1508	2731
1508	1804
609	2581
2464	268
1519	2255
648	4651
648	2785
648	3724
4312	3296
4312	4562
202	3008
202	4611
202	3734
202	1878
202	2745
2457	1088
2457	3734
877	3390
877	2580
877	4168
753	2719
4188	3679
4188	3851
4188	4611
4188	4121
1454	3813
1454	906
1454	1567
59	3518
59	545
59	1267
3816	233
3816	2918
3816	444
233	3473
96	4595
3008	1442
3008	2745
833	2906
833	3080
2928	152
2928	1468
2928	3773
2928	2528
4651	3173
4651	1283
4651	2104
4651	4205
4651	126
4651	1448
4651	2114
2785	2737
2785	2114
107	4656
1102	3734
4018	2822
2906	3080
1393	2395
4177	899
4177	1121
2854	4284
2854	1499
4546	3734
539	646
1088	380
3390	2937
3390	1547
3390	248
935	2995
3173	699
152	3773
152	1964
152	1739
152	959
152	1071
152	4354
2488	848
2488	4284
2488	3679
2488	4611
2488	4670
2488	2530
2488	351
2488	73
2488	258
2488	878
4284	3679
4284	4611
4284	4670
4148	2124
4148	2377
4148	4670
4148	113
2124	2377
2124	2053
2124	3679
2124	1806
2124	1663
2377	1911
2053	2128
2280	3851
2280	4121
3679	4611
3679	4121
3851	2763
3851	4611
3851	660
3851	4121
2763	4611
2763	660
2763	4121
4611	660
4611	4670
4611	4121
4611	1567
4611	2940
4611	2739
4611	1482
4611	1078
4611	3766
4611	1401
4611	3058
660	4121
3843	240
3843	598
3843	4428
3843	2745
2009	4234
2201	4658
2101	1455
2101	3206
2101	657
2101	4225
2101	1058
2101	545
2101	4223
2101	1499
2101	1468
2101	1302
2101	1423
2101	113
1455	657
1455	4225
1455	1058
1455	545
1455	4223
1455	4122
1455	1499
1455	3425
3206	657
3206	1499
1952	657
1952	1499
1952	636
1952	515
1952	3780
657	4225
657	1058
657	545
657	4223
657	4122
657	1499
657	711
657	1468
657	4343
657	881
657	1423
4225	1058
4225	1423
4225	113
4225	927
1058	1325
1058	3780
1058	1423
4670	4121
4121	1442
3148	1258
3148	2008
3082	17
3725	3113
3666	4595
3666	3527
545	1423
545	3826
4223	4122
4223	1499
4223	718
4223	3503
4223	1423
4223	3826
4122	1325
4122	113
4122	2114
1499	1325
1499	3780
1499	326
1499	1423
1499	1804
1499	113
711	4000
4332	1270
4332	3212
4017	936
4017	1731
627	936
627	1731
489	936
489	1731
489	3734
936	1731
936	4031
936	4672
936	4087
936	3734
1731	4031
1731	4087
1731	3734
4031	3734
4632	1573
1442	3131
3882	325
1561	1502
3541	3389
3541	1399
1778	1637
470	1567
470	1034
470	1509
598	4428
1597	3734
4533	707
4533	2533
4533	949
2765	4562
1240	1337
1240	435
4488	3296
2659	4047
2020	3475
2020	507
4276	3662
1468	1367
2334	3389
2334	1888
1302	71
2196	3697
2999	1637
2999	4572
2999	3346
2257	4649
2257	3150
1637	435
226	1567
853	2753
3813	1567
3813	859
3813	298
2192	859
2192	2895
906	1567
906	298
1567	4047
1567	887
1567	2632
1567	3450
1567	2695
1567	2749
1567	3727
3800	1366
3225	3642
1366	1584
1366	1612
1366	3794
1366	1397
1403	3389
1403	899
1403	3734
1403	3296
1403	3150
3179	794
3179	2237
3179	4517
4393	4595
859	1286
859	1448
2895	2016
2895	2722
3389	2955
3389	60
3389	4383
3389	2523
3389	2632
3389	2173
3389	2375
3389	1078
3389	2731
3389	2631
3389	4205
3389	2609
2955	60
2955	4383
60	4383
4171	2731
2169	2914
2169	3826
2035	378
2035	2580
2766	2099
2766	3547
2016	2421
3131	3296
3131	3152
4071	1973
4071	2230
4071	3048
4036	277
4036	3995
4036	4159
2668	3734
2668	3309
2668	185
2668	436
2668	525
2668	2307
2668	3965
2918	3734
2188	3839
707	705
707	958
707	2051
707	2452
707	3278
718	1957
789	2230
3773	3611
3773	1878
3773	1687
3773	1748
569	899
569	3868
569	1811
569	3068
899	3734
899	1367
899	3556
4672	1888
1770	375
3718	522
3503	2008
86	3697
86	861
86	3532
86	4510
1104	3274
1104	85
1104	743
1104	1447
1104	2329
351	3425
1369	881
1369	2597
1369	2223
1369	3998
4155	4666
4155	1964
4155	3013
1973	2452
3291	3680
1121	3734
1121	347
1121	3860
1121	524
4666	3734
4666	435
4666	3296
4666	1003
4666	3209
4666	3990
636	630
28	1089
3868	407
407	1915
407	4335
407	2404
407	2745
1563	3201
3419	3845
3419	3590
3845	3734
3845	3296
3845	3590
2833	887
2842	667
2842	2223
1002	2597
1002	3686
881	3734
881	2223
41	3686
41	435
3686	999
2048	4244
2060	3697
2060	961
2060	927
2060	4640
3602	371
3978	3657
8	2404
4176	3107
1325	4023
1325	4595
1325	1878
1325	494
1325	326
1325	1547
1325	4413
1325	2611
1325	2745
1619	913
4023	227
4023	4595
1337	3734
1337	3186
1337	1270
227	326
227	1547
227	2017
227	3508
1964	1739
1964	326
1964	375
1964	1257
1964	2283
1739	4354
1739	3611
959	435
2937	3734
2937	3296
1537	734
1537	2161
2966	418
3734	1811
3734	1950
3734	2017
3734	1001
3734	1078
3734	4428
3734	2115
3734	717
3734	277
3734	1210
3734	1674
3734	2421
3734	2434
3734	2467
3734	2585
3734	2621
3734	3037
3734	3134
3734	3152
3734	3627
3734	3547
2814	524
2814	2585
3697	1990
946	3296
946	1270
401	2533
401	2237
401	4499
401	1502
401	2051
401	3121
401	4552
2878	962
2222	4047
2222	4413
1071	4354
4354	3611
3611	3079
3611	3132
2086	3296
3235	3203
3235	682
3235	686
3235	970
3235	3278
2507	1746
2533	551
2533	507
2533	958
2533	2051
2533	2239
435	4411
435	2758
435	521
435	552
435	2614
435	2865
435	3657
435	4587
4047	2731
4047	3425
4047	3826
792	2883
418	2226
1479	205
108	981
4595	1734
4595	1663
4595	3450
4595	1572
4595	2611
4595	336
4595	666
4595	806
4595	931
4595	1265
4595	1401
4595	1693
4595	1825
4595	1891
4595	1928
4595	2329
4595	3107
4595	3327
4595	3584
4595	4077
4595	3963
4595	3995
4595	4092
4595	4150
4595	1397
2237	1796
3780	3450
3780	1001
3780	637
3780	825
2444	2375
3642	1871
861	4251
949	2051
949	3915
2580	4168
2413	3573
922	113
1034	829
1034	3963
3318	1878
3318	326
3318	1547
3318	3512
1878	494
1878	326
1878	1547
1878	3512
1878	2745
494	326
494	1547
494	2632
326	1547
326	887
326	921
1547	3512
1547	4198
887	2395
887	4205
887	4273
2632	3296
3296	1950
3296	2375
3296	2572
3296	2593
3296	3860
3296	2631
3296	717
3296	4204
3296	277
3296	524
3296	525
3296	1411
3296	1698
3296	1957
3296	2099
3296	2421
3296	2434
3296	3425
3296	2753
3296	4234
3787	4434
962	2223
962	2780
962	4099
962	921
962	1612
962	1680
962	4451
264	2
264	4328
1663	3662
4522	825
1253	2609
2223	3239
2375	113
2375	2356
4251	2311
1089	1535
1089	2758
1089	3358
2491	3766
2491	4459
298	3755
2395	2695
2695	1957
2017	2011
3998	4431
2780	2810
628	120
1043	375
3504	375
375	4120
1078	2378
1078	3425
384	3074
551	958
551	1117
551	2051
551	3150
551	4552
2731	1286
2731	2226
228	2572
1286	2609
1286	4496
1286	1397
2226	689
2226	3826
3573	2378
3573	813
1804	2378
1804	1525
170	2585
705	2038
4338	2324
113	2522
113	1525
113	2722
3198	1270
976	1270
1270	1757
1270	2609
1147	1524
1147	1741
1147	3657
3634	162
4112	3192
4112	2722
599	791
913	782
1980	4337
268	2631
268	1748
242	3060
2745	2378
4099	1584
4099	1839
4099	3794
4099	4658
4099	2753
3192	791
3192	3561
1535	2722
4657	3012
4657	1310
2758	2293
2758	2011
2758	3080
2293	3080
3132	146
3279	2970
4205	4204
4204	4242
2378	4511
17	2239
1852	3662
2255	1793
921	3662
69	1502
70	1707
162	967
219	2285
279	398
361	3448
371	3278
455	3669
480	3401
507	4575
507	3527
548	1956
548	2051
558	1668
618	2604
630	2907
656	2622
699	1698
825	1957
825	3425
828	2161
829	2434
894	2038
901	2284
927	2038
927	3995
931	1120
958	2051
978	4310
1003	1524
1047	1777
1079	3005
1243	3579
1243	2968
1258	4459
1318	2609
1333	1397
1391	2172
1391	2749
1399	3155
1502	2051
1502	2877
1584	1612
1584	2021
1584	4394
1584	383
1584	1397
1584	2753
1612	3794
1612	4394
1612	383
1612	1397
1612	2753
1612	3080
1662	3134
1662	4552
1668	3423
1698	3627
1803	4371
1947	2131
1947	3853
1957	3425
2021	3794
2021	4510
2051	2126
2051	3150
2051	3553
2051	3915
2051	4552
2073	3791
3794	4552
3794	383
3794	1397
3794	2753
3794	3080
2126	2844
2126	3423
2239	4552
2594	2690
2609	3099
2614	3657
2614	3683
2781	3425
3556	3425
3425	3089
3425	3262
3425	4536
2844	2870
2844	4552
2863	3397
2898	3436
2914	3099
2970	3662
2971	3370
3134	4552
3239	4656
3277	3662
3327	299
3451	1452
1452	3972
3590	3791
3680	3826
3748	4244
4150	3423
4510	1397
1640	231
1931	231
1347	231
584	231
3291	231
507	231
3742	1413
1769	3699
398	3699
3049	3699
2070	137
2138	2655
1858	1239
1601	1239
4073	1239
2489	3863
1355	3863
4611	3863
718	3863
3425	3863
2466	91
4611	91
3389	91
1097	3115
4034	3115
4475	3115
1683	3115
276	3115
2466	3115
1347	3115
59	3115
3389	3115
2114	3115
3080	3115
1964	45
3734	45
206	2994
4651	2994
3780	2994
206	3434
4612	4132
1158	4132
1580	4132
4450	4132
473	4132
511	4132
3296	4132
931	4132
3591	4132
4594	4132
206	1822
4595	1822
202	1638
2695	1638
4253	1638
206	1701
1314	1655
177	1655
2466	1655
2988	1655
3780	1655
1110	285
3379	285
2466	3588
561	891
1353	891
4011	891
177	891
4611	891
1325	891
4595	891
1878	891
326	891
1547	891
3425	891
1412	471
1193	471
2469	471
507	471
4099	3051
368	1215
189	1215
1380	1215
3412	1215
3389	793
4079	1131
1965	272
4087	1412
1530	2958
696	2958
3362	2958
3148	2958
3389	2958
1013	2958
2378	2958
2952	3415
2866	3415
245	3415
3697	3415
4185	679
2366	679
4392	679
1063	679
4674	679
3734	679
3998	679
2183	210
435	210
3257	210
1321	210
3448	210
2507	924
2706	924
4061	924
1951	4307
2489	3704
3308	3704
1193	253
2052	253
1930	253
488	253
3502	253
982	253
3337	253
1951	253
4533	253
551	253
958	253
2051	253
1288	1514
3303	364
2978	1478
2584	1841
2913	337
1800	337
4231	337
1789	294
813	294
1888	294
2646	1581
4611	1581
3972	1581
1315	4664
1121	4664
3068	4664
2458	450
3108	1136
3721	546
817	546
2952	546
2584	546
2071	546
144	546
1643	546
817	3721
2584	3721
2071	3721
144	3721
1643	3721
2952	817
2071	817
144	817
1643	817
2584	2952
2071	2952
3724	2952
4472	404
962	404
4433	3461
1732	3461
3380	3461
1121	3461
3296	3461
1399	3461
4523	2671
1618	2671
3992	2671
230	2671
3734	2671
3955	111
406	1869
2078	1869
4112	1869
3692	4523
4645	4523
3824	4523
458	4523
4392	4523
345	4523
3921	4523
1952	4523
4173	4523
2572	4523
162	4523
4335	406
1403	3955
1452	3955
1150	95
2030	3664
2866	3664
847	3664
3214	3664
1815	3664
1764	3664
4326	3664
3424	3664
903	3664
4303	3664
470	3664
86	3664
3779	3664
3611	3664
2413	3664
1326	2142
3425	3264
1894	4675
1930	4675
488	4675
982	4675
2051	4675
206	287
3688	287
3172	2160
2575	2160
3880	2160
561	2160
2490	2160
2575	3172
3880	3172
561	3172
2490	3172
3880	2575
561	2575
2490	2575
3427	2575
561	3880
2490	3880
2030	3880
3214	3880
718	3880
3431	1940
230	1940
1948	1940
3212	499
3039	1260
862	3377
2458	4016
1852	3607
921	3607
4314	1022
4611	370
1179	370
4067	370
4434	370
562	1053
2490	561
3799	561
2489	561
2278	561
3214	561
335	561
3655	561
2647	561
1473	561
2208	561
4429	561
3427	561
4662	561
2835	561
59	561
4225	561
4223	561
718	561
3734	561
922	561
2732	561
3427	2490
4595	2490
1385	2335
4212	2335
1640	2335
896	2335
2017	2335
726	2939
1683	4558
1167	4680
4590	4680
1117	4680
182	3062
1048	3062
1772	3431
62	3431
3824	3431
458	3431
4070	3431
1347	3431
59	3431
4121	3431
2334	3431
2451	3431
1888	3431
2551	2362
2658	1732
744	2606
3272	607
3456	607
2672	1754
2124	4598
828	4598
1600	4568
1745	4568
900	4568
4411	269
1600	3208
3500	3208
749	3208
1750	3208
4607	3208
1745	3208
1966	3208
3767	3208
3104	3208
1640	3208
3371	3208
1279	3208
3728	3208
843	3208
2254	3208
4207	3208
1898	3208
1948	3208
4454	3208
3650	3208
900	3208
4154	3208
2363	3208
30	3208
4651	3208
2299	3208
3357	3208
435	3208
3296	3208
962	3208
3279	3208
921	3208
521	3208
1003	3208
1421	3208
2459	3208
2604	3208
2865	3208
2957	3208
3436	3208
4159	3208
4443	3208
1607	1432
2945	1432
2551	1432
1338	1432
2020	1432
4522	1432
3292	1432
3331	1600
4454	629
2299	629
3209	629
2030	3855
4156	3855
3379	3855
3351	1026
3553	3189
3108	2407
2030	2407
2536	3108
2111	3108
2315	3108
2194	3108
3522	3108
572	3108
2613	3108
2945	3108
2123	3108
3600	3108
2646	3108
2353	3108
1020	3108
2678	3108
3841	3108
321	3108
658	3108
3456	3108
2666	3108
4143	3108
2199	3108
2332	3108
2153	3108
2377	3108
1774	3108
1499	3108
4171	3108
1299	3108
3291	3108
1121	3108
4666	3108
3274	3108
2222	3108
4595	3108
3375	3108
3642	3108
4649	3108
739	3108
2631	3108
74	3108
70	3108
970	3108
1079	3108
1447	3108
1467	3108
1633	3108
1752	3108
1779	3108
2040	3108
2051	3108
3794	3108
2157	3108
3455	3108
2269	3108
2324	3108
2437	3108
2467	3108
2552	3108
2637	3108
3001	3108
3413	3108
3448	3108
3473	3108
3739	3108
3745	3108
3948	3108
4273	3108
4617	3108
1888	3108
2536	4532
2536	542
4548	3306
2536	3306
2578	3306
0	3306
2536	4548
2668	4548
4595	4548
950	2536
2578	2536
0	2536
1	2536
2578	950
0	950
0	2578
930	3790
1894	4089
4595	4089
1894	2567
1930	2567
2420	2567
507	2567
4612	4621
1193	2219
1089	2219
2369	2219
2935	1840
2582	1840
875	4135
707	217
2438	217
206	2106
2138	2136
1314	2136
2208	2136
3362	2136
3734	2136
4595	2136
2395	2136
2695	2136
3780	3195
1562	1332
372	1332
3638	1332
3742	1332
584	1332
2857	4445
960	4445
4152	4445
4651	4445
2785	4445
1778	4445
1240	4445
1558	4445
893	4445
1454	2111
4488	2111
3813	2111
2192	2111
906	2111
1567	2111
2895	2111
1791	2793
1043	2793
3504	2793
375	2793
4120	2793
177	1885
718	1885
569	1885
4439	432
2646	432
3308	432
3597	2315
2146	2315
3742	2315
3734	2315
3318	2315
3296	2315
1280	2315
1709	2315
3662	2315
803	1353
4554	1353
3077	1353
745	1353
775	1353
733	1353
753	1353
3734	1353
108	1353
4348	1353
2131	1353
3623	803
4554	803
827	803
960	803
745	803
775	803
3818	803
733	803
167	803
1653	803
3009	803
4090	4487
458	4487
3638	4487
504	4487
1270	4487
3125	2317
3734	1451
548	1451
639	3799
430	3799
3371	3799
3427	3799
4127	3799
4651	3799
2842	3799
1314	3770
2211	3623
390	2887
1508	2887
2035	2887
378	2887
2580	2887
1328	3894
921	3894
2030	4655
1601	4655
86	4655
488	1386
4207	1769
1567	1769
2245	1596
1625	1596
504	4088
3835	4088
1314	1384
424	1384
3063	1384
4520	2640
430	2640
2199	2640
4394	2640
3500	508
2070	508
2512	422
4618	422
2188	422
4595	422
1270	422
4056	4254
625	4254
3824	4254
1847	4254
1535	4254
3279	4254
2957	4254
3563	4254
3379	3159
185	3159
4429	3549
4404	2030
780	2030
1629	2030
3807	2030
3251	2030
2510	2030
843	2030
2402	2030
1380	2030
2767	2030
3427	2030
4454	2030
3650	2030
2363	2030
1490	2030
647	2030
2424	2030
4599	2030
1606	2030
489	2030
1561	2030
2955	2030
86	2030
1126	2030
4365	2030
2981	2030
551	2030
2232	2030
2115	2030
1631	2030
656	2030
970	2030
1743	2030
2384	2030
2769	2030
2869	2030
2960	2030
3532	2030
3662	2030
3914	2030
4073	2030
4510	2030
2703	2030
3379	1055
19	1762
529	1762
2140	1762
4584	1762
19	1389
1071	1389
2052	1193
191	1193
2420	1193
114	1193
3685	1193
488	1193
1400	1193
3562	1193
3283	1193
2275	1193
452	1193
2363	1193
482	1193
707	1193
2533	1193
4499	1193
4428	1193
507	1193
1502	1193
2051	1193
3150	1193
4157	1193
672	2137
329	2137
438	2137
419	2137
13	2137
241	2137
425	2137
455	2137
383	2137
2647	4404
1764	4404
3734	4404
3296	4404
969	1682
4015	4457
606	4457
1063	4457
3785	4457
3734	4457
1767	2485
969	2485
2254	2485
2638	2485
4336	1767
1800	1767
2471	4485
4595	2729
2078	1344
1119	4551
625	4551
4347	4551
2808	4551
1347	4551
227	4551
672	19
529	19
1781	19
1729	19
1610	19
1598	19
4584	19
1071	19
4354	19
3611	19
4047	19
1804	19
1551	2282
1607	2282
1461	2282
2833	2282
326	2282
1270	2282
4205	2282
3425	2282
1551	2489
1607	2489
3832	2489
2833	2489
326	2489
3425	2489
3368	2360
4122	2278
3125	465
427	465
1380	465
206	465
718	465
976	465
2071	2584
144	2584
1461	2584
1643	2584
1027	2584
1013	2584
4618	1551
1528	1551
2281	1551
4429	1551
887	1551
4392	4085
4595	4085
144	2071
1461	2071
4618	2071
1643	2071
1337	2071
922	2071
2277	3120
4475	3120
4152	3120
3668	3120
3882	3120
138	3120
348	3120
1643	144
1002	4221
3858	4015
2277	4015
2726	4015
3529	4015
1640	4015
3703	4015
606	4015
1027	4015
3793	4015
2466	4015
3173	4015
1921	4015
3389	4015
2444	4015
3296	4015
2375	4015
558	4015
825	4015
3212	4015
3423	4015
529	672
4584	672
1325	672
1071	672
4354	672
3611	672
2971	672
4011	529
2140	529
4584	529
1567	529
1071	529
4354	529
3611	529
1878	529
1547	529
2378	529
427	3125
718	3125
3073	3125
3500	1009
30	1009
1170	2953
3843	2953
4090	3091
1170	3091
2734	639
303	639
753	639
2226	639
1689	639
2419	1370
4011	1370
4071	1370
1530	530
4289	1607
2549	1607
3427	1607
647	1607
887	1607
2632	1607
162	1607
3068	1607
1957	1607
3547	1607
1461	3345
2129	3345
541	3345
2286	3345
1027	3345
3723	3345
1369	3345
41	3345
3734	3345
2413	3345
901	3345
3662	3345
3297	2419
4648	2419
2034	2419
878	2419
4618	1461
663	1461
2779	1461
3573	1461
2964	3500
1881	3500
1213	3500
3859	3500
30	3500
2070	3500
4020	1562
2211	1562
34	1562
345	1562
1619	1562
138	1562
1288	1562
2745	1562
3779	1485
2138	1340
4269	1340
366	1340
4258	1340
4188	1340
2745	1340
4623	392
2647	392
3533	392
3077	392
2366	392
3861	392
1347	392
2299	392
2993	392
3771	392
191	1224
3039	1224
3502	1224
982	1224
3456	1224
4533	1224
949	1224
958	1224
2051	1224
2239	1224
4608	193
4338	193
425	193
1234	182
2533	182
1930	2052
4266	2052
2420	2052
488	2052
3283	2052
1897	2052
969	2052
452	2052
2666	2052
2363	2052
3861	2052
707	2052
2533	2052
949	2052
2452	2052
1207	4289
3859	4505
2314	4048
1580	4048
3662	4048
41	1191
1270	1191
3436	1191
1640	749
1288	4535
4020	2138
563	2138
3678	2138
4351	2138
1772	2138
2211	2138
3692	2138
3824	2138
2875	2138
4392	2138
3638	2138
1738	2138
900	2138
445	2138
3299	2138
3793	2138
3843	2138
2334	2138
3197	2138
1619	2138
1337	2138
1747	2138
2340	2138
4204	2138
1272	2138
2458	2978
1027	4618
2779	4618
2413	4618
2226	4618
1280	3036
3524	2964
430	2964
1213	2964
30	2964
2070	2964
319	2964
1097	3487
2510	3487
3424	3487
4347	3487
2226	3487
1097	4520
1168	4520
2510	4520
3013	4520
900	4217
3390	4217
138	4217
2716	3217
3612	3217
470	3217
2104	3217
686	3217
1871	3217
3627	3217
4273	3217
4645	2716
4208	48
4306	3762
2597	3762
314	3762
3214	2866
2277	2866
4090	2866
1610	2866
2510	2866
2919	2866
3389	2866
3697	2866
3296	2866
4607	1750
3622	1750
1417	1750
4154	1750
3813	1750
2895	1750
4292	1750
962	1750
3657	1750
1397	1750
3126	4607
1579	4607
4674	4607
2895	4607
2223	4607
1572	4607
1980	4607
3473	4607
4159	4607
4277	4607
2416	3622
2895	3622
2223	3622
815	3622
901	3622
3337	3885
3337	3912
2438	3912
632	1659
2515	1659
488	1894
3283	1894
707	1894
3057	1894
1502	1894
3150	1894
1365	732
2420	1930
488	1930
3283	1930
1897	1930
1889	1930
2275	1930
2363	1930
1951	1930
1561	1930
707	1930
2630	1930
2533	1930
551	1930
69	1930
507	1930
1502	1930
2051	1930
2810	1930
3915	1930
4552	1930
4310	1930
1505	4422
1907	2194
881	2707
2527	4257
922	4257
113	2527
3425	2527
2510	847
1609	847
2195	847
4269	847
1375	847
3961	847
2245	847
2646	847
696	847
3373	847
3389	847
1121	847
3780	847
3296	847
2823	847
2585	1977
2846	2463
3843	2463
2126	3873
2305	3873
3732	3873
3662	1809
41	3214
4348	3214
4475	3612
1302	3612
2104	3612
3106	1641
859	1641
3773	1641
3734	1641
543	3858
4163	3858
4012	3858
3635	3858
152	3858
1167	191
2420	191
488	191
3502	191
3283	191
1897	191
775	191
452	191
2890	191
1951	191
707	191
2533	191
551	191
17	191
958	191
1502	191
2051	191
1784	3769
627	3769
489	3769
936	3769
1731	3769
4031	3769
4087	3769
3734	3769
1781	523
3104	523
960	523
1068	523
4392	523
709	523
1597	523
1369	523
2060	523
189	3380
1253	3380
4666	2506
657	868
711	868
2786	868
2452	868
1724	4554
4061	4554
4659	3405
3793	3405
3816	3405
233	3405
969	4336
1800	4336
4090	4630
3489	4630
3202	4630
254	4460
3843	4460
598	4460
4428	4460
2731	3331
1709	2025
4263	4623
3614	4623
1567	4623
1048	3199
551	3199
2549	4020
4605	4020
1619	4020
2271	1014
3734	1725
1434	4060
4011	1661
835	1661
2585	1976
982	1167
580	1167
1951	1167
1804	4456
254	3524
4269	3524
4483	3524
2424	3524
562	3524
4122	3524
4666	3524
289	3524
4335	3524
30	1881
2070	1881
3850	1483
2125	1483
4368	3287
2016	2474
4595	4056
455	4056
2096	1174
3718	254
1585	254
522	254
1729	2277
280	2277
282	2277
3668	2277
3389	2277
3697	2277
1640	1781
4475	1781
1683	1781
234	1781
3389	1781
1337	1781
3734	1781
3296	1781
1525	1781
2096	4078
3965	4078
1745	744
881	744
4536	2558
3829	2258
2491	2258
2491	3829
4565	1745
292	1745
2223	1745
1524	1745
3209	1745
3379	414
4646	4612
4136	4612
1532	4612
4646	1729
657	1729
4122	1729
1567	1729
4354	1729
2614	1729
3209	1729
4090	563
3638	563
1738	563
3055	2762
2003	2762
3723	2762
387	3093
3098	4169
1380	4169
632	4169
1579	4169
1871	4169
4303	4469
4346	4469
4144	4469
875	4185
3843	12
960	3522
1567	2629
368	4090
139	4090
3692	4090
3824	4090
2704	4090
1170	4090
4332	4090
453	4090
963	4090
2378	4090
162	4090
92	1097
1683	1097
3734	1097
4338	1097
177	4529
2332	4529
4195	923
504	2975
1270	2975
2070	2244
2646	1197
4651	1197
4667	1355
1377	1355
658	1355
3635	1355
221	1355
4177	1355
4604	1355
3734	1355
3296	1355
2732	1355
3603	1355
4244	1355
2206	4034
1530	4034
3638	4034
1738	4034
1573	4034
4234	4034
4475	2825
2378	2825
4284	2734
4121	2734
345	780
131	780
657	780
2947	1967
927	1967
1455	932
1288	779
3057	779
1601	2118
396	4659
820	4659
3793	4659
3425	4659
820	396
3793	396
3012	396
2113	396
3793	820
3943	3004
4155	3004
962	4667
4244	4667
3723	2830
3638	2830
1173	3550
1952	3550
1058	3550
4122	3550
2226	3550
689	3550
3529	4545
2458	4545
4392	4545
1738	4545
1366	4545
2365	4545
1397	4545
1965	312
4011	335
345	335
1369	2784
1385	1158
1567	2726
1579	3098
3734	3098
3296	3098
3767	1168
2183	1168
2466	1168
584	1168
3291	1168
522	1168
3425	1168
1121	80
3734	80
1258	80
4373	80
1610	49
3477	49
1293	49
1034	49
86	2423
3573	3220
3104	309
3734	309
3296	309
969	1230
2551	1154
4475	1154
2458	1154
2146	1154
3082	1154
1747	1154
2937	1154
3734	1154
3296	1154
4244	1154
4475	121
875	121
3779	121
3765	188
3389	4351
2226	3840
1898	757
3822	757
372	757
1561	757
864	757
2181	757
2530	757
4323	3767
3692	3767
4326	3767
4392	3767
1738	3767
4332	3767
2981	3767
2378	3767
4234	3767
3816	4142
233	4142
2530	2602
488	2420
3502	2420
982	2420
2533	2420
949	2420
551	2420
958	2420
2051	2420
4552	2420
3581	4386
2653	4386
3137	3581
368	3015
458	3015
4326	3015
504	3015
1405	2935
2810	2935
488	1405
4536	1405
3393	3655
4454	3655
2466	3655
3784	3655
86	3655
1369	3655
881	3655
3687	2078
3597	2078
4012	2078
3083	2078
4475	368
2057	368
3648	368
177	368
3692	368
458	368
2678	368
2439	368
4070	368
4636	368
658	368
127	368
504	368
3921	368
4332	368
2833	368
3780	368
1270	368
3692	1772
458	1772
504	1772
3573	1772
2963	669
4212	1385
2017	1385
1004	1385
3675	1385
114	1048
488	1048
1400	1048
694	1048
3562	1048
1114	1048
911	1048
2371	1048
2661	1048
482	1048
2895	1048
160	1048
536	1048
1146	1048
1399	1048
2418	1048
2844	1048
2870	1048
3278	1048
3458	1048
1205	1048
3839	1048
1657	1048
3502	114
982	114
206	4345
4651	4345
4343	4345
3780	4345
1839	4345
2664	3340
3389	3340
1567	2951
3082	2917
2169	2917
3983	2917
3502	1469
4614	3251
3389	3251
4338	3251
426	3251
2271	2092
3456	2092
3654	2092
2861	1505
3742	1505
2017	4212
1004	4212
3675	4212
931	4212
2011	4212
899	3505
569	1007
933	1007
1789	1733
3128	3055
4269	3055
3692	3055
2286	3055
445	3055
4332	3055
2582	3055
3766	3055
3278	3055
4005	3112
3104	3529
4011	3529
4005	3529
2048	3529
3296	3529
4012	1431
3509	3609
2668	3609
2632	3609
458	673
2613	3687
2685	3687
1652	3687
3477	3687
2909	3687
2785	3687
3173	3687
1563	3687
768	3687
4497	2710
2140	4497
4012	2613
4121	2613
3734	4576
113	4319
3502	488
3934	488
982	488
1810	488
2014	488
2435	488
1889	488
580	488
1506	488
2363	488
2890	488
4533	488
2257	488
401	488
949	488
551	488
2436	488
958	488
2051	488
2239	488
2873	245
2363	245
3922	245
2375	245
1911	245
3022	245
4426	245
1683	3589
3638	3589
2368	3589
2395	3589
110	3589
1796	3589
3058	3589
3212	3589
334	1400
3945	1400
3337	1400
2363	1400
2703	1400
443	195
1314	827
202	827
1314	2513
2612	2513
3832	2513
39	2513
3390	2513
3045	2513
3734	2513
435	2513
3662	2513
3131	2163
4674	1140
1273	4315
1815	2211
1721	2211
3104	2211
896	2211
1917	2211
935	2211
3800	2211
2444	2211
3766	2211
3448	2211
1577	3643
4508	3360
1323	812
1898	812
903	812
1337	812
3296	812
1314	3232
3638	3232
1236	3232
1089	2861
1399	3039
2822	3039
1205	3039
1119	2741
1601	4316
4595	4027
4136	1016
1579	1016
1293	334
1778	334
4651	4525
3561	4525
1952	35
2375	35
1860	35
1319	34
230	34
1737	34
3425	34
3212	34
2366	18
230	18
4539	430
3648	430
1889	430
3379	430
1326	430
163	430
3291	430
3634	430
136	430
2648	430
2761	430
470	3516
1598	92
667	92
2073	92
4122	2185
372	1979
1382	2926
1863	1815
2090	2941
982	2941
2271	2941
1314	4167
3077	4167
3285	4512
4223	4512
1499	4512
1325	4512
1964	4512
1739	4512
4354	4512
4595	4512
1547	4512
1567	178
3425	178
982	2774
707	2774
1502	2774
205	2774
982	3502
3283	3502
2363	3502
707	3502
401	3502
2533	3502
4499	3502
551	3502
1612	3502
2051	3502
2844	3502
3150	3502
4552	3502
2481	3934
2440	3934
2844	3934
1468	1382
2491	1382
2354	2251
3734	421
3787	421
4224	1223
3104	1223
1323	1223
584	1223
4611	1223
4017	1223
2444	1223
3296	1223
1721	4224
3104	4224
3796	4224
2909	4224
2444	4224
3104	1721
3796	1721
2444	1721
522	1721
1601	3104
3796	3104
2727	3104
2208	3104
1222	3104
4312	3104
1421	3104
1674	3104
2421	3104
4011	1610
177	1610
3692	1610
282	1610
27	1610
1347	1610
1286	1610
691	1610
4352	1150
1325	1150
1964	1150
959	1150
4354	1150
1878	1150
326	1150
1547	1150
206	4125
2384	1176
4567	710
3379	1315
2466	1315
1366	1315
4099	1315
383	1315
1397	1315
2753	1315
3080	1315
146	2469
1683	2647
775	2647
4611	2647
2101	2647
859	2647
2918	2647
2632	2647
962	2647
1525	2647
875	3533
1547	3533
3337	694
435	960
1825	960
3547	960
1726	3707
2963	2210
1314	1246
4646	1246
3077	1246
3379	2945
2947	3249
4595	1151
4646	1314
1428	1314
3077	1314
4475	1314
2302	1314
2612	1314
1738	1314
2979	1314
39	1314
877	1314
753	1314
4276	1314
2719	1314
3215	1314
86	1314
453	1314
3978	1314
2444	1314
2580	1314
4168	1314
13	1314
2018	1314
4234	1314
1571	1292
3379	1292
875	1292
3734	1292
1902	1292
1428	2374
3077	2374
3734	443
1601	1235
3734	1235
435	1235
2491	1235
3766	1235
3953	1378
4298	1378
3734	1378
594	1378
1625	2085
696	2085
4611	2085
3389	2085
1337	2085
707	1119
3553	1119
4454	2410
4122	2410
2895	1919
2844	3562
4305	1219
47	1219
3619	1219
4475	4646
206	4646
1052	4646
3784	4646
3291	4646
2695	4646
3425	4646
1906	2851
982	2090
1907	2090
2452	2090
3662	2090
537	1833
1082	1833
3283	982
2560	982
1897	982
1889	982
2363	982
482	982
2890	982
1951	982
4533	982
2533	982
949	982
551	982
17	982
1502	982
2051	982
3915	982
4552	982
3427	2685
2070	2685
609	2685
1454	2792
1567	2792
1408	2588
3371	2510
4011	2510
2979	2510
1724	2510
3635	2510
2226	2510
402	2510
3389	438
1519	802
1627	802
1627	1350
3371	4366
3627	4366
4651	1679
2271	3283
97	3283
2014	3283
2015	3283
2435	3283
3337	3283
2890	3283
4533	3283
401	3283
949	3283
551	3283
705	3283
2436	3283
958	3283
2051	3283
2844	3283
4172	3106
177	3106
1293	3106
2727	3106
986	3106
4156	3106
57	3106
1440	3106
1337	3106
1537	3106
3734	3106
691	3106
734	3106
2161	3106
177	4172
1473	4172
691	4172
3077	1428
921	1428
1525	1428
3090	3077
1619	1789
475	1789
1821	1789
2749	1789
278	1601
390	1601
62	1601
4333	1601
2204	1601
4440	1601
2765	1601
1240	1601
86	1601
1337	1601
1253	1601
2378	1601
5	1601
1852	1601
921	1601
514	1601
2080	1601
2156	1601
4277	1601
1810	2271
3958	2271
1751	2271
2895	2271
4338	2271
1631	2271
1775	2271
2126	2271
3771	2271
986	4539
97	1640
2779	1640
1202	1640
3456	1640
1185	1640
2153	1640
2765	1640
2375	1640
4449	1640
4594	1640
2735	1640
4234	1640
390	4323
3780	3020
3296	3020
3977	3608
522	3608
2146	278
177	4165
1110	4165
2471	4165
647	4165
1982	4165
3734	1493
3296	1493
1020	1652
1319	4417
1027	4417
4488	1810
707	1810
2533	1810
3097	1810
407	4057
2404	4057
3291	2551
3986	369
4468	2481
3746	1134
3734	1134
3924	3303
2828	3303
3857	3303
4109	3303
3179	462
986	863
2668	863
3734	863
2814	863
3318	863
3296	863
2191	4051
2458	189
3650	189
914	189
1917	3371
1240	3371
1321	3371
1860	3371
4273	3371
2195	1609
3961	1609
2766	1609
3547	1609
3961	2195
3703	2195
2766	2195
3547	2195
3734	1037
2846	4475
991	4475
4326	4475
2678	4475
1611	4475
4207	4475
2087	4475
127	4475
266	4475
2835	4475
3679	4475
2765	4475
3800	4475
2016	4475
3013	4475
2675	4475
348	4475
2609	4475
4196	4475
3619	4011
2956	4011
2354	4011
2146	4011
2854	4011
4284	4011
1952	4011
4225	4011
1567	4011
2226	4011
2378	4011
1509	4011
2422	4011
3619	2948
2226	2948
1898	3477
3977	3477
27	3477
623	3477
2659	3477
4071	3477
4047	3477
2458	4269
4671	4269
1696	4269
4605	390
1455	390
4225	390
1058	390
545	390
4122	390
1499	390
2947	2846
3379	2846
4047	2846
861	2846
2736	2846
3379	4044
127	4044
3734	4044
3296	4044
4450	220
3734	220
3296	220
2766	3961
961	3961
177	82
504	82
3992	896
2646	896
696	896
1508	896
407	896
229	896
1270	896
2286	3923
2779	3923
4251	1234
2436	1372
3261	3833
507	3833
707	2014
2038	2014
2841	2015
3984	991
3148	991
110	991
1377	2715
2572	2715
2472	2443
3661	3716
3734	1255
4073	3483
4136	3619
4429	3619
1567	3619
3425	3619
1347	4136
4611	4136
859	4136
3734	4136
2283	4136
4595	1374
1279	2913
1627	2913
3209	2913
435	3047
3456	2314
3439	2314
3235	2314
206	139
4611	139
3780	139
1898	1273
2610	1273
2632	1273
962	1273
298	1273
1110	3161
3998	79
1319	2108
3723	2108
623	2108
1337	2108
3734	2108
3212	2108
1323	2549
3573	2549
458	2057
2439	2057
504	2057
2439	3648
504	3648
1440	3992
3960	3992
4285	3992
976	3992
3207	3992
3904	3992
4671	3674
3635	3674
935	3674
2765	3674
86	3674
4348	3674
2375	3674
4657	3674
3456	3958
2363	3958
366	1426
3162	2006
2146	3728
3734	3728
514	3728
3668	280
1293	2129
541	2129
869	2129
1369	2129
3582	2129
4611	4580
1482	1356
2353	4353
4649	4608
4017	3796
1731	3796
1813	3796
4595	232
3739	232
3424	2245
1325	2245
3387	2245
424	4425
4258	366
3008	366
4611	366
2750	366
1442	366
2745	366
3008	4258
4454	3564
3379	3564
962	3564
2865	3564
1293	177
775	177
3379	177
875	177
2661	177
104	177
3424	177
30	177
4223	177
1663	177
588	177
782	177
3617	177
734	177
3379	4415
1337	4415
3379	1473
4611	1473
2611	1473
843	1293
775	1293
27	1293
3379	1293
875	1293
57	1293
859	1293
2632	1293
4462	2298
3567	2298
1726	4634
1369	4634
4517	4634
4274	4634
3740	454
1489	454
3451	454
2963	3393
1699	3393
2779	427
2947	1849
707	3775
843	2206
4483	2206
1380	2206
657	2206
3296	2206
1452	2206
1380	843
3379	843
718	843
1121	843
3734	843
2572	843
1452	843
3662	843
3617	821
1566	625
1347	625
4148	625
4645	2947
2632	2947
2731	2947
4392	62
3082	62
3296	62
1888	62
2486	2697
2885	2697
4181	1791
375	1791
3680	1064
299	2130
458	3692
1027	3692
504	3692
1653	3692
3813	3692
2833	3692
2375	3692
3986	3692
1270	3692
3212	3692
657	4645
86	4645
1446	4645
458	3824
1027	3824
3723	3824
4611	3824
3212	3824
2439	458
4636	458
658	458
504	458
4632	458
2833	458
1081	458
3198	458
2786	458
976	458
1270	458
2600	2003
3742	2003
1598	1683
2779	1683
3337	1683
2101	1683
3215	1683
3235	1683
667	1683
229	1683
1280	1683
2226	1683
907	1683
1180	1683
1957	1683
2995	1683
3379	1897
3734	2646
3296	2646
962	2646
1394	2646
276	1110
30	4483
4155	4483
4666	4483
289	4483
1079	4114
2808	2495
1567	2495
718	2495
3662	2495
3083	1530
1013	1530
3209	1530
3879	2727
1286	2727
2477	1380
345	1380
1692	4367
2668	1114
3389	3856
1731	2002
4031	2002
3662	2002
3734	1764
1698	1764
2191	1764
86	1434
3573	1434
2305	1434
3207	1434
86	437
1347	4140
3425	4140
230	1539
1323	2366
1020	2366
3703	2366
2458	2366
4145	2366
1784	2366
482	2366
3615	2366
1619	2366
4335	2366
3309	2366
1226	2366
2143	2366
2876	2366
3803	2366
734	2366
1020	1323
3703	1323
2458	1323
2140	1323
4662	1323
206	1323
2918	1323
628	1323
1902	1323
2337	1323
3703	1020
2458	1020
2070	1020
2914	1020
2458	3703
4662	3703
206	3703
599	3703
3893	2458
1784	2458
900	2458
3493	2458
4662	2458
206	2458
2070	2458
4674	2458
1455	2458
4225	2458
3082	2458
627	2458
3215	2458
4087	2458
1958	2458
2288	2458
2822	2458
3087	2458
3984	4326
206	4326
3389	4326
4434	4326
3082	2704
473	3597
2491	3597
1280	3597
3425	3597
4459	3597
3379	2678
3534	2678
3725	2678
3282	606
2574	606
903	606
4666	606
1547	606
791	606
3110	606
4159	3893
1369	1528
3773	2281
1567	2590
3413	2590
3977	1319
4188	1319
4392	282
3638	282
859	282
3463	282
4234	282
1047	1889
3915	1889
4552	1889
3534	4181
962	4181
2378	4181
869	541
1369	541
4552	2694
1951	580
3355	580
707	580
958	580
1318	580
1502	580
1796	580
1421	4565
2638	969
1800	969
586	969
1095	969
2060	969
3734	969
576	969
579	969
615	969
1079	969
1272	969
1376	969
2853	969
3296	350
2208	4005
445	4005
657	4005
2191	4005
206	600
4207	1377
825	1377
1928	1377
1464	3841
562	3323
2808	2095
514	2956
348	1611
59	276
4047	276
4163	543
4012	543
321	543
1578	543
1481	543
2928	543
3773	543
1964	543
1739	543
3734	543
1071	543
4354	543
4012	4163
152	4163
598	4163
959	4163
3318	4163
3657	4163
321	4012
1578	4012
473	4012
2928	4012
152	4012
3773	4012
1964	4012
1739	4012
959	4012
3734	4012
1071	4012
1547	4012
2375	4012
1421	4012
2172	4012
3379	321
1212	321
1173	321
152	321
1325	321
1964	321
1739	321
4595	321
2051	1751
913	3749
2808	4340
3425	4652
1347	2208
4611	2208
927	2208
1369	2254
3221	2254
4450	3804
4352	2146
2543	2146
4188	2146
835	2146
2937	2146
2413	2146
2632	2146
2226	2146
1942	4450
2587	4450
1222	4450
2735	4450
4488	4462
2192	4462
696	4207
470	4207
3296	4207
2125	4207
3451	4207
3296	3756
1567	696
2833	696
1804	696
1957	696
2609	696
4018	2873
3173	3141
3993	3141
4674	3373
861	1942
100	230
1888	230
234	4429
1952	4429
2842	4429
3425	4429
1948	4671
1417	2227
3688	2227
4198	1529
1027	243
86	243
1906	4290
2409	911
4393	911
3333	4359
3411	4359
903	2543
3296	2543
1210	4236
2808	3956
4594	4246
2012	3976
900	2612
3832	2612
39	2612
877	2612
3390	2612
2580	2612
4285	2612
504	2439
1270	2439
3988	2286
3235	1598
562	459
1270	4613
662	3509
3784	3509
1013	3509
192	4590
2810	4590
3739	4590
3730	1041
1898	149
372	149
3822	1898
372	1898
3460	1898
3456	1898
632	1898
4154	1898
4211	1898
90	1898
3882	1898
1561	1898
2181	1898
2520	1898
2530	1898
3730	3596
1928	2748
4285	3786
3224	3730
4595	3482
152	2056
1257	2056
372	4333
3379	4333
1805	4333
372	3822
4211	372
1561	372
864	372
2181	372
2520	372
2530	372
3998	372
3731	372
1776	372
104	1934
2311	1934
1161	1934
2842	3818
2842	3996
3212	3043
86	2767
3653	3977
4272	3977
3489	3977
1347	3977
59	3977
1442	3977
2222	3977
2375	3977
662	1364
1481	662
2223	662
1213	2963
3282	2963
2574	2963
2070	2963
4335	2963
922	2963
2491	2963
1417	986
3379	986
2804	986
1532	986
3322	986
875	986
632	986
1440	986
2925	1676
4337	3030
3379	4156
2198	4156
875	4156
627	1784
936	1784
1731	1784
3152	1784
3638	1027
2053	1027
435	1027
2226	1027
1267	1027
3610	1027
4402	1027
27	1948
1699	1948
1878	1948
2668	27
227	27
3068	27
152	3427
1811	3427
2232	3427
3650	2779
3998	2779
921	2779
331	2779
3963	2779
4434	2779
734	2779
4595	4642
298	4642
3954	3618
2051	1965
3456	3272
4549	3272
524	3083
8	1932
4454	4152
1121	4152
2424	3557
4611	3557
3322	1417
3456	1417
3439	1417
3010	1417
3734	1628
3296	1628
4651	4454
2223	4454
3379	3650
3860	3650
3963	3650
4231	1726
1369	1726
2940	1726
1904	1726
3723	4187
3638	4187
3212	4187
504	4636
3638	4392
875	4392
41	4392
4273	4392
1738	3723
504	658
1738	3638
3337	3638
4177	3638
2009	3638
4234	3638
504	4262
4632	4262
453	4262
453	1738
3734	1738
4635	1738
4234	1738
3379	4019
4584	2140
2909	2140
1878	2140
1325	4584
1878	4584
326	4584
93	1063
3212	1063
2909	303
1689	303
689	303
921	303
3843	3785
861	3785
4496	3661
2804	3379
2198	3379
57	3379
632	3379
2471	3379
4298	3379
1088	3379
1696	3379
4276	3379
4383	3379
2169	3379
1121	3379
2630	3379
41	3379
3734	3379
1034	3379
2455	3379
4285	3379
248	3379
185	3379
277	3379
391	3379
901	3379
931	3379
1777	3379
3455	3379
2552	3379
2614	3379
2637	3379
3107	3379
3196	3379
3218	3379
3494	3379
4077	3379
3739	3379
3834	3379
3884	3379
3995	3379
4075	3379
4109	3379
4118	3379
4218	3379
4656	3379
4028	3379
1532	2610
875	2610
632	2610
3860	2610
875	2804
632	2804
875	1532
3456	1532
632	1532
1509	1532
1034	2198
3439	3322
632	875
2471	875
3734	875
3662	875
2363	3456
3439	3456
3296	3456
4007	3456
958	3456
3134	3456
3339	3456
3771	3456
1537	57
3734	57
2471	632
2363	632
446	632
1957	632
152	1578
3611	1578
2661	2096
3998	2096
1506	1491
3921	3293
612	1506
1567	2215
1180	2215
1302	1910
4648	3297
2034	3297
2034	4648
2060	1993
4110	2275
1632	2275
3261	2275
163	2275
1479	2275
3450	2275
551	2275
2452	2275
1632	4110
1479	4110
1479	1632
4595	3261
3150	3261
2666	4231
3073	4231
1952	1207
3308	1207
2364	1207
4365	916
3662	2587
4155	1181
3278	1381
1951	452
2051	452
1354	2368
515	2368
4347	900
39	900
3390	900
3209	900
711	2167
4000	2167
962	2167
4347	1566
4347	640
4347	1991
4347	4489
1911	1736
345	1354
1567	1354
2663	1354
1812	345
3152	345
3292	345
3780	2979
3079	2979
4321	2979
110	1724
3212	1724
470	84
3425	1812
3734	190
2842	1326
3436	1326
30	4055
226	4055
160	4055
3357	4055
3235	4055
435	4055
1584	4055
2452	4055
1397	4055
599	3515
3192	3515
791	3515
4134	2310
3517	3534
538	142
3423	142
90	4154
3013	4154
3209	4154
2424	2925
1567	104
1161	104
3945	925
46	925
1761	925
3945	1579
490	1579
651	1579
3989	1579
46	3945
2231	3945
4087	3945
2706	3945
2236	2066
2236	1850
3542	1850
921	1850
4320	1850
1761	46
2424	4013
206	3493
1325	3493
2375	3493
2114	2087
39	3832
877	3832
3390	3832
2580	3832
887	3832
3697	4127
152	1481
59	473
1567	473
1964	473
584	2666
206	3424
584	3424
1408	3831
3734	725
1440	624
4223	1440
1499	1440
1325	1440
4595	1440
4413	1440
2363	3337
2533	3337
3058	3337
3680	3337
3742	4347
1393	4347
2523	4347
3611	4347
1391	4347
3425	4347
2890	2363
707	2363
401	2363
949	2363
551	2363
2051	2363
3425	2363
3136	1245
4651	163
1479	163
1680	3984
3989	3922
594	871
988	1464
206	1203
707	482
2844	482
3734	1490
3734	3035
1619	3299
4249	3299
2600	3793
2472	234
3816	234
233	234
4121	234
1955	234
1236	234
1286	1185
1270	1185
707	2890
2533	2890
2051	2890
4552	2890
470	3635
3425	3635
3791	3635
707	1951
551	1951
17	1951
647	1995
2124	647
4611	647
1787	647
3368	647
4562	647
1399	1065
2719	4458
2719	1066
3179	3567
1212	4298
1863	4298
1468	4298
1567	4298
3780	4298
1587	4298
2931	4298
4605	1212
1863	1212
1173	1212
2101	1212
1455	1212
3206	1212
1952	1212
657	1212
4225	1212
1058	1212
545	1212
4122	1212
1499	1212
1468	1212
1957	1212
2728	1212
3425	1212
3026	1212
2101	4605
657	4605
1468	4605
636	4605
3780	4605
4371	4605
86	2183
3389	2139
1567	1222
3734	1222
3296	1222
1796	2808
4661	2808
2541	2808
30	2424
562	2424
2812	2424
859	2424
3978	2424
289	2424
134	2424
922	909
3014	909
289	1713
2070	3282
4666	3282
3110	3282
3773	2574
4666	2574
3110	2574
4666	903
3110	903
3734	30
3152	30
206	4662
2070	4662
4155	4662
4666	4662
289	4662
4047	4662
1852	4662
2070	206
2334	206
4155	206
4666	206
2523	206
289	206
1001	206
2731	206
637	206
562	2070
888	2070
3209	2070
4177	562
4155	562
4666	562
289	562
1101	562
4431	562
3186	2658
4100	1905
3734	1905
1339	3954
2161	3954
3734	581
1996	3443
1021	3742
120	3742
877	39
3390	39
3759	39
2580	39
4168	39
962	39
3784	127
584	127
4096	127
242	127
782	127
913	266
782	266
2466	1996
3425	2835
2337	4288
3107	4288
1593	504
4632	504
1468	504
4393	504
2833	504
3198	504
2786	504
976	504
1270	504
1757	504
1780	504
4533	4432
2466	4674
3734	4674
3296	4674
3773	1439
4047	623
522	623
942	623
2226	3362
1173	3489
1347	3489
1338	3489
962	3489
2119	3489
1338	1173
2101	1173
1455	1173
1952	1173
4225	1173
1058	1173
3226	1173
545	1173
4122	1173
1499	1173
1915	1173
1325	1173
1619	1173
2222	1173
962	1173
4413	1173
2226	1173
689	1173
965	1173
1347	2466
2153	2466
1403	2466
2632	2466
2375	2466
977	2466
2153	1347
2101	1347
1952	1347
4225	1347
1499	1347
2878	1347
2222	1347
314	1347
3000	1338
1915	1338
2226	1338
2919	3784
1567	3784
1369	3784
515	3784
1013	3784
2378	3784
584	3273
59	3273
2153	584
2124	584
1567	584
1403	584
2632	584
2731	584
3969	1508
2731	1508
1804	1508
2581	609
268	2464
2255	1519
4651	648
2785	648
3724	648
3296	4312
4562	4312
3008	202
4611	202
3734	202
1878	202
2745	202
1088	2457
3734	2457
3390	877
2580	877
4168	877
2719	753
3679	4188
3851	4188
4611	4188
4121	4188
3813	1454
906	1454
1567	1454
3518	59
545	59
1267	59
233	3816
2918	3816
444	3816
3473	233
4595	96
1442	3008
2745	3008
2906	833
3080	833
152	2928
1468	2928
3773	2928
2528	2928
3173	4651
1283	4651
2104	4651
4205	4651
126	4651
1448	4651
2114	4651
2737	2785
2114	2785
4656	107
3734	1102
2822	4018
3080	2906
2395	1393
899	4177
1121	4177
4284	2854
1499	2854
3734	4546
646	539
380	1088
2937	3390
1547	3390
248	3390
2995	935
699	3173
3773	152
1964	152
1739	152
959	152
1071	152
4354	152
848	2488
4284	2488
3679	2488
4611	2488
4670	2488
2530	2488
351	2488
73	2488
258	2488
878	2488
3679	4284
4611	4284
4670	4284
2124	4148
2377	4148
4670	4148
113	4148
2377	2124
2053	2124
3679	2124
1806	2124
1663	2124
1911	2377
2128	2053
3851	2280
4121	2280
4611	3679
4121	3679
2763	3851
4611	3851
660	3851
4121	3851
4611	2763
660	2763
4121	2763
660	4611
4670	4611
4121	4611
1567	4611
2940	4611
2739	4611
1482	4611
1078	4611
3766	4611
1401	4611
3058	4611
4121	660
240	3843
598	3843
4428	3843
2745	3843
4234	2009
4658	2201
1455	2101
3206	2101
657	2101
4225	2101
1058	2101
545	2101
4223	2101
1499	2101
1468	2101
1302	2101
1423	2101
113	2101
657	1455
4225	1455
1058	1455
545	1455
4223	1455
4122	1455
1499	1455
3425	1455
657	3206
1499	3206
657	1952
1499	1952
636	1952
515	1952
3780	1952
4225	657
1058	657
545	657
4223	657
4122	657
1499	657
711	657
1468	657
4343	657
881	657
1423	657
1058	4225
1423	4225
113	4225
927	4225
1325	1058
3780	1058
1423	1058
4121	4670
1442	4121
1258	3148
2008	3148
17	3082
3113	3725
4595	3666
3527	3666
1423	545
3826	545
4122	4223
1499	4223
718	4223
3503	4223
1423	4223
3826	4223
1325	4122
113	4122
2114	4122
1325	1499
3780	1499
326	1499
1423	1499
1804	1499
113	1499
4000	711
1270	4332
3212	4332
936	4017
1731	4017
936	627
1731	627
936	489
1731	489
3734	489
1731	936
4031	936
4672	936
4087	936
3734	936
4031	1731
4087	1731
3734	1731
3734	4031
1573	4632
3131	1442
325	3882
1502	1561
3389	3541
1399	3541
1637	1778
1567	470
1034	470
1509	470
4428	598
3734	1597
707	4533
2533	4533
949	4533
4562	2765
1337	1240
435	1240
3296	4488
4047	2659
3475	2020
507	2020
3662	4276
1367	1468
3389	2334
1888	2334
71	1302
3697	2196
1637	2999
4572	2999
3346	2999
4649	2257
3150	2257
435	1637
1567	226
2753	853
1567	3813
859	3813
298	3813
859	2192
2895	2192
1567	906
298	906
4047	1567
887	1567
2632	1567
3450	1567
2695	1567
2749	1567
3727	1567
1366	3800
3642	3225
1584	1366
1612	1366
3794	1366
1397	1366
3389	1403
899	1403
3734	1403
3296	1403
3150	1403
794	3179
2237	3179
4517	3179
4595	4393
1286	859
1448	859
2016	2895
2722	2895
2955	3389
60	3389
4383	3389
2523	3389
2632	3389
2173	3389
2375	3389
1078	3389
2731	3389
2631	3389
4205	3389
2609	3389
60	2955
4383	2955
4383	60
2731	4171
2914	2169
3826	2169
378	2035
2580	2035
2099	2766
3547	2766
2421	2016
3296	3131
3152	3131
1973	4071
2230	4071
3048	4071
277	4036
3995	4036
4159	4036
3734	2668
3309	2668
185	2668
436	2668
525	2668
2307	2668
3965	2668
3734	2918
3839	2188
705	707
958	707
2051	707
2452	707
3278	707
1957	718
2230	789
3611	3773
1878	3773
1687	3773
1748	3773
899	569
3868	569
1811	569
3068	569
3734	899
1367	899
3556	899
1888	4672
375	1770
522	3718
2008	3503
3697	86
861	86
3532	86
4510	86
3274	1104
85	1104
743	1104
1447	1104
2329	1104
3425	351
881	1369
2597	1369
2223	1369
3998	1369
4666	4155
1964	4155
3013	4155
2452	1973
3680	3291
3734	1121
347	1121
3860	1121
524	1121
3734	4666
435	4666
3296	4666
1003	4666
3209	4666
3990	4666
630	636
1089	28
407	3868
1915	407
4335	407
2404	407
2745	407
3201	1563
3845	3419
3590	3419
3734	3845
3296	3845
3590	3845
887	2833
667	2842
2223	2842
2597	1002
3686	1002
3734	881
2223	881
3686	41
435	41
999	3686
4244	2048
3697	2060
961	2060
927	2060
4640	2060
371	3602
3657	3978
2404	8
3107	4176
4023	1325
4595	1325
1878	1325
494	1325
326	1325
1547	1325
4413	1325
2611	1325
2745	1325
913	1619
227	4023
4595	4023
3734	1337
3186	1337
1270	1337
326	227
1547	227
2017	227
3508	227
1739	1964
326	1964
375	1964
1257	1964
2283	1964
4354	1739
3611	1739
435	959
3734	2937
3296	2937
734	1537
2161	1537
418	2966
1811	3734
1950	3734
2017	3734
1001	3734
1078	3734
4428	3734
2115	3734
717	3734
277	3734
1210	3734
1674	3734
2421	3734
2434	3734
2467	3734
2585	3734
2621	3734
3037	3734
3134	3734
3152	3734
3627	3734
3547	3734
524	2814
2585	2814
1990	3697
3296	946
1270	946
2533	401
2237	401
4499	401
1502	401
2051	401
3121	401
4552	401
962	2878
4047	2222
4413	2222
4354	1071
3611	4354
3079	3611
3132	3611
3296	2086
3203	3235
682	3235
686	3235
970	3235
3278	3235
1746	2507
551	2533
507	2533
958	2533
2051	2533
2239	2533
4411	435
2758	435
521	435
552	435
2614	435
2865	435
3657	435
4587	435
2731	4047
3425	4047
3826	4047
2883	792
2226	418
205	1479
981	108
1734	4595
1663	4595
3450	4595
1572	4595
2611	4595
336	4595
666	4595
806	4595
931	4595
1265	4595
1401	4595
1693	4595
1825	4595
1891	4595
1928	4595
2329	4595
3107	4595
3327	4595
3584	4595
4077	4595
3963	4595
3995	4595
4092	4595
4150	4595
1397	4595
1796	2237
3450	3780
1001	3780
637	3780
825	3780
2375	2444
1871	3642
4251	861
2051	949
3915	949
4168	2580
3573	2413
113	922
829	1034
3963	1034
1878	3318
326	3318
1547	3318
3512	3318
494	1878
326	1878
1547	1878
3512	1878
2745	1878
326	494
1547	494
2632	494
1547	326
887	326
921	326
3512	1547
4198	1547
2395	887
4205	887
4273	887
3296	2632
1950	3296
2375	3296
2572	3296
2593	3296
3860	3296
2631	3296
717	3296
4204	3296
277	3296
524	3296
525	3296
1411	3296
1698	3296
1957	3296
2099	3296
2421	3296
2434	3296
3425	3296
2753	3296
4234	3296
4434	3787
2223	962
2780	962
4099	962
921	962
1612	962
1680	962
4451	962
2	264
4328	264
3662	1663
825	4522
2609	1253
3239	2223
113	2375
2356	2375
2311	4251
1535	1089
2758	1089
3358	1089
3766	2491
4459	2491
3755	298
2695	2395
1957	2695
2011	2017
4431	3998
2810	2780
120	628
375	1043
375	3504
4120	375
2378	1078
3425	1078
3074	384
958	551
1117	551
2051	551
3150	551
4552	551
1286	2731
2226	2731
2572	228
2609	1286
4496	1286
1397	1286
689	2226
3826	2226
2378	3573
813	3573
2378	1804
1525	1804
2585	170
2038	705
2324	4338
2522	113
1525	113
2722	113
1270	3198
1270	976
1757	1270
2609	1270
1524	1147
1741	1147
3657	1147
162	3634
3192	4112
2722	4112
791	599
782	913
4337	1980
2631	268
1748	268
3060	242
2378	2745
1584	4099
1839	4099
3794	4099
4658	4099
2753	4099
791	3192
3561	3192
2722	1535
3012	4657
1310	4657
2293	2758
2011	2758
3080	2758
3080	2293
146	3132
2970	3279
4204	4205
4242	4204
4511	2378
2239	17
3662	1852
1793	2255
3662	921
1502	69
1707	70
967	162
2285	219
398	279
3448	361
3278	371
3669	455
3401	480
4575	507
3527	507
1956	548
2051	548
1668	558
2604	618
2907	630
2622	656
1698	699
1957	825
3425	825
2161	828
2434	829
2038	894
2284	901
2038	927
3995	927
1120	931
2051	958
4310	978
1524	1003
1777	1047
3005	1079
3579	1243
2968	1243
4459	1258
2609	1318
1397	1333
2172	1391
2749	1391
3155	1399
2051	1502
2877	1502
1612	1584
2021	1584
4394	1584
383	1584
1397	1584
2753	1584
3794	1612
4394	1612
383	1612
1397	1612
2753	1612
3080	1612
3134	1662
4552	1662
3423	1668
3627	1698
4371	1803
2131	1947
3853	1947
3425	1957
3794	2021
4510	2021
2126	2051
3150	2051
3553	2051
3915	2051
4552	2051
3791	2073
4552	3794
383	3794
1397	3794
2753	3794
3080	3794
2844	2126
3423	2126
4552	2239
2690	2594
3099	2609
3657	2614
3683	2614
3425	2781
3425	3556
3089	3425
3262	3425
4536	3425
2870	2844
4552	2844
3397	2863
3436	2898
3099	2914
3662	2970
3370	2971
4552	3134
4656	3239
3662	3277
299	3327
1452	3451
3972	1452
3791	3590
3826	3680
4244	3748
3423	4150
1397	4510
