3	17
3	369
3	675
3	688
4	415
4	812
5	32
5	90
5	136
5	185
5	186
5	198
5	256
5	271
5	439
5	621
5	639
5	669
5	736
5	777
8	579
9	51
9	62
9	191
11	392
11	570
11	586
11	588
11	737
13	296
16	56
16	731
17	369
17	675
17	688
18	776
20	30
20	32
20	33
20	76
20	101
20	104
20	124
20	132
20	179
20	192
20	220
20	256
20	264
20	265
20	277
20	283
20	288
20	354
20	409
20	479
20	507
20	519
20	575
20	576
20	588
20	625
20	651
20	657
20	669
20	692
20	712
20	722
20	736
20	737
20	815
23	42
23	82
23	157
23	166
23	171
23	340
23	422
23	477
23	484
23	497
23	573
23	582
23	604
23	644
23	689
23	745
28	176
28	279
28	792
29	47
29	59
29	95
29	128
29	150
29	313
29	339
29	355
29	401
29	476
29	665
29	694
29	700
30	32
30	101
30	104
30	132
30	179
30	192
30	220
30	256
30	264
30	265
30	277
30	288
30	354
30	479
30	507
30	575
30	576
30	588
30	625
30	651
30	657
30	692
30	712
30	722
30	736
30	737
32	33
32	45
32	52
32	76
32	101
32	104
32	124
32	179
32	185
32	192
32	198
32	220
32	256
32	264
32	265
32	277
32	288
32	354
32	409
32	439
32	479
32	495
32	507
32	575
32	576
32	588
32	625
32	651
32	657
32	661
32	663
32	669
32	692
32	716
32	721
32	722
32	736
32	737
32	811
32	815
33	52
33	58
33	71
33	76
33	90
33	99
33	104
33	115
33	124
33	132
33	167
33	177
33	185
33	192
33	216
33	220
33	256
33	264
33	271
33	315
33	354
33	409
33	439
33	479
33	507
33	554
33	575
33	576
33	588
33	625
33	651
33	657
33	663
33	669
33	695
33	722
33	736
33	737
33	753
33	788
33	798
36	384
36	504
36	831
38	350
38	626
40	691
40	757
42	82
42	157
42	166
42	171
42	182
42	340
42	422
42	477
42	484
42	497
42	573
42	582
42	604
42	644
42	745
45	90
45	130
45	198
45	271
45	499
45	507
45	608
45	642
45	649
45	713
45	736
45	798
45	808
45	815
47	59
47	128
47	150
47	219
47	313
47	339
47	355
47	401
47	476
47	654
47	665
47	694
47	700
47	753
48	116
48	144
48	301
48	307
48	393
48	433
48	449
48	474
48	486
48	681
48	706
48	755
48	756
48	758
48	775
48	797
48	835
48	848
48	850
49	117
49	817
50	546
50	763
52	58
52	69
52	76
52	90
52	99
52	104
52	115
52	132
52	179
52	185
52	189
52	192
52	220
52	264
52	265
52	277
52	288
52	311
52	315
52	338
52	409
52	439
52	479
52	507
52	538
52	554
52	575
52	586
52	588
52	616
52	625
52	651
52	657
52	663
52	669
52	673
52	692
52	712
52	722
52	736
52	737
52	744
52	753
52	788
52	798
52	819
56	458
56	731
57	79
57	152
57	169
57	254
57	286
57	407
57	482
57	485
57	558
57	755
58	90
58	99
58	115
58	132
58	189
58	325
58	382
58	473
58	615
58	663
58	669
58	673
58	737
58	819
58	839
59	128
59	150
59	313
59	339
59	355
59	401
59	476
59	665
59	694
59	700
60	85
60	366
60	368
60	749
60	783
62	191
63	138
63	275
63	387
64	157
64	166
64	171
64	573
64	604
64	644
65	347
65	805
67	200
68	315
69	90
69	104
69	329
69	439
69	586
69	628
69	724
69	737
69	798
71	90
71	115
71	122
71	167
71	222
71	325
71	382
71	663
71	695
71	839
72	123
72	378
72	549
76	90
76	101
76	104
76	115
76	132
76	179
76	185
76	192
76	220
76	256
76	264
76	265
76	271
76	277
76	283
76	288
76	354
76	409
76	439
76	479
76	507
76	519
76	554
76	575
76	576
76	588
76	619
76	625
76	651
76	657
76	663
76	669
76	692
76	693
76	722
76	736
76	737
76	753
76	815
77	327
77	678
77	709
79	169
79	407
79	485
79	558
79	601
79	605
80	90
80	115
80	132
80	189
80	222
80	315
80	323
80	382
80	390
80	491
80	515
80	533
80	567
80	615
80	653
80	663
80	744
80	795
80	819
80	838
80	839
82	157
82	166
82	171
82	182
82	340
82	422
82	477
82	484
82	497
82	573
82	582
82	604
82	644
82	745
85	366
85	368
85	749
85	783
86	718
87	152
87	225
87	243
87	797
90	104
90	115
90	130
90	132
90	167
90	189
90	198
90	222
90	264
90	315
90	323
90	325
90	382
90	409
90	439
90	491
90	499
90	507
90	515
90	533
90	567
90	588
90	615
90	639
90	649
90	651
90	663
90	695
90	716
90	736
90	737
90	771
90	795
90	798
90	838
90	839
94	516
95	150
95	401
95	694
97	329
97	598
97	686
97	830
99	132
99	220
99	305
99	311
99	473
99	673
99	737
99	819
101	104
101	124
101	132
101	138
101	179
101	185
101	192
101	213
101	220
101	256
101	264
101	271
101	277
101	288
101	354
101	409
101	439
101	479
101	507
101	554
101	576
101	588
101	625
101	642
101	651
101	657
101	660
101	692
101	712
101	722
101	736
101	737
101	798
101	811
101	815
101	828
104	132
104	179
104	185
104	192
104	207
104	220
104	232
104	256
104	264
104	265
104	271
104	277
104	283
104	288
104	304
104	354
104	409
104	439
104	479
104	507
104	554
104	575
104	576
104	588
104	619
104	625
104	628
104	651
104	657
104	669
104	692
104	712
104	722
104	736
104	737
104	753
104	788
104	798
104	815
105	141
105	587
105	643
108	443
108	447
111	119
114	158
114	229
114	260
114	399
114	690
115	132
115	167
115	189
115	222
115	315
115	323
115	325
115	382
115	491
115	515
115	615
115	663
115	695
115	707
115	737
115	771
115	795
115	839
116	474
116	486
116	755
116	756
116	758
116	835
116	848
116	850
118	696
121	375
123	378
123	549
124	179
124	185
124	192
124	198
124	220
124	256
124	277
124	288
124	409
124	479
124	495
124	507
124	554
124	575
124	576
124	588
124	625
124	649
124	651
124	669
124	692
124	713
124	721
124	722
124	736
124	737
124	811
125	727
126	196
128	150
128	219
128	313
128	339
128	355
128	401
128	476
128	665
128	694
128	700
128	753
130	198
130	213
130	241
130	271
130	279
130	409
130	478
130	495
130	499
130	506
130	507
130	541
130	608
130	642
130	649
130	692
130	713
130	716
130	736
130	792
130	798
130	808
132	179
132	185
132	189
132	192
132	220
132	222
132	256
132	264
132	277
132	288
132	305
132	315
132	325
132	354
132	382
132	409
132	439
132	479
132	507
132	515
132	538
132	570
132	575
132	576
132	588
132	615
132	616
132	619
132	625
132	628
132	651
132	657
132	663
132	669
132	673
132	692
132	695
132	712
132	722
132	736
132	737
132	744
132	771
132	788
132	795
132	798
132	811
132	815
132	819
132	839
132	849
136	621
136	639
136	737
137	718
138	213
138	230
138	264
138	275
138	277
138	345
138	391
138	461
138	495
138	514
138	642
138	660
138	670
138	702
138	736
138	792
138	808
138	815
138	821
141	587
141	643
144	433
144	449
144	681
144	756
144	775
144	835
144	848
147	555
150	313
150	339
150	355
150	401
150	476
150	654
150	665
150	694
150	700
152	225
152	243
152	300
152	797
154	216
154	487
154	765
155	267
155	392
155	609
155	761
156	159
156	302
156	518
157	166
157	171
157	182
157	340
157	422
157	477
157	484
157	497
157	573
157	582
157	604
157	644
157	689
157	745
158	229
158	260
158	399
158	690
159	302
159	384
159	518
160	208
160	341
160	437
160	450
160	555
161	408
165	645
165	846
166	171
166	182
166	340
166	422
166	477
166	484
166	497
166	573
166	582
166	604
166	644
166	668
166	745
167	231
167	325
167	382
167	491
167	663
167	695
167	737
167	795
167	839
168	326
168	483
168	609
168	834
169	407
169	482
169	485
169	558
169	601
169	605
171	182
171	340
171	422
171	477
171	484
171	497
171	573
171	582
171	604
171	644
171	689
171	745
177	325
178	233
178	316
178	384
178	430
178	518
179	185
179	192
179	220
179	256
179	264
179	271
179	277
179	354
179	409
179	439
179	479
179	507
179	554
179	575
179	576
179	588
179	625
179	651
179	657
179	692
179	711
179	722
179	736
179	737
179	798
179	811
179	815
182	477
182	484
182	573
182	582
182	604
182	644
185	192
185	256
185	264
185	271
185	277
185	283
185	288
185	354
185	409
185	439
185	479
185	519
185	554
185	575
185	576
185	588
185	625
185	651
185	669
185	722
185	736
185	737
185	798
185	811
185	815
186	621
186	639
186	753
186	777
189	222
189	290
189	315
189	323
189	325
189	382
189	390
189	491
189	515
189	533
189	567
189	615
189	653
189	663
189	737
189	744
189	795
189	819
189	838
189	839
192	198
192	213
192	220
192	256
192	264
192	265
192	271
192	277
192	288
192	354
192	409
192	439
192	479
192	495
192	507
192	519
192	575
192	576
192	588
192	619
192	625
192	649
192	651
192	657
192	660
192	661
192	669
192	692
192	712
192	716
192	722
192	736
192	737
192	792
192	808
192	811
192	815
193	595
195	369
195	675
198	213
198	241
198	264
198	271
198	279
198	409
198	461
198	462
198	495
198	499
198	506
198	507
198	541
198	577
198	608
198	642
198	649
198	660
198	716
198	722
198	736
198	792
198	798
198	808
198	811
198	821
199	522
203	435
203	528
203	667
204	728
205	300
205	664
205	823
206	363
206	452
206	603
208	341
208	437
208	450
208	555
210	264
210	588
210	736
210	815
211	323
211	390
211	615
211	795
213	230
213	241
213	264
213	279
213	345
213	391
213	461
213	478
213	495
213	499
213	506
213	514
213	541
213	551
213	577
213	608
213	642
213	649
213	660
213	670
213	702
213	716
213	722
213	736
213	792
213	798
213	808
213	815
213	821
214	444
216	487
216	531
216	621
216	639
216	765
218	248
220	256
220	264
220	271
220	277
220	288
220	354
220	409
220	439
220	479
220	507
220	519
220	554
220	575
220	576
220	588
220	619
220	625
220	651
220	657
220	669
220	692
220	712
220	722
220	736
220	737
220	815
222	315
222	323
222	325
222	382
222	390
222	491
222	515
222	533
222	567
222	615
222	663
222	737
222	795
222	819
222	838
222	839
223	298
223	537
225	243
225	797
226	421
226	606
229	690
230	345
230	391
230	461
230	495
230	551
230	608
230	642
230	660
230	702
230	736
230	792
230	821
231	325
232	519
232	571
232	625
233	384
233	430
235	501
240	408
241	279
241	391
241	461
241	478
241	499
241	506
241	577
241	608
241	642
241	649
241	660
241	716
241	722
241	736
241	792
241	798
241	808
241	821
243	797
246	511
247	528
249	292
253	292
253	522
254	286
255	540
256	264
256	265
256	271
256	277
256	283
256	288
256	354
256	409
256	439
256	479
256	507
256	519
256	554
256	575
256	576
256	588
256	619
256	625
256	651
256	657
256	669
256	692
256	693
256	712
256	721
256	722
256	736
256	737
256	753
256	811
256	815
260	399
260	690
263	416
264	265
264	271
264	277
264	288
264	304
264	354
264	409
264	439
264	479
264	507
264	519
264	551
264	575
264	576
264	588
264	619
264	625
264	642
264	651
264	660
264	663
264	716
264	722
264	736
264	737
264	753
264	792
264	811
264	815
264	821
265	271
265	277
265	338
265	479
265	555
265	575
265	588
265	625
265	651
265	722
265	736
265	815
266	301
266	393
266	706
267	609
267	761
269	489
269	496
271	277
271	279
271	288
271	354
271	409
271	439
271	479
271	495
271	506
271	507
271	570
271	575
271	576
271	586
271	588
271	619
271	625
271	651
271	663
271	669
271	692
271	713
271	721
271	722
271	736
271	737
271	792
271	811
271	815
275	387
275	625
275	736
277	283
277	288
277	354
277	409
277	439
277	478
277	479
277	495
277	507
277	551
277	554
277	555
277	575
277	576
277	588
277	619
277	625
277	651
277	657
277	660
277	669
277	692
277	693
277	712
277	722
277	736
277	737
277	792
277	811
277	815
279	391
279	461
279	478
279	499
279	506
279	541
279	608
279	642
279	649
279	660
279	716
279	722
279	736
279	792
279	798
279	808
279	821
283	354
283	479
283	575
283	669
283	712
283	736
286	407
286	482
288	354
288	409
288	439
288	461
288	479
288	507
288	554
288	576
288	588
288	625
288	651
288	657
288	669
288	712
288	722
288	736
288	737
288	792
288	798
288	815
288	821
290	325
290	382
290	515
292	522
292	742
298	349
299	733
300	664
300	823
301	307
301	393
301	706
301	756
301	758
301	797
301	848
302	384
302	518
302	827
304	479
304	722
305	673
305	736
307	393
307	706
307	848
311	638
313	339
313	355
313	401
313	476
313	665
313	694
313	700
315	323
315	382
315	515
315	533
315	534
315	567
315	615
315	663
315	735
315	736
315	737
315	795
315	839
316	384
316	430
316	518
316	631
316	809
321	592
322	840
323	382
323	390
323	515
323	533
323	615
323	663
323	795
323	839
325	382
325	491
325	515
325	567
325	615
325	625
325	663
325	737
325	795
325	839
326	483
326	576
326	609
326	750
326	834
327	678
327	709
327	849
329	439
329	724
329	753
337	641
338	510
339	355
339	401
339	476
339	665
339	694
339	700
340	422
340	477
340	484
340	497
340	573
340	582
340	644
341	437
341	555
343	656
345	391
345	461
345	514
345	642
345	660
345	670
345	702
345	736
345	792
345	821
347	805
348	490
348	585
350	602
353	849
354	409
354	439
354	479
354	554
354	575
354	576
354	588
354	619
354	625
354	651
354	669
354	712
354	722
354	736
354	737
354	811
354	815
355	401
355	476
355	665
355	694
355	700
355	753
363	452
363	522
366	368
366	749
366	783
368	749
368	783
369	675
369	688
373	391
373	461
373	514
373	670
373	702
373	792
375	507
375	695
378	549
380	408
382	390
382	491
382	515
382	533
382	567
382	615
382	653
382	663
382	737
382	744
382	795
382	838
382	839
384	430
384	504
384	518
384	631
384	748
384	809
384	831
388	530
389	661
390	515
390	615
390	795
390	838
390	839
391	461
391	495
391	499
391	506
391	514
391	608
391	642
391	649
391	660
391	670
391	702
391	716
391	722
391	736
391	792
391	808
391	821
392	570
392	586
392	619
392	761
393	706
393	756
393	758
393	797
393	848
399	690
401	476
401	654
401	665
401	694
401	700
403	436
407	482
407	485
407	558
407	601
407	605
409	439
409	479
409	507
409	554
409	575
409	576
409	588
409	619
409	625
409	651
409	657
409	663
409	669
409	692
409	713
409	716
409	721
409	722
409	736
409	737
409	753
409	798
409	815
415	812
420	720
422	477
422	484
422	497
422	573
422	582
422	604
422	644
422	745
430	518
430	572
431	650
433	449
433	681
433	756
433	775
433	835
433	848
435	528
435	667
437	450
438	490
438	585
439	479
439	507
439	519
439	554
439	575
439	576
439	588
439	616
439	625
439	628
439	651
439	657
439	669
439	722
439	724
439	736
439	737
439	753
439	788
439	798
439	800
442	714
443	447
445	462
448	529
449	681
449	756
449	758
449	775
449	835
449	848
452	555
458	731
461	495
461	499
461	506
461	608
461	642
461	649
461	660
461	670
461	702
461	716
461	736
461	792
461	798
461	808
461	815
461	821
462	649
467	751
471	536
473	669
473	673
473	819
474	486
474	755
474	758
474	835
474	848
474	850
476	665
476	694
476	700
476	753
477	484
477	497
477	573
477	582
477	604
477	644
478	495
478	499
478	506
478	507
478	526
478	541
478	608
478	642
478	649
478	716
478	722
478	736
478	792
478	798
478	808
479	507
479	554
479	575
479	576
479	588
479	619
479	625
479	651
479	657
479	663
479	669
479	692
479	693
479	712
479	722
479	736
479	737
479	811
479	815
482	558
482	605
483	609
483	834
484	497
484	573
484	582
484	604
484	644
485	558
485	601
485	605
486	755
486	756
486	758
486	835
486	848
486	850
487	765
488	630
490	585
491	515
491	567
491	615
491	663
491	737
491	795
491	839
495	499
495	506
495	507
495	541
495	642
495	649
495	660
495	702
495	716
495	722
495	736
495	737
495	792
495	798
495	821
497	573
497	582
497	604
497	644
497	745
498	589
498	842
499	506
499	514
499	541
499	608
499	642
499	649
499	660
499	716
499	722
499	736
499	792
499	798
499	808
499	821
504	518
504	631
504	809
504	831
506	507
506	577
506	608
506	642
506	649
506	660
506	713
506	716
506	722
506	736
506	792
506	798
506	808
506	821
507	526
507	554
507	570
507	576
507	588
507	625
507	642
507	651
507	657
507	663
507	669
507	692
507	712
507	713
507	716
507	721
507	722
507	736
507	737
507	753
507	792
507	798
507	811
509	536
514	522
514	603
514	642
514	670
514	702
514	792
515	533
515	567
515	615
515	663
515	744
515	795
515	819
515	838
515	839
518	631
518	748
518	809
519	576
519	588
519	651
519	661
519	722
519	736
519	737
519	815
522	603
526	713
526	716
526	798
528	667
533	567
533	615
533	653
533	663
533	795
533	838
533	839
535	841
536	798
537	656
538	657
541	608
541	642
541	649
541	716
541	722
541	736
541	792
541	808
543	554
546	763
551	702
551	722
551	736
551	792
551	815
554	575
554	576
554	588
554	625
554	651
554	663
554	669
554	692
554	711
554	722
554	811
554	815
558	601
558	605
564	849
566	735
567	615
567	663
567	795
567	838
567	839
570	586
570	669
570	798
573	582
573	604
573	644
573	689
573	745
575	576
575	588
575	625
575	651
575	657
575	669
575	692
575	712
575	722
575	736
575	737
575	811
576	588
576	609
576	619
576	625
576	651
576	657
576	663
576	669
576	692
576	712
576	713
576	722
576	736
576	737
576	798
576	811
576	815
577	594
577	608
577	649
577	716
577	722
577	736
577	792
577	798
577	800
577	808
582	604
582	644
582	668
586	724
586	736
587	643
588	619
588	625
588	651
588	657
588	663
588	669
588	692
588	712
588	721
588	722
588	736
588	737
588	753
588	811
588	815
589	842
597	822
598	830
599	635
600	603
601	605
604	644
604	689
604	745
605	699
605	797
608	642
608	649
608	660
608	716
608	722
608	736
608	792
608	808
608	821
609	761
610	697
610	823
611	691
615	653
615	663
615	737
615	744
615	795
615	819
615	838
615	839
616	737
616	849
619	625
619	651
619	669
619	692
619	722
619	736
619	737
619	753
619	815
621	639
621	753
621	777
621	788
625	651
625	657
625	663
625	669
625	692
625	693
625	712
625	722
625	736
625	737
625	811
628	669
631	809
638	781
639	753
639	777
642	649
642	660
642	670
642	702
642	713
642	716
642	722
642	736
642	792
642	798
642	808
642	815
642	821
644	689
644	745
644	753
645	846
646	742
648	789
649	660
649	713
649	716
649	722
649	736
649	792
649	798
649	808
649	811
649	821
651	657
651	669
651	692
651	711
651	712
651	721
651	722
651	736
651	737
651	753
651	811
651	815
653	795
653	838
653	839
657	669
657	692
657	712
657	722
657	736
657	737
657	800
657	828
660	670
660	716
660	722
660	736
660	792
660	808
660	821
661	722
661	736
663	669
663	736
663	737
663	771
663	788
663	795
663	838
663	839
664	823
665	694
669	692
669	712
669	722
669	736
669	737
669	798
670	702
670	736
670	792
670	821
673	734
673	744
673	819
675	688
678	709
681	756
681	758
681	775
681	835
681	848
686	844
691	757
692	721
692	722
692	736
692	737
692	753
692	798
692	815
694	700
694	753
697	823
699	797
702	722
702	736
702	792
702	798
702	815
702	821
706	756
706	758
706	797
706	848
711	722
712	722
712	736
712	737
713	716
713	722
713	736
713	798
716	722
716	736
716	792
716	798
716	808
721	722
721	736
722	736
722	737
722	792
722	798
722	808
722	811
722	815
722	821
722	828
726	735
726	740
735	740
736	737
736	792
736	798
736	808
736	811
736	815
736	821
736	849
737	771
737	788
737	795
737	798
737	811
737	815
737	839
744	795
744	819
748	809
749	783
753	777
753	788
753	815
755	756
755	758
755	835
755	848
755	850
756	758
756	775
756	835
756	848
756	850
758	775
758	797
758	835
758	848
758	850
771	795
771	838
775	835
775	848
792	798
792	808
792	815
792	821
795	819
795	838
795	839
797	848
798	808
798	815
798	821
808	821
809	831
815	821
818	824
819	839
835	848
835	850
838	839
848	850
17	3
369	3
675	3
688	3
415	4
812	4
32	5
90	5
136	5
185	5
186	5
198	5
256	5
271	5
439	5
621	5
639	5
669	5
736	5
777	5
579	8
51	9
62	9
191	9
392	11
570	11
586	11
588	11
737	11
296	13
56	16
731	16
369	17
675	17
688	17
776	18
30	20
32	20
33	20
76	20
101	20
104	20
124	20
132	20
179	20
192	20
220	20
256	20
264	20
265	20
277	20
283	20
288	20
354	20
409	20
479	20
507	20
519	20
575	20
576	20
588	20
625	20
651	20
657	20
669	20
692	20
712	20
722	20
736	20
737	20
815	20
42	23
82	23
157	23
166	23
171	23
340	23
422	23
477	23
484	23
497	23
573	23
582	23
604	23
644	23
689	23
745	23
176	28
279	28
792	28
47	29
59	29
95	29
128	29
150	29
313	29
339	29
355	29
401	29
476	29
665	29
694	29
700	29
32	30
101	30
104	30
132	30
179	30
192	30
220	30
256	30
264	30
265	30
277	30
288	30
354	30
479	30
507	30
575	30
576	30
588	30
625	30
651	30
657	30
692	30
712	30
722	30
736	30
737	30
33	32
45	32
52	32
76	32
101	32
104	32
124	32
179	32
185	32
192	32
198	32
220	32
256	32
264	32
265	32
277	32
288	32
354	32
409	32
439	32
479	32
495	32
507	32
575	32
576	32
588	32
625	32
651	32
657	32
661	32
663	32
669	32
692	32
716	32
721	32
722	32
736	32
737	32
811	32
815	32
52	33
58	33
71	33
76	33
90	33
99	33
104	33
115	33
124	33
132	33
167	33
177	33
185	33
192	33
216	33
220	33
256	33
264	33
271	33
315	33
354	33
409	33
439	33
479	33
507	33
554	33
575	33
576	33
588	33
625	33
651	33
657	33
663	33
669	33
695	33
722	33
736	33
737	33
753	33
788	33
798	33
384	36
504	36
831	36
350	38
626	38
691	40
757	40
82	42
157	42
166	42
171	42
182	42
340	42
422	42
477	42
484	42
497	42
573	42
582	42
604	42
644	42
745	42
90	45
130	45
198	45
271	45
499	45
507	45
608	45
642	45
649	45
713	45
736	45
798	45
808	45
815	45
59	47
128	47
150	47
219	47
313	47
339	47
355	47
401	47
476	47
654	47
665	47
694	47
700	47
753	47
116	48
144	48
301	48
307	48
393	48
433	48
449	48
474	48
486	48
681	48
706	48
755	48
756	48
758	48
775	48
797	48
835	48
848	48
850	48
117	49
817	49
546	50
763	50
58	52
69	52
76	52
90	52
99	52
104	52
115	52
132	52
179	52
185	52
189	52
192	52
220	52
264	52
265	52
277	52
288	52
311	52
315	52
338	52
409	52
439	52
479	52
507	52
538	52
554	52
575	52
586	52
588	52
616	52
625	52
651	52
657	52
663	52
669	52
673	52
692	52
712	52
722	52
736	52
737	52
744	52
753	52
788	52
798	52
819	52
458	56
731	56
79	57
152	57
169	57
254	57
286	57
407	57
482	57
485	57
558	57
755	57
90	58
99	58
115	58
132	58
189	58
325	58
382	58
473	58
615	58
663	58
669	58
673	58
737	58
819	58
839	58
128	59
150	59
313	59
339	59
355	59
401	59
476	59
665	59
694	59
700	59
85	60
366	60
368	60
749	60
783	60
191	62
138	63
275	63
387	63
157	64
166	64
171	64
573	64
604	64
644	64
347	65
805	65
200	67
315	68
90	69
104	69
329	69
439	69
586	69
628	69
724	69
737	69
798	69
90	71
115	71
122	71
167	71
222	71
325	71
382	71
663	71
695	71
839	71
123	72
378	72
549	72
90	76
101	76
104	76
115	76
132	76
179	76
185	76
192	76
220	76
256	76
264	76
265	76
271	76
277	76
283	76
288	76
354	76
409	76
439	76
479	76
507	76
519	76
554	76
575	76
576	76
588	76
619	76
625	76
651	76
657	76
663	76
669	76
692	76
693	76
722	76
736	76
737	76
753	76
815	76
327	77
678	77
709	77
169	79
407	79
485	79
558	79
601	79
605	79
90	80
115	80
132	80
189	80
222	80
315	80
323	80
382	80
390	80
491	80
515	80
533	80
567	80
615	80
653	80
663	80
744	80
795	80
819	80
838	80
839	80
157	82
166	82
171	82
182	82
340	82
422	82
477	82
484	82
497	82
573	82
582	82
604	82
644	82
745	82
366	85
368	85
749	85
783	85
718	86
152	87
225	87
243	87
797	87
104	90
115	90
130	90
132	90
167	90
189	90
198	90
222	90
264	90
315	90
323	90
325	90
382	90
409	90
439	90
491	90
499	90
507	90
515	90
533	90
567	90
588	90
615	90
639	90
649	90
651	90
663	90
695	90
716	90
736	90
737	90
771	90
795	90
798	90
838	90
839	90
516	94
150	95
401	95
694	95
329	97
598	97
686	97
830	97
132	99
220	99
305	99
311	99
473	99
673	99
737	99
819	99
104	101
124	101
132	101
138	101
179	101
185	101
192	101
213	101
220	101
256	101
264	101
271	101
277	101
288	101
354	101
409	101
439	101
479	101
507	101
554	101
576	101
588	101
625	101
642	101
651	101
657	101
660	101
692	101
712	101
722	101
736	101
737	101
798	101
811	101
815	101
828	101
132	104
179	104
185	104
192	104
207	104
220	104
232	104
256	104
264	104
265	104
271	104
277	104
283	104
288	104
304	104
354	104
409	104
439	104
479	104
507	104
554	104
575	104
576	104
588	104
619	104
625	104
628	104
651	104
657	104
669	104
692	104
712	104
722	104
736	104
737	104
753	104
788	104
798	104
815	104
141	105
587	105
643	105
443	108
447	108
119	111
158	114
229	114
260	114
399	114
690	114
132	115
167	115
189	115
222	115
315	115
323	115
325	115
382	115
491	115
515	115
615	115
663	115
695	115
707	115
737	115
771	115
795	115
839	115
474	116
486	116
755	116
756	116
758	116
835	116
848	116
850	116
696	118
375	121
378	123
549	123
179	124
185	124
192	124
198	124
220	124
256	124
277	124
288	124
409	124
479	124
495	124
507	124
554	124
575	124
576	124
588	124
625	124
649	124
651	124
669	124
692	124
713	124
721	124
722	124
736	124
737	124
811	124
727	125
196	126
150	128
219	128
313	128
339	128
355	128
401	128
476	128
665	128
694	128
700	128
753	128
198	130
213	130
241	130
271	130
279	130
409	130
478	130
495	130
499	130
506	130
507	130
541	130
608	130
642	130
649	130
692	130
713	130
716	130
736	130
792	130
798	130
808	130
179	132
185	132
189	132
192	132
220	132
222	132
256	132
264	132
277	132
288	132
305	132
315	132
325	132
354	132
382	132
409	132
439	132
479	132
507	132
515	132
538	132
570	132
575	132
576	132
588	132
615	132
616	132
619	132
625	132
628	132
651	132
657	132
663	132
669	132
673	132
692	132
695	132
712	132
722	132
736	132
737	132
744	132
771	132
788	132
795	132
798	132
811	132
815	132
819	132
839	132
849	132
621	136
639	136
737	136
718	137
213	138
230	138
264	138
275	138
277	138
345	138
391	138
461	138
495	138
514	138
642	138
660	138
670	138
702	138
736	138
792	138
808	138
815	138
821	138
587	141
643	141
433	144
449	144
681	144
756	144
775	144
835	144
848	144
555	147
313	150
339	150
355	150
401	150
476	150
654	150
665	150
694	150
700	150
225	152
243	152
300	152
797	152
216	154
487	154
765	154
267	155
392	155
609	155
761	155
159	156
302	156
518	156
166	157
171	157
182	157
340	157
422	157
477	157
484	157
497	157
573	157
582	157
604	157
644	157
689	157
745	157
229	158
260	158
399	158
690	158
302	159
384	159
518	159
208	160
341	160
437	160
450	160
555	160
408	161
645	165
846	165
171	166
182	166
340	166
422	166
477	166
484	166
497	166
573	166
582	166
604	166
644	166
668	166
745	166
231	167
325	167
382	167
491	167
663	167
695	167
737	167
795	167
839	167
326	168
483	168
609	168
834	168
407	169
482	169
485	169
558	169
601	169
605	169
182	171
340	171
422	171
477	171
484	171
497	171
573	171
582	171
604	171
644	171
689	171
745	171
325	177
233	178
316	178
384	178
430	178
518	178
185	179
192	179
220	179
256	179
264	179
271	179
277	179
354	179
409	179
439	179
479	179
507	179
554	179
575	179
576	179
588	179
625	179
651	179
657	179
692	179
711	179
722	179
736	179
737	179
798	179
811	179
815	179
477	182
484	182
573	182
582	182
604	182
644	182
192	185
256	185
264	185
271	185
277	185
283	185
288	185
354	185
409	185
439	185
479	185
519	185
554	185
575	185
576	185
588	185
625	185
651	185
669	185
722	185
736	185
737	185
798	185
811	185
815	185
621	186
639	186
753	186
777	186
222	189
290	189
315	189
323	189
325	189
382	189
390	189
491	189
515	189
533	189
567	189
615	189
653	189
663	189
737	189
744	189
795	189
819	189
838	189
839	189
198	192
213	192
220	192
256	192
264	192
265	192
271	192
277	192
288	192
354	192
409	192
439	192
479	192
495	192
507	192
519	192
575	192
576	192
588	192
619	192
625	192
649	192
651	192
657	192
660	192
661	192
669	192
692	192
712	192
716	192
722	192
736	192
737	192
792	192
808	192
811	192
815	192
595	193
369	195
675	195
213	198
241	198
264	198
271	198
279	198
409	198
461	198
462	198
495	198
499	198
506	198
507	198
541	198
577	198
608	198
642	198
649	198
660	198
716	198
722	198
736	198
792	198
798	198
808	198
811	198
821	198
522	199
435	203
528	203
667	203
728	204
300	205
664	205
823	205
363	206
452	206
603	206
341	208
437	208
450	208
555	208
264	210
588	210
736	210
815	210
323	211
390	211
615	211
795	211
230	213
241	213
264	213
279	213
345	213
391	213
461	213
478	213
495	213
499	213
506	213
514	213
541	213
551	213
577	213
608	213
642	213
649	213
660	213
670	213
702	213
716	213
722	213
736	213
792	213
798	213
808	213
815	213
821	213
444	214
487	216
531	216
621	216
639	216
765	216
248	218
256	220
264	220
271	220
277	220
288	220
354	220
409	220
439	220
479	220
507	220
519	220
554	220
575	220
576	220
588	220
619	220
625	220
651	220
657	220
669	220
692	220
712	220
722	220
736	220
737	220
815	220
315	222
323	222
325	222
382	222
390	222
491	222
515	222
533	222
567	222
615	222
663	222
737	222
795	222
819	222
838	222
839	222
298	223
537	223
243	225
797	225
421	226
606	226
690	229
345	230
391	230
461	230
495	230
551	230
608	230
642	230
660	230
702	230
736	230
792	230
821	230
325	231
519	232
571	232
625	232
384	233
430	233
501	235
408	240
279	241
391	241
461	241
478	241
499	241
506	241
577	241
608	241
642	241
649	241
660	241
716	241
722	241
736	241
792	241
798	241
808	241
821	241
797	243
511	246
528	247
292	249
292	253
522	253
286	254
540	255
264	256
265	256
271	256
277	256
283	256
288	256
354	256
409	256
439	256
479	256
507	256
519	256
554	256
575	256
576	256
588	256
619	256
625	256
651	256
657	256
669	256
692	256
693	256
712	256
721	256
722	256
736	256
737	256
753	256
811	256
815	256
399	260
690	260
416	263
265	264
271	264
277	264
288	264
304	264
354	264
409	264
439	264
479	264
507	264
519	264
551	264
575	264
576	264
588	264
619	264
625	264
642	264
651	264
660	264
663	264
716	264
722	264
736	264
737	264
753	264
792	264
811	264
815	264
821	264
271	265
277	265
338	265
479	265
555	265
575	265
588	265
625	265
651	265
722	265
736	265
815	265
301	266
393	266
706	266
609	267
761	267
489	269
496	269
277	271
279	271
288	271
354	271
409	271
439	271
479	271
495	271
506	271
507	271
570	271
575	271
576	271
586	271
588	271
619	271
625	271
651	271
663	271
669	271
692	271
713	271
721	271
722	271
736	271
737	271
792	271
811	271
815	271
387	275
625	275
736	275
283	277
288	277
354	277
409	277
439	277
478	277
479	277
495	277
507	277
551	277
554	277
555	277
575	277
576	277
588	277
619	277
625	277
651	277
657	277
660	277
669	277
692	277
693	277
712	277
722	277
736	277
737	277
792	277
811	277
815	277
391	279
461	279
478	279
499	279
506	279
541	279
608	279
642	279
649	279
660	279
716	279
722	279
736	279
792	279
798	279
808	279
821	279
354	283
479	283
575	283
669	283
712	283
736	283
407	286
482	286
354	288
409	288
439	288
461	288
479	288
507	288
554	288
576	288
588	288
625	288
651	288
657	288
669	288
712	288
722	288
736	288
737	288
792	288
798	288
815	288
821	288
325	290
382	290
515	290
522	292
742	292
349	298
733	299
664	300
823	300
307	301
393	301
706	301
756	301
758	301
797	301
848	301
384	302
518	302
827	302
479	304
722	304
673	305
736	305
393	307
706	307
848	307
638	311
339	313
355	313
401	313
476	313
665	313
694	313
700	313
323	315
382	315
515	315
533	315
534	315
567	315
615	315
663	315
735	315
736	315
737	315
795	315
839	315
384	316
430	316
518	316
631	316
809	316
592	321
840	322
382	323
390	323
515	323
533	323
615	323
663	323
795	323
839	323
382	325
491	325
515	325
567	325
615	325
625	325
663	325
737	325
795	325
839	325
483	326
576	326
609	326
750	326
834	326
678	327
709	327
849	327
439	329
724	329
753	329
641	337
510	338
355	339
401	339
476	339
665	339
694	339
700	339
422	340
477	340
484	340
497	340
573	340
582	340
644	340
437	341
555	341
656	343
391	345
461	345
514	345
642	345
660	345
670	345
702	345
736	345
792	345
821	345
805	347
490	348
585	348
602	350
849	353
409	354
439	354
479	354
554	354
575	354
576	354
588	354
619	354
625	354
651	354
669	354
712	354
722	354
736	354
737	354
811	354
815	354
401	355
476	355
665	355
694	355
700	355
753	355
452	363
522	363
368	366
749	366
783	366
749	368
783	368
675	369
688	369
391	373
461	373
514	373
670	373
702	373
792	373
507	375
695	375
549	378
408	380
390	382
491	382
515	382
533	382
567	382
615	382
653	382
663	382
737	382
744	382
795	382
838	382
839	382
430	384
504	384
518	384
631	384
748	384
809	384
831	384
530	388
661	389
515	390
615	390
795	390
838	390
839	390
461	391
495	391
499	391
506	391
514	391
608	391
642	391
649	391
660	391
670	391
702	391
716	391
722	391
736	391
792	391
808	391
821	391
570	392
586	392
619	392
761	392
706	393
756	393
758	393
797	393
848	393
690	399
476	401
654	401
665	401
694	401
700	401
436	403
482	407
485	407
558	407
601	407
605	407
439	409
479	409
507	409
554	409
575	409
576	409
588	409
619	409
625	409
651	409
657	409
663	409
669	409
692	409
713	409
716	409
721	409
722	409
736	409
737	409
753	409
798	409
815	409
812	415
720	420
477	422
484	422
497	422
573	422
582	422
604	422
644	422
745	422
518	430
572	430
650	431
449	433
681	433
756	433
775	433
835	433
848	433
528	435
667	435
450	437
490	438
585	438
479	439
507	439
519	439
554	439
575	439
576	439
588	439
616	439
625	439
628	439
651	439
657	439
669	439
722	439
724	439
736	439
737	439
753	439
788	439
798	439
800	439
714	442
447	443
462	445
529	448
681	449
756	449
758	449
775	449
835	449
848	449
555	452
731	458
495	461
499	461
506	461
608	461
642	461
649	461
660	461
670	461
702	461
716	461
736	461
792	461
798	461
808	461
815	461
821	461
649	462
751	467
536	471
669	473
673	473
819	473
486	474
755	474
758	474
835	474
848	474
850	474
665	476
694	476
700	476
753	476
484	477
497	477
573	477
582	477
604	477
644	477
495	478
499	478
506	478
507	478
526	478
541	478
608	478
642	478
649	478
716	478
722	478
736	478
792	478
798	478
808	478
507	479
554	479
575	479
576	479
588	479
619	479
625	479
651	479
657	479
663	479
669	479
692	479
693	479
712	479
722	479
736	479
737	479
811	479
815	479
558	482
605	482
609	483
834	483
497	484
573	484
582	484
604	484
644	484
558	485
601	485
605	485
755	486
756	486
758	486
835	486
848	486
850	486
765	487
630	488
585	490
515	491
567	491
615	491
663	491
737	491
795	491
839	491
499	495
506	495
507	495
541	495
642	495
649	495
660	495
702	495
716	495
722	495
736	495
737	495
792	495
798	495
821	495
573	497
582	497
604	497
644	497
745	497
589	498
842	498
506	499
514	499
541	499
608	499
642	499
649	499
660	499
716	499
722	499
736	499
792	499
798	499
808	499
821	499
518	504
631	504
809	504
831	504
507	506
577	506
608	506
642	506
649	506
660	506
713	506
716	506
722	506
736	506
792	506
798	506
808	506
821	506
526	507
554	507
570	507
576	507
588	507
625	507
642	507
651	507
657	507
663	507
669	507
692	507
712	507
713	507
716	507
721	507
722	507
736	507
737	507
753	507
792	507
798	507
811	507
536	509
522	514
603	514
642	514
670	514
702	514
792	514
533	515
567	515
615	515
663	515
744	515
795	515
819	515
838	515
839	515
631	518
748	518
809	518
576	519
588	519
651	519
661	519
722	519
736	519
737	519
815	519
603	522
713	526
716	526
798	526
667	528
567	533
615	533
653	533
663	533
795	533
838	533
839	533
841	535
798	536
656	537
657	538
608	541
642	541
649	541
716	541
722	541
736	541
792	541
808	541
554	543
763	546
702	551
722	551
736	551
792	551
815	551
575	554
576	554
588	554
625	554
651	554
663	554
669	554
692	554
711	554
722	554
811	554
815	554
601	558
605	558
849	564
735	566
615	567
663	567
795	567
838	567
839	567
586	570
669	570
798	570
582	573
604	573
644	573
689	573
745	573
576	575
588	575
625	575
651	575
657	575
669	575
692	575
712	575
722	575
736	575
737	575
811	575
588	576
609	576
619	576
625	576
651	576
657	576
663	576
669	576
692	576
712	576
713	576
722	576
736	576
737	576
798	576
811	576
815	576
594	577
608	577
649	577
716	577
722	577
736	577
792	577
798	577
800	577
808	577
604	582
644	582
668	582
724	586
736	586
643	587
619	588
625	588
651	588
657	588
663	588
669	588
692	588
712	588
721	588
722	588
736	588
737	588
753	588
811	588
815	588
842	589
822	597
830	598
635	599
603	600
605	601
644	604
689	604
745	604
699	605
797	605
642	608
649	608
660	608
716	608
722	608
736	608
792	608
808	608
821	608
761	609
697	610
823	610
691	611
653	615
663	615
737	615
744	615
795	615
819	615
838	615
839	615
737	616
849	616
625	619
651	619
669	619
692	619
722	619
736	619
737	619
753	619
815	619
639	621
753	621
777	621
788	621
651	625
657	625
663	625
669	625
692	625
693	625
712	625
722	625
736	625
737	625
811	625
669	628
809	631
781	638
753	639
777	639
649	642
660	642
670	642
702	642
713	642
716	642
722	642
736	642
792	642
798	642
808	642
815	642
821	642
689	644
745	644
753	644
846	645
742	646
789	648
660	649
713	649
716	649
722	649
736	649
792	649
798	649
808	649
811	649
821	649
657	651
669	651
692	651
711	651
712	651
721	651
722	651
736	651
737	651
753	651
811	651
815	651
795	653
838	653
839	653
669	657
692	657
712	657
722	657
736	657
737	657
800	657
828	657
670	660
716	660
722	660
736	660
792	660
808	660
821	660
722	661
736	661
669	663
736	663
737	663
771	663
788	663
795	663
838	663
839	663
823	664
694	665
692	669
712	669
722	669
736	669
737	669
798	669
702	670
736	670
792	670
821	670
734	673
744	673
819	673
688	675
709	678
756	681
758	681
775	681
835	681
848	681
844	686
757	691
721	692
722	692
736	692
737	692
753	692
798	692
815	692
700	694
753	694
823	697
797	699
722	702
736	702
792	702
798	702
815	702
821	702
756	706
758	706
797	706
848	706
722	711
722	712
736	712
737	712
716	713
722	713
736	713
798	713
722	716
736	716
792	716
798	716
808	716
722	721
736	721
736	722
737	722
792	722
798	722
808	722
811	722
815	722
821	722
828	722
735	726
740	726
740	735
737	736
792	736
798	736
808	736
811	736
815	736
821	736
849	736
771	737
788	737
795	737
798	737
811	737
815	737
839	737
795	744
819	744
809	748
783	749
777	753
788	753
815	753
756	755
758	755
835	755
848	755
850	755
758	756
775	756
835	756
848	756
850	756
775	758
797	758
835	758
848	758
850	758
795	771
838	771
835	775
848	775
798	792
808	792
815	792
821	792
819	795
838	795
839	795
848	797
808	798
815	798
821	798
821	808
831	809
821	815
824	818
839	819
848	835
850	835
839	838
850	848
