3844	3154
3844	3734
3844	3296
3699	2635
137	937
2896	3389
2896	3780
358	4148
358	652
358	3253
2655	2138
2655	4074
1239	1858
1239	1601
1239	1753
1239	4073
2976	947
2976	4595
2976	3573
91	2493
91	3389
1122	1601
3115	3737
3115	4034
3115	1347
3115	59
3115	3980
3115	3389
3115	3918
3115	2114
3115	3080
1398	2335
1398	328
1398	3799
1398	3129
1398	2866
1398	2277
1398	1385
1398	4212
1398	430
1398	4170
1398	1948
1398	4127
1398	3023
1398	3390
1398	1307
1398	4302
1398	3779
1398	1153
1398	3145
3434	206
4132	4612
4132	4450
4132	473
4132	510
4132	4571
4132	3520
4132	3296
4132	931
4132	3591
4132	4564
4132	4593
1822	206
1822	4595
3974	1432
3974	49
3974	4212
3974	3687
3974	334
3974	1466
3974	4070
3974	569
3572	679
3572	3643
3572	2948
3572	2715
3572	1110
3572	3980
3572	1401
1655	620
1655	1314
1655	3780
2524	206
3555	4003
3193	4545
3193	3379
3193	72
793	2023
793	3389
1487	1866
2144	1269
428	4494
428	4548
428	1700
428	4041
428	488
428	1400
428	430
428	3502
428	2363
428	249
428	934
428	1951
428	68
428	4678
428	707
428	2121
428	2533
428	4499
428	17
428	295
428	3150
1412	4087
4045	562
4045	3209
2958	696
2958	3389
2958	2378
2174	38
2174	1063
2174	3503
2174	3998
679	2366
679	102
679	1063
679	518
679	4674
679	3734
679	3437
679	3998
4281	4612
4281	206
4281	3780
4307	1951
1263	1176
1263	1601
1263	4595
1263	4521
3704	2489
3628	488
3628	249
3628	2533
3628	295
3628	2051
3628	205
253	1193
253	1930
253	1613
253	1700
253	488
253	3502
253	3337
253	249
253	1156
253	1951
253	4533
253	2848
253	4643
253	551
253	1144
253	295
253	958
253	2051
253	3061
253	4527
4494	1193
4494	191
4494	2420
4494	1613
4494	1700
4494	3502
4494	482
4494	1156
4494	2292
4494	4533
4494	4678
4494	1144
4494	2051
4494	313
4494	4527
364	249
364	1269
4008	2117
4008	3657
1407	3236
1841	2584
3275	3019
3275	3245
337	2566
337	2913
337	250
337	4231
337	1033
1581	2646
354	3875
2973	4216
2973	2952
2973	2584
2973	2071
2973	1441
2973	1355
2973	1692
4216	2952
4216	2584
4216	2071
4216	1441
2952	2584
2952	2071
2952	3312
404	1540
404	962
4470	1869
4470	2290
4470	4112
4470	791
1869	4408
1869	2078
1869	4112
1909	179
3664	2287
3664	2030
3664	2866
3664	3214
3664	2504
3664	1815
3664	1764
3664	4326
3664	852
3664	3779
3664	3611
2142	1326
4675	3670
4675	1930
4675	1700
4675	488
4675	249
4675	4643
4675	2051
2868	3417
287	206
287	3688
287	706
2160	2575
2160	3880
2160	356
2575	3880
2575	356
3880	356
3880	2030
3880	3214
3880	1620
356	3299
356	3236
356	1984
356	3061
356	3621
1940	3431
1940	230
1940	1948
1940	567
499	429
499	3212
3866	249
3866	544
3866	2533
3866	295
649	739
649	1692
3952	3734
2341	553
1944	3734
1944	3780
862	553
862	3378
1018	529
824	2278
824	3477
824	2003
824	2401
824	1058
824	1499
824	4500
824	922
824	1845
824	3425
1575	3991
370	1269
370	1179
1053	562
2335	1385
2335	4212
2335	1640
2335	897
2335	842
2335	2017
4680	1613
4680	760
4680	4041
4680	249
4680	295
4680	1117
4680	3003
619	2030
619	1809
619	3741
619	1933
619	139
619	2385
619	4005
619	1898
619	2615
619	3635
619	1271
619	2237
619	921
619	635
619	1049
619	1062
619	2083
619	4029
805	4545
805	1539
805	1308
805	2620
805	386
3431	62
3431	3824
3431	458
3431	567
3431	4070
3431	1554
3431	1347
3431	59
3431	4121
3431	3024
3431	2451
2362	87
2362	2166
2362	2292
2362	1801
2362	3488
2362	3438
3599	413
2606	2805
4598	3170
4598	2124
4598	652
4598	828
4669	1600
4669	1750
4669	1863
4669	1153
4669	3657
269	1933
269	1269
269	685
3208	1600
3208	1750
3208	4607
3208	2805
3208	2566
3208	1966
3208	3767
3208	246
3208	1640
3208	1279
3208	1309
3208	2254
3208	4207
3208	1898
3208	1948
3208	4454
3208	3650
3208	1749
3208	900
3208	2363
3208	30
3208	3660
3208	2098
3208	2299
3208	3296
3208	962
3208	921
3208	2865
3208	2957
3208	3436
3208	4380
3208	4443
1432	3778
1432	3900
1432	2945
1432	1338
1432	1445
1432	2020
1432	4522
1600	3331
629	4454
629	3019
629	1445
629	2299
629	3209
3017	112
2407	2030
4532	2536
3306	4548
3306	2536
3306	2578
4548	2536
4548	4595
2536	950
2536	2578
2536	683
2536	1
2536	3236
2536	3828
950	2578
4089	4678
4089	4595
2567	1930
2567	2420
441	249
441	1269
441	3351
441	205
3670	2420
3670	1700
3670	488
3670	2363
3670	249
3670	707
3670	2121
3670	1045
3670	2533
3670	551
3670	295
3670	1502
3670	2051
3670	313
4621	4612
2219	1193
2219	1089
217	766
217	707
217	2438
766	1700
766	249
766	707
766	295
2818	3222
2818	1645
2106	2557
2106	206
2287	4668
2287	4170
2287	1044
2287	1689
2287	3145
2287	2243
1343	3992
2136	2138
2136	1314
2136	3154
2136	2208
2136	3734
2136	4595
2136	2395
2136	2695
2136	3663
50	1269
328	38
328	2389
328	4170
328	1637
328	807
328	1177
4408	102
4408	1877
4408	3547
2111	2933
2111	1454
2111	4330
2111	4488
2111	3813
2111	2192
2111	906
2111	2171
2111	2895
2111	66
4660	2295
3304	238
951	553
951	458
951	1309
951	504
3900	2368
3900	2955
2509	1767
2509	553
2509	979
2509	1049
2315	3734
2315	3318
2315	3296
2315	1280
2315	1709
2315	3662
1353	4554
1353	633
1353	745
1353	733
1353	753
1353	1550
1353	738
1353	3734
1353	108
1353	4348
1353	2131
4487	4090
4487	458
4487	3638
4487	504
4487	1270
2460	3327
1451	3154
1451	2862
1451	3734
1451	548
3799	3129
3799	748
3799	430
3799	4127
3799	2842
3770	1314
2933	2030
2933	3379
2933	1454
2933	4330
2933	4488
2933	3813
2933	3086
2933	2192
2933	906
2933	2171
2933	2895
2933	2237
2933	1397
596	3707
596	947
596	4363
596	1369
596	4595
596	1177
596	2058
2887	390
2887	652
2887	2035
2887	4427
2887	58
2887	2580
721	476
4384	2366
4384	3222
4574	3437
3967	3638
3967	3023
3967	1270
1386	2938
1386	488
1386	249
1386	1504
4046	691
1596	2245
1596	1625
1596	2888
3872	518
4088	966
4088	504
4088	626
498	3147
1384	1314
1384	3063
1870	1938
1870	3006
1870	2108
1870	3635
1870	935
1870	1952
1870	657
1870	616
1870	2680
1870	1033
1870	1957
1870	3511
422	2512
422	4618
422	112
422	2098
422	2188
422	4595
422	1270
492	35
492	2035
3129	3477
3129	2842
3129	3166
3129	1472
4254	4056
4254	625
4254	3824
4254	4066
4254	4571
4254	1847
4254	3782
4254	1893
4254	2532
4254	2957
4254	3908
3159	3379
3159	185
1684	413
1684	818
1336	2030
2030	4404
2030	780
2030	1436
2030	1629
2030	3251
2030	3336
2030	2391
2030	1475
2030	2402
2030	4170
2030	1639
2030	4454
2030	3650
2030	2363
2030	2145
2030	4240
2030	1490
2030	3312
2030	1486
2030	1606
2030	4436
2030	489
2030	1832
2030	1307
2030	2306
2030	2955
2030	4365
2030	1050
2030	712
2030	2981
2030	551
2030	1542
2030	1631
2030	566
2030	656
2030	762
2030	970
2030	1373
2030	1678
2030	1743
2030	1927
2030	2869
2030	2960
2030	3532
2030	3662
2030	4073
2030	4510
2030	2703
1055	3379
2537	2064
1193	191
1193	2420
1193	4041
1193	488
1193	1400
1193	3562
1193	2363
1193	249
1193	482
1193	707
1193	2121
1193	2533
1193	4499
1193	66
1193	295
1193	1502
1193	2051
1193	3150
1193	4157
1193	4286
4404	1171
4404	173
4404	3154
4404	1764
4404	3734
4404	3296
4404	1373
4457	3154
4457	606
4457	260
4457	4465
4457	3334
4457	1063
4457	3785
4457	1349
4457	3284
4457	908
4457	3734
4457	3437
2485	1767
2485	3417
2485	969
2485	2254
2485	2638
1767	3417
1767	4336
3714	1168
3714	2171
3714	3598
3714	946
3714	3573
4485	2471
4485	570
261	2504
2729	4595
1344	2078
1344	4339
3374	1271
2221	1551
2221	1461
2221	2355
2221	786
2221	3023
2221	2955
2221	2833
2221	326
2221	887
2221	1270
2221	4205
2282	1551
2282	1461
2282	786
2282	3023
2282	1349
2282	2833
2282	326
2282	1270
2282	4205
2282	3425
2489	1551
2489	3023
2489	2833
2489	326
2489	3425
2360	3368
2278	38
2278	4122
2959	3236
2500	2023
2500	4336
2500	1118
2500	4243
2500	1952
2500	1044
2500	893
2500	589
2500	3573
2500	1957
2500	4094
3040	1223
3040	3680
2023	1966
2023	1981
2023	1118
2023	1511
2023	271
2023	2989
2023	3432
2023	2223
2023	1980
63	1729
63	3296
63	685
2584	2071
2584	1441
2584	1461
1551	4618
1551	2644
1551	1528
1551	2294
1551	4429
1551	814
1551	887
2071	1441
2071	1461
2071	4618
2071	1171
2071	1337
2071	922
38	2389
38	3163
38	1637
38	3598
38	1875
3120	2277
3120	4108
3120	3668
3120	3444
3120	271
3120	348
3120	2838
771	1370
771	645
771	3773
771	979
771	2226
857	2463
857	4047
529	2140
529	3895
529	4500
529	4354
529	3611
529	856
529	1878
529	1547
529	4116
529	2378
3091	330
3091	4090
3091	99
3091	1170
330	1460
330	1170
1370	645
1370	4071
1370	2934
1370	979
645	553
645	4090
645	2948
645	3170
645	2979
645	1724
645	3635
645	544
645	835
645	4071
645	2934
645	979
645	4522
645	957
645	2382
645	2974
645	939
3345	1461
3345	2129
3345	3154
3345	3723
3345	1369
3345	3734
3345	901
3345	3662
553	668
553	1168
553	3140
553	99
553	2979
553	1724
553	755
553	2596
553	3679
553	4488
553	4047
553	267
553	2226
553	500
553	3891
1461	4618
1461	663
1461	2644
1461	3573
4495	652
2962	1314
2962	2612
2962	2746
2962	900
2962	39
2962	3390
2962	652
2962	3759
2962	2580
2962	613
1485	3779
1340	2138
1340	4074
1340	4269
1340	366
1340	2745
392	3533
392	2366
392	814
392	1347
392	2175
392	1269
392	2299
392	2993
392	3771
3737	2003
2352	3209
1975	2138
1975	4090
1975	4034
1975	3767
1975	1314
1975	1640
1975	3692
1975	4187
1975	3723
1975	3638
1975	3514
1975	1986
4048	3229
4048	3662
4048	1829
2138	4074
2138	1010
2138	3560
2138	897
2138	3692
2138	3824
2138	816
2138	2875
2138	3638
2138	1206
2138	900
2138	3299
2138	3793
2138	3023
2138	3843
2138	3514
2138	1646
2138	3024
2138	1550
2138	1619
2138	1337
2138	1747
2138	1986
2138	2340
2138	1542
2138	1272
2138	1023
4074	1010
4074	1619
4074	1337
4074	1747
2978	3444
4618	1294
4618	2226
4618	1959
4618	3867
3036	1280
2964	430
2964	365
2964	211
2964	1554
2964	30
2964	3284
2964	4603
2964	1050
37	2389
37	2544
37	4231
37	2842
37	3641
37	4334
4217	900
4217	3390
4217	1496
4217	856
3290	2716
3290	3619
3290	2947
3290	2003
3290	3627
2716	4645
3762	4306
3762	2597
2866	3214
2866	2277
2866	4090
2866	4170
2866	2919
2866	3236
2866	3389
2866	3296
1630	1750
1630	2895
1750	4607
1750	1510
1750	1417
1750	1749
1750	3813
1750	2895
1750	4292
1750	962
1750	3657
1750	3870
1750	1397
4607	3126
4607	1579
4607	4674
4607	2895
4607	2223
4607	1572
4607	1980
4607	3473
4607	4277
3631	2504
1463	1749
1463	3236
119	3379
119	4674
119	3389
119	4571
119	3296
3847	3690
732	1365
1930	3690
1930	2420
1930	4041
1930	488
1930	1889
1930	2363
1930	249
1930	1951
1930	707
1930	2121
1930	2533
1930	4643
1930	551
1930	65
1930	295
1930	1502
1930	2051
1930	3506
1930	3915
1930	313
2905	3339
3342	4116
1605	592
2194	66
592	969
2707	4339
2707	881
2527	2493
2527	3425
2463	2846
2463	3843
3873	2504
3873	2305
3873	3732
2400	418
2400	2226
3690	1613
3690	4041
3690	2026
3690	249
3690	295
1809	3662
3214	979
3214	283
3214	4348
3612	2544
3612	1302
191	2420
191	4041
191	2026
191	488
191	3575
191	3502
191	2432
191	249
191	934
191	2890
191	1951
191	4678
191	707
191	2121
191	2533
191	551
191	17
191	295
191	2864
191	958
191	1502
191	2051
191	4527
3769	3931
3769	489
3769	936
3769	1731
3769	4031
3769	4087
3769	3734
3769	2268
523	1781
523	1981
523	4240
523	3315
523	1597
523	1369
523	2751
523	608
523	774
523	2628
3380	3170
3380	1253
3380	3801
3380	1262
4554	1724
3417	979
4336	442
4336	250
4336	969
3181	250
845	548
3331	2731
1725	3734
2639	4418
2639	1674
3812	570
1881	30
1881	1690
1483	3850
3287	3864
2474	2016
4056	3086
4056	4595
1061	3645
1061	1812
2277	1729
2277	112
2277	3668
2277	2292
2277	3389
1781	1640
1781	2401
1781	3389
1781	1337
1781	3734
1781	2473
1781	3296
4078	3965
2805	881
2805	1001
3300	4229
2262	3786
2263	2409
2258	3829
4612	2094
4612	1532
4612	4191
1729	4267
1729	3895
1729	657
1729	1033
1729	4122
1729	4354
1729	685
1729	267
1729	2614
1729	3209
4410	102
4169	632
4169	1579
4169	1871
4024	668
4024	884
4024	1154
4024	2366
4024	102
4024	3222
4024	1295
4024	1020
4024	3379
4024	3082
1320	1496
1320	2226
1320	2552
1320	3910
1945	4090
1945	2245
1945	2103
1945	206
1945	3780
2607	3425
12	1510
12	3843
3522	1981
3522	1395
668	1154
668	2366
668	102
668	518
668	3895
668	1307
668	1269
668	3425
2629	550
4090	139
4090	3692
4090	3824
4090	2704
4090	99
4090	1170
4090	4481
4090	1540
4090	979
4090	1954
4090	1986
4090	963
4090	1984
4090	2378
1938	786
1938	4537
1938	2161
4591	1728
4591	206
4591	2989
2566	4243
2566	1279
2566	237
2566	1181
2566	249
2566	3432
2566	1656
2566	325
2566	381
2566	670
2566	1187
2566	1272
2566	1303
2566	1681
2566	2957
4358	93
4358	3734
4358	3296
3931	2998
3931	4017
3931	489
3931	936
3931	1731
3931	4031
3931	4087
3931	3734
1039	2783
2244	1510
1355	4667
1355	3635
1355	4177
1355	4604
1355	4500
1355	3734
1355	3296
1355	2189
1355	3603
1355	4244
4034	897
4034	2206
4034	23
4034	3638
4034	1546
4034	474
2825	2378
2734	4540
2734	4284
2734	4121
2734	128
780	657
780	58
932	1455
779	1288
2343	632
2343	3734
4659	396
4659	820
4659	3793
4659	1271
4659	3425
396	820
396	3560
396	3793
820	3793
4667	962
4667	4244
2839	206
2796	3573
2830	3723
2830	3638
2830	1986
4545	3529
4545	1366
4545	1397
620	2345
620	4530
620	696
620	190
620	4339
620	1349
620	1307
620	3056
620	4278
620	769
620	1391
620	3511
1510	4479
1510	1309
1510	2406
1510	2680
1510	292
1510	1183
2784	683
2784	2064
2784	1369
2784	3432
2504	1382
2504	662
2504	4007
2504	777
2504	2438
2504	3042
2726	3708
884	2294
1168	3767
1168	14
1168	2183
1168	522
1168	3425
2044	3817
49	3477
49	1293
49	257
49	1341
3052	856
309	3154
309	3734
309	3296
1352	1304
1926	3516
1926	3379
3111	4014
4101	2469
4101	1951
1436	2129
1436	3403
1230	969
1154	1595
1154	102
1154	3082
1154	133
1154	1747
1154	2937
1154	3734
1154	3296
1154	4244
121	3779
121	486
3499	2374
2094	1954
3840	2226
757	1898
757	4409
757	3479
757	3822
757	372
757	2688
757	2181
3767	4323
3767	3216
3767	3692
3767	4326
3767	550
3767	4042
3767	1723
3767	3023
3767	2981
3767	2378
3767	1023
4142	2493
4142	3980
4142	233
2420	2026
2420	488
2420	3502
2420	2148
2420	249
2420	1504
2420	2121
2420	2533
2420	1868
2420	551
2420	295
2420	958
2420	2051
4386	4398
4386	2089
4386	2653
4398	2089
1123	1269
1127	3615
1613	1700
1613	56
1613	4041
1613	2026
1613	488
1613	3502
1613	2363
1613	249
1613	1156
1613	657
1613	4488
1613	3034
1613	2192
1613	707
1613	2121
1613	2533
1613	551
1613	295
1613	810
1613	1502
1613	2051
2938	4041
2938	1400
2938	2543
2938	2120
2938	1156
2938	160
2938	2276
2938	295
2938	4446
2938	4527
760	313
3655	3393
3655	2064
3655	4170
3655	4454
3655	1369
3655	881
2078	3687
2078	3023
2078	1496
2078	1169
2078	2179
669	4170
669	2963
1385	4212
1385	2017
1385	3675
1798	1700
1798	1889
1798	794
1798	3826
2397	206
2397	3780
1700	1460
1700	4041
1700	488
1700	3502
1700	992
1700	814
1700	2363
1700	249
1700	1156
1700	707
1700	2121
1700	2828
1700	2533
1700	2848
1700	551
1700	66
1700	295
1700	1502
1700	2051
1700	3150
1700	3915
1700	313
1700	4527
3251	3105
3251	3389
3251	608
1992	205
2092	3456
2092	3236
3343	748
3343	504
3343	3034
4041	2026
4041	3502
4041	1810
4041	580
4041	3337
4041	1951
4041	4533
4041	4678
4041	1868
4041	2848
4041	4643
4041	551
4041	1542
4041	1144
4041	958
4041	2051
4041	2452
4041	313
4041	4527
4041	205
2026	488
2026	68
2026	1868
2026	295
1505	2861
1505	249
4212	2017
4212	3675
4212	931
1010	3216
1010	3566
1010	577
1010	1465
1010	504
1010	1023
1733	1789
1733	814
3112	4005
4052	3465
4052	3977
246	2999
246	1637
246	2165
246	4572
4267	361
2117	1831
3529	4005
3529	2891
3529	2048
3529	3296
3687	2685
3687	3477
3687	3173
3687	768
2389	102
2389	4339
2389	1033
2389	3734
2389	3573
2389	1155
4497	2140
2387	1295
4576	3734
4319	1269
488	3502
488	1810
488	2014
488	2435
488	1889
488	413
488	580
488	1080
488	1506
488	2363
488	1156
488	934
488	2890
488	4066
488	4533
488	1868
488	2848
488	4643
488	551
488	1144
488	958
488	2051
488	2239
488	313
488	4527
484	249
484	2276
484	1502
3589	1862
3589	3638
3589	2368
3589	1264
3589	3067
3589	2395
3589	3212
1400	334
1400	3945
1400	3337
1400	2363
1400	1868
1400	2848
1400	4643
1400	313
1400	4527
1400	2703
1961	3379
1961	4595
1961	3296
827	1314
827	202
1140	4674
3643	3378
2861	478
2861	1089
2861	295
3039	66
3039	1399
3039	2822
3039	1205
2741	1119
2741	478
3902	3061
4316	1601
429	3734
429	4595
429	3009
334	1293
334	1220
1322	1080
1322	2274
1322	1269
1322	958
4525	3315
4525	3561
35	846
35	1952
35	2375
35	1860
35	3867
34	230
34	550
34	2241
34	1737
34	3425
34	3061
34	3212
29	430
430	4539
430	1889
430	3817
430	3379
430	1326
430	4042
430	16
430	1708
430	3634
430	136
430	2761
430	3637
1786	661
4631	1269
1979	372
3693	3236
2926	1382
1815	1863
836	58
836	2229
1654	3734
1654	1688
311	1964
3530	2366
180	1269
2936	4170
4512	1499
4512	1964
4512	1739
4512	374
4512	4354
4512	4595
4512	1547
2774	249
2774	707
2774	295
2774	1502
2774	205
3502	2363
3502	249
3502	707
3502	2121
3502	1169
3502	2533
3502	4499
3502	2848
3502	4643
3502	551
3502	295
3502	2051
3502	3150
2251	2354
1223	886
1223	102
1223	4017
1223	3432
1223	3296
886	3796
886	4502
1422	1347
1422	578
937	3477
937	1728
937	206
937	3198
1862	420
1862	374
1862	856
1862	1547
1862	2017
1862	3508
1862	4201
4378	3741
3741	1295
3741	3444
4125	206
1176	4676
1176	3069
4668	102
4668	2378
4308	2366
710	3216
1315	3379
1315	1366
1315	3166
1315	1397
1315	1621
1315	3080
2462	1442
2469	66
3533	702
3533	1547
694	3337
694	66
1981	3547
442	991
442	3379
442	685
442	248
442	2122
442	1634
3707	1726
3707	3038
2210	2963
2210	3145
1118	3444
1118	881
2945	3379
2945	3236
3249	2947
3249	1094
1151	4595
1314	3580
1314	2064
1314	2302
1314	2612
1314	1546
1314	2746
1314	2979
1314	39
1314	753
1314	4276
1314	3215
1314	3978
1314	4502
1314	2580
1314	244
1314	4203
3580	4347
702	2620
1292	3379
1292	3734
1292	1902
1235	1601
1235	1094
1235	3734
1304	2057
1304	2294
1304	2544
1304	3813
1304	906
676	99
676	3432
676	4595
1119	4128
1119	249
1119	707
1119	295
1933	1219
1933	3166
1933	2226
1933	258
1933	1916
1933	3397
1219	3619
2685	609
1128	1640
262	206
262	3780
262	3212
438	3389
4366	1371
4366	2189
4366	2393
4366	3627
4172	3154
4172	1209
4172	691
3336	1789
3336	4019
3336	3679
1789	4500
1789	1619
1789	475
1789	1821
1601	278
1601	390
1601	4243
1601	62
1601	2840
1601	4333
1601	4463
1601	2765
1601	1240
1601	1269
1601	1337
1601	4279
1601	1253
1601	2378
1601	5
1601	1852
1601	921
1601	723
1601	2156
1601	3907
1601	4277
3102	2948
3102	4339
3102	4451
3075	440
3075	3641
1640	173
1640	2166
1640	2544
1640	1202
1640	1308
1640	3456
1640	1185
1640	2765
1640	2375
1640	3640
1640	4449
1640	1023
1640	2735
3560	2646
3560	3638
3560	1308
3560	3734
3560	1986
3560	3296
3560	3212
4323	2843
4323	390
4323	99
3808	3564
3808	1829
3020	3780
3020	3296
3608	947
3608	3977
3608	1900
3608	522
947	1528
947	3977
947	844
947	3432
106	230
106	3334
106	3437
106	4502
106	1425
3495	102
2843	390
1810	4488
1810	707
1810	2533
1810	295
1810	3097
87	4057
87	1270
4057	897
2481	4468
1248	3734
1248	689
3233	3924
3233	3033
3233	3997
462	3378
863	2120
863	3734
863	2814
863	3318
863	3296
638	1264
2499	911
2499	2409
2499	2895
1252	1347
1252	2401
1609	2195
1609	2766
1609	247
1609	487
1609	3547
2195	2766
2195	247
2195	487
2195	3547
4676	3734
4676	3296
1195	3154
1195	4405
1195	1964
1195	3734
1195	3296
834	3295
834	652
834	3734
2345	1121
1037	3734
3924	3033
3033	2661
3033	4339
3033	1169
3033	1494
4003	3407
4003	2620
4003	3379
4003	3390
4003	1496
3367	4269
2948	3619
2948	979
2948	2226
3477	1898
3477	3977
3477	3877
3477	1753
3477	623
3477	2659
3477	4071
3477	3166
3477	4047
3559	606
3559	518
3559	30
3559	3284
3559	289
4269	4671
4269	3284
4269	1646
4269	247
4269	2107
2644	3692
390	1171
390	4605
390	1455
390	1220
390	616
390	1058
390	1033
390	4122
390	1499
2846	2947
2846	3379
2846	1749
2846	3980
2846	4047
2846	861
2846	3641
4044	3722
4044	3379
4044	3312
4044	127
4044	3734
4044	3296
2391	3836
478	3236
478	661
478	2325
897	3824
897	909
897	3390
897	4673
897	4121
897	1619
897	3437
82	504
4243	3272
4243	1000
4243	3779
4243	3734
4243	3296
1456	1269
3833	3261
2014	249
2014	707
2014	2038
2013	3105
992	4170
992	2891
992	1347
992	1307
992	1269
992	3615
991	4170
991	3837
991	249
991	2891
991	2401
991	4062
991	1494
2432	2944
2432	4678
2432	295
2432	2051
2435	295
1171	206
1171	1033
1171	3556
2270	3379
2443	2472
3619	4429
3619	14
3619	1954
3619	1130
3619	3425
1374	3236
1374	4595
2913	1279
2913	3209
2089	2653
2089	3379
139	206
139	3780
139	2888
3161	1110
3161	1954
419	1281
2108	3154
2108	3723
2108	1594
2108	623
2108	1337
2108	3734
2108	3212
3216	3723
3216	206
3216	856
3216	3998
3216	3212
2355	887
497	1728
250	969
250	2547
250	1269
3453	1868
2057	458
2057	504
683	969
683	1726
683	2842
683	10
2385	2415
822	3992
3992	2166
3992	4481
3992	3960
3992	976
3992	3587
3958	3456
3958	2363
3958	700
966	3082
966	2533
4479	292
4479	4094
173	3542
173	1554
173	3173
173	1954
173	699
3970	1529
3970	3444
2129	1293
2129	869
2129	1369
2129	3582
2847	1606
4151	3465
4151	3734
4151	1277
3796	4017
3796	1731
3796	4502
232	4595
232	3739
2245	1984
2245	990
366	2998
366	3163
366	2900
366	501
366	1442
366	2745
1108	2848
631	2124
4654	4108
3564	4454
3564	3379
3564	1594
3564	1749
3564	962
3564	1893
3564	2865
1293	2620
1293	3379
1293	1594
1293	1749
1293	57
1293	578
1293	283
1293	3828
3154	3837
3154	2227
3154	1209
3154	2620
3154	3379
3154	1532
3154	1594
3154	1749
3154	57
3154	1490
3154	59
3154	4018
3154	1051
3154	1597
3154	247
3154	3734
3154	3437
3154	1771
3154	1001
3154	3547
4634	1726
4634	1369
3393	2963
3393	3237
2064	2947
2064	4231
2064	3236
2064	10
2064	3473
1595	102
1595	3222
1595	1295
1595	518
3775	707
3775	2848
2206	4483
2206	657
2206	3296
2347	3021
821	3617
625	1566
625	1347
625	4148
625	652
2947	4645
2947	3895
2947	1954
2947	1688
2947	2731
62	3082
62	1984
62	3296
527	3890
2697	2486
2840	2196
2840	685
2840	267
3146	30
3146	160
568	969
1099	1269
3692	458
3692	504
3692	3813
3692	2833
3692	2375
3692	3986
3692	1270
3692	3212
4645	4170
4645	1341
4645	657
4645	1446
3824	458
3824	3723
3824	1156
3824	3520
3824	2189
3824	3212
458	1309
458	4636
458	550
458	504
458	4632
458	3024
458	2833
458	1081
458	3198
458	2786
458	976
458	1270
758	2366
758	206
758	4573
2003	2600
2653	1636
3776	3296
2646	1749
2646	3734
2646	3296
2646	962
2646	4278
4170	1764
4170	93
4170	3337
4170	1455
4170	1952
4170	1307
4170	3779
4170	3145
4170	4510
2319	2681
3566	2188
1309	3921
4483	30
4483	1269
4483	289
3837	2544
3837	887
4128	1080
4128	2680
4128	1646
4128	3253
3672	2711
577	3606
2624	696
2624	1033
2624	1954
729	3222
3856	3389
1764	1307
1764	3734
1764	2191
4140	1347
4140	3425
1539	230
1539	386
2037	2835
2366	102
2366	3222
2366	1295
2366	1020
2366	4145
2366	3407
2366	2148
2366	518
2366	482
2366	4436
2366	340
2366	3615
2366	1619
2366	3166
2366	4335
2366	1226
2366	2876
2366	3803
2366	734
102	3222
102	1295
102	1020
102	477
102	2148
102	518
102	3795
102	4042
102	3543
102	1728
102	510
102	2906
102	4177
102	4514
102	616
102	3082
102	3813
102	133
102	2989
102	4354
102	58
102	3986
102	2974
102	3521
3222	1295
3222	1020
3222	518
3222	2925
3222	3543
3222	1728
3222	510
3222	3447
3222	1227
3222	3096
1295	1020
1295	518
1295	1077
1295	570
1295	3082
1295	943
1295	906
1295	1227
1295	2989
1295	2730
1295	267
1295	3573
1295	2852
1295	3087
1020	518
1020	3543
1020	1728
1020	2989
1020	2914
1020	3506
1020	2376
4326	206
4326	4339
4326	3389
4326	4377
2704	3082
606	3282
606	3284
606	1227
606	2989
606	908
606	3437
606	1547
606	791
606	3110
2267	1579
2267	3635
2267	3160
644	3212
3361	1753
3361	1771
1528	2294
1528	1369
2294	3756
2294	1635
2294	3773
2590	4571
2590	3413
2583	3638
1889	249
1889	2121
1889	1047
1889	3915
413	249
413	934
413	707
413	3682
413	295
413	1502
2166	4543
2998	2036
2998	2940
3864	1934
3864	2473
3864	1802
3864	205
580	249
580	1951
580	68
580	707
580	295
580	958
580	1502
4565	2547
4565	1749
4565	3543
4565	1269
3378	2937
969	2638
969	979
969	1227
969	3734
969	579
969	615
969	626
969	670
969	1079
969	1272
969	1376
969	1642
969	2091
99	1170
99	267
3722	2208
4005	2208
4005	2493
4005	657
4005	2191
3323	562
3170	4339
3170	979
3170	2022
3170	2307
3170	4589
1611	348
4163	152
4163	598
4163	374
4163	3318
4163	3657
4163	3883
321	3379
321	152
321	1964
321	1739
321	374
321	4595
4633	216
3749	3660
3749	913
4652	3425
2208	1347
2208	3432
2208	4466
2254	3606
2254	1369
2254	957
2254	3221
4450	1942
4450	2620
4450	2587
4450	3435
4450	1023
4450	2735
3702	3164
3295	3734
2266	66
4207	696
4207	3465
4207	1586
4207	501
4207	2473
4207	3296
4207	926
4207	4491
3756	1666
3756	1094
3756	3296
696	2833
696	1957
2873	4018
1488	2625
1488	1094
1488	4342
1942	861
230	283
4206	1954
4206	2842
4206	3124
4429	1952
4429	1954
4429	2842
4429	3124
4429	3425
3649	267
4671	1948
3465	2902
3465	4448
3465	3977
3465	3653
2902	3494
4448	4674
4448	3688
2816	374
2227	1417
2227	3688
1529	1307
1529	798
2103	1308
2103	1486
2103	3573
911	2409
2724	1878
2724	4032
4359	3411
2543	3296
4166	2544
4166	4122
4166	3503
4166	3780
3976	2012
3976	3122
2612	2746
2612	900
2612	39
2612	3390
2612	2580
2562	249
4613	1270
3509	662
1041	3730
1041	1331
1898	4409
1898	3479
1898	3822
1898	372
1898	3460
1898	3456
1898	632
1898	2688
1898	2181
1898	1832
1898	247
4409	372
698	1209
112	4147
112	974
112	3364
112	3224
112	2320
3730	816
3730	974
3730	3364
3730	3224
4147	1269
4147	861
3482	4595
974	1728
2698	1728
3364	1728
3224	1728
2056	152
2320	1728
2320	1914
4333	372
4333	3379
4333	1805
3822	372
372	1728
372	2098
372	2688
372	2181
372	1832
372	3998
372	4186
1934	237
1934	3937
1934	712
1934	2311
2371	1542
237	4251
237	712
237	2311
3818	2842
883	3883
3043	3212
3633	1954
3633	3160
3977	3653
3977	3315
3977	3489
3977	4339
3977	1347
3977	59
3977	1442
3977	2222
3977	2375
3977	184
1364	662
1364	3437
662	1349
662	1592
662	2223
2963	2625
2963	3282
2963	4335
2963	922
3999	2199
4629	1269
3363	1639
928	3236
2802	2989
3513	1395
3513	3164
1673	3774
1639	3379
1639	4458
1639	2156
4156	3379
4156	1749
2713	4427
2308	4465
2308	3998
2308	3573
260	3282
260	908
260	3437
260	3110
2625	570
2625	3282
2625	3163
2625	4335
3887	504
1948	1878
4465	3606
4465	3437
4465	861
4465	2841
3334	3606
3334	861
3407	3167
3407	2544
3407	3606
3407	657
3407	4087
3407	861
3407	283
852	2368
852	544
4642	4595
4642	298
4639	1269
3272	1666
3272	3456
3272	4549
2148	249
2148	3061
2331	4540
2331	4284
2331	661
2331	569
1080	249
1080	1465
1080	2780
1080	2239
1417	3322
1417	1594
1417	3456
1417	1749
1417	3439
1628	3734
1628	3296
4454	3660
4454	2223
4481	3638
4481	1986
4481	2505
4481	3763
3650	3379
3650	3444
3650	3860
3650	3963
3126	3236
1666	3734
2544	1130
2544	691
1726	844
1726	4231
1726	1369
1726	2940
1726	842
1726	1177
1726	1904
4070	3747
4187	3723
4187	3638
4187	1308
4187	3236
4187	1986
4187	3212
2875	980
4636	504
4636	3236
3896	1308
3896	518
3896	570
3896	562
3896	1227
3896	3425
3723	3514
3723	2083
550	3638
550	1554
550	504
550	3921
550	3024
550	2833
550	1337
550	1878
550	3986
550	1270
3638	1546
3638	1308
3638	1206
3638	3337
3638	4177
3638	795
3638	3024
3638	1986
3638	4203
4019	3379
2140	3895
2140	1878
2140	1023
1063	93
1063	3606
1063	2241
1063	3212
3729	1852
1192	825
3785	3606
3785	3843
3785	3437
3785	861
763	1094
215	1094
1546	1986
1308	1206
1308	2098
1308	1271
1209	1532
1209	3389
1209	3734
1209	1204
1209	2161
14	2493
14	3450
844	1302
844	881
844	913
2620	3379
2620	2610
2620	2804
2620	1532
2620	3322
2620	632
2620	2471
2620	1341
2620	3779
2620	3734
2620	264
2620	3801
2620	342
3379	2804
3379	57
3379	632
3379	2471
3379	1341
3379	4111
3379	4298
3379	3312
3379	4021
3379	3023
3379	602
3379	1635
3379	4276
3379	1665
3379	4383
3379	271
3379	1121
3379	1592
3379	3744
3379	3734
3379	2455
3379	248
3379	342
3379	185
3379	391
3379	901
3379	931
3379	1301
3379	1777
3379	2107
3379	2552
3379	2614
3379	2637
3379	3122
3379	3459
3379	3494
3379	3739
3379	3834
3379	4075
3379	4264
3379	4656
2610	1532
2610	1594
2610	1749
2610	632
2610	3034
2610	1540
2610	3860
2804	1594
2804	1749
2804	632
2804	3034
1532	1594
1532	3456
1532	1749
1532	632
1532	3034
1532	1540
3322	3439
1594	1749
1594	632
1594	2471
1594	1341
1594	3312
1594	3734
1594	3657
3456	2363
3456	3439
3456	1496
3456	1592
3456	3296
3456	4007
3456	1542
3456	958
3456	3134
3456	3339
3456	3771
1749	632
1749	2471
1749	1341
1749	3444
1749	4054
1749	1592
1749	3734
1749	1050
1749	3520
1749	1177
1749	2614
57	1341
57	1537
57	3734
632	2471
632	814
632	2363
632	4250
632	3034
632	1540
632	446
632	1957
2471	3034
2471	1540
2944	4112
2944	2722
2661	1335
2608	1301
1491	1506
2670	4595
4199	1269
1506	249
1506	2121
1506	295
2497	2306
211	2827
211	4648
211	3792
2827	4648
2827	3792
2827	1591
4648	3792
3792	136
3156	1954
72	3019
72	1302
72	1811
4110	4095
4110	1632
4110	1479
4110	1144
4095	1632
4095	1479
4095	1144
1632	1479
1632	1144
3261	4595
3261	3150
1331	4595
1341	900
1341	206
1341	3390
1341	1496
4231	10
4231	3073
1207	1952
1207	2364
1311	1094
1311	1550
1311	2223
916	4365
2587	3662
2746	900
2746	39
2746	3390
2746	3734
2746	3759
2746	1689
518	711
518	651
518	247
518	1298
518	3346
64	346
64	1079
2368	544
2368	515
2368	3166
2368	201
2992	1269
900	4347
900	39
900	3390
900	1496
900	652
900	3209
2167	711
2167	4000
2167	962
1566	4347
3815	4347
1820	3734
2979	1900
2979	3780
2979	4321
1724	4339
1724	1954
1724	3212
1042	66
3909	295
3084	3679
814	3734
1812	3682
1812	3425
190	3734
1326	2842
1326	723
1326	3436
3515	599
3515	3192
3515	791
142	538
4042	562
2289	736
3019	1579
3019	3945
3019	3752
3019	2066
3019	980
3019	4071
3019	2894
3019	3691
1579	3945
1579	3752
1579	651
3945	3752
3945	980
3945	2231
3945	4087
3945	2706
2723	3842
3842	3270
2406	4312
3493	206
3493	2375
2087	2114
324	1635
473	59
473	616
473	1169
473	1964
473	4116
2598	1121
725	3734
238	2824
3337	2363
3337	249
3337	1307
3337	3105
3337	2121
3337	1130
3337	2533
3337	4643
3337	295
3337	3680
4347	2561
4347	3611
4347	1391
4347	1845
4347	3425
2363	249
2363	1156
2363	934
2363	2890
2363	707
2363	1045
2363	1868
2363	551
2363	1144
2363	2051
2363	3425
2363	313
2363	4527
491	249
249	1156
249	1589
249	1951
249	4533
249	4678
249	1868
249	2848
249	4643
249	551
249	66
249	641
249	1542
249	1144
249	958
249	1502
249	2051
249	2239
249	2452
249	2681
249	2824
249	3802
249	3836
249	313
249	4527
412	2848
412	2982
412	3310
1723	4339
1723	1302
1723	3389
1723	1954
1723	4377
3350	1753
871	1496
1465	482
1465	1954
1465	691
1465	4451
1313	3444
1313	807
1203	206
482	707
482	2276
482	295
482	3061
1156	3105
1156	707
1156	2533
1156	295
1156	3569
1156	1205
1156	3739
934	707
934	1144
934	958
934	3061
934	313
21	66
1490	3734
3299	1619
3299	4249
3793	2600
3793	3606
474	3726
474	3973
1185	3023
1185	1286
1185	1270
2890	707
2890	2121
2890	2533
2890	2848
2890	66
2890	2051
2890	313
3895	2600
3895	1471
3895	685
3895	2378
3895	921
31	300
1677	300
300	1982
3635	3660
3635	1033
3635	3425
3635	3663
1617	825
1951	4678
1951	707
1951	1868
1951	2848
1951	4643
1951	551
1951	17
1951	295
1951	2178
3542	3708
3877	1753
786	887
786	1811
786	1957
1065	1399
1077	4595
4458	2165
2102	4573
4298	3583
4298	1863
4298	1269
4298	3780
4298	1435
4298	2931
4605	2274
4605	1453
4605	1281
4605	657
4605	3780
2274	657
2274	4571
1453	3312
1453	2306
1453	3787
1453	2378
3583	3312
3583	1455
3583	657
3312	1281
3312	1915
3312	2421
3312	3152
2139	3389
1504	2051
1504	3991
1504	4073
68	486
68	2848
68	2452
570	3571
570	562
570	2919
570	2688
570	869
570	1044
570	3432
570	289
570	685
570	4620
570	3573
570	255
570	828
570	1860
3571	1883
909	4500
909	922
1728	206
1728	1227
1728	2989
1728	289
1728	1267
1713	2989
1713	289
3282	3110
1554	30
1554	504
1554	661
1554	440
1554	3209
1554	3761
30	3284
30	3734
30	1050
30	3152
206	2989
206	289
206	1984
206	267
206	1001
206	2731
206	589
206	184
206	637
206	3229
562	4177
562	3284
562	289
1285	3954
1285	3444
135	3954
3954	3444
3954	2161
3719	313
16	1547
3443	1996
755	1550
755	3296
755	466
755	3425
39	3474
39	3390
39	3759
39	2580
39	962
544	3997
544	856
1276	782
127	4096
127	782
4189	1954
1264	3514
1264	1954
3606	2241
3606	2989
3606	3437
3606	4335
3606	1547
2835	1845
2835	1959
2835	3425
1281	3425
4482	1270
2577	626
3023	4674
3023	1369
3023	887
504	1182
504	4632
504	3024
504	2833
504	3198
504	2786
504	976
504	1270
504	1757
504	1780
4432	4533
4432	2864
2714	818
1883	3734
1883	2814
4674	1954
4674	4571
4674	3734
4674	3296
623	1269
623	4047
623	522
3315	3489
3315	4339
3315	2292
3315	1936
3315	685
3315	2375
3489	4339
3489	1347
3489	1338
3489	652
3489	962
510	2899
510	798
4339	2165
4339	3215
4339	2226
4339	976
4339	1501
4339	1957
4339	3680
1349	736
1349	2493
1349	233
1349	1033
1349	2000
1349	887
1349	3201
2656	3236
1347	1952
1347	1033
1347	1499
1347	2222
1347	685
1347	4620
1347	3641
1338	1915
1338	2226
736	3086
2899	798
1648	4065
4108	3668
3668	3744
882	979
882	685
882	268
882	4278
882	1183
1583	4043
1583	1094
1583	1550
3067	791
3402	3843
3402	480
1519	2255
2425	979
4312	3296
538	3720
202	3163
202	3734
202	1878
202	3918
202	2745
3139	2063
3139	1912
3441	4407
753	1094
753	1550
753	267
1454	4330
1454	3813
1454	3086
1454	906
1454	2171
4330	3086
2919	798
59	2401
59	3518
59	1267
2401	3518
2401	825
2401	2552
2493	3980
2493	233
2493	3173
2493	3734
2493	1153
3980	233
3980	1033
233	3473
96	4595
4113	1911
3182	3734
143	2731
3660	3514
3726	1001
107	4656
1102	3734
4018	2822
2906	3080
3236	3646
3236	4031
3236	160
3236	569
3236	1104
3236	4365
3236	3070
3236	2375
3236	3918
3236	4205
3236	1711
3236	2283
3236	2888
3236	3211
3236	3603
3236	3857
3236	3910
3236	4264
3236	3268
3236	2968
3236	3774
1917	4237
3444	267
4237	2894
1914	3518
3747	184
4177	1121
2098	3679
2098	828
539	3406
539	646
3390	1496
3390	247
3390	2937
3390	1547
3390	248
1496	3545
1496	1662
1496	3603
2862	1079
2292	1801
2292	3389
2292	4571
2292	58
2292	3296
1801	1269
4043	1307
4043	1550
4043	3470
3173	283
3173	699
3488	2114
152	3773
152	1964
152	1739
152	520
152	4354
4540	4284
4540	4191
4540	3679
4540	283
4284	4283
4284	4191
4284	3679
4284	4670
4283	1307
4191	4148
4191	2679
4191	652
4191	1911
4148	2124
4148	2377
4148	1040
4148	652
4148	4670
4148	856
2124	2377
2124	1040
2124	3679
2124	1307
2377	1040
2377	652
2377	1911
1040	652
1040	3253
1040	2327
765	4121
3679	4121
2679	2763
2679	4673
2679	4670
2679	4121
2763	4121
4673	4121
4673	3918
3843	240
3843	598
3843	2175
3843	3437
3843	3918
3843	2745
4604	4250
1051	602
1051	3941
4514	3736
1419	1455
1419	1220
1419	657
1419	616
1419	1058
1419	2680
1419	1033
1419	1499
1419	2249
1455	1220
1455	657
1455	616
1455	1058
1455	2680
1455	1033
1455	4122
1455	1499
1455	3425
3206	657
3206	616
3206	2680
3206	1499
1952	657
1952	2680
1952	1033
1952	1499
1952	515
1952	3780
1952	2699
1220	657
1220	616
1220	2680
1220	1033
657	616
657	1058
657	2680
657	1033
657	4122
657	1499
657	711
657	4343
657	784
657	881
657	990
616	1058
616	2680
616	1033
616	4122
616	1499
616	1954
1058	2680
1058	1033
1058	3780
652	4670
652	1307
652	3773
652	374
652	856
652	2787
4670	4121
4670	1307
4121	1442
4121	842
602	4595
602	1827
602	4327
602	4589
1606	3219
3082	1269
3082	17
3185	2754
3666	4595
2680	1033
2680	4122
2680	1499
1033	4122
1033	1499
1033	1269
1033	3503
1033	1954
1033	4047
1033	3117
1033	3556
4122	2114
4122	3828
1499	3780
1499	326
711	4000
2291	3545
1985	3425
4017	936
4017	1731
489	936
489	1731
489	3734
936	1731
936	4031
936	4087
936	3734
1731	4031
1731	4087
1731	3734
3514	2833
4031	3734
4066	4595
501	1442
501	2175
1442	3341
1442	2207
3284	289
3284	3437
1307	3779
1307	2582
1307	699
1307	1706
1307	1875
1307	2756
1307	4317
1307	4593
1646	3253
700	3428
2306	835
943	3734
835	979
835	3117
4500	1878
598	2175
1597	3734
2000	4595
4533	707
4533	2121
4533	2533
4533	295
1240	1337
1635	3473
1635	4075
4488	3086
4488	3296
4488	1100
661	4343
661	2879
661	929
661	958
661	1651
661	1890
661	2403
661	4219
661	4261
661	4264
2659	4047
2020	3475
2020	3883
4276	3662
1302	71
2196	1954
2999	1637
2999	2165
2999	4572
2999	3346
3034	1540
3034	825
3034	1924
3813	3086
3813	298
3086	906
3086	2171
3086	1665
3086	2895
3086	1954
3086	1397
3086	3774
2192	2895
906	298
3800	1366
1366	1584
1366	3794
1366	1397
2165	4572
3105	2730
3105	295
3105	2821
1665	28
1665	3475
2895	2016
2895	2722
133	913
1540	825
3389	2955
3389	60
3389	4383
3389	2375
3389	1078
3389	2731
3389	4278
3389	2631
3389	4205
3389	184
3215	2989
3215	3437
2955	60
2955	4383
60	4383
4383	283
1269	675
1269	283
1269	10
1269	58
1269	4499
1269	197
1269	301
1269	362
1269	926
1269	957
1269	958
1269	1243
1269	1267
1269	1458
1269	1492
1269	1892
1269	2798
1269	4268
1269	4318
1269	4322
2035	4427
2035	58
2035	2580
2766	247
2766	487
2766	2099
2766	3547
2016	2421
160	1706
4678	2121
4678	295
4678	1502
4678	2703
420	1547
1515	326
1515	901
2241	1337
2241	1811
2241	1860
4071	979
4647	3437
271	2943
271	283
4054	1333
128	347
128	689
2188	3839
707	1868
707	2848
707	4643
707	1144
707	958
707	2051
707	2452
707	313
2934	979
2934	2226
247	487
247	3734
247	685
247	628
247	3198
247	2552
247	3547
3024	3520
3024	3998
3024	1270
3773	1094
3773	374
3773	3611
3773	1878
3773	1687
1620	1094
1620	1550
1620	887
3788	1094
569	3868
569	1811
569	3068
3598	1954
3598	3425
3615	3636
3615	3663
1044	589
3718	522
979	685
979	268
979	4278
979	1183
979	828
979	957
979	2382
979	3535
979	3826
3503	2008
578	3425
1104	3274
1104	743
1104	4380
1954	2989
1954	4571
1954	2842
1954	1294
1954	2375
1954	3229
1954	3080
351	3425
1227	2989
1227	289
1227	3110
1227	3732
1369	881
1369	3432
1369	2597
1369	2223
1369	3998
1369	1759
2940	2888
3937	3432
3937	4273
2989	2842
2989	3437
2989	2522
2989	1890
2989	3411
2989	4542
4571	4047
4571	1371
4571	2850
1121	3734
1121	347
1121	589
1121	3860
1121	524
28	1089
784	3734
1094	1550
1094	4354
1094	3611
1094	2226
1094	3409
1550	2505
1550	3561
2894	1143
2894	1752
4324	4595
2121	1868
2121	2848
2121	66
2121	1542
2121	1144
2121	2051
2121	313
2121	4527
3418	3845
487	3547
4603	1050
908	3734
908	3110
3845	3734
3845	3296
3845	3590
1936	3425
2833	887
2561	3734
2561	3296
2842	3166
2842	2223
881	3734
881	2223
881	1177
3432	2223
3432	1759
3432	3018
3124	3166
3124	522
2048	4244
3978	3657
4427	3471
4427	58
4427	2580
1298	3915
1130	1183
1130	1957
1619	3918
1619	913
4023	1032
4023	2916
4023	4595
4023	856
1337	3734
1337	1986
1337	283
1337	1270
2916	1547
2916	2017
1964	1739
1964	374
1964	326
1964	2283
1739	374
1739	4354
1739	3611
374	520
374	4354
374	3611
374	1547
520	3611
2937	3734
2937	3296
2937	169
1537	4300
1537	734
1537	2161
440	3437
3734	3437
3734	2249
3734	2309
3734	1811
3734	1771
3734	1950
3734	2017
3734	1001
3734	3269
3734	1078
3734	717
3734	1371
3734	1210
3734	1674
3734	2421
3734	2434
3734	2888
3734	3037
3734	3134
3734	3152
3734	3511
3734	3627
3734	3908
3734	3547
2814	524
946	3296
946	1270
1986	3068
2879	515
2222	4047
2222	4573
4354	3611
3611	3132
3611	3164
3475	2067
2086	3296
1984	3780
3359	842
3166	807
2533	1868
2533	551
2533	1542
2533	1144
2533	958
2533	2051
2533	2239
2533	313
2207	3680
4047	2731
4047	957
4047	1256
4047	3425
4047	3826
3437	3110
3437	2735
418	2226
1479	1144
1479	205
108	981
2910	4595
4595	4116
4595	3450
4595	1572
4595	4062
4595	605
4595	931
4595	1401
4595	1825
4595	1891
4595	1893
4595	1927
4595	1928
4595	3028
4595	3327
4595	3476
4595	3584
4595	3963
4595	4092
4595	4233
4595	1397
3780	3450
3780	267
3780	1001
3780	637
3780	825
4502	861
861	283
861	4251
283	2284
4348	1262
10	2255
1660	842
58	2580
58	2226
823	1144
4279	1253
842	2017
1050	913
1050	4380
486	2540
2276	3682
2276	3061
2276	1205
2276	4527
856	3318
856	1878
856	326
856	1547
856	3520
856	921
3318	1878
3318	326
3318	1547
3318	3512
3318	3520
1878	326
1878	1547
1878	3512
1878	3520
1878	4418
1878	2745
326	1547
326	3520
326	887
326	921
326	184
1547	3512
1547	3520
3160	2325
4418	1709
887	2395
887	4205
887	4273
3296	1771
3296	1950
3296	2375
3296	2593
3296	3860
3296	2631
3296	717
3296	1371
3296	166
3296	524
3296	1411
3296	1875
3296	1845
3296	1957
3296	2099
3296	2421
3296	2434
3296	3425
3296	3511
962	4573
962	2223
962	2780
962	921
962	4451
264	1688
264	4116
264	4328
1688	4116
4116	3425
685	268
685	1183
685	3145
685	3828
4499	2848
4499	1144
4499	4527
4522	825
1771	3680
2375	267
2375	2356
4251	712
4251	2311
712	2311
712	65
216	3774
1089	2758
1089	752
1089	295
1089	3358
1868	4337
1868	295
1868	1502
1868	3569
3801	3918
2751	3918
2751	4656
3691	3682
3918	3517
298	3755
2395	2695
2395	3663
2695	1957
2695	3663
2848	1144
2848	17
2848	295
2848	1502
2848	2051
2848	3774
4643	295
4643	1502
4643	2051
4643	3109
4235	66
267	3537
267	384
267	913
267	2240
267	3425
267	3531
3269	4478
1078	2378
1078	3425
384	3074
551	295
551	958
551	1117
551	2051
551	3150
551	4527
3219	1623
3219	3326
2731	798
2731	1286
2731	2226
3117	4325
1286	1397
2226	689
2226	3826
3573	2378
3573	813
3573	2517
3573	3828
4129	1875
1689	4491
689	767
66	295
66	1175
66	2823
66	2722
66	3248
3860	747
3198	1270
976	1270
1270	1757
1270	1516
1270	2373
1147	1153
1147	1524
1147	3657
3634	1542
1153	2614
1153	3073
4112	3192
4112	2722
599	791
641	1205
913	782
1704	2421
4560	1183
1980	4337
268	2631
4278	1183
2631	1183
1183	3425
2745	2378
3192	791
3192	3561
2758	1100
2758	752
2758	3080
1100	752
1100	921
1100	3080
752	3080
1542	1631
1542	295
3782	4575
1144	295
1144	3915
2378	3061
17	2239
2067	4380
1852	3662
921	3229
921	3662
158	2327
236	1335
295	958
295	2051
295	2452
295	2681
295	2824
295	3061
295	313
295	4527
295	4536
295	205
367	1129
402	727
2864	3425
461	3176
466	3072
480	3401
548	1956
548	2051
558	1668
588	1023
608	3134
613	691
656	2622
762	3201
818	4575
825	1358
825	1957
825	3425
828	2161
829	2434
901	2284
915	2327
931	1120
958	2051
977	2189
1011	1262
1017	2327
1047	1777
1073	1262
1079	3005
1117	313
1243	2968
1329	2356
1333	1397
1399	3155
1402	3147
1409	4301
1446	3870
1467	4521
1494	3915
1502	2051
1502	2681
1502	4527
1584	4394
1584	3821
1584	1397
1584	1621
1584	3663
1636	4157
1662	3134
1947	2131
1947	3853
1957	3425
1958	3061
2051	3150
2051	3915
2051	313
2051	4527
2058	3547
2059	3738
3794	3821
3794	1397
3794	1621
3794	3663
3794	3080
2189	3627
2229	2968
2239	3248
2421	3025
2449	3908
2456	3662
2516	3662
2614	3657
2781	3425
2790	2903
2790	3061
2799	3229
3556	3425
3425	3511
3425	4536
2863	3397
2865	3908
2970	3662
3037	3229
3100	3662
3183	3209
3277	3662
3351	4491
1205	4527
3680	3826
3907	3908
3915	4527
4510	1397
1023	2735
3154	3844
3734	3844
3296	3844
2635	3699
937	137
3389	2896
3780	2896
4148	358
652	358
3253	358
2138	2655
4074	2655
1858	1239
1601	1239
1753	1239
4073	1239
947	2976
4595	2976
3573	2976
2493	91
3389	91
1601	1122
3737	3115
4034	3115
1347	3115
59	3115
3980	3115
3389	3115
3918	3115
2114	3115
3080	3115
2335	1398
328	1398
3799	1398
3129	1398
2866	1398
2277	1398
1385	1398
4212	1398
430	1398
4170	1398
1948	1398
4127	1398
3023	1398
3390	1398
1307	1398
4302	1398
3779	1398
1153	1398
3145	1398
206	3434
4612	4132
4450	4132
473	4132
510	4132
4571	4132
3520	4132
3296	4132
931	4132
3591	4132
4564	4132
4593	4132
206	1822
4595	1822
1432	3974
49	3974
4212	3974
3687	3974
334	3974
1466	3974
4070	3974
569	3974
679	3572
3643	3572
2948	3572
2715	3572
1110	3572
3980	3572
1401	3572
620	1655
1314	1655
3780	1655
206	2524
4003	3555
4545	3193
3379	3193
72	3193
2023	793
3389	793
1866	1487
1269	2144
4494	428
4548	428
1700	428
4041	428
488	428
1400	428
430	428
3502	428
2363	428
249	428
934	428
1951	428
68	428
4678	428
707	428
2121	428
2533	428
4499	428
17	428
295	428
3150	428
4087	1412
562	4045
3209	4045
696	2958
3389	2958
2378	2958
38	2174
1063	2174
3503	2174
3998	2174
2366	679
102	679
1063	679
518	679
4674	679
3734	679
3437	679
3998	679
4612	4281
206	4281
3780	4281
1951	4307
1176	1263
1601	1263
4595	1263
4521	1263
2489	3704
488	3628
249	3628
2533	3628
295	3628
2051	3628
205	3628
1193	253
1930	253
1613	253
1700	253
488	253
3502	253
3337	253
249	253
1156	253
1951	253
4533	253
2848	253
4643	253
551	253
1144	253
295	253
958	253
2051	253
3061	253
4527	253
1193	4494
191	4494
2420	4494
1613	4494
1700	4494
3502	4494
482	4494
1156	4494
2292	4494
4533	4494
4678	4494
1144	4494
2051	4494
313	4494
4527	4494
249	364
1269	364
2117	4008
3657	4008
3236	1407
2584	1841
3019	3275
3245	3275
2566	337
2913	337
250	337
4231	337
1033	337
2646	1581
3875	354
4216	2973
2952	2973
2584	2973
2071	2973
1441	2973
1355	2973
1692	2973
2952	4216
2584	4216
2071	4216
1441	4216
2584	2952
2071	2952
3312	2952
1540	404
962	404
1869	4470
2290	4470
4112	4470
791	4470
4408	1869
2078	1869
4112	1869
179	1909
2287	3664
2030	3664
2866	3664
3214	3664
2504	3664
1815	3664
1764	3664
4326	3664
852	3664
3779	3664
3611	3664
1326	2142
3670	4675
1930	4675
1700	4675
488	4675
249	4675
4643	4675
2051	4675
3417	2868
206	287
3688	287
706	287
2575	2160
3880	2160
356	2160
3880	2575
356	2575
356	3880
2030	3880
3214	3880
1620	3880
3299	356
3236	356
1984	356
3061	356
3621	356
3431	1940
230	1940
1948	1940
567	1940
429	499
3212	499
249	3866
544	3866
2533	3866
295	3866
739	649
1692	649
3734	3952
553	2341
3734	1944
3780	1944
553	862
3378	862
529	1018
2278	824
3477	824
2003	824
2401	824
1058	824
1499	824
4500	824
922	824
1845	824
3425	824
3991	1575
1269	370
1179	370
562	1053
1385	2335
4212	2335
1640	2335
897	2335
842	2335
2017	2335
1613	4680
760	4680
4041	4680
249	4680
295	4680
1117	4680
3003	4680
2030	619
1809	619
3741	619
1933	619
139	619
2385	619
4005	619
1898	619
2615	619
3635	619
1271	619
2237	619
921	619
635	619
1049	619
1062	619
2083	619
4029	619
4545	805
1539	805
1308	805
2620	805
386	805
62	3431
3824	3431
458	3431
567	3431
4070	3431
1554	3431
1347	3431
59	3431
4121	3431
3024	3431
2451	3431
87	2362
2166	2362
2292	2362
1801	2362
3488	2362
3438	2362
413	3599
2805	2606
3170	4598
2124	4598
652	4598
828	4598
1600	4669
1750	4669
1863	4669
1153	4669
3657	4669
1933	269
1269	269
685	269
1600	3208
1750	3208
4607	3208
2805	3208
2566	3208
1966	3208
3767	3208
246	3208
1640	3208
1279	3208
1309	3208
2254	3208
4207	3208
1898	3208
1948	3208
4454	3208
3650	3208
1749	3208
900	3208
2363	3208
30	3208
3660	3208
2098	3208
2299	3208
3296	3208
962	3208
921	3208
2865	3208
2957	3208
3436	3208
4380	3208
4443	3208
3778	1432
3900	1432
2945	1432
1338	1432
1445	1432
2020	1432
4522	1432
3331	1600
4454	629
3019	629
1445	629
2299	629
3209	629
112	3017
2030	2407
2536	4532
4548	3306
2536	3306
2578	3306
2536	4548
4595	4548
950	2536
2578	2536
683	2536
1	2536
3236	2536
3828	2536
2578	950
4678	4089
4595	4089
1930	2567
2420	2567
249	441
1269	441
3351	441
205	441
2420	3670
1700	3670
488	3670
2363	3670
249	3670
707	3670
2121	3670
1045	3670
2533	3670
551	3670
295	3670
1502	3670
2051	3670
313	3670
4612	4621
1193	2219
1089	2219
766	217
707	217
2438	217
1700	766
249	766
707	766
295	766
3222	2818
1645	2818
2557	2106
206	2106
4668	2287
4170	2287
1044	2287
1689	2287
3145	2287
2243	2287
3992	1343
2138	2136
1314	2136
3154	2136
2208	2136
3734	2136
4595	2136
2395	2136
2695	2136
3663	2136
1269	50
38	328
2389	328
4170	328
1637	328
807	328
1177	328
102	4408
1877	4408
3547	4408
2933	2111
1454	2111
4330	2111
4488	2111
3813	2111
2192	2111
906	2111
2171	2111
2895	2111
66	2111
2295	4660
238	3304
553	951
458	951
1309	951
504	951
2368	3900
2955	3900
1767	2509
553	2509
979	2509
1049	2509
3734	2315
3318	2315
3296	2315
1280	2315
1709	2315
3662	2315
4554	1353
633	1353
745	1353
733	1353
753	1353
1550	1353
738	1353
3734	1353
108	1353
4348	1353
2131	1353
4090	4487
458	4487
3638	4487
504	4487
1270	4487
3327	2460
3154	1451
2862	1451
3734	1451
548	1451
3129	3799
748	3799
430	3799
4127	3799
2842	3799
1314	3770
2030	2933
3379	2933
1454	2933
4330	2933
4488	2933
3813	2933
3086	2933
2192	2933
906	2933
2171	2933
2895	2933
2237	2933
1397	2933
3707	596
947	596
4363	596
1369	596
4595	596
1177	596
2058	596
390	2887
652	2887
2035	2887
4427	2887
58	2887
2580	2887
476	721
2366	4384
3222	4384
3437	4574
3638	3967
3023	3967
1270	3967
2938	1386
488	1386
249	1386
1504	1386
691	4046
2245	1596
1625	1596
2888	1596
518	3872
966	4088
504	4088
626	4088
3147	498
1314	1384
3063	1384
1938	1870
3006	1870
2108	1870
3635	1870
935	1870
1952	1870
657	1870
616	1870
2680	1870
1033	1870
1957	1870
3511	1870
2512	422
4618	422
112	422
2098	422
2188	422
4595	422
1270	422
35	492
2035	492
3477	3129
2842	3129
3166	3129
1472	3129
4056	4254
625	4254
3824	4254
4066	4254
4571	4254
1847	4254
3782	4254
1893	4254
2532	4254
2957	4254
3908	4254
3379	3159
185	3159
413	1684
818	1684
2030	1336
4404	2030
780	2030
1436	2030
1629	2030
3251	2030
3336	2030
2391	2030
1475	2030
2402	2030
4170	2030
1639	2030
4454	2030
3650	2030
2363	2030
2145	2030
4240	2030
1490	2030
3312	2030
1486	2030
1606	2030
4436	2030
489	2030
1832	2030
1307	2030
2306	2030
2955	2030
4365	2030
1050	2030
712	2030
2981	2030
551	2030
1542	2030
1631	2030
566	2030
656	2030
762	2030
970	2030
1373	2030
1678	2030
1743	2030
1927	2030
2869	2030
2960	2030
3532	2030
3662	2030
4073	2030
4510	2030
2703	2030
3379	1055
2064	2537
191	1193
2420	1193
4041	1193
488	1193
1400	1193
3562	1193
2363	1193
249	1193
482	1193
707	1193
2121	1193
2533	1193
4499	1193
66	1193
295	1193
1502	1193
2051	1193
3150	1193
4157	1193
4286	1193
1171	4404
173	4404
3154	4404
1764	4404
3734	4404
3296	4404
1373	4404
3154	4457
606	4457
260	4457
4465	4457
3334	4457
1063	4457
3785	4457
1349	4457
3284	4457
908	4457
3734	4457
3437	4457
1767	2485
3417	2485
969	2485
2254	2485
2638	2485
3417	1767
4336	1767
1168	3714
2171	3714
3598	3714
946	3714
3573	3714
2471	4485
570	4485
2504	261
4595	2729
2078	1344
4339	1344
1271	3374
1551	2221
1461	2221
2355	2221
786	2221
3023	2221
2955	2221
2833	2221
326	2221
887	2221
1270	2221
4205	2221
1551	2282
1461	2282
786	2282
3023	2282
1349	2282
2833	2282
326	2282
1270	2282
4205	2282
3425	2282
1551	2489
3023	2489
2833	2489
326	2489
3425	2489
3368	2360
38	2278
4122	2278
3236	2959
2023	2500
4336	2500
1118	2500
4243	2500
1952	2500
1044	2500
893	2500
589	2500
3573	2500
1957	2500
4094	2500
1223	3040
3680	3040
1966	2023
1981	2023
1118	2023
1511	2023
271	2023
2989	2023
3432	2023
2223	2023
1980	2023
1729	63
3296	63
685	63
2071	2584
1441	2584
1461	2584
4618	1551
2644	1551
1528	1551
2294	1551
4429	1551
814	1551
887	1551
1441	2071
1461	2071
4618	2071
1171	2071
1337	2071
922	2071
2389	38
3163	38
1637	38
3598	38
1875	38
2277	3120
4108	3120
3668	3120
3444	3120
271	3120
348	3120
2838	3120
1370	771
645	771
3773	771
979	771
2226	771
2463	857
4047	857
2140	529
3895	529
4500	529
4354	529
3611	529
856	529
1878	529
1547	529
4116	529
2378	529
330	3091
4090	3091
99	3091
1170	3091
1460	330
1170	330
645	1370
4071	1370
2934	1370
979	1370
553	645
4090	645
2948	645
3170	645
2979	645
1724	645
3635	645
544	645
835	645
4071	645
2934	645
979	645
4522	645
957	645
2382	645
2974	645
939	645
1461	3345
2129	3345
3154	3345
3723	3345
1369	3345
3734	3345
901	3345
3662	3345
668	553
1168	553
3140	553
99	553
2979	553
1724	553
755	553
2596	553
3679	553
4488	553
4047	553
267	553
2226	553
500	553
3891	553
4618	1461
663	1461
2644	1461
3573	1461
652	4495
1314	2962
2612	2962
2746	2962
900	2962
39	2962
3390	2962
652	2962
3759	2962
2580	2962
613	2962
3779	1485
2138	1340
4074	1340
4269	1340
366	1340
2745	1340
3533	392
2366	392
814	392
1347	392
2175	392
1269	392
2299	392
2993	392
3771	392
2003	3737
3209	2352
2138	1975
4090	1975
4034	1975
3767	1975
1314	1975
1640	1975
3692	1975
4187	1975
3723	1975
3638	1975
3514	1975
1986	1975
3229	4048
3662	4048
1829	4048
4074	2138
1010	2138
3560	2138
897	2138
3692	2138
3824	2138
816	2138
2875	2138
3638	2138
1206	2138
900	2138
3299	2138
3793	2138
3023	2138
3843	2138
3514	2138
1646	2138
3024	2138
1550	2138
1619	2138
1337	2138
1747	2138
1986	2138
2340	2138
1542	2138
1272	2138
1023	2138
1010	4074
1619	4074
1337	4074
1747	4074
3444	2978
1294	4618
2226	4618
1959	4618
3867	4618
1280	3036
430	2964
365	2964
211	2964
1554	2964
30	2964
3284	2964
4603	2964
1050	2964
2389	37
2544	37
4231	37
2842	37
3641	37
4334	37
900	4217
3390	4217
1496	4217
856	4217
2716	3290
3619	3290
2947	3290
2003	3290
3627	3290
4645	2716
4306	3762
2597	3762
3214	2866
2277	2866
4090	2866
4170	2866
2919	2866
3236	2866
3389	2866
3296	2866
1750	1630
2895	1630
4607	1750
1510	1750
1417	1750
1749	1750
3813	1750
2895	1750
4292	1750
962	1750
3657	1750
3870	1750
1397	1750
3126	4607
1579	4607
4674	4607
2895	4607
2223	4607
1572	4607
1980	4607
3473	4607
4277	4607
2504	3631
1749	1463
3236	1463
3379	119
4674	119
3389	119
4571	119
3296	119
3690	3847
1365	732
3690	1930
2420	1930
4041	1930
488	1930
1889	1930
2363	1930
249	1930
1951	1930
707	1930
2121	1930
2533	1930
4643	1930
551	1930
65	1930
295	1930
1502	1930
2051	1930
3506	1930
3915	1930
313	1930
3339	2905
4116	3342
592	1605
66	2194
969	592
4339	2707
881	2707
2493	2527
3425	2527
2846	2463
3843	2463
2504	3873
2305	3873
3732	3873
418	2400
2226	2400
1613	3690
4041	3690
2026	3690
249	3690
295	3690
3662	1809
979	3214
283	3214
4348	3214
2544	3612
1302	3612
2420	191
4041	191
2026	191
488	191
3575	191
3502	191
2432	191
249	191
934	191
2890	191
1951	191
4678	191
707	191
2121	191
2533	191
551	191
17	191
295	191
2864	191
958	191
1502	191
2051	191
4527	191
3931	3769
489	3769
936	3769
1731	3769
4031	3769
4087	3769
3734	3769
2268	3769
1781	523
1981	523
4240	523
3315	523
1597	523
1369	523
2751	523
608	523
774	523
2628	523
3170	3380
1253	3380
3801	3380
1262	3380
1724	4554
979	3417
442	4336
250	4336
969	4336
250	3181
548	845
2731	3331
3734	1725
4418	2639
1674	2639
570	3812
30	1881
1690	1881
3850	1483
3864	3287
2016	2474
3086	4056
4595	4056
3645	1061
1812	1061
1729	2277
112	2277
3668	2277
2292	2277
3389	2277
1640	1781
2401	1781
3389	1781
1337	1781
3734	1781
2473	1781
3296	1781
3965	4078
881	2805
1001	2805
4229	3300
3786	2262
2409	2263
3829	2258
2094	4612
1532	4612
4191	4612
4267	1729
3895	1729
657	1729
1033	1729
4122	1729
4354	1729
685	1729
267	1729
2614	1729
3209	1729
102	4410
632	4169
1579	4169
1871	4169
668	4024
884	4024
1154	4024
2366	4024
102	4024
3222	4024
1295	4024
1020	4024
3379	4024
3082	4024
1496	1320
2226	1320
2552	1320
3910	1320
4090	1945
2245	1945
2103	1945
206	1945
3780	1945
3425	2607
1510	12
3843	12
1981	3522
1395	3522
1154	668
2366	668
102	668
518	668
3895	668
1307	668
1269	668
3425	668
550	2629
139	4090
3692	4090
3824	4090
2704	4090
99	4090
1170	4090
4481	4090
1540	4090
979	4090
1954	4090
1986	4090
963	4090
1984	4090
2378	4090
786	1938
4537	1938
2161	1938
1728	4591
206	4591
2989	4591
4243	2566
1279	2566
237	2566
1181	2566
249	2566
3432	2566
1656	2566
325	2566
381	2566
670	2566
1187	2566
1272	2566
1303	2566
1681	2566
2957	2566
93	4358
3734	4358
3296	4358
2998	3931
4017	3931
489	3931
936	3931
1731	3931
4031	3931
4087	3931
3734	3931
2783	1039
1510	2244
4667	1355
3635	1355
4177	1355
4604	1355
4500	1355
3734	1355
3296	1355
2189	1355
3603	1355
4244	1355
897	4034
2206	4034
23	4034
3638	4034
1546	4034
474	4034
2378	2825
4540	2734
4284	2734
4121	2734
128	2734
657	780
58	780
1455	932
1288	779
632	2343
3734	2343
396	4659
820	4659
3793	4659
1271	4659
3425	4659
820	396
3560	396
3793	396
3793	820
962	4667
4244	4667
206	2839
3573	2796
3723	2830
3638	2830
1986	2830
3529	4545
1366	4545
1397	4545
2345	620
4530	620
696	620
190	620
4339	620
1349	620
1307	620
3056	620
4278	620
769	620
1391	620
3511	620
4479	1510
1309	1510
2406	1510
2680	1510
292	1510
1183	1510
683	2784
2064	2784
1369	2784
3432	2784
1382	2504
662	2504
4007	2504
777	2504
2438	2504
3042	2504
3708	2726
2294	884
3767	1168
14	1168
2183	1168
522	1168
3425	1168
3817	2044
3477	49
1293	49
257	49
1341	49
856	3052
3154	309
3734	309
3296	309
1304	1352
3516	1926
3379	1926
4014	3111
2469	4101
1951	4101
2129	1436
3403	1436
969	1230
1595	1154
102	1154
3082	1154
133	1154
1747	1154
2937	1154
3734	1154
3296	1154
4244	1154
3779	121
486	121
2374	3499
1954	2094
2226	3840
1898	757
4409	757
3479	757
3822	757
372	757
2688	757
2181	757
4323	3767
3216	3767
3692	3767
4326	3767
550	3767
4042	3767
1723	3767
3023	3767
2981	3767
2378	3767
1023	3767
2493	4142
3980	4142
233	4142
2026	2420
488	2420
3502	2420
2148	2420
249	2420
1504	2420
2121	2420
2533	2420
1868	2420
551	2420
295	2420
958	2420
2051	2420
4398	4386
2089	4386
2653	4386
2089	4398
1269	1123
3615	1127
1700	1613
56	1613
4041	1613
2026	1613
488	1613
3502	1613
2363	1613
249	1613
1156	1613
657	1613
4488	1613
3034	1613
2192	1613
707	1613
2121	1613
2533	1613
551	1613
295	1613
810	1613
1502	1613
2051	1613
4041	2938
1400	2938
2543	2938
2120	2938
1156	2938
160	2938
2276	2938
295	2938
4446	2938
4527	2938
313	760
3393	3655
2064	3655
4170	3655
4454	3655
1369	3655
881	3655
3687	2078
3023	2078
1496	2078
1169	2078
2179	2078
4170	669
2963	669
4212	1385
2017	1385
3675	1385
1700	1798
1889	1798
794	1798
3826	1798
206	2397
3780	2397
1460	1700
4041	1700
488	1700
3502	1700
992	1700
814	1700
2363	1700
249	1700
1156	1700
707	1700
2121	1700
2828	1700
2533	1700
2848	1700
551	1700
66	1700
295	1700
1502	1700
2051	1700
3150	1700
3915	1700
313	1700
4527	1700
3105	3251
3389	3251
608	3251
205	1992
3456	2092
3236	2092
748	3343
504	3343
3034	3343
2026	4041
3502	4041
1810	4041
580	4041
3337	4041
1951	4041
4533	4041
4678	4041
1868	4041
2848	4041
4643	4041
551	4041
1542	4041
1144	4041
958	4041
2051	4041
2452	4041
313	4041
4527	4041
205	4041
488	2026
68	2026
1868	2026
295	2026
2861	1505
249	1505
2017	4212
3675	4212
931	4212
3216	1010
3566	1010
577	1010
1465	1010
504	1010
1023	1010
1789	1733
814	1733
4005	3112
3465	4052
3977	4052
2999	246
1637	246
2165	246
4572	246
361	4267
1831	2117
4005	3529
2891	3529
2048	3529
3296	3529
2685	3687
3477	3687
3173	3687
768	3687
102	2389
4339	2389
1033	2389
3734	2389
3573	2389
1155	2389
2140	4497
1295	2387
3734	4576
1269	4319
3502	488
1810	488
2014	488
2435	488
1889	488
413	488
580	488
1080	488
1506	488
2363	488
1156	488
934	488
2890	488
4066	488
4533	488
1868	488
2848	488
4643	488
551	488
1144	488
958	488
2051	488
2239	488
313	488
4527	488
249	484
2276	484
1502	484
1862	3589
3638	3589
2368	3589
1264	3589
3067	3589
2395	3589
3212	3589
334	1400
3945	1400
3337	1400
2363	1400
1868	1400
2848	1400
4643	1400
313	1400
4527	1400
2703	1400
3379	1961
4595	1961
3296	1961
1314	827
202	827
4674	1140
3378	3643
478	2861
1089	2861
295	2861
66	3039
1399	3039
2822	3039
1205	3039
1119	2741
478	2741
3061	3902
1601	4316
3734	429
4595	429
3009	429
1293	334
1220	334
1080	1322
2274	1322
1269	1322
958	1322
3315	4525
3561	4525
846	35
1952	35
2375	35
1860	35
3867	35
230	34
550	34
2241	34
1737	34
3425	34
3061	34
3212	34
430	29
4539	430
1889	430
3817	430
3379	430
1326	430
4042	430
16	430
1708	430
3634	430
136	430
2761	430
3637	430
661	1786
1269	4631
372	1979
3236	3693
1382	2926
1863	1815
58	836
2229	836
3734	1654
1688	1654
1964	311
2366	3530
1269	180
4170	2936
1499	4512
1964	4512
1739	4512
374	4512
4354	4512
4595	4512
1547	4512
249	2774
707	2774
295	2774
1502	2774
205	2774
2363	3502
249	3502
707	3502
2121	3502
1169	3502
2533	3502
4499	3502
2848	3502
4643	3502
551	3502
295	3502
2051	3502
3150	3502
2354	2251
886	1223
102	1223
4017	1223
3432	1223
3296	1223
3796	886
4502	886
1347	1422
578	1422
3477	937
1728	937
206	937
3198	937
420	1862
374	1862
856	1862
1547	1862
2017	1862
3508	1862
4201	1862
3741	4378
1295	3741
3444	3741
206	4125
4676	1176
3069	1176
102	4668
2378	4668
2366	4308
3216	710
3379	1315
1366	1315
3166	1315
1397	1315
1621	1315
3080	1315
1442	2462
66	2469
702	3533
1547	3533
3337	694
66	694
3547	1981
991	442
3379	442
685	442
248	442
2122	442
1634	442
1726	3707
3038	3707
2963	2210
3145	2210
3444	1118
881	1118
3379	2945
3236	2945
2947	3249
1094	3249
4595	1151
3580	1314
2064	1314
2302	1314
2612	1314
1546	1314
2746	1314
2979	1314
39	1314
753	1314
4276	1314
3215	1314
3978	1314
4502	1314
2580	1314
244	1314
4203	1314
4347	3580
2620	702
3379	1292
3734	1292
1902	1292
1601	1235
1094	1235
3734	1235
2057	1304
2294	1304
2544	1304
3813	1304
906	1304
99	676
3432	676
4595	676
4128	1119
249	1119
707	1119
295	1119
1219	1933
3166	1933
2226	1933
258	1933
1916	1933
3397	1933
3619	1219
609	2685
1640	1128
206	262
3780	262
3212	262
3389	438
1371	4366
2189	4366
2393	4366
3627	4366
3154	4172
1209	4172
691	4172
1789	3336
4019	3336
3679	3336
4500	1789
1619	1789
475	1789
1821	1789
278	1601
390	1601
4243	1601
62	1601
2840	1601
4333	1601
4463	1601
2765	1601
1240	1601
1269	1601
1337	1601
4279	1601
1253	1601
2378	1601
5	1601
1852	1601
921	1601
723	1601
2156	1601
3907	1601
4277	1601
2948	3102
4339	3102
4451	3102
440	3075
3641	3075
173	1640
2166	1640
2544	1640
1202	1640
1308	1640
3456	1640
1185	1640
2765	1640
2375	1640
3640	1640
4449	1640
1023	1640
2735	1640
2646	3560
3638	3560
1308	3560
3734	3560
1986	3560
3296	3560
3212	3560
2843	4323
390	4323
99	4323
3564	3808
1829	3808
3780	3020
3296	3020
947	3608
3977	3608
1900	3608
522	3608
1528	947
3977	947
844	947
3432	947
230	106
3334	106
3437	106
4502	106
1425	106
102	3495
390	2843
4488	1810
707	1810
2533	1810
295	1810
3097	1810
4057	87
1270	87
897	4057
4468	2481
3734	1248
689	1248
3924	3233
3033	3233
3997	3233
3378	462
2120	863
3734	863
2814	863
3318	863
3296	863
1264	638
911	2499
2409	2499
2895	2499
1347	1252
2401	1252
2195	1609
2766	1609
247	1609
487	1609
3547	1609
2766	2195
247	2195
487	2195
3547	2195
3734	4676
3296	4676
3154	1195
4405	1195
1964	1195
3734	1195
3296	1195
3295	834
652	834
3734	834
1121	2345
3734	1037
3033	3924
2661	3033
4339	3033
1169	3033
1494	3033
3407	4003
2620	4003
3379	4003
3390	4003
1496	4003
4269	3367
3619	2948
979	2948
2226	2948
1898	3477
3977	3477
3877	3477
1753	3477
623	3477
2659	3477
4071	3477
3166	3477
4047	3477
606	3559
518	3559
30	3559
3284	3559
289	3559
4671	4269
3284	4269
1646	4269
247	4269
2107	4269
3692	2644
1171	390
4605	390
1455	390
1220	390
616	390
1058	390
1033	390
4122	390
1499	390
2947	2846
3379	2846
1749	2846
3980	2846
4047	2846
861	2846
3641	2846
3722	4044
3379	4044
3312	4044
127	4044
3734	4044
3296	4044
3836	2391
3236	478
661	478
2325	478
3824	897
909	897
3390	897
4673	897
4121	897
1619	897
3437	897
504	82
3272	4243
1000	4243
3779	4243
3734	4243
3296	4243
1269	1456
3261	3833
249	2014
707	2014
2038	2014
3105	2013
4170	992
2891	992
1347	992
1307	992
1269	992
3615	992
4170	991
3837	991
249	991
2891	991
2401	991
4062	991
1494	991
2944	2432
4678	2432
295	2432
2051	2432
295	2435
206	1171
1033	1171
3556	1171
3379	2270
2472	2443
4429	3619
14	3619
1954	3619
1130	3619
3425	3619
3236	1374
4595	1374
1279	2913
3209	2913
2653	2089
3379	2089
206	139
3780	139
2888	139
1110	3161
1954	3161
1281	419
3154	2108
3723	2108
1594	2108
623	2108
1337	2108
3734	2108
3212	2108
3723	3216
206	3216
856	3216
3998	3216
3212	3216
887	2355
1728	497
969	250
2547	250
1269	250
1868	3453
458	2057
504	2057
969	683
1726	683
2842	683
10	683
2415	2385
3992	822
2166	3992
4481	3992
3960	3992
976	3992
3587	3992
3456	3958
2363	3958
700	3958
3082	966
2533	966
292	4479
4094	4479
3542	173
1554	173
3173	173
1954	173
699	173
1529	3970
3444	3970
1293	2129
869	2129
1369	2129
3582	2129
1606	2847
3465	4151
3734	4151
1277	4151
4017	3796
1731	3796
4502	3796
4595	232
3739	232
1984	2245
990	2245
2998	366
3163	366
2900	366
501	366
1442	366
2745	366
2848	1108
2124	631
4108	4654
4454	3564
3379	3564
1594	3564
1749	3564
962	3564
1893	3564
2865	3564
2620	1293
3379	1293
1594	1293
1749	1293
57	1293
578	1293
283	1293
3828	1293
3837	3154
2227	3154
1209	3154
2620	3154
3379	3154
1532	3154
1594	3154
1749	3154
57	3154
1490	3154
59	3154
4018	3154
1051	3154
1597	3154
247	3154
3734	3154
3437	3154
1771	3154
1001	3154
3547	3154
1726	4634
1369	4634
2963	3393
3237	3393
2947	2064
4231	2064
3236	2064
10	2064
3473	2064
102	1595
3222	1595
1295	1595
518	1595
707	3775
2848	3775
4483	2206
657	2206
3296	2206
3021	2347
3617	821
1566	625
1347	625
4148	625
652	625
4645	2947
3895	2947
1954	2947
1688	2947
2731	2947
3082	62
1984	62
3296	62
3890	527
2486	2697
2196	2840
685	2840
267	2840
30	3146
160	3146
969	568
1269	1099
458	3692
504	3692
3813	3692
2833	3692
2375	3692
3986	3692
1270	3692
3212	3692
4170	4645
1341	4645
657	4645
1446	4645
458	3824
3723	3824
1156	3824
3520	3824
2189	3824
3212	3824
1309	458
4636	458
550	458
504	458
4632	458
3024	458
2833	458
1081	458
3198	458
2786	458
976	458
1270	458
2366	758
206	758
4573	758
2600	2003
1636	2653
3296	3776
1749	2646
3734	2646
3296	2646
962	2646
4278	2646
1764	4170
93	4170
3337	4170
1455	4170
1952	4170
1307	4170
3779	4170
3145	4170
4510	4170
2681	2319
2188	3566
3921	1309
30	4483
1269	4483
289	4483
2544	3837
887	3837
1080	4128
2680	4128
1646	4128
3253	4128
2711	3672
3606	577
696	2624
1033	2624
1954	2624
3222	729
3389	3856
1307	1764
3734	1764
2191	1764
1347	4140
3425	4140
230	1539
386	1539
2835	2037
102	2366
3222	2366
1295	2366
1020	2366
4145	2366
3407	2366
2148	2366
518	2366
482	2366
4436	2366
340	2366
3615	2366
1619	2366
3166	2366
4335	2366
1226	2366
2876	2366
3803	2366
734	2366
3222	102
1295	102
1020	102
477	102
2148	102
518	102
3795	102
4042	102
3543	102
1728	102
510	102
2906	102
4177	102
4514	102
616	102
3082	102
3813	102
133	102
2989	102
4354	102
58	102
3986	102
2974	102
3521	102
1295	3222
1020	3222
518	3222
2925	3222
3543	3222
1728	3222
510	3222
3447	3222
1227	3222
3096	3222
1020	1295
518	1295
1077	1295
570	1295
3082	1295
943	1295
906	1295
1227	1295
2989	1295
2730	1295
267	1295
3573	1295
2852	1295
3087	1295
518	1020
3543	1020
1728	1020
2989	1020
2914	1020
3506	1020
2376	1020
206	4326
4339	4326
3389	4326
4377	4326
3082	2704
3282	606
3284	606
1227	606
2989	606
908	606
3437	606
1547	606
791	606
3110	606
1579	2267
3635	2267
3160	2267
3212	644
1753	3361
1771	3361
2294	1528
1369	1528
3756	2294
1635	2294
3773	2294
4571	2590
3413	2590
3638	2583
249	1889
2121	1889
1047	1889
3915	1889
249	413
934	413
707	413
3682	413
295	413
1502	413
4543	2166
2036	2998
2940	2998
1934	3864
2473	3864
1802	3864
205	3864
249	580
1951	580
68	580
707	580
295	580
958	580
1502	580
2547	4565
1749	4565
3543	4565
1269	4565
2937	3378
2638	969
979	969
1227	969
3734	969
579	969
615	969
626	969
670	969
1079	969
1272	969
1376	969
1642	969
2091	969
1170	99
267	99
2208	3722
2208	4005
2493	4005
657	4005
2191	4005
562	3323
4339	3170
979	3170
2022	3170
2307	3170
4589	3170
348	1611
152	4163
598	4163
374	4163
3318	4163
3657	4163
3883	4163
3379	321
152	321
1964	321
1739	321
374	321
4595	321
216	4633
3660	3749
913	3749
3425	4652
1347	2208
3432	2208
4466	2208
3606	2254
1369	2254
957	2254
3221	2254
1942	4450
2620	4450
2587	4450
3435	4450
1023	4450
2735	4450
3164	3702
3734	3295
66	2266
696	4207
3465	4207
1586	4207
501	4207
2473	4207
3296	4207
926	4207
4491	4207
1666	3756
1094	3756
3296	3756
2833	696
1957	696
4018	2873
2625	1488
1094	1488
4342	1488
861	1942
283	230
1954	4206
2842	4206
3124	4206
1952	4429
1954	4429
2842	4429
3124	4429
3425	4429
267	3649
1948	4671
2902	3465
4448	3465
3977	3465
3653	3465
3494	2902
4674	4448
3688	4448
374	2816
1417	2227
3688	2227
1307	1529
798	1529
1308	2103
1486	2103
3573	2103
2409	911
1878	2724
4032	2724
3411	4359
3296	2543
2544	4166
4122	4166
3503	4166
3780	4166
2012	3976
3122	3976
2746	2612
900	2612
39	2612
3390	2612
2580	2612
249	2562
1270	4613
662	3509
3730	1041
1331	1041
4409	1898
3479	1898
3822	1898
372	1898
3460	1898
3456	1898
632	1898
2688	1898
2181	1898
1832	1898
247	1898
372	4409
1209	698
4147	112
974	112
3364	112
3224	112
2320	112
816	3730
974	3730
3364	3730
3224	3730
1269	4147
861	4147
4595	3482
1728	974
1728	2698
1728	3364
1728	3224
152	2056
1728	2320
1914	2320
372	4333
3379	4333
1805	4333
372	3822
1728	372
2098	372
2688	372
2181	372
1832	372
3998	372
4186	372
237	1934
3937	1934
712	1934
2311	1934
1542	2371
4251	237
712	237
2311	237
2842	3818
3883	883
3212	3043
1954	3633
3160	3633
3653	3977
3315	3977
3489	3977
4339	3977
1347	3977
59	3977
1442	3977
2222	3977
2375	3977
184	3977
662	1364
3437	1364
1349	662
1592	662
2223	662
2625	2963
3282	2963
4335	2963
922	2963
2199	3999
1269	4629
1639	3363
3236	928
2989	2802
1395	3513
3164	3513
3774	1673
3379	1639
4458	1639
2156	1639
3379	4156
1749	4156
4427	2713
4465	2308
3998	2308
3573	2308
3282	260
908	260
3437	260
3110	260
570	2625
3282	2625
3163	2625
4335	2625
504	3887
1878	1948
3606	4465
3437	4465
861	4465
2841	4465
3606	3334
861	3334
3167	3407
2544	3407
3606	3407
657	3407
4087	3407
861	3407
283	3407
2368	852
544	852
4595	4642
298	4642
1269	4639
1666	3272
3456	3272
4549	3272
249	2148
3061	2148
4540	2331
4284	2331
661	2331
569	2331
249	1080
1465	1080
2780	1080
2239	1080
3322	1417
1594	1417
3456	1417
1749	1417
3439	1417
3734	1628
3296	1628
3660	4454
2223	4454
3638	4481
1986	4481
2505	4481
3763	4481
3379	3650
3444	3650
3860	3650
3963	3650
3236	3126
3734	1666
1130	2544
691	2544
844	1726
4231	1726
1369	1726
2940	1726
842	1726
1177	1726
1904	1726
3747	4070
3723	4187
3638	4187
1308	4187
3236	4187
1986	4187
3212	4187
980	2875
504	4636
3236	4636
1308	3896
518	3896
570	3896
562	3896
1227	3896
3425	3896
3514	3723
2083	3723
3638	550
1554	550
504	550
3921	550
3024	550
2833	550
1337	550
1878	550
3986	550
1270	550
1546	3638
1308	3638
1206	3638
3337	3638
4177	3638
795	3638
3024	3638
1986	3638
4203	3638
3379	4019
3895	2140
1878	2140
1023	2140
93	1063
3606	1063
2241	1063
3212	1063
1852	3729
825	1192
3606	3785
3843	3785
3437	3785
861	3785
1094	763
1094	215
1986	1546
1206	1308
2098	1308
1271	1308
1532	1209
3389	1209
3734	1209
1204	1209
2161	1209
2493	14
3450	14
1302	844
881	844
913	844
3379	2620
2610	2620
2804	2620
1532	2620
3322	2620
632	2620
2471	2620
1341	2620
3779	2620
3734	2620
264	2620
3801	2620
342	2620
2804	3379
57	3379
632	3379
2471	3379
1341	3379
4111	3379
4298	3379
3312	3379
4021	3379
3023	3379
602	3379
1635	3379
4276	3379
1665	3379
4383	3379
271	3379
1121	3379
1592	3379
3744	3379
3734	3379
2455	3379
248	3379
342	3379
185	3379
391	3379
901	3379
931	3379
1301	3379
1777	3379
2107	3379
2552	3379
2614	3379
2637	3379
3122	3379
3459	3379
3494	3379
3739	3379
3834	3379
4075	3379
4264	3379
4656	3379
1532	2610
1594	2610
1749	2610
632	2610
3034	2610
1540	2610
3860	2610
1594	2804
1749	2804
632	2804
3034	2804
1594	1532
3456	1532
1749	1532
632	1532
3034	1532
1540	1532
3439	3322
1749	1594
632	1594
2471	1594
1341	1594
3312	1594
3734	1594
3657	1594
2363	3456
3439	3456
1496	3456
1592	3456
3296	3456
4007	3456
1542	3456
958	3456
3134	3456
3339	3456
3771	3456
632	1749
2471	1749
1341	1749
3444	1749
4054	1749
1592	1749
3734	1749
1050	1749
3520	1749
1177	1749
2614	1749
1341	57
1537	57
3734	57
2471	632
814	632
2363	632
4250	632
3034	632
1540	632
446	632
1957	632
3034	2471
1540	2471
4112	2944
2722	2944
1335	2661
1301	2608
1506	1491
4595	2670
1269	4199
249	1506
2121	1506
295	1506
2306	2497
2827	211
4648	211
3792	211
4648	2827
3792	2827
1591	2827
3792	4648
136	3792
1954	3156
3019	72
1302	72
1811	72
4095	4110
1632	4110
1479	4110
1144	4110
1632	4095
1479	4095
1144	4095
1479	1632
1144	1632
4595	3261
3150	3261
4595	1331
900	1341
206	1341
3390	1341
1496	1341
10	4231
3073	4231
1952	1207
2364	1207
1094	1311
1550	1311
2223	1311
4365	916
3662	2587
900	2746
39	2746
3390	2746
3734	2746
3759	2746
1689	2746
711	518
651	518
247	518
1298	518
3346	518
346	64
1079	64
544	2368
515	2368
3166	2368
201	2368
1269	2992
4347	900
39	900
3390	900
1496	900
652	900
3209	900
711	2167
4000	2167
962	2167
4347	1566
4347	3815
3734	1820
1900	2979
3780	2979
4321	2979
4339	1724
1954	1724
3212	1724
66	1042
295	3909
3679	3084
3734	814
3682	1812
3425	1812
3734	190
2842	1326
723	1326
3436	1326
599	3515
3192	3515
791	3515
538	142
562	4042
736	2289
1579	3019
3945	3019
3752	3019
2066	3019
980	3019
4071	3019
2894	3019
3691	3019
3945	1579
3752	1579
651	1579
3752	3945
980	3945
2231	3945
4087	3945
2706	3945
3842	2723
3270	3842
4312	2406
206	3493
2375	3493
2114	2087
1635	324
59	473
616	473
1169	473
1964	473
4116	473
1121	2598
3734	725
2824	238
2363	3337
249	3337
1307	3337
3105	3337
2121	3337
1130	3337
2533	3337
4643	3337
295	3337
3680	3337
2561	4347
3611	4347
1391	4347
1845	4347
3425	4347
249	2363
1156	2363
934	2363
2890	2363
707	2363
1045	2363
1868	2363
551	2363
1144	2363
2051	2363
3425	2363
313	2363
4527	2363
249	491
1156	249
1589	249
1951	249
4533	249
4678	249
1868	249
2848	249
4643	249
551	249
66	249
641	249
1542	249
1144	249
958	249
1502	249
2051	249
2239	249
2452	249
2681	249
2824	249
3802	249
3836	249
313	249
4527	249
2848	412
2982	412
3310	412
4339	1723
1302	1723
3389	1723
1954	1723
4377	1723
1753	3350
1496	871
482	1465
1954	1465
691	1465
4451	1465
3444	1313
807	1313
206	1203
707	482
2276	482
295	482
3061	482
3105	1156
707	1156
2533	1156
295	1156
3569	1156
1205	1156
3739	1156
707	934
1144	934
958	934
3061	934
313	934
66	21
3734	1490
1619	3299
4249	3299
2600	3793
3606	3793
3726	474
3973	474
3023	1185
1286	1185
1270	1185
707	2890
2121	2890
2533	2890
2848	2890
66	2890
2051	2890
313	2890
2600	3895
1471	3895
685	3895
2378	3895
921	3895
300	31
300	1677
1982	300
3660	3635
1033	3635
3425	3635
3663	3635
825	1617
4678	1951
707	1951
1868	1951
2848	1951
4643	1951
551	1951
17	1951
295	1951
2178	1951
3708	3542
1753	3877
887	786
1811	786
1957	786
1399	1065
4595	1077
2165	4458
4573	2102
3583	4298
1863	4298
1269	4298
3780	4298
1435	4298
2931	4298
2274	4605
1453	4605
1281	4605
657	4605
3780	4605
657	2274
4571	2274
3312	1453
2306	1453
3787	1453
2378	1453
3312	3583
1455	3583
657	3583
1281	3312
1915	3312
2421	3312
3152	3312
3389	2139
2051	1504
3991	1504
4073	1504
486	68
2848	68
2452	68
3571	570
562	570
2919	570
2688	570
869	570
1044	570
3432	570
289	570
685	570
4620	570
3573	570
255	570
828	570
1860	570
1883	3571
4500	909
922	909
206	1728
1227	1728
2989	1728
289	1728
1267	1728
2989	1713
289	1713
3110	3282
30	1554
504	1554
661	1554
440	1554
3209	1554
3761	1554
3284	30
3734	30
1050	30
3152	30
2989	206
289	206
1984	206
267	206
1001	206
2731	206
589	206
184	206
637	206
3229	206
4177	562
3284	562
289	562
3954	1285
3444	1285
3954	135
3444	3954
2161	3954
313	3719
1547	16
1996	3443
1550	755
3296	755
466	755
3425	755
3474	39
3390	39
3759	39
2580	39
962	39
3997	544
856	544
782	1276
4096	127
782	127
1954	4189
3514	1264
1954	1264
2241	3606
2989	3606
3437	3606
4335	3606
1547	3606
1845	2835
1959	2835
3425	2835
3425	1281
1270	4482
626	2577
4674	3023
1369	3023
887	3023
1182	504
4632	504
3024	504
2833	504
3198	504
2786	504
976	504
1270	504
1757	504
1780	504
4533	4432
2864	4432
818	2714
3734	1883
2814	1883
1954	4674
4571	4674
3734	4674
3296	4674
1269	623
4047	623
522	623
3489	3315
4339	3315
2292	3315
1936	3315
685	3315
2375	3315
4339	3489
1347	3489
1338	3489
652	3489
962	3489
2899	510
798	510
2165	4339
3215	4339
2226	4339
976	4339
1501	4339
1957	4339
3680	4339
736	1349
2493	1349
233	1349
1033	1349
2000	1349
887	1349
3201	1349
3236	2656
1952	1347
1033	1347
1499	1347
2222	1347
685	1347
4620	1347
3641	1347
1915	1338
2226	1338
3086	736
798	2899
4065	1648
3668	4108
3744	3668
979	882
685	882
268	882
4278	882
1183	882
4043	1583
1094	1583
1550	1583
791	3067
3843	3402
480	3402
2255	1519
979	2425
3296	4312
3720	538
3163	202
3734	202
1878	202
3918	202
2745	202
2063	3139
1912	3139
4407	3441
1094	753
1550	753
267	753
4330	1454
3813	1454
3086	1454
906	1454
2171	1454
3086	4330
798	2919
2401	59
3518	59
1267	59
3518	2401
825	2401
2552	2401
3980	2493
233	2493
3173	2493
3734	2493
1153	2493
233	3980
1033	3980
3473	233
4595	96
1911	4113
3734	3182
2731	143
3514	3660
1001	3726
4656	107
3734	1102
2822	4018
3080	2906
3646	3236
4031	3236
160	3236
569	3236
1104	3236
4365	3236
3070	3236
2375	3236
3918	3236
4205	3236
1711	3236
2283	3236
2888	3236
3211	3236
3603	3236
3857	3236
3910	3236
4264	3236
3268	3236
2968	3236
3774	3236
4237	1917
267	3444
2894	4237
3518	1914
184	3747
1121	4177
3679	2098
828	2098
3406	539
646	539
1496	3390
247	3390
2937	3390
1547	3390
248	3390
3545	1496
1662	1496
3603	1496
1079	2862
1801	2292
3389	2292
4571	2292
58	2292
3296	2292
1269	1801
1307	4043
1550	4043
3470	4043
283	3173
699	3173
2114	3488
3773	152
1964	152
1739	152
520	152
4354	152
4284	4540
4191	4540
3679	4540
283	4540
4283	4284
4191	4284
3679	4284
4670	4284
1307	4283
4148	4191
2679	4191
652	4191
1911	4191
2124	4148
2377	4148
1040	4148
652	4148
4670	4148
856	4148
2377	2124
1040	2124
3679	2124
1307	2124
1040	2377
652	2377
1911	2377
652	1040
3253	1040
2327	1040
4121	765
4121	3679
2763	2679
4673	2679
4670	2679
4121	2679
4121	2763
4121	4673
3918	4673
240	3843
598	3843
2175	3843
3437	3843
3918	3843
2745	3843
4250	4604
602	1051
3941	1051
3736	4514
1455	1419
1220	1419
657	1419
616	1419
1058	1419
2680	1419
1033	1419
1499	1419
2249	1419
1220	1455
657	1455
616	1455
1058	1455
2680	1455
1033	1455
4122	1455
1499	1455
3425	1455
657	3206
616	3206
2680	3206
1499	3206
657	1952
2680	1952
1033	1952
1499	1952
515	1952
3780	1952
2699	1952
657	1220
616	1220
2680	1220
1033	1220
616	657
1058	657
2680	657
1033	657
4122	657
1499	657
711	657
4343	657
784	657
881	657
990	657
1058	616
2680	616
1033	616
4122	616
1499	616
1954	616
2680	1058
1033	1058
3780	1058
4670	652
1307	652
3773	652
374	652
856	652
2787	652
4121	4670
1307	4670
1442	4121
842	4121
4595	602
1827	602
4327	602
4589	602
3219	1606
1269	3082
17	3082
2754	3185
4595	3666
1033	2680
4122	2680
1499	2680
4122	1033
1499	1033
1269	1033
3503	1033
1954	1033
4047	1033
3117	1033
3556	1033
2114	4122
3828	4122
3780	1499
326	1499
4000	711
3545	2291
3425	1985
936	4017
1731	4017
936	489
1731	489
3734	489
1731	936
4031	936
4087	936
3734	936
4031	1731
4087	1731
3734	1731
2833	3514
3734	4031
4595	4066
1442	501
2175	501
3341	1442
2207	1442
289	3284
3437	3284
3779	1307
2582	1307
699	1307
1706	1307
1875	1307
2756	1307
4317	1307
4593	1307
3253	1646
3428	700
835	2306
3734	943
979	835
3117	835
1878	4500
2175	598
3734	1597
4595	2000
707	4533
2121	4533
2533	4533
295	4533
1337	1240
3473	1635
4075	1635
3086	4488
3296	4488
1100	4488
4343	661
2879	661
929	661
958	661
1651	661
1890	661
2403	661
4219	661
4261	661
4264	661
4047	2659
3475	2020
3883	2020
3662	4276
71	1302
1954	2196
1637	2999
2165	2999
4572	2999
3346	2999
1540	3034
825	3034
1924	3034
3086	3813
298	3813
906	3086
2171	3086
1665	3086
2895	3086
1954	3086
1397	3086
3774	3086
2895	2192
298	906
1366	3800
1584	1366
3794	1366
1397	1366
4572	2165
2730	3105
295	3105
2821	3105
28	1665
3475	1665
2016	2895
2722	2895
913	133
825	1540
2955	3389
60	3389
4383	3389
2375	3389
1078	3389
2731	3389
4278	3389
2631	3389
4205	3389
184	3389
2989	3215
3437	3215
60	2955
4383	2955
4383	60
283	4383
675	1269
283	1269
10	1269
58	1269
4499	1269
197	1269
301	1269
362	1269
926	1269
957	1269
958	1269
1243	1269
1267	1269
1458	1269
1492	1269
1892	1269
2798	1269
4268	1269
4318	1269
4322	1269
4427	2035
58	2035
2580	2035
247	2766
487	2766
2099	2766
3547	2766
2421	2016
1706	160
2121	4678
295	4678
1502	4678
2703	4678
1547	420
326	1515
901	1515
1337	2241
1811	2241
1860	2241
979	4071
3437	4647
2943	271
283	271
1333	4054
347	128
689	128
3839	2188
1868	707
2848	707
4643	707
1144	707
958	707
2051	707
2452	707
313	707
979	2934
2226	2934
487	247
3734	247
685	247
628	247
3198	247
2552	247
3547	247
3520	3024
3998	3024
1270	3024
1094	3773
374	3773
3611	3773
1878	3773
1687	3773
1094	1620
1550	1620
887	1620
1094	3788
3868	569
1811	569
3068	569
1954	3598
3425	3598
3636	3615
3663	3615
589	1044
522	3718
685	979
268	979
4278	979
1183	979
828	979
957	979
2382	979
3535	979
3826	979
2008	3503
3425	578
3274	1104
743	1104
4380	1104
2989	1954
4571	1954
2842	1954
1294	1954
2375	1954
3229	1954
3080	1954
3425	351
2989	1227
289	1227
3110	1227
3732	1227
881	1369
3432	1369
2597	1369
2223	1369
3998	1369
1759	1369
2888	2940
3432	3937
4273	3937
2842	2989
3437	2989
2522	2989
1890	2989
3411	2989
4542	2989
4047	4571
1371	4571
2850	4571
3734	1121
347	1121
589	1121
3860	1121
524	1121
1089	28
3734	784
1550	1094
4354	1094
3611	1094
2226	1094
3409	1094
2505	1550
3561	1550
1143	2894
1752	2894
4595	4324
1868	2121
2848	2121
66	2121
1542	2121
1144	2121
2051	2121
313	2121
4527	2121
3845	3418
3547	487
1050	4603
3734	908
3110	908
3734	3845
3296	3845
3590	3845
3425	1936
887	2833
3734	2561
3296	2561
3166	2842
2223	2842
3734	881
2223	881
1177	881
2223	3432
1759	3432
3018	3432
3166	3124
522	3124
4244	2048
3657	3978
3471	4427
58	4427
2580	4427
3915	1298
1183	1130
1957	1130
3918	1619
913	1619
1032	4023
2916	4023
4595	4023
856	4023
3734	1337
1986	1337
283	1337
1270	1337
1547	2916
2017	2916
1739	1964
374	1964
326	1964
2283	1964
374	1739
4354	1739
3611	1739
520	374
4354	374
3611	374
1547	374
3611	520
3734	2937
3296	2937
169	2937
4300	1537
734	1537
2161	1537
3437	440
3437	3734
2249	3734
2309	3734
1811	3734
1771	3734
1950	3734
2017	3734
1001	3734
3269	3734
1078	3734
717	3734
1371	3734
1210	3734
1674	3734
2421	3734
2434	3734
2888	3734
3037	3734
3134	3734
3152	3734
3511	3734
3627	3734
3908	3734
3547	3734
524	2814
3296	946
1270	946
3068	1986
515	2879
4047	2222
4573	2222
3611	4354
3132	3611
3164	3611
2067	3475
3296	2086
3780	1984
842	3359
807	3166
1868	2533
551	2533
1542	2533
1144	2533
958	2533
2051	2533
2239	2533
313	2533
3680	2207
2731	4047
957	4047
1256	4047
3425	4047
3826	4047
3110	3437
2735	3437
2226	418
1144	1479
205	1479
981	108
4595	2910
4116	4595
3450	4595
1572	4595
4062	4595
605	4595
931	4595
1401	4595
1825	4595
1891	4595
1893	4595
1927	4595
1928	4595
3028	4595
3327	4595
3476	4595
3584	4595
3963	4595
4092	4595
4233	4595
1397	4595
3450	3780
267	3780
1001	3780
637	3780
825	3780
861	4502
283	861
4251	861
2284	283
1262	4348
2255	10
842	1660
2580	58
2226	58
1144	823
1253	4279
2017	842
913	1050
4380	1050
2540	486
3682	2276
3061	2276
1205	2276
4527	2276
3318	856
1878	856
326	856
1547	856
3520	856
921	856
1878	3318
326	3318
1547	3318
3512	3318
3520	3318
326	1878
1547	1878
3512	1878
3520	1878
4418	1878
2745	1878
1547	326
3520	326
887	326
921	326
184	326
3512	1547
3520	1547
2325	3160
1709	4418
2395	887
4205	887
4273	887
1771	3296
1950	3296
2375	3296
2593	3296
3860	3296
2631	3296
717	3296
1371	3296
166	3296
524	3296
1411	3296
1875	3296
1845	3296
1957	3296
2099	3296
2421	3296
2434	3296
3425	3296
3511	3296
4573	962
2223	962
2780	962
921	962
4451	962
1688	264
4116	264
4328	264
4116	1688
3425	4116
268	685
1183	685
3145	685
3828	685
2848	4499
1144	4499
4527	4499
825	4522
3680	1771
267	2375
2356	2375
712	4251
2311	4251
2311	712
65	712
3774	216
2758	1089
752	1089
295	1089
3358	1089
4337	1868
295	1868
1502	1868
3569	1868
3918	3801
3918	2751
4656	2751
3682	3691
3517	3918
3755	298
2695	2395
3663	2395
1957	2695
3663	2695
1144	2848
17	2848
295	2848
1502	2848
2051	2848
3774	2848
295	4643
1502	4643
2051	4643
3109	4643
66	4235
3537	267
384	267
913	267
2240	267
3425	267
3531	267
4478	3269
2378	1078
3425	1078
3074	384
295	551
958	551
1117	551
2051	551
3150	551
4527	551
1623	3219
3326	3219
798	2731
1286	2731
2226	2731
4325	3117
1397	1286
689	2226
3826	2226
2378	3573
813	3573
2517	3573
3828	3573
1875	4129
4491	1689
767	689
295	66
1175	66
2823	66
2722	66
3248	66
747	3860
1270	3198
1270	976
1757	1270
1516	1270
2373	1270
1153	1147
1524	1147
3657	1147
1542	3634
2614	1153
3073	1153
3192	4112
2722	4112
791	599
1205	641
782	913
2421	1704
1183	4560
4337	1980
2631	268
1183	4278
1183	2631
3425	1183
2378	2745
791	3192
3561	3192
1100	2758
752	2758
3080	2758
752	1100
921	1100
3080	1100
3080	752
1631	1542
295	1542
4575	3782
295	1144
3915	1144
3061	2378
2239	17
4380	2067
3662	1852
3229	921
3662	921
2327	158
1335	236
958	295
2051	295
2452	295
2681	295
2824	295
3061	295
313	295
4527	295
4536	295
205	295
1129	367
727	402
3425	2864
3176	461
3072	466
3401	480
1956	548
2051	548
1668	558
1023	588
3134	608
691	613
2622	656
3201	762
4575	818
1358	825
1957	825
3425	825
2161	828
2434	829
2284	901
2327	915
1120	931
2051	958
2189	977
1262	1011
2327	1017
1777	1047
1262	1073
3005	1079
313	1117
2968	1243
2356	1329
1397	1333
3155	1399
3147	1402
4301	1409
3870	1446
4521	1467
3915	1494
2051	1502
2681	1502
4527	1502
4394	1584
3821	1584
1397	1584
1621	1584
3663	1584
4157	1636
3134	1662
2131	1947
3853	1947
3425	1957
3061	1958
3150	2051
3915	2051
313	2051
4527	2051
3547	2058
3738	2059
3821	3794
1397	3794
1621	3794
3663	3794
3080	3794
3627	2189
2968	2229
3248	2239
3025	2421
3908	2449
3662	2456
3662	2516
3657	2614
3425	2781
2903	2790
3061	2790
3229	2799
3425	3556
3511	3425
4536	3425
3397	2863
3908	2865
3662	2970
3229	3037
3662	3100
3209	3183
3662	3277
4491	3351
4527	1205
3826	3680
3908	3907
4527	3915
1397	4510
2735	1023
