0	370
0	471
0	536
2	772
3	17
3	369
3	688
5	37
5	90
5	136
5	198
5	256
5	439
5	621
5	639
5	669
5	736
5	777
5	806
6	590
8	579
11	314
11	392
11	588
11	632
11	806
13	296
13	591
16	56
16	731
17	369
17	688
18	776
19	34
19	178
19	233
19	316
19	430
19	572
19	770
20	30
20	33
20	101
20	104
20	124
20	192
20	220
20	256
20	257
20	264
20	265
20	277
20	283
20	288
20	314
20	354
20	360
20	507
20	519
20	544
20	556
20	575
20	576
20	588
20	593
20	632
20	669
20	692
20	736
20	791
20	815
21	413
21	465
21	659
23	82
23	139
23	157
23	171
23	190
23	340
23	477
23	484
23	497
23	548
23	582
23	604
23	624
23	683
23	745
24	851
28	176
28	792
29	47
29	59
29	128
29	150
29	174
29	175
29	313
29	401
29	454
29	622
29	623
29	665
29	780
29	794
30	101
30	104
30	192
30	220
30	256
30	257
30	264
30	265
30	277
30	288
30	314
30	319
30	354
30	453
30	507
30	544
30	575
30	576
30	588
30	593
30	692
30	736
33	52
33	58
33	71
33	90
33	99
33	104
33	115
33	124
33	177
33	192
33	216
33	220
33	256
33	264
33	314
33	315
33	354
33	360
33	439
33	507
33	544
33	559
33	575
33	576
33	588
33	593
33	632
33	663
33	669
33	695
33	703
33	736
33	788
33	791
33	798
33	806
33	810
34	178
34	233
34	302
34	316
34	430
34	504
34	770
34	809
36	504
36	831
37	136
37	216
37	621
37	639
37	777
37	788
39	192
39	256
39	361
39	736
40	691
40	719
40	743
43	303
45	90
45	198
45	314
45	367
45	499
45	507
45	593
45	649
45	713
45	736
45	766
45	784
45	798
45	806
45	808
45	815
47	59
47	128
47	150
47	174
47	175
47	219
47	313
47	401
47	454
47	460
47	622
47	623
47	654
47	665
47	780
47	794
48	116
48	270
48	307
48	393
48	417
48	433
48	486
48	681
48	706
48	755
48	756
48	774
48	820
48	835
48	848
48	850
49	817
50	546
50	763
52	58
52	69
52	90
52	99
52	104
52	115
52	189
52	192
52	220
52	264
52	265
52	277
52	288
52	314
52	315
52	338
52	357
52	439
52	507
52	524
52	538
52	559
52	575
52	588
52	593
52	616
52	632
52	663
52	669
52	692
52	736
52	744
52	788
52	791
52	798
56	731
58	90
58	99
58	115
58	189
58	382
58	524
58	663
58	669
58	810
59	128
59	150
59	174
59	175
59	313
59	401
59	454
59	460
59	622
59	623
59	665
59	780
59	794
60	85
60	170
60	368
60	749
60	783
62	191
62	379
63	138
63	275
63	387
65	347
65	805
68	315
69	90
69	104
69	329
69	439
69	521
69	628
69	798
70	213
70	478
70	499
70	649
70	660
70	792
70	808
71	90
71	115
71	122
71	382
71	500
71	521
71	524
71	663
71	695
71	810
72	123
72	378
72	451
72	549
74	79
74	169
74	485
74	601
74	614
79	169
79	485
79	601
79	614
80	90
80	115
80	189
80	315
80	382
80	423
80	500
80	515
80	524
80	533
80	567
80	653
80	663
80	744
80	795
80	810
82	139
82	157
82	171
82	182
82	190
82	340
82	477
82	484
82	497
82	548
82	582
82	604
82	624
82	683
82	745
83	138
83	213
83	230
83	345
83	391
83	512
83	702
83	792
83	821
85	170
85	368
85	749
85	783
87	225
87	243
90	104
90	115
90	189
90	198
90	264
90	314
90	315
90	382
90	439
90	499
90	500
90	507
90	515
90	521
90	524
90	533
90	567
90	588
90	639
90	649
90	663
90	695
90	736
90	795
90	798
90	806
90	810
91	806
92	425
99	220
99	305
101	104
101	124
101	138
101	192
101	213
101	220
101	256
101	257
101	264
101	277
101	288
101	314
101	318
101	354
101	439
101	507
101	544
101	559
101	576
101	588
101	593
101	632
101	660
101	692
101	736
101	759
101	791
101	798
101	806
101	811
101	815
101	828
104	192
104	207
104	220
104	232
104	256
104	257
104	264
104	265
104	277
104	283
104	288
104	304
104	314
104	319
104	354
104	357
104	360
104	439
104	507
104	544
104	575
104	576
104	588
104	593
104	619
104	628
104	632
104	669
104	692
104	736
104	788
104	798
104	815
106	598
106	830
108	447
109	336
109	372
109	729
109	849
110	276
113	292
113	464
113	768
114	158
114	229
114	260
114	399
114	690
115	189
115	315
115	382
115	500
115	515
115	524
115	663
115	695
115	707
115	795
115	810
116	417
116	486
116	755
116	756
116	835
116	848
116	850
123	378
123	451
123	549
124	192
124	198
124	220
124	256
124	277
124	288
124	314
124	360
124	495
124	507
124	575
124	576
124	588
124	593
124	632
124	649
124	669
124	692
124	713
124	721
124	736
124	791
124	806
124	811
127	281
128	150
128	174
128	175
128	219
128	313
128	401
128	454
128	622
128	623
128	665
128	780
128	794
131	637
134	672
135	198
135	213
135	241
135	314
135	367
135	374
135	495
135	499
135	503
135	649
135	766
135	808
135	821
136	621
136	639
138	213
138	230
138	264
138	275
138	277
138	318
138	345
138	367
138	391
138	495
138	660
138	702
138	736
138	792
138	808
138	815
138	821
139	157
139	171
139	182
139	190
139	340
139	477
139	484
139	497
139	548
139	582
139	604
139	624
139	683
139	745
140	286
140	769
141	643
146	346
146	350
146	602
146	629
146	816
150	174
150	175
150	313
150	401
150	454
150	622
150	623
150	654
150	665
150	780
150	794
154	216
154	312
154	487
154	820
155	267
155	392
155	609
155	761
156	159
156	302
156	396
157	171
157	182
157	190
157	340
157	477
157	484
157	497
157	548
157	582
157	604
157	624
157	683
157	745
158	229
158	260
158	399
158	690
159	302
159	396
160	437
160	450
160	786
169	485
169	601
169	614
170	368
170	749
170	783
171	182
171	190
171	340
171	477
171	484
171	497
171	548
171	582
171	604
171	624
171	683
171	745
173	255
174	175
174	313
174	401
174	454
174	622
174	623
174	665
174	780
174	794
175	313
175	401
175	454
175	622
175	623
175	665
175	780
175	794
177	703
178	233
178	316
178	430
178	770
181	211
181	795
182	309
182	477
182	484
182	582
182	604
184	504
184	809
184	831
189	290
189	315
189	382
189	423
189	500
189	515
189	524
189	533
189	567
189	653
189	663
189	744
189	795
189	810
190	340
190	477
190	484
190	497
190	582
190	604
190	683
190	745
191	379
192	198
192	213
192	220
192	256
192	257
192	264
192	265
192	277
192	288
192	314
192	354
192	357
192	360
192	439
192	495
192	507
192	519
192	544
192	556
192	575
192	576
192	588
192	593
192	619
192	632
192	649
192	660
192	661
192	669
192	692
192	736
192	791
192	792
192	806
192	808
192	811
192	815
193	331
193	492
197	727
198	213
198	241
198	264
198	367
198	374
198	495
198	499
198	503
198	506
198	507
198	521
198	541
198	577
198	593
198	632
198	649
198	660
198	736
198	766
198	784
198	792
198	798
198	806
198	808
198	811
198	821
206	227
206	452
206	603
211	795
213	230
213	241
213	251
213	264
213	314
213	318
213	345
213	361
213	367
213	374
213	391
213	478
213	495
213	499
213	503
213	506
213	541
213	577
213	649
213	660
213	702
213	736
213	766
213	784
213	792
213	798
213	806
213	808
213	815
213	821
214	444
216	312
216	487
216	621
216	639
218	248
219	794
220	256
220	257
220	264
220	277
220	288
220	314
220	319
220	354
220	360
220	439
220	507
220	519
220	544
220	575
220	576
220	588
220	593
220	619
220	632
220	669
220	692
220	736
220	759
220	791
220	806
220	815
223	298
223	464
223	537
223	741
225	243
226	606
227	292
227	553
227	575
229	690
230	345
230	391
230	495
230	512
230	660
230	702
230	736
230	792
230	821
232	519
232	571
233	430
237	592
237	647
238	262
239	329
241	251
241	318
241	367
241	374
241	391
241	478
241	499
241	503
241	506
241	577
241	649
241	660
241	736
241	766
241	792
241	798
241	808
241	821
245	406
249	292
251	367
251	499
251	506
251	649
251	736
251	792
251	821
253	292
253	464
253	522
254	286
256	264
256	265
256	277
256	283
256	288
256	314
256	354
256	360
256	361
256	439
256	507
256	519
256	544
256	556
256	559
256	575
256	576
256	588
256	593
256	619
256	632
256	669
256	692
256	721
256	736
256	791
256	799
256	806
256	811
256	815
257	265
257	277
257	314
257	319
257	507
257	544
257	576
257	632
260	399
260	690
262	315
262	568
262	591
262	726
262	740
264	265
264	277
264	288
264	304
264	314
264	318
264	354
264	360
264	361
264	367
264	439
264	507
264	519
264	544
264	559
264	575
264	576
264	588
264	593
264	619
264	632
264	660
264	663
264	736
264	792
264	811
264	815
264	821
265	277
265	314
265	319
265	338
265	360
265	575
265	588
265	593
265	632
265	736
265	815
267	609
267	761
269	496
270	307
270	393
270	706
270	756
270	848
274	287
274	539
275	387
275	736
277	283
277	288
277	314
277	319
277	354
277	357
277	360
277	361
277	367
277	439
277	478
277	495
277	507
277	544
277	575
277	576
277	588
277	593
277	619
277	632
277	660
277	669
277	692
277	736
277	791
277	792
277	806
277	811
277	815
283	314
283	354
283	575
283	593
283	632
283	669
283	736
284	782
286	769
287	539
288	314
288	354
288	357
288	360
288	439
288	507
288	576
288	588
288	593
288	632
288	669
288	736
288	792
288	798
288	806
288	815
288	821
290	382
290	515
290	524
292	402
292	464
292	522
292	742
298	349
298	820
302	396
303	773
304	544
305	736
307	393
307	706
307	848
310	435
310	596
312	487
313	401
313	454
313	460
313	622
313	623
313	665
313	780
313	794
314	354
314	357
314	360
314	439
314	495
314	507
314	519
314	559
314	575
314	576
314	588
314	593
314	619
314	632
314	649
314	661
314	663
314	669
314	692
314	736
314	752
314	759
314	791
314	792
314	798
314	799
314	806
314	811
314	815
315	382
315	515
315	524
315	533
315	534
315	567
315	663
315	736
315	795
315	810
316	430
316	770
316	809
318	345
318	367
318	374
318	391
318	495
318	499
318	506
318	507
318	649
318	660
318	702
318	736
318	766
318	784
318	792
318	798
318	808
318	815
318	821
319	544
319	575
319	593
322	840
326	360
326	483
326	542
326	576
326	609
326	676
326	750
326	834
329	432
329	439
331	492
334	561
336	372
336	729
338	510
340	477
340	484
340	497
340	548
340	582
340	624
340	683
343	656
344	522
345	391
345	660
345	702
345	736
345	792
345	821
346	629
346	816
347	805
348	490
348	585
350	602
350	629
352	640
354	360
354	439
354	544
354	575
354	576
354	588
354	593
354	619
354	632
354	669
354	736
354	791
354	806
354	811
354	815
357	439
357	593
357	628
357	632
357	669
357	752
360	439
360	483
360	507
360	575
360	576
360	588
360	593
360	619
360	632
360	669
360	736
360	791
360	806
360	811
361	367
361	559
361	702
361	736
361	792
361	806
361	815
361	849
367	374
367	391
367	478
367	495
367	499
367	503
367	506
367	541
367	577
367	632
367	649
367	660
367	713
367	736
367	766
367	784
367	792
367	798
367	808
367	821
368	749
368	783
369	688
370	536
372	729
373	391
373	702
373	792
374	391
374	478
374	499
374	503
374	506
374	577
374	649
374	660
374	736
374	766
374	784
374	792
374	798
374	806
374	808
374	821
376	664
378	451
378	549
382	423
382	500
382	515
382	524
382	533
382	567
382	653
382	663
382	744
382	795
382	810
388	530
389	661
391	495
391	499
391	503
391	506
391	649
391	660
391	702
391	736
391	766
391	792
391	808
391	821
392	619
392	761
393	706
393	756
393	848
397	665
399	690
401	454
401	622
401	623
401	654
401	665
401	780
401	794
402	742
403	436
404	481
404	741
413	465
413	659
415	812
417	486
417	755
417	835
417	848
417	850
420	720
423	515
423	533
423	567
426	616
429	801
430	572
430	770
433	681
433	756
433	774
433	820
433	835
433	848
435	596
437	450
437	786
438	490
438	585
439	507
439	519
439	521
439	575
439	576
439	581
439	588
439	593
439	616
439	628
439	632
439	669
439	736
439	788
439	798
439	800
439	806
441	494
442	714
445	725
450	786
451	549
454	622
454	623
454	654
454	665
454	780
454	794
460	780
460	794
464	603
465	659
471	536
477	484
477	497
477	548
477	582
477	604
477	624
477	683
478	495
478	499
478	506
478	507
478	526
478	541
478	649
478	736
478	766
478	792
478	798
478	808
481	741
483	542
483	609
483	676
483	834
484	497
484	548
484	582
484	604
484	624
484	683
485	601
485	614
486	755
486	756
486	835
486	848
486	850
488	552
488	630
490	585
495	499
495	506
495	507
495	541
495	649
495	660
495	702
495	736
495	792
495	798
495	806
495	821
497	548
497	582
497	604
497	624
497	683
497	745
498	589
499	503
499	506
499	541
499	649
499	660
499	736
499	766
499	784
499	792
499	798
499	806
499	808
499	821
500	515
500	524
500	533
500	567
500	663
500	795
500	810
503	506
503	577
503	632
503	649
503	736
503	766
503	784
503	792
503	808
504	809
504	831
506	507
506	577
506	649
506	660
506	713
506	736
506	766
506	792
506	798
506	806
506	808
506	821
507	526
507	544
507	576
507	588
507	593
507	632
507	663
507	669
507	692
507	713
507	721
507	736
507	791
507	792
507	798
507	806
507	811
509	536
509	717
512	702
512	792
515	524
515	533
515	567
515	663
515	744
515	795
515	810
515	836
519	576
519	588
519	593
519	632
519	661
519	736
519	806
519	815
521	640
521	695
521	736
522	603
524	533
524	567
524	663
524	744
524	795
524	810
526	713
526	798
533	567
533	653
533	663
533	795
533	810
536	717
536	741
536	798
537	656
541	649
541	736
541	784
541	792
541	808
542	576
542	609
542	676
542	834
544	575
544	576
544	588
544	593
544	632
544	669
544	736
546	763
548	582
548	604
548	624
548	683
552	630
559	616
559	815
564	849
567	663
567	795
567	810
568	726
568	740
575	576
575	588
575	593
575	632
575	669
575	692
575	736
575	791
575	806
575	811
576	588
576	593
576	609
576	619
576	632
576	663
576	669
576	692
576	713
576	736
576	791
576	798
576	806
576	811
576	815
577	594
577	632
577	649
577	736
577	792
577	798
577	800
577	806
577	808
581	588
582	604
582	624
582	683
588	593
588	619
588	632
588	663
588	669
588	692
588	721
588	736
588	791
588	806
588	811
588	815
591	726
591	740
592	647
593	619
593	632
593	649
593	661
593	669
593	692
593	713
593	721
593	736
593	759
593	791
593	792
593	799
593	806
593	811
593	815
597	822
598	830
601	614
602	629
604	624
604	683
604	745
609	761
610	633
610	697
610	705
611	691
611	719
612	717
616	849
619	632
619	669
619	692
619	736
619	791
619	799
619	806
619	815
621	639
621	777
621	788
622	623
622	665
622	780
622	794
623	665
623	794
624	683
628	669
629	816
632	669
632	692
632	713
632	736
632	759
632	791
632	792
632	798
632	806
632	811
632	815
633	697
633	705
638	781
639	777
646	742
649	660
649	713
649	736
649	766
649	784
649	792
649	798
649	806
649	808
649	811
649	821
653	795
660	736
660	766
660	792
660	808
660	821
661	736
663	669
663	736
663	788
663	791
663	795
663	806
663	810
665	780
665	794
669	692
669	736
669	791
669	798
669	806
676	750
676	834
680	710
681	756
681	774
681	820
681	835
681	848
683	745
691	719
691	743
692	721
692	736
692	791
692	798
692	815
697	705
702	736
702	792
702	798
702	815
702	821
706	756
706	848
707	810
713	736
713	766
713	784
713	798
713	806
717	741
719	743
721	736
721	799
721	806
726	740
736	766
736	784
736	791
736	792
736	798
736	799
736	806
736	808
736	811
736	815
736	821
736	849
744	795
749	783
755	756
755	835
755	848
755	850
756	774
756	820
756	835
756	848
756	850
766	784
766	792
766	798
766	806
766	808
770	809
774	820
774	835
774	848
780	794
784	792
784	806
784	808
791	806
792	798
792	806
792	808
792	815
792	821
792	832
795	810
798	806
798	808
798	815
798	821
798	832
799	815
806	808
806	811
808	821
809	831
810	836
811	832
815	821
820	835
820	848
835	848
835	850
848	850
370	0
471	0
536	0
772	2
17	3
369	3
688	3
37	5
90	5
136	5
198	5
256	5
439	5
621	5
639	5
669	5
736	5
777	5
806	5
590	6
579	8
314	11
392	11
588	11
632	11
806	11
296	13
591	13
56	16
731	16
369	17
688	17
776	18
34	19
178	19
233	19
316	19
430	19
572	19
770	19
30	20
33	20
101	20
104	20
124	20
192	20
220	20
256	20
257	20
264	20
265	20
277	20
283	20
288	20
314	20
354	20
360	20
507	20
519	20
544	20
556	20
575	20
576	20
588	20
593	20
632	20
669	20
692	20
736	20
791	20
815	20
413	21
465	21
659	21
82	23
139	23
157	23
171	23
190	23
340	23
477	23
484	23
497	23
548	23
582	23
604	23
624	23
683	23
745	23
851	24
176	28
792	28
47	29
59	29
128	29
150	29
174	29
175	29
313	29
401	29
454	29
622	29
623	29
665	29
780	29
794	29
101	30
104	30
192	30
220	30
256	30
257	30
264	30
265	30
277	30
288	30
314	30
319	30
354	30
453	30
507	30
544	30
575	30
576	30
588	30
593	30
692	30
736	30
52	33
58	33
71	33
90	33
99	33
104	33
115	33
124	33
177	33
192	33
216	33
220	33
256	33
264	33
314	33
315	33
354	33
360	33
439	33
507	33
544	33
559	33
575	33
576	33
588	33
593	33
632	33
663	33
669	33
695	33
703	33
736	33
788	33
791	33
798	33
806	33
810	33
178	34
233	34
302	34
316	34
430	34
504	34
770	34
809	34
504	36
831	36
136	37
216	37
621	37
639	37
777	37
788	37
192	39
256	39
361	39
736	39
691	40
719	40
743	40
303	43
90	45
198	45
314	45
367	45
499	45
507	45
593	45
649	45
713	45
736	45
766	45
784	45
798	45
806	45
808	45
815	45
59	47
128	47
150	47
174	47
175	47
219	47
313	47
401	47
454	47
460	47
622	47
623	47
654	47
665	47
780	47
794	47
116	48
270	48
307	48
393	48
417	48
433	48
486	48
681	48
706	48
755	48
756	48
774	48
820	48
835	48
848	48
850	48
817	49
546	50
763	50
58	52
69	52
90	52
99	52
104	52
115	52
189	52
192	52
220	52
264	52
265	52
277	52
288	52
314	52
315	52
338	52
357	52
439	52
507	52
524	52
538	52
559	52
575	52
588	52
593	52
616	52
632	52
663	52
669	52
692	52
736	52
744	52
788	52
791	52
798	52
731	56
90	58
99	58
115	58
189	58
382	58
524	58
663	58
669	58
810	58
128	59
150	59
174	59
175	59
313	59
401	59
454	59
460	59
622	59
623	59
665	59
780	59
794	59
85	60
170	60
368	60
749	60
783	60
191	62
379	62
138	63
275	63
387	63
347	65
805	65
315	68
90	69
104	69
329	69
439	69
521	69
628	69
798	69
213	70
478	70
499	70
649	70
660	70
792	70
808	70
90	71
115	71
122	71
382	71
500	71
521	71
524	71
663	71
695	71
810	71
123	72
378	72
451	72
549	72
79	74
169	74
485	74
601	74
614	74
169	79
485	79
601	79
614	79
90	80
115	80
189	80
315	80
382	80
423	80
500	80
515	80
524	80
533	80
567	80
653	80
663	80
744	80
795	80
810	80
139	82
157	82
171	82
182	82
190	82
340	82
477	82
484	82
497	82
548	82
582	82
604	82
624	82
683	82
745	82
138	83
213	83
230	83
345	83
391	83
512	83
702	83
792	83
821	83
170	85
368	85
749	85
783	85
225	87
243	87
104	90
115	90
189	90
198	90
264	90
314	90
315	90
382	90
439	90
499	90
500	90
507	90
515	90
521	90
524	90
533	90
567	90
588	90
639	90
649	90
663	90
695	90
736	90
795	90
798	90
806	90
810	90
806	91
425	92
220	99
305	99
104	101
124	101
138	101
192	101
213	101
220	101
256	101
257	101
264	101
277	101
288	101
314	101
318	101
354	101
439	101
507	101
544	101
559	101
576	101
588	101
593	101
632	101
660	101
692	101
736	101
759	101
791	101
798	101
806	101
811	101
815	101
828	101
192	104
207	104
220	104
232	104
256	104
257	104
264	104
265	104
277	104
283	104
288	104
304	104
314	104
319	104
354	104
357	104
360	104
439	104
507	104
544	104
575	104
576	104
588	104
593	104
619	104
628	104
632	104
669	104
692	104
736	104
788	104
798	104
815	104
598	106
830	106
447	108
336	109
372	109
729	109
849	109
276	110
292	113
464	113
768	113
158	114
229	114
260	114
399	114
690	114
189	115
315	115
382	115
500	115
515	115
524	115
663	115
695	115
707	115
795	115
810	115
417	116
486	116
755	116
756	116
835	116
848	116
850	116
378	123
451	123
549	123
192	124
198	124
220	124
256	124
277	124
288	124
314	124
360	124
495	124
507	124
575	124
576	124
588	124
593	124
632	124
649	124
669	124
692	124
713	124
721	124
736	124
791	124
806	124
811	124
281	127
150	128
174	128
175	128
219	128
313	128
401	128
454	128
622	128
623	128
665	128
780	128
794	128
637	131
672	134
198	135
213	135
241	135
314	135
367	135
374	135
495	135
499	135
503	135
649	135
766	135
808	135
821	135
621	136
639	136
213	138
230	138
264	138
275	138
277	138
318	138
345	138
367	138
391	138
495	138
660	138
702	138
736	138
792	138
808	138
815	138
821	138
157	139
171	139
182	139
190	139
340	139
477	139
484	139
497	139
548	139
582	139
604	139
624	139
683	139
745	139
286	140
769	140
643	141
346	146
350	146
602	146
629	146
816	146
174	150
175	150
313	150
401	150
454	150
622	150
623	150
654	150
665	150
780	150
794	150
216	154
312	154
487	154
820	154
267	155
392	155
609	155
761	155
159	156
302	156
396	156
171	157
182	157
190	157
340	157
477	157
484	157
497	157
548	157
582	157
604	157
624	157
683	157
745	157
229	158
260	158
399	158
690	158
302	159
396	159
437	160
450	160
786	160
485	169
601	169
614	169
368	170
749	170
783	170
182	171
190	171
340	171
477	171
484	171
497	171
548	171
582	171
604	171
624	171
683	171
745	171
255	173
175	174
313	174
401	174
454	174
622	174
623	174
665	174
780	174
794	174
313	175
401	175
454	175
622	175
623	175
665	175
780	175
794	175
703	177
233	178
316	178
430	178
770	178
211	181
795	181
309	182
477	182
484	182
582	182
604	182
504	184
809	184
831	184
290	189
315	189
382	189
423	189
500	189
515	189
524	189
533	189
567	189
653	189
663	189
744	189
795	189
810	189
340	190
477	190
484	190
497	190
582	190
604	190
683	190
745	190
379	191
198	192
213	192
220	192
256	192
257	192
264	192
265	192
277	192
288	192
314	192
354	192
357	192
360	192
439	192
495	192
507	192
519	192
544	192
556	192
575	192
576	192
588	192
593	192
619	192
632	192
649	192
660	192
661	192
669	192
692	192
736	192
791	192
792	192
806	192
808	192
811	192
815	192
331	193
492	193
727	197
213	198
241	198
264	198
367	198
374	198
495	198
499	198
503	198
506	198
507	198
521	198
541	198
577	198
593	198
632	198
649	198
660	198
736	198
766	198
784	198
792	198
798	198
806	198
808	198
811	198
821	198
227	206
452	206
603	206
795	211
230	213
241	213
251	213
264	213
314	213
318	213
345	213
361	213
367	213
374	213
391	213
478	213
495	213
499	213
503	213
506	213
541	213
577	213
649	213
660	213
702	213
736	213
766	213
784	213
792	213
798	213
806	213
808	213
815	213
821	213
444	214
312	216
487	216
621	216
639	216
248	218
794	219
256	220
257	220
264	220
277	220
288	220
314	220
319	220
354	220
360	220
439	220
507	220
519	220
544	220
575	220
576	220
588	220
593	220
619	220
632	220
669	220
692	220
736	220
759	220
791	220
806	220
815	220
298	223
464	223
537	223
741	223
243	225
606	226
292	227
553	227
575	227
690	229
345	230
391	230
495	230
512	230
660	230
702	230
736	230
792	230
821	230
519	232
571	232
430	233
592	237
647	237
262	238
329	239
251	241
318	241
367	241
374	241
391	241
478	241
499	241
503	241
506	241
577	241
649	241
660	241
736	241
766	241
792	241
798	241
808	241
821	241
406	245
292	249
367	251
499	251
506	251
649	251
736	251
792	251
821	251
292	253
464	253
522	253
286	254
264	256
265	256
277	256
283	256
288	256
314	256
354	256
360	256
361	256
439	256
507	256
519	256
544	256
556	256
559	256
575	256
576	256
588	256
593	256
619	256
632	256
669	256
692	256
721	256
736	256
791	256
799	256
806	256
811	256
815	256
265	257
277	257
314	257
319	257
507	257
544	257
576	257
632	257
399	260
690	260
315	262
568	262
591	262
726	262
740	262
265	264
277	264
288	264
304	264
314	264
318	264
354	264
360	264
361	264
367	264
439	264
507	264
519	264
544	264
559	264
575	264
576	264
588	264
593	264
619	264
632	264
660	264
663	264
736	264
792	264
811	264
815	264
821	264
277	265
314	265
319	265
338	265
360	265
575	265
588	265
593	265
632	265
736	265
815	265
609	267
761	267
496	269
307	270
393	270
706	270
756	270
848	270
287	274
539	274
387	275
736	275
283	277
288	277
314	277
319	277
354	277
357	277
360	277
361	277
367	277
439	277
478	277
495	277
507	277
544	277
575	277
576	277
588	277
593	277
619	277
632	277
660	277
669	277
692	277
736	277
791	277
792	277
806	277
811	277
815	277
314	283
354	283
575	283
593	283
632	283
669	283
736	283
782	284
769	286
539	287
314	288
354	288
357	288
360	288
439	288
507	288
576	288
588	288
593	288
632	288
669	288
736	288
792	288
798	288
806	288
815	288
821	288
382	290
515	290
524	290
402	292
464	292
522	292
742	292
349	298
820	298
396	302
773	303
544	304
736	305
393	307
706	307
848	307
435	310
596	310
487	312
401	313
454	313
460	313
622	313
623	313
665	313
780	313
794	313
354	314
357	314
360	314
439	314
495	314
507	314
519	314
559	314
575	314
576	314
588	314
593	314
619	314
632	314
649	314
661	314
663	314
669	314
692	314
736	314
752	314
759	314
791	314
792	314
798	314
799	314
806	314
811	314
815	314
382	315
515	315
524	315
533	315
534	315
567	315
663	315
736	315
795	315
810	315
430	316
770	316
809	316
345	318
367	318
374	318
391	318
495	318
499	318
506	318
507	318
649	318
660	318
702	318
736	318
766	318
784	318
792	318
798	318
808	318
815	318
821	318
544	319
575	319
593	319
840	322
360	326
483	326
542	326
576	326
609	326
676	326
750	326
834	326
432	329
439	329
492	331
561	334
372	336
729	336
510	338
477	340
484	340
497	340
548	340
582	340
624	340
683	340
656	343
522	344
391	345
660	345
702	345
736	345
792	345
821	345
629	346
816	346
805	347
490	348
585	348
602	350
629	350
640	352
360	354
439	354
544	354
575	354
576	354
588	354
593	354
619	354
632	354
669	354
736	354
791	354
806	354
811	354
815	354
439	357
593	357
628	357
632	357
669	357
752	357
439	360
483	360
507	360
575	360
576	360
588	360
593	360
619	360
632	360
669	360
736	360
791	360
806	360
811	360
367	361
559	361
702	361
736	361
792	361
806	361
815	361
849	361
374	367
391	367
478	367
495	367
499	367
503	367
506	367
541	367
577	367
632	367
649	367
660	367
713	367
736	367
766	367
784	367
792	367
798	367
808	367
821	367
749	368
783	368
688	369
536	370
729	372
391	373
702	373
792	373
391	374
478	374
499	374
503	374
506	374
577	374
649	374
660	374
736	374
766	374
784	374
792	374
798	374
806	374
808	374
821	374
664	376
451	378
549	378
423	382
500	382
515	382
524	382
533	382
567	382
653	382
663	382
744	382
795	382
810	382
530	388
661	389
495	391
499	391
503	391
506	391
649	391
660	391
702	391
736	391
766	391
792	391
808	391
821	391
619	392
761	392
706	393
756	393
848	393
665	397
690	399
454	401
622	401
623	401
654	401
665	401
780	401
794	401
742	402
436	403
481	404
741	404
465	413
659	413
812	415
486	417
755	417
835	417
848	417
850	417
720	420
515	423
533	423
567	423
616	426
801	429
572	430
770	430
681	433
756	433
774	433
820	433
835	433
848	433
596	435
450	437
786	437
490	438
585	438
507	439
519	439
521	439
575	439
576	439
581	439
588	439
593	439
616	439
628	439
632	439
669	439
736	439
788	439
798	439
800	439
806	439
494	441
714	442
725	445
786	450
549	451
622	454
623	454
654	454
665	454
780	454
794	454
780	460
794	460
603	464
659	465
536	471
484	477
497	477
548	477
582	477
604	477
624	477
683	477
495	478
499	478
506	478
507	478
526	478
541	478
649	478
736	478
766	478
792	478
798	478
808	478
741	481
542	483
609	483
676	483
834	483
497	484
548	484
582	484
604	484
624	484
683	484
601	485
614	485
755	486
756	486
835	486
848	486
850	486
552	488
630	488
585	490
499	495
506	495
507	495
541	495
649	495
660	495
702	495
736	495
792	495
798	495
806	495
821	495
548	497
582	497
604	497
624	497
683	497
745	497
589	498
503	499
506	499
541	499
649	499
660	499
736	499
766	499
784	499
792	499
798	499
806	499
808	499
821	499
515	500
524	500
533	500
567	500
663	500
795	500
810	500
506	503
577	503
632	503
649	503
736	503
766	503
784	503
792	503
808	503
809	504
831	504
507	506
577	506
649	506
660	506
713	506
736	506
766	506
792	506
798	506
806	506
808	506
821	506
526	507
544	507
576	507
588	507
593	507
632	507
663	507
669	507
692	507
713	507
721	507
736	507
791	507
792	507
798	507
806	507
811	507
536	509
717	509
702	512
792	512
524	515
533	515
567	515
663	515
744	515
795	515
810	515
836	515
576	519
588	519
593	519
632	519
661	519
736	519
806	519
815	519
640	521
695	521
736	521
603	522
533	524
567	524
663	524
744	524
795	524
810	524
713	526
798	526
567	533
653	533
663	533
795	533
810	533
717	536
741	536
798	536
656	537
649	541
736	541
784	541
792	541
808	541
576	542
609	542
676	542
834	542
575	544
576	544
588	544
593	544
632	544
669	544
736	544
763	546
582	548
604	548
624	548
683	548
630	552
616	559
815	559
849	564
663	567
795	567
810	567
726	568
740	568
576	575
588	575
593	575
632	575
669	575
692	575
736	575
791	575
806	575
811	575
588	576
593	576
609	576
619	576
632	576
663	576
669	576
692	576
713	576
736	576
791	576
798	576
806	576
811	576
815	576
594	577
632	577
649	577
736	577
792	577
798	577
800	577
806	577
808	577
588	581
604	582
624	582
683	582
593	588
619	588
632	588
663	588
669	588
692	588
721	588
736	588
791	588
806	588
811	588
815	588
726	591
740	591
647	592
619	593
632	593
649	593
661	593
669	593
692	593
713	593
721	593
736	593
759	593
791	593
792	593
799	593
806	593
811	593
815	593
822	597
830	598
614	601
629	602
624	604
683	604
745	604
761	609
633	610
697	610
705	610
691	611
719	611
717	612
849	616
632	619
669	619
692	619
736	619
791	619
799	619
806	619
815	619
639	621
777	621
788	621
623	622
665	622
780	622
794	622
665	623
794	623
683	624
669	628
816	629
669	632
692	632
713	632
736	632
759	632
791	632
792	632
798	632
806	632
811	632
815	632
697	633
705	633
781	638
777	639
742	646
660	649
713	649
736	649
766	649
784	649
792	649
798	649
806	649
808	649
811	649
821	649
795	653
736	660
766	660
792	660
808	660
821	660
736	661
669	663
736	663
788	663
791	663
795	663
806	663
810	663
780	665
794	665
692	669
736	669
791	669
798	669
806	669
750	676
834	676
710	680
756	681
774	681
820	681
835	681
848	681
745	683
719	691
743	691
721	692
736	692
791	692
798	692
815	692
705	697
736	702
792	702
798	702
815	702
821	702
756	706
848	706
810	707
736	713
766	713
784	713
798	713
806	713
741	717
743	719
736	721
799	721
806	721
740	726
766	736
784	736
791	736
792	736
798	736
799	736
806	736
808	736
811	736
815	736
821	736
849	736
795	744
783	749
756	755
835	755
848	755
850	755
774	756
820	756
835	756
848	756
850	756
784	766
792	766
798	766
806	766
808	766
809	770
820	774
835	774
848	774
794	780
792	784
806	784
808	784
806	791
798	792
806	792
808	792
815	792
821	792
832	792
810	795
806	798
808	798
815	798
821	798
832	798
815	799
808	806
811	806
821	808
831	809
836	810
832	811
821	815
835	820
848	820
848	835
850	835
850	848
