3699	2635
3699	3049
137	937
137	703
1553	2511
2655	4074
3399	1559
2526	2030
2526	1269
4209	2641
4209	4207
4209	4161
526	1398
526	3664
526	3607
526	561
526	2490
526	991
526	3674
526	3427
526	2183
526	4302
526	86
526	3779
526	1130
526	2100
526	1943
91	2493
91	4611
91	3389
3115	1097
3115	276
3115	1347
3115	3389
3115	3918
3115	3080
2994	2511
2994	206
2994	4651
2994	3780
1398	2335
1398	3799
1398	2866
1398	2277
1398	1385
1398	1948
1398	27
1398	540
1398	4127
1398	3023
1398	3390
1398	1307
1398	4302
1398	3779
1398	1718
1398	3145
1075	891
1075	4045
1075	2071
1075	396
1075	4512
1075	865
1075	900
1075	2574
1075	1325
1075	4023
1075	1032
1075	227
1075	374
1075	1878
1075	326
1075	3520
1075	2017
2897	3175
4132	4612
4132	181
4132	4450
4132	473
4132	4571
4132	1559
4132	4596
4132	3520
4132	3296
4132	274
4132	931
4132	4593
1638	102
1638	2493
1638	4253
3974	1432
3974	49
3974	3687
3974	334
3974	1466
3974	4382
3974	27
3974	4070
3974	859
3974	569
3974	25
1655	620
1655	1314
1655	2988
1655	3780
2524	3674
2524	206
891	561
891	4011
891	1753
891	4611
891	1325
891	4595
891	1878
891	326
891	3425
3193	4545
3193	2511
1215	1380
1215	3412
793	145
793	2023
793	3389
1131	1269
1131	4079
2144	1269
1412	4087
4045	3920
2174	1063
2174	3503
2174	3998
679	2366
679	102
679	1063
679	4674
679	3734
679	3437
679	3998
4053	4160
4307	1951
1263	1176
1263	1601
1263	4595
3628	4625
3628	4381
3628	2533
3628	295
3628	2051
253	1613
253	982
253	3337
253	1951
253	4533
253	4643
253	551
253	295
253	701
253	958
253	2045
253	2051
253	4527
4494	191
4494	2420
4494	1613
4494	982
4494	482
4494	2292
4494	4533
4494	4678
4494	2045
4494	2051
4494	313
4494	4527
4080	3690
1478	2837
1478	2978
1478	3909
4008	2117
4008	1481
4008	1480
1407	3236
1841	2584
3275	3245
337	2913
337	250
337	1800
337	4231
337	1033
4625	3575
4625	3682
4625	66
4625	1549
354	3875
354	2511
1136	3108
2973	2952
2973	2584
2973	2071
2973	1441
2973	4011
2973	1692
2952	2584
2952	2071
2952	3312
2952	3724
404	4472
404	1540
404	962
2860	2511
2671	1909
2671	3002
2671	1988
2671	3992
2671	230
2671	4540
2671	101
2671	3734
1869	406
1869	2078
1909	3002
1909	179
406	4335
406	175
3664	2287
3664	2030
3664	2866
3664	3214
3664	2504
3664	1815
3664	273
3664	1764
3664	4326
3664	2634
3664	852
3664	903
3664	4303
3664	86
3664	3779
3664	3611
3664	42
3664	1943
2142	1326
3264	3425
4675	3670
4675	1414
4675	982
4675	4643
4675	2051
2868	3417
287	206
287	3688
2160	3172
2160	2575
2160	3880
2160	356
2160	561
2160	2490
3172	2575
3172	3880
3172	356
3172	561
3172	2490
3172	2511
3172	4297
2575	3880
2575	356
2575	561
2575	2490
2575	2667
2575	3427
3880	356
3880	561
3880	2490
3880	2030
3880	3214
356	561
356	2490
356	2667
356	3427
356	3299
356	3236
356	1984
356	3621
1940	3431
1940	1864
1940	230
1940	1948
3866	544
3866	2533
3866	295
649	4611
649	739
649	1692
3952	3734
1260	3039
3319	3378
3319	2680
3319	3257
3319	885
862	553
862	3378
1018	529
3607	1852
3607	921
4360	1786
4360	1602
4360	2767
4360	4595
1022	4314
824	2278
824	3477
824	2003
824	1282
824	1058
824	1499
824	4500
824	1845
824	3425
1575	3991
370	4611
370	1269
370	1179
370	4067
561	2490
561	3799
561	3714
561	2489
561	2278
561	330
561	3214
561	3655
561	2208
561	4429
561	2667
561	3427
561	755
561	2835
561	2164
561	1033
561	874
561	1954
561	1130
561	3734
2490	3427
2490	4595
2335	1385
2335	897
2335	540
2335	842
2335	2017
4139	540
4680	1613
4680	760
4680	4041
4680	295
4680	3003
619	2030
619	1977
619	1809
619	1933
619	139
619	2385
619	4005
619	2615
619	3635
619	2237
619	921
619	175
619	1049
619	1062
619	2819
619	4029
3431	3824
3431	458
3431	4070
3431	4297
3431	1347
3431	4121
3431	3024
3431	4400
3431	2451
3431	1888
2362	2551
2362	2292
2362	1801
2362	3488
2362	3438
2362	870
3599	534
3599	2511
3599	413
1732	2658
607	3154
607	3456
4309	1559
4669	1600
4669	1863
3208	1600
3208	2805
3208	1745
3208	1966
3208	3767
3208	246
3208	1279
3208	1309
3208	2254
3208	4207
3208	1948
3208	865
3208	4454
3208	3650
3208	2301
3208	1749
3208	900
3208	2363
3208	30
3208	4651
3208	3660
3208	2098
3208	1559
3208	4414
3208	3296
3208	962
3208	3279
3208	921
3208	388
3208	460
3208	2865
3208	3436
3208	4443
1432	3778
1432	3900
1432	1607
1432	2551
1432	1338
1432	161
1432	1445
1432	2020
1432	3046
1432	460
1432	3292
3017	112
3830	157
3830	2536
2407	3108
2407	157
2407	2030
3108	157
3108	2536
3108	2315
3108	2194
3108	3522
3108	2094
3108	572
3108	2613
3108	3336
3108	2304
3108	2123
3108	2646
3108	1020
3108	321
3108	658
3108	3456
3108	2150
3108	2666
3108	2199
3108	2153
3108	2377
3108	1774
3108	1499
3108	1665
3108	1299
3108	1719
3108	4666
3108	4414
3108	2222
3108	4595
3108	3642
3108	2446
3108	739
3108	2545
3108	3250
3108	74
3108	70
3108	677
3108	723
3108	1073
3108	1079
3108	1429
3108	1467
3108	1681
3108	1752
3108	1779
3108	2050
3108	2051
3108	3794
3108	2135
3108	2157
3108	2233
3108	2269
3108	2324
3108	2437
3108	2467
3108	3242
3108	3413
3108	3446
3108	3473
3108	3838
3108	3948
3108	4273
3108	1888
4532	157
4532	2536
4532	2511
157	4548
157	2536
157	4381
157	950
157	2578
157	683
157	1
4548	2536
4548	1241
4548	4595
2536	4381
2536	950
2536	2578
2536	683
2536	1
2536	3236
2536	3828
4381	1286
4381	3556
950	2578
4089	1414
4089	4678
4089	4595
2567	1414
2567	2420
2567	199
441	1269
140	4107
140	2944
3670	1224
3670	2420
3670	2363
3670	707
3670	2121
3670	1045
3670	2533
3670	551
3670	295
3670	1502
3670	2051
3670	313
1840	2935
766	707
766	295
2818	3222
2818	1645
2106	2557
2106	206
2287	4011
2287	81
2287	2667
2287	3427
2287	1044
2287	1689
2287	3145
1005	2511
2136	2454
2136	1314
2136	3154
2136	2208
2136	3734
2136	4595
2136	2395
2136	2047
2136	3663
3195	2110
3195	979
3195	1045
3195	3780
1332	112
1332	3638
1332	584
1332	4596
4182	2767
4182	3236
951	553
951	458
951	1309
951	504
3900	2368
3900	2955
3900	1194
2509	553
2509	979
2509	1049
2315	3734
2315	3296
2315	3175
2315	1709
2315	3662
803	3623
803	4554
803	745
803	775
803	4252
803	3818
803	733
803	3798
803	1753
803	16
803	3236
803	1653
803	3009
2460	3101
1451	3154
1451	3734
3799	3053
3799	2667
3799	3427
3799	4127
3799	4651
3799	2842
3770	1314
3717	2023
3717	1012
145	3053
145	3650
145	1335
3623	4040
2837	650
2837	2844
596	3707
596	3962
596	1369
596	4595
596	1177
596	2058
2887	390
2887	2035
2887	4427
2887	2580
721	476
3894	1328
3894	921
4384	2366
4384	3222
1386	1504
917	2094
917	2481
4046	2281
4046	691
1596	2245
1596	1625
1596	2888
4088	966
4088	504
498	3147
1384	1314
1384	3063
1870	3041
1870	1938
1870	3006
1870	2108
1870	2511
1870	3635
1870	935
1870	657
1870	2680
1870	1033
1870	226
1870	1957
422	2512
422	4618
422	2511
422	112
422	2098
422	2188
422	4595
422	1270
492	1191
492	35
492	2035
4254	4056
4254	625
4254	3824
4254	4066
4254	4571
4254	1847
4254	1535
4254	3279
4254	3908
3159	185
3549	4429
3549	1307
1336	2030
2030	2569
2030	4404
2030	3971
2030	1436
2030	1629
2030	3336
2030	1475
2030	2402
2030	1380
2030	2767
2030	1639
2030	2667
2030	3427
2030	4454
2030	3650
2030	2363
2030	4240
2030	647
2030	3312
2030	1135
2030	4599
2030	4200
2030	1486
2030	1606
2030	4436
2030	489
2030	1832
2030	1307
2030	2955
2030	86
2030	2383
2030	4414
2030	4365
2030	1050
2030	712
2030	551
2030	2232
2030	1542
2030	656
2030	677
2030	762
2030	1373
2030	1743
2030	2045
2030	2384
2030	2869
2030	2960
2030	3532
2030	3662
2030	4073
2030	4510
2030	2703
3321	323
3321	4546
3321	618
3805	3041
2537	2064
3814	529
3814	1729
3814	2140
3814	3895
3814	1071
3814	4595
1241	991
1241	4476
2569	2137
2569	1262
2137	409
2137	329
2137	438
2137	419
2137	306
2137	122
2137	455
4404	173
4404	3154
4404	1764
4404	2634
4404	3734
4404	3296
4404	1373
4457	4015
4457	3154
4457	4465
4457	3334
4457	1063
4457	3785
4457	1349
4457	908
4457	3734
4457	3437
4457	1500
4457	1211
2485	3466
2485	3417
2485	969
2485	2254
2485	2638
3714	1168
3714	4036
3714	3598
3714	946
4485	457
4485	2471
4485	570
1344	2078
2221	1551
2221	1607
2221	2355
2221	2495
2221	3832
2221	786
2221	3023
2221	2955
2221	2833
2221	3384
2221	326
2221	1270
2221	4205
2221	122
2282	1551
2282	1607
2282	786
2282	3023
2282	1349
2282	2833
2282	326
2282	1270
2282	4205
2282	122
2282	3425
2489	1551
2489	1607
2489	3832
2489	4435
2489	3023
2489	2833
2489	326
2489	3425
2360	3368
2278	4122
2023	1967
2023	1966
2023	1981
2023	1511
2023	3432
2023	2223
63	1729
63	3296
2584	2071
2584	1441
36	3823
1551	4618
1551	2644
1551	1528
1551	2294
1551	2281
1551	2634
1551	4429
1551	814
2071	1441
2071	4618
2071	4414
2071	388
1441	2511
621	2443
4015	2277
4015	620
4015	2726
4015	1010
4015	3529
4015	577
4015	3101
4015	1341
4015	3793
4015	3173
4015	1921
4015	3389
4015	3437
4015	3296
4015	1500
4015	1277
4015	558
4015	825
4015	3212
4015	3663
771	1370
771	645
771	4011
771	3773
771	979
771	2226
857	2463
857	4504
857	4047
529	4011
529	2140
529	3895
529	4500
529	1071
529	4354
529	3611
529	1878
529	2378
3053	2389
3053	1981
3053	3962
3053	648
3053	4131
3053	3997
3091	330
3091	99
3091	1170
3091	1614
330	1170
1370	645
1370	4011
1370	4071
1370	2934
1370	979
530	2511
530	1530
645	553
645	4011
645	2948
645	3170
645	2979
645	1724
645	3635
645	544
645	835
645	4071
645	2934
645	979
645	3309
645	957
645	2382
645	939
645	1650
1607	4289
1607	3427
1607	647
1607	3175
1607	162
1607	3708
1607	3068
1607	1957
1607	1023
3345	2129
3345	3154
3345	541
3345	1369
3345	41
3345	3734
3345	901
3345	3662
553	668
553	1168
553	3140
553	99
553	2979
553	1724
553	755
553	3679
553	4488
553	4047
553	267
553	2226
553	500
553	3891
1251	4376
3466	3417
3466	4336
3466	1800
3466	979
3466	589
2962	1314
2962	2297
2962	2612
2962	2746
2962	900
2962	3832
2962	39
2962	3390
2962	3759
2962	2580
2962	613
1340	4074
1340	366
1340	2745
392	2366
392	814
392	1347
392	125
392	1269
4329	4025
918	2194
918	250
1224	191
1224	3039
1224	982
1224	3456
1224	4533
1224	3105
1224	958
1224	1925
1224	2051
1224	2239
1975	3767
1975	1314
1975	3692
1975	4187
1975	3677
1975	3638
1975	1986
4289	1207
1191	3962
1191	3236
1191	41
1191	1270
1191	3436
4074	1010
4074	1530
4074	692
4074	239
2978	3444
4618	2779
4618	1294
4618	2226
4618	1959
4618	3867
663	4414
2964	365
2964	2476
2964	30
2964	4603
2964	1050
2964	388
1624	4347
37	2389
37	2281
37	4231
37	2842
37	3641
3290	3619
3290	2003
3290	3627
3762	4306
3762	2597
2866	3214
2866	2277
2866	1610
2866	1644
2866	2919
2866	3236
2866	3389
2866	3296
2866	1599
1630	3622
1630	2895
3631	2504
3622	2416
3622	2895
3622	2223
3622	901
3301	3796
3885	3337
3885	3046
3885	3175
119	4674
119	3389
119	3227
119	4571
119	3296
119	988
3912	3337
3912	2438
3847	3690
1414	512
1414	4101
1414	3575
1414	1810
1414	2901
1414	2121
1414	295
1414	958
1414	1494
1414	2316
1414	4083
732	1365
4422	1505
2831	2511
1702	691
1605	592
1605	273
2194	66
1974	592
1974	3638
592	969
2527	1282
2527	2493
2527	3425
1858	4275
1977	2511
1977	3175
3041	2454
3041	3477
3041	4504
3041	2610
3041	1994
3041	623
3041	1033
3041	1954
3041	1130
3041	1001
3041	825
3041	4198
2463	4504
3873	2504
3873	1559
3873	2305
3873	3732
3690	1613
3690	4041
3690	2026
3690	295
4107	323
1809	3662
3214	692
3214	979
3214	41
3214	283
4050	1681
1641	859
1641	3773
1641	3734
2603	4336
191	2420
191	4041
191	2026
191	3575
191	775
191	934
191	2890
191	1951
191	4678
191	707
191	2121
191	2533
191	551
191	17
191	295
191	958
191	1502
191	2051
191	4527
523	1781
523	1981
523	4240
523	709
523	3315
523	1597
523	1369
523	3930
523	2751
523	774
523	2628
4472	4054
4554	1724
3417	4504
3417	979
3405	4659
3405	3793
3405	2493
3405	233
3405	2858
4336	442
4336	250
4336	969
4336	1800
3181	250
3181	70
3199	1048
3199	3758
3199	267
3199	551
1725	3734
3539	413
3539	2890
3539	1526
3539	4062
3539	66
3539	1542
3539	1925
2639	1674
512	982
3971	3619
3971	2646
3971	4374
3971	1207
3971	3312
3971	434
3971	4292
3971	3734
3971	962
3971	4120
3971	885
1881	30
1881	1690
704	30
704	4666
704	3211
417	1262
2474	3101
4056	3086
4056	4595
4056	455
1061	860
1061	3645
1061	1380
1061	1354
1061	1812
2277	1729
2277	280
2277	112
2277	3668
2277	2292
2277	3389
1781	2164
1781	3389
1781	3227
1781	3734
1781	2473
1781	3296
1781	2047
1781	1525
4078	2096
4078	3965
744	2805
744	1745
744	1510
744	1496
744	881
2805	881
2805	1001
2258	3829
1745	1510
1745	4565
1745	292
1745	2223
1745	1524
1745	2321
2904	2511
4612	2094
4612	1532
1729	3895
1729	657
1729	1033
1729	4122
1729	4354
1729	267
1729	2614
563	3677
563	3638
563	1986
4410	102
2762	3055
2762	2003
2762	890
423	1913
423	1671
423	2969
4169	1380
4169	1579
4169	1871
4024	668
4024	1154
4024	2366
4024	102
4024	3222
4024	1020
4024	1598
4024	239
4469	3101
4469	4303
4469	1349
4469	4346
1320	1173
1320	1496
1320	2226
1320	3910
2607	3425
1362	661
12	1510
329	3101
2149	3175
2149	403
3522	1981
3522	4009
668	1154
668	2366
668	102
668	1598
668	3895
668	4611
668	1307
668	859
668	1269
668	3175
668	3425
2629	550
1938	786
1938	4537
1938	2161
4358	1097
4358	93
4358	3734
4358	3296
1097	1962
1097	3734
3931	2002
3931	2998
3931	4017
3931	489
3931	936
3931	1731
3931	4031
3931	4087
3931	3734
2244	1510
1197	2646
1197	4651
1342	1613
2734	4540
2734	4284
2734	4121
1967	927
932	1455
2343	3734
4659	396
4659	81
4659	3793
4659	3425
396	3560
396	2511
396	3793
4667	962
4667	4244
938	413
938	4432
2830	3677
2830	3638
2830	1986
24	4431
3550	3808
3550	1173
3550	1058
3550	4122
3550	2226
3550	689
4545	3529
4545	1366
4545	1397
620	849
620	2345
620	4530
620	696
620	1349
620	1307
620	2047
620	769
620	1391
1510	1309
1510	4153
1510	1135
1510	2680
1510	292
1510	1183
1510	1242
1510	1489
2784	683
2784	2064
2784	1369
2784	3432
2784	1216
1988	3734
4550	1385
4550	650
4550	3734
4550	2017
2504	1382
2504	4293
2504	662
2504	4007
2504	777
2504	2438
2726	3708
1168	3767
1168	2183
1168	584
1168	3425
2044	3817
49	1610
49	3477
49	1293
49	1341
2423	86
309	3154
309	4374
309	1559
309	3734
309	3296
225	4011
1926	3516
3111	4014
4101	1951
223	2511
1436	2129
1436	541
1436	3403
1629	2511
1230	969
1154	2551
1154	1595
1154	102
1154	133
1154	2937
1154	3734
1154	3296
1154	4244
121	3779
121	486
4	3296
2094	2511
2094	1954
3840	2226
3767	4357
3767	4323
3767	2511
3767	3692
3767	4326
3767	550
3767	1723
3767	3023
3767	4332
3767	2378
3767	1266
3767	1023
4357	2478
4142	2493
4142	233
2420	2026
2420	982
2420	2148
2420	1504
2420	2121
2420	2533
2420	1868
2420	551
2420	295
2420	958
2420	2051
1818	4398
1818	3581
1818	2089
1818	3650
1818	2541
4398	3581
4398	2089
3581	2089
3581	3137
1613	56
1613	4041
1613	2026
1613	2363
1613	657
1613	4488
1613	692
1613	707
1613	2121
1613	2533
1613	218
1613	551
1613	705
1613	295
1613	810
1613	1502
1613	2051
2935	295
2935	4009
760	313
3655	3393
3655	2064
3655	4454
3655	86
3655	1369
3655	881
1864	2473
2078	3687
2078	3023
2078	1496
2078	1169
2078	2179
669	2963
669	4117
1385	2017
1385	3675
1048	1400
1048	1114
1048	2371
1048	482
1048	1817
1048	3871
1048	2895
1048	2276
1048	1542
1048	295
1048	536
1048	1399
1048	1925
1048	2844
1048	1205
1048	3839
1048	3966
1048	4527
3065	3994
3065	2556
4345	206
4345	4651
4345	4343
4345	3780
1798	1889
1798	794
1798	3826
2397	206
2397	3780
3490	2511
3490	1559
56	2511
4041	2026
4041	1810
4041	580
4041	3337
4041	1951
4041	4533
4041	4678
4041	218
4041	1868
4041	4643
4041	551
4041	1542
4041	958
4041	1925
4041	2045
4041	2051
4041	313
4041	4527
2026	534
2026	218
2026	1868
2026	295
1505	2861
3298	2121
3298	4499
3298	295
3298	313
1007	569
1007	933
3928	366
3928	569
1010	577
1010	504
1010	806
1010	2426
1010	1023
2454	992
2454	2956
2454	1863
2454	4595
2454	1081
2454	1957
3055	1786
3055	3692
3055	1614
3055	3023
3055	4332
3055	2879
3055	26
3055	1266
2116	3312
3112	4005
4052	2511
4052	3465
246	2999
246	1637
246	4572
246	3317
3529	4011
3529	4005
3529	2891
3529	2048
3529	3296
572	1559
3687	2613
3687	2685
3687	3477
3687	2909
3687	2785
3687	3173
3687	302
3687	768
2389	102
2389	1033
2389	3734
2389	1155
2613	4121
3178	3336
3178	3154
3178	4450
3178	3734
3178	3296
484	2276
484	1502
3589	3638
3589	2368
3589	3067
3589	2395
3589	3046
3589	110
3589	3058
3589	3212
1400	334
1400	3945
1400	3337
1400	2363
1400	1868
1400	4643
1400	1925
1400	2045
1400	313
1400	4527
1400	2703
4606	863
4606	897
1961	4595
1961	3296
4315	1273
3643	81
3643	3378
812	2946
812	903
812	1559
812	3296
3232	1314
3232	3638
3232	2150
3232	2289
3232	3023
3232	3236
2861	478
2861	4467
2861	295
3039	3384
3039	66
3039	1399
3039	2822
3039	1205
2741	1119
2741	478
4316	1601
429	3734
429	4595
429	3009
1972	2511
334	1293
334	1778
1322	1080
1322	1269
1322	958
35	846
35	1860
35	3867
34	230
34	550
34	4297
34	2241
34	1737
34	3425
34	3212
3850	4133
1786	661
3693	3236
1815	1863
1654	3734
1654	1688
2941	982
4167	200
4167	1314
4167	1933
3530	2366
179	4025
180	1269
740	4011
4512	1499
4512	1325
4512	1739
4512	374
4512	4354
4512	4595
2010	577
2010	230
2010	3596
2010	703
2010	550
2010	3638
2010	3793
2010	4332
2010	1500
3576	3227
2251	2354
3639	4297
3639	4595
1223	886
1223	102
1223	584
1223	3827
1223	4611
1223	4017
1223	3432
1223	3296
2367	1409
886	3796
886	4502
1610	2024
1610	4011
1610	3692
1610	3837
1610	4382
1610	2308
1610	27
1610	1347
1610	1286
1610	691
937	3477
937	4504
937	206
937	3198
937	3751
4125	206
1176	4676
1176	2384
4308	2366
52	3734
1315	1366
1315	3166
1315	1397
1315	1621
1315	3080
2462	1442
2024	2182
442	3442
442	991
442	919
442	1634
442	122
3442	122
3707	1726
3707	3038
3707	885
1145	3314
3314	3038
200	1246
200	1314
200	807
1246	1314
1246	2634
846	2511
3249	1094
534	2410
534	4533
1151	4595
1314	3580
1314	1428
1314	2297
1314	2064
1314	2634
1314	2302
1314	2612
1314	1546
1314	2746
1314	2979
1314	39
1314	3081
1314	4276
1314	2719
1314	86
1314	3978
1314	4502
1314	2580
1314	4168
1314	2018
1314	4203
1314	4265
3580	4347
3580	1066
1292	3734
1292	1902
1235	1601
1235	1094
1235	3734
1304	2294
1304	906
1378	3953
1378	3734
1378	1060
1378	594
1119	4128
1119	707
1119	3175
1119	295
2410	4454
2410	4122
1919	2895
1933	1219
1933	3235
1933	3166
1933	2226
1933	3397
1219	4305
1219	3619
1219	4350
982	2560
982	992
982	2570
982	1889
982	1080
982	2363
982	482
982	934
982	2890
982	1951
982	1504
982	2733
982	4533
982	1269
982	2568
982	2121
982	2533
982	551
982	1542
982	17
982	295
982	1502
982	2045
982	2051
982	3915
982	313
2685	2667
2685	3427
2685	609
2588	1408
4026	3023
262	206
262	3780
262	3212
438	3389
4366	2189
4366	3627
1428	921
1428	1266
1428	1525
3336	4019
3336	3679
1601	278
1601	390
1601	2840
1601	4333
1601	2204
1601	2152
1601	2765
1601	1240
1601	1269
1601	86
1601	1253
1601	2378
1601	5
1601	1852
1601	921
1601	723
1601	2156
1601	4277
1601	1943
3102	4011
3102	2948
3102	4451
3481	1943
2304	3504
1388	2721
1388	1267
1388	2031
4539	986
3075	4504
3075	440
3075	3641
3560	2297
3560	2646
3560	703
3560	3677
3560	3638
3560	1308
3560	3734
3560	1986
3560	3296
3560	3212
4323	390
4323	99
4323	4297
2297	550
2297	2746
2297	3832
2297	39
2297	3606
2297	504
2297	3390
2297	3024
2297	440
3808	1886
3608	1900
4165	1110
4165	2471
4165	647
4165	1753
4165	3023
4165	1982
4165	1262
3495	102
1810	4488
1810	707
1810	2533
1810	295
1810	1925
4057	897
4057	2404
2551	3827
369	3986
2481	4468
1134	1269
1134	3734
1248	3734
1248	689
462	81
462	2511
462	3378
462	3101
863	986
863	355
863	2120
863	3734
863	3296
863	25
4222	1269
2499	2409
2499	2895
849	206
849	486
1252	1347
1252	584
1252	4473
1609	2195
1609	2766
1609	247
2195	2766
2195	247
4676	4374
4676	3734
4676	3296
1195	3154
1195	4374
1195	4405
1195	3734
1195	3296
341	3236
834	3734
1037	3734
3924	3033
3033	1169
3033	1494
3033	3665
4011	3619
4011	2956
4011	2354
4011	4350
4011	4284
4011	979
4011	267
4011	2226
4011	2858
4011	2378
2948	3619
2948	979
2948	2226
3477	4504
3477	27
3477	1753
3477	623
3477	1282
3477	4071
3477	3166
3477	4047
3559	30
3559	4155
3559	4666
3559	289
2644	273
2644	3692
273	662
273	206
273	1274
390	4605
390	1455
390	1058
390	1033
390	4122
390	1499
4044	3078
4044	3722
4044	3144
4044	3312
4044	127
4044	3734
4044	3296
220	4450
220	3734
220	3296
478	3236
478	661
478	2325
860	3297
860	3598
860	218
4504	1753
4504	979
4504	2473
4504	3166
4504	4047
897	1644
897	3824
897	2779
897	3390
897	4673
897	4121
897	3227
897	1559
897	3437
897	3046
82	504
81	3992
81	366
81	1644
81	4382
81	2779
81	3793
81	2098
81	4540
81	4673
81	4121
81	3918
81	2745
81	3710
3923	3101
3923	2779
1590	3101
1456	1269
3833	3261
2014	707
2014	2038
3353	1502
2013	3105
992	2891
992	1347
992	1307
992	2719
992	1269
992	3615
992	110
991	3837
991	2891
991	4062
991	110
991	1494
2435	295
2715	2572
1255	3734
3483	4073
3619	4429
3619	1954
3619	1130
3619	3425
1374	540
1374	3236
1374	4595
3753	2511
2913	1279
2913	540
2913	1627
1279	540
139	206
139	4611
139	3780
139	2888
1273	571
1273	4374
1273	2610
1273	1282
1273	962
1273	298
3426	419
3426	584
3426	3688
3426	3425
3161	1110
3161	3227
3161	1954
3161	2047
419	3101
419	1281
79	3998
2108	3154
2108	623
2108	3734
2108	3212
2355	2511
250	969
250	1269
3453	1868
683	969
683	1726
683	2842
683	10
2385	2415
3992	161
3992	4285
3992	976
3992	3587
3674	4671
3674	3635
3674	935
3674	431
3674	1289
3674	2765
3674	86
3674	1845
4115	2366
3958	3456
3958	2363
966	2533
173	3542
173	3173
173	1954
173	699
280	3668
280	3444
3970	3444
2129	1293
2129	541
2129	869
2129	1369
2129	3582
2847	1606
4580	4611
3796	4017
3796	1731
3796	4502
232	2733
232	4595
2245	1325
2245	1984
2245	990
366	2998
366	4382
366	540
366	3008
366	4611
366	3163
366	2900
366	501
366	1442
366	2745
2476	2511
2476	1050
2476	3109
4628	4599
4654	4108
2511	2298
2511	4326
2511	4429
2511	4671
2511	2902
2511	2260
2511	2673
2511	928
2511	703
2511	215
2511	1354
2511	4127
2511	3337
2511	1951
2511	4228
2511	3067
2511	2919
2511	1593
2511	2377
2511	2679
2511	657
2511	4121
2511	3142
2511	2538
2511	864
2511	1307
2511	4040
2511	1635
2511	1217
2511	1690
2511	3105
2511	3615
2511	1227
2511	2417
2511	2924
2511	289
2511	2943
2511	1253
2511	3964
2511	216
2511	3132
2511	3279
2511	3485
2511	2545
2511	54
2511	1852
2511	122
2511	126
2511	129
2511	175
2511	222
2511	307
2511	447
2511	460
2511	524
2511	573
2511	931
2511	1067
2511	1093
2511	1149
2511	1196
2511	1497
2511	1517
2511	1616
2511	1626
2511	1670
2511	1685
2511	1871
2511	2158
2511	2216
2511	2356
2511	2421
2511	2534
2511	2654
2511	2775
2511	2809
2511	2823
2511	2850
2511	2874
2511	2912
2511	2997
2511	3087
2511	3134
2511	3180
2511	3395
2511	3532
2511	3610
2511	3662
2511	3701
2511	3720
2511	3724
2511	3811
2511	3891
2511	3910
2511	3985
2511	4388
2511	4443
2511	4569
2511	4615
2511	4626
2511	2161
2511	3777
1644	2779
1644	1325
1293	775
1293	27
1293	1749
1293	57
1293	1282
1293	4006
1293	859
1293	283
1293	218
1293	3250
1293	3828
3154	3837
3154	2227
3154	2779
3154	1532
3154	3144
3154	1749
3154	57
3154	1222
3154	4546
3154	1051
3154	1597
3154	247
3154	4414
3154	3734
3154	3437
3154	1211
3154	1001
3154	3250
2298	3567
454	3740
454	1489
3393	2963
3393	1699
2064	1849
2064	4231
2064	3236
2064	41
2064	3235
2064	10
2064	3473
1849	3962
1595	102
1595	3222
3775	707
2206	1380
2206	657
2206	3296
625	1566
625	1347
625	1083
2697	2486
2697	2885
2840	2196
2840	267
2088	2003
2088	2719
3146	30
568	969
3692	458
3692	504
3692	1653
3692	2833
3692	3986
3692	1270
3692	3212
4645	1341
4645	657
4645	86
4645	1446
3824	458
3824	4611
3824	3520
3824	2189
3824	3212
458	1309
458	1614
458	658
458	550
458	504
458	4632
458	3024
458	2833
458	1081
458	3198
458	976
458	1270
758	2366
758	206
2003	2600
2570	2363
2570	2121
2570	3296
2570	1868
2570	551
2570	3675
2570	295
2570	4527
2646	1749
2646	3734
2646	3296
2646	962
2788	3197
775	2182
775	3011
775	1113
2372	1504
4160	1262
1110	276
1110	431
1309	3921
3837	2100
4128	1080
4128	2680
4128	4009
3672	2711
577	3606
577	4596
2624	696
2624	1033
2624	1954
2495	3662
1530	3101
2711	3101
2884	3101
1114	1242
1114	3911
729	3222
729	4651
3856	3389
2002	1731
2002	4031
2002	3662
1764	1307
1764	3734
1764	251
1764	2191
4140	1347
4140	3425
1539	230
1539	386
2366	102
2366	3222
2366	1020
2366	4145
2366	2148
2366	482
2366	4436
2366	340
2366	3615
2366	3166
2366	4335
2366	3309
2366	1226
2366	2876
2366	3803
2366	734
102	3222
102	1020
102	477
102	2148
102	1715
102	3543
102	2906
102	4177
102	2164
102	4514
102	133
102	3394
102	4354
102	3986
102	1604
102	3521
3222	1020
3222	2925
3222	3543
3222	3447
3222	4103
3222	1227
3222	251
3222	3096
1020	3543
1020	2914
4326	1105
4326	206
4326	3389
4326	4441
4326	4377
4585	4382
2182	4429
2182	2779
2182	1954
2182	3425
2182	3828
644	3212
3893	3236
3361	1753
1528	2294
1528	1369
1528	1216
2294	3756
2294	1635
2294	3773
2281	1635
2281	3773
2590	4571
2590	3413
1184	477
2583	3638
1889	2121
1889	1047
1889	3915
413	934
413	707
413	3682
413	295
413	1502
413	1925
2998	2036
2998	2164
2998	2940
541	869
541	1324
541	1369
580	1951
580	707
580	295
580	958
580	1502
3823	628
3823	885
3823	2189
4565	1749
4565	3543
4565	1269
3378	2937
3378	4098
969	2638
969	1800
969	979
969	1227
969	1095
969	3734
969	573
969	576
969	615
969	670
969	1079
969	1196
969	1272
969	1376
969	1642
969	1670
969	1773
969	1925
969	2091
969	2220
969	2853
99	1170
99	267
1614	1058
1614	3503
3722	2208
2634	276
2634	206
2634	1347
2634	1586
2634	4611
2634	957
4005	2208
4005	2493
4005	657
4005	2191
3170	979
3170	2022
3170	2307
3170	4589
4592	1749
2956	3677
2956	1033
276	4540
276	4047
276	283
3101	2565
3101	237
3101	2529
3101	3677
3101	2428
3101	2692
3101	4303
3101	4546
3101	4604
3101	4002
3101	1606
3101	2035
3101	374
3101	962
3101	1083
3101	3691
3101	265
3101	325
3101	468
3101	476
3101	2316
3101	2337
3101	2421
3101	2556
3101	2559
3101	2599
3101	2650
3101	2844
3101	2876
3101	2912
3101	2970
3101	3071
3101	3073
3101	3103
3101	3603
3101	3947
3101	4009
3430	2208
3430	152
3430	374
4163	152
4163	1559
4163	374
321	1173
321	152
321	1559
321	1325
321	1739
321	374
321	4595
1751	2051
3749	3660
3749	913
2565	3826
4652	3425
2208	1347
2208	4611
2208	3432
2208	927
2794	2667
2794	3427
2254	2529
2254	3606
2254	1369
2254	1559
2254	957
2254	3221
3804	4450
4210	464
4450	1942
4450	1222
4450	1023
2266	66
4207	696
4207	3465
4207	1586
4207	501
4207	2473
4207	3296
4207	2125
4207	926
4207	4491
3756	1666
3756	2150
3756	1094
3756	3296
696	2833
696	1957
1942	861
230	100
230	283
230	1888
4429	431
4429	874
4429	1954
4429	2842
4429	3124
4429	3425
4671	1948
3465	2902
3465	4448
3465	3653
3465	1282
2902	3494
4448	4674
4448	3688
2816	374
2227	1417
2227	3688
243	86
243	1943
4290	3546
2103	1308
2103	2310
2103	1486
4359	3333
4359	3411
4382	2909
4382	3008
4382	1325
4382	2745
4382	3068
3976	2012
3976	3122
2612	2746
2612	900
2612	3832
2612	39
2612	3390
2612	2580
2612	1500
2612	4285
1598	3895
1598	3235
3509	662
3596	112
112	4147
112	1085
112	3364
112	3224
112	4602
112	2320
112	2404
816	2301
4147	1269
4147	861
3482	2301
3482	4595
3364	2301
2056	152
2320	2301
2320	1914
1934	237
1934	3937
1934	712
2371	1542
237	4251
237	712
2571	3638
2571	1308
2571	1175
3818	2842
3043	3212
2767	86
2767	1943
1364	662
1364	3437
662	1481
662	1349
662	1592
662	2223
323	1932
323	4546
323	2766
2963	2625
2963	2574
2963	305
2963	4335
2963	4399
986	1417
986	1532
986	3144
986	1749
986	1665
986	842
4629	1269
3363	1639
3030	4337
928	3236
1673	3242
1639	4458
1639	2156
4156	1749
2713	4427
2308	4465
2308	3998
2625	570
2625	3163
2625	305
2625	4335
2625	4399
4374	1666
4374	1222
4374	1033
4374	1113
4374	4414
4374	3296
4374	2421
4374	2434
1948	27
1948	1699
1948	1878
2667	3427
2667	152
2667	1811
2667	2232
2667	3145
27	3444
27	227
27	3068
3427	152
3427	1811
3427	2232
3427	3145
4465	3606
4465	3437
4465	861
4465	2841
3334	3606
3334	861
2779	852
2779	3650
2779	3444
2779	2473
2779	3998
2779	921
2779	3963
2779	1023
2779	734
1843	2680
1843	1033
1843	1499
1843	4595
1843	3780
852	2368
852	544
4642	4595
4642	298
4639	1269
2148	2096
2331	4540
2331	4284
2331	661
2331	2719
2331	569
865	1470
865	420
865	1325
865	4023
865	227
865	4595
865	1878
865	326
865	3520
865	2223
865	1081
865	2017
865	2503
540	3163
540	1442
540	4500
540	2745
703	4187
703	550
703	1227
703	440
703	3198
1080	2257
1080	2780
1080	1925
1080	2239
1417	2301
1417	3456
1417	1749
1417	3439
1628	3734
1628	3296
4454	4651
4454	3660
4454	2223
3650	3444
3650	3860
3650	3963
3126	3236
1666	3734
2529	3962
2529	844
2529	4231
2529	1369
2529	2940
2529	1533
2529	2223
1726	844
1726	4231
1726	1369
1726	2940
1726	842
1726	1177
1726	1904
4187	3638
4187	1308
4187	3236
4187	1986
4187	3212
658	504
3677	1546
3677	1308
3677	1206
3677	2098
3677	4332
550	3638
550	504
550	3921
550	3024
550	2833
550	1878
550	3986
550	1270
3638	1546
3638	1308
3638	1206
3638	3337
3638	4177
3638	3024
3638	1986
3638	4203
2140	2909
2140	3895
2140	3011
2140	1878
2140	1023
1063	93
1063	3606
1063	2241
1063	3212
1192	825
3785	3606
3785	3437
3785	861
215	1094
1546	1986
1308	1206
1308	2098
2880	3937
2301	1749
2301	850
3962	844
3962	1749
3962	1369
3962	2940
3962	881
3962	4414
3962	2597
3962	2223
3962	1177
3962	939
1206	1525
844	881
844	913
2610	1532
2610	1749
2610	1540
2610	3860
1532	3456
1532	1749
1532	1540
3144	1749
3144	57
3144	1341
3144	1496
3144	1537
3144	3734
3456	2363
3456	3439
3456	1496
3456	1592
3456	3296
3456	4007
3456	1542
3456	958
3456	3134
1749	2471
1749	1341
1749	3444
1749	4054
1749	1592
1749	3734
1749	1050
1749	3520
1749	1177
1749	2614
57	1341
57	1537
57	3734
2471	1540
2471	3496
4653	152
4653	1559
4653	374
2096	797
2096	3998
2944	1464
2944	3485
2944	2722
2608	1301
1491	1506
2670	4595
1800	807
1506	612
1506	2121
1506	295
2430	1429
3297	2827
3297	4648
3297	2034
2827	4648
2827	2034
2827	1591
4648	2034
4110	1632
3261	4595
3261	3150
1331	3851
1331	4595
1341	900
1341	206
1341	3390
1341	1496
1341	1500
4231	2666
4231	10
4231	3073
1207	2364
916	4365
2746	900
2746	3832
2746	39
2746	3390
2746	3734
2746	3759
2746	1689
1181	4155
64	346
64	1079
3605	4595
355	3068
355	1023
2368	1354
2368	544
2368	515
2368	3166
900	4347
900	39
900	3390
900	1496
316	1559
316	3175
2167	4297
2167	711
2167	4000
2167	962
1566	4347
3815	4347
2150	4347
2150	717
2150	3018
1354	2663
2909	218
2909	25
2979	1900
2979	3780
2979	2047
1724	1954
1724	110
1724	3212
3909	295
3084	3679
814	3734
1812	3682
1812	3425
1326	1559
1326	2842
1326	723
1326	3436
1326	4265
93	3485
3515	599
3515	4356
3515	3192
3515	791
2310	3236
2310	4134
2310	1939
2310	4082
142	538
2289	736
2465	3773
4022	4595
1579	3945
1579	651
1579	1559
3945	2231
3945	4087
3945	2706
2066	2236
3842	1925
3832	39
3832	3390
3832	2580
1481	152
1481	374
324	1635
324	25
473	1169
2666	584
78	3236
725	3734
238	2824
3337	2363
3337	1307
3337	3105
3337	2121
3337	1130
3337	2533
3337	4643
3337	295
3337	3058
3337	3680
4347	2561
4347	3611
4347	1391
4347	1845
4347	3425
2363	934
2363	2890
2363	707
2363	1045
2363	218
2363	1868
2363	551
2363	1925
2363	2045
2363	2051
2363	3425
2363	313
2363	4527
412	2045
412	2982
412	3310
1723	1105
1723	584
1723	3389
1723	1954
1723	4377
3350	1753
4240	2384
4350	2719
4350	4426
1464	988
1313	3444
1313	807
1203	206
482	707
482	2276
482	295
482	2844
934	2733
934	707
934	958
934	313
21	66
612	199
1817	1925
3299	4249
3793	2600
3793	3606
474	3973
1185	3023
1185	1286
1185	1270
2890	707
2890	2121
2890	2533
2890	66
2890	1925
2890	2051
2890	313
3758	300
3758	3219
3895	2600
3895	1471
3895	1071
3895	2378
3895	921
31	300
1677	300
300	1982
3635	3660
3635	1033
3635	3046
3635	2047
3635	3425
3635	3663
1617	825
1951	4678
1951	707
1951	2901
1951	1868
1951	4643
1951	551
1951	17
1951	295
1951	2178
3542	3708
647	4611
647	4436
647	4040
647	1787
647	1130
647	3368
647	4562
647	3175
647	2047
786	1811
786	4562
786	1957
1065	1399
1077	4595
4458	2719
1066	2719
4605	1453
4605	1281
4605	657
4605	3780
4605	306
1453	3312
1453	3787
1453	2378
1453	388
115	657
115	515
3312	4153
3312	1281
3312	1915
3312	2421
3312	3152
2183	86
2139	3389
4467	3296
1504	2051
1504	2923
1504	3991
1504	4073
1222	3734
1222	3296
570	3571
570	2919
570	2688
570	869
570	1044
570	3432
570	289
570	218
570	4620
570	1500
570	3046
570	255
570	828
570	1860
570	2836
3571	1883
1713	289
2574	3773
2574	4666
2574	3437
2574	3110
903	4666
903	3437
903	3110
30	4435
30	3734
30	1050
30	3152
4435	4666
206	4155
206	4666
206	289
206	1984
206	267
206	1001
206	2731
206	589
206	637
206	3229
4297	2906
4297	4595
4297	3780
4297	1060
3719	313
16	874
3443	1996
2891	1559
755	3296
755	204
755	2047
755	3425
39	3390
39	3759
39	2580
39	4168
39	962
544	3997
127	584
127	4096
3606	2241
3606	3437
3606	4335
3606	1500
2835	1845
2835	1959
2835	3425
4153	1281
4153	1173
4153	1059
1281	3425
4482	1270
3023	4674
3023	1369
504	1182
504	1593
504	4632
504	3024
504	2833
504	2643
504	3046
504	3198
504	976
504	1270
504	1757
4432	4533
1883	3734
1511	4611
4674	1954
4674	4571
4674	3734
4674	3296
1135	3105
1135	228
623	1269
623	4047
3315	3489
3315	2292
3315	25
3489	1173
3489	1347
3489	1338
3489	2478
3489	3827
3489	962
4303	3175
1173	1338
1173	1455
1173	1058
1173	2680
1173	1033
1173	4122
1173	1499
1173	1915
1173	1325
1173	2222
1173	962
1173	2226
1173	689
1173	464
1349	736
1349	2493
1349	233
1349	1033
1347	2153
1347	1033
1347	1499
1347	2222
1347	1083
1347	4620
1347	3641
1338	2478
1338	1915
1338	2226
1282	1586
1282	4540
1282	1033
1282	1240
1282	3734
1282	3517
1282	589
1282	3145
1282	1845
736	3086
584	2153
584	1033
584	1690
584	2731
584	1183
2899	798
2478	3227
2478	2226
1648	4065
4108	3668
3668	161
3668	3744
882	979
882	1183
1583	4043
1583	1094
3067	791
3402	4103
3402	480
1519	3250
1519	2255
2425	979
648	4651
648	2785
648	3724
4312	3296
4312	4562
538	3720
3441	4407
3081	859
1454	3011
1454	3086
1454	906
2919	798
2493	233
2493	3173
2493	3734
233	3473
3008	3163
3008	1442
3008	2745
4131	4651
4131	10
4131	1925
4131	2411
833	2906
833	3080
650	3124
650	517
650	4588
4651	3173
4651	1283
4651	4205
4651	126
2153	4473
107	4656
2906	3080
3236	3646
3236	4611
3236	4031
3236	569
3236	1104
3236	4365
3236	2404
3236	3070
3236	3918
3236	705
3236	4205
3236	426
3236	1711
3236	2888
3236	3211
3236	3603
3236	3857
3236	3910
3236	4198
3236	3268
3236	2968
3444	267
3444	885
4237	2894
2098	3679
2098	828
4546	3438
4546	870
4546	3734
797	1604
539	885
919	2679
919	122
3390	1496
3390	247
3390	2937
1496	2530
1496	1662
1496	3603
1496	3710
431	2164
431	1307
431	3197
431	3734
431	825
2292	1801
2292	3389
2292	3227
2292	4571
2292	3296
2164	1455
2164	1058
2164	4595
1801	1269
4043	1307
4043	3470
3173	283
3173	699
352	705
152	3773
152	1739
152	520
152	1071
152	4354
152	3250
4540	4284
4540	2053
4540	3679
4540	4611
4540	283
4284	4200
4284	3679
4284	4611
4284	4670
4200	2679
4200	3851
4200	4611
4200	4121
765	3851
765	4121
2280	3851
2280	4121
3679	4611
3679	4121
3679	1424
2679	3851
2679	2763
2679	4611
2679	4673
2679	4670
2679	4121
3851	2763
3851	4611
3851	4673
3851	4121
2763	4611
2763	4121
4611	4673
4611	4670
4611	4121
4611	2940
4611	2739
4611	1401
4611	2028
4611	3058
4673	4121
4673	3918
4604	4250
1051	3941
3526	3169
4514	4009
3135	4275
1419	1455
1419	657
1419	1058
1419	2680
1419	1033
1419	1499
1419	2249
1419	1242
1455	657
1455	1058
1455	2680
1455	1033
1455	4122
1455	1499
1455	2545
1455	3425
3206	657
3206	2680
3206	1499
657	1058
657	2680
657	1033
657	4122
657	1499
657	711
657	4343
657	784
657	1559
657	881
657	990
1058	2680
1058	1033
1058	1325
1058	3780
4670	4121
4670	1307
4121	1442
4121	842
1606	3219
2555	661
2555	3616
3666	4595
3666	3527
2680	1033
2680	4122
2680	1499
1033	4122
1033	1499
1033	1269
1033	3503
1033	1954
1033	4047
1033	3556
4122	1325
4122	3828
1499	1325
1499	3780
1499	326
711	4000
101	2220
4332	1270
4332	3212
1985	3425
4017	936
4017	1731
489	936
489	1731
489	1559
489	3734
936	1731
936	4031
936	4087
936	3734
1731	4031
1731	4087
1731	3734
4031	3734
4632	1573
4066	4595
501	1442
501	3743
1307	3779
1307	699
1307	2756
1307	4317
1307	4593
1778	1637
4040	1540
4040	1811
943	3734
835	979
874	4500
874	2719
874	3296
874	1286
874	1270
874	3556
874	3826
4500	1878
4500	405
2733	707
2733	2121
2733	295
1597	3734
3011	859
3011	1277
4533	707
4533	2121
4533	2533
4533	295
4533	2045
1445	4562
1445	3046
2765	4562
1635	4562
1635	3473
1635	4075
4488	3086
4488	3296
661	4343
661	2879
661	958
661	1604
661	1890
661	2403
661	4001
661	4219
661	4261
3438	870
125	4077
2020	3475
869	1324
4276	3662
3574	4595
2682	199
2859	1130
2859	199
2196	1954
2719	1759
2999	1637
2999	4572
2257	295
2257	3150
3871	2844
3086	906
3086	1665
3086	2895
3086	1954
3086	873
3086	1397
906	298
3800	1366
1366	1584
1366	3794
1366	1397
3324	4596
3324	4595
3105	2730
3105	705
3105	295
3105	2821
859	1094
859	1286
1665	28
1665	4275
1665	3475
2895	2568
2895	873
2895	3485
2895	2722
133	913
1540	825
3389	2955
3389	4383
3389	2731
3389	4205
2955	4383
4383	283
1269	675
1269	283
1269	10
1269	4499
1269	1671
1269	197
1269	222
1269	301
1269	362
1269	926
1269	957
1269	958
1269	1137
1269	1267
1269	1429
1269	1892
1269	2798
1269	4214
1269	4268
1269	4318
1269	4322
1269	4476
1269	4496
2035	4427
2035	2580
2766	247
2766	2099
2568	2051
2568	3662
4678	2121
4678	218
4678	295
4678	1502
4678	3665
4678	2703
420	227
1515	227
1515	326
1515	901
2241	1811
2241	1500
2241	1860
4071	979
4071	2230
4647	3437
2188	3839
707	3930
707	1868
707	4643
707	705
707	958
707	1925
707	2051
707	313
2934	979
2934	2226
247	3734
247	628
247	3198
247	1194
3024	3520
3024	3998
3024	1270
3773	1094
3773	374
3773	3611
3773	1878
3773	1687
3445	3175
569	1811
569	3068
3227	3508
3598	1954
3598	3425
3615	3636
3615	3663
1044	589
3997	1604
979	3309
979	1183
979	828
979	894
979	957
979	2382
979	3826
3503	2008
86	2383
86	861
86	486
86	2276
86	1542
86	3145
86	3532
86	4510
86	1943
3779	1943
1104	743
1954	4571
1954	2842
1954	1294
1954	3229
1954	4198
1954	3080
2980	1668
873	2722
1227	4666
1227	289
1227	3110
1227	3732
1369	881
1369	3432
1369	2597
1369	2223
1369	3998
1369	1759
2940	2888
3937	3432
3937	4273
4155	4666
2901	4082
2901	17
2901	357
4571	4047
4571	2850
4666	4603
4666	3734
4666	3437
4666	3296
2383	1943
784	3734
1094	4354
1094	3611
1094	2226
1094	3409
2894	1143
2894	1752
4324	4595
2121	1868
2121	66
2121	1542
2121	1925
2121	2045
2121	2051
2121	2844
2121	313
2121	4527
4603	1050
908	3734
908	3110
3419	3845
3419	3590
3845	3734
3845	3296
3845	3590
4292	3689
1559	3384
1559	486
1559	798
1559	2134
1559	3046
1559	921
1559	88
1559	800
1559	1301
1559	1359
1559	1435
1559	2874
1559	3121
1559	4158
2561	3734
2561	3296
2842	3166
2842	2223
881	3734
881	2223
881	1177
881	2004
3432	1216
3432	2223
3432	1759
3432	3018
4414	2597
4414	3296
4414	388
4414	699
2924	3930
41	3038
4581	2988
3124	3166
2048	4244
4427	3471
4427	2580
4176	3107
1298	3915
1130	1183
1130	1957
1325	4023
1325	1032
1325	4595
1325	1878
1325	326
1325	2745
4023	1032
4023	227
4023	2916
4023	4595
227	2916
227	374
227	842
227	326
227	3520
227	2017
227	3508
227	3250
2916	2017
1739	374
1739	4354
1739	3611
374	520
374	1071
374	4354
374	3611
374	3250
520	3611
2937	3734
2937	3296
2937	169
1537	4300
1537	734
1537	2161
440	4596
440	3437
3734	3437
3734	2249
3734	2309
3734	2446
3734	1811
3734	2017
3734	1001
3734	3269
3734	717
3734	2545
3734	517
3734	804
3734	1059
3734	1674
3734	2028
3734	2421
3734	2434
3734	2467
3734	2888
3734	3037
3734	3134
3734	3152
3734	3627
3734	3908
3734	4388
2662	4596
4596	4507
4596	4480
4596	3425
2473	2125
946	3296
946	1270
4400	3269
4400	1845
1986	3068
2879	515
2222	4047
1071	4354
4354	3611
3611	3132
3611	2047
2086	3296
3235	682
3235	1361
3235	1670
1984	3780
1984	1888
3166	807
2533	1868
2533	551
2533	1542
2533	958
2533	1925
2533	2051
2533	2239
2533	313
4047	2731
4047	957
4047	3425
4047	3826
1141	2214
3437	1500
3437	3110
108	981
3384	4560
3384	1671
3384	1183
3384	3527
4595	1060
4595	4062
4595	76
4595	175
4595	666
4595	806
4595	830
4595	931
4595	1401
4595	1928
4595	3028
4595	3107
4595	3476
4595	3584
4595	4077
4595	3963
4595	4025
4595	4092
4595	4644
4595	1397
3780	1060
3780	1500
3780	267
3780	1001
3780	637
3780	825
4502	861
3642	1871
861	283
861	4251
861	4082
283	2284
10	2255
2580	4168
842	2017
1050	913
486	2540
2276	3682
2276	1205
2276	4527
2276	1943
1878	326
1878	3520
1878	2745
326	3520
326	921
3520	388
3160	2325
218	551
218	3641
218	1502
218	3150
3296	2027
3296	2572
3296	3860
3296	717
3296	166
3296	517
3296	524
3296	1411
3296	1845
3296	1957
3296	2028
3296	2099
3296	2421
3296	2434
3296	3425
962	2223
962	2780
962	921
962	4451
264	1688
4499	4527
4620	2047
1060	2327
1060	3018
1060	4399
1500	3212
4251	712
712	65
2125	610
1868	4337
1868	295
1868	1502
1868	3569
2751	3918
2751	4656
3691	3491
3691	3682
3691	2045
3918	3517
3918	1424
298	3755
2395	2858
2395	3663
4643	295
4643	403
4643	1502
4643	2051
4643	3109
4235	66
267	913
267	2240
267	3425
2017	2011
3998	4431
1001	3175
1827	2100
3269	4478
551	239
551	295
551	701
551	958
551	2045
551	2051
551	3150
551	4527
3219	1623
3219	3326
2731	798
2731	1286
2731	2226
2731	2047
228	2572
1286	4496
1286	1397
2226	689
2226	3854
2226	4370
2226	3826
1284	927
1689	4491
705	295
705	1636
705	2038
66	295
66	1175
66	2823
66	2722
2522	830
3046	1270
3198	1270
976	1270
1270	1757
1270	1516
1270	2373
1147	1524
599	4356
599	791
641	2645
641	1205
3175	460
3175	968
3175	1148
3175	4401
1634	122
4560	1671
4560	1183
1671	1183
1183	3425
4356	3192
4356	791
4134	4082
2745	2378
1939	4082
3192	791
3192	3561
1535	3485
1535	2722
3279	2970
1542	295
2436	295
3485	2722
17	2239
25	1023
42	558
1852	3662
3250	342
921	388
921	3229
921	3662
122	1904
158	2327
186	2047
197	2031
207	1420
236	1335
295	701
295	958
295	1925
295	2045
295	2051
295	2824
295	2844
295	313
295	4527
388	2189
388	3627
402	727
2047	3708
2047	2028
2047	2426
2047	3680
2047	3663
455	665
455	3669
460	4327
461	3176
468	810
480	3401
537	1925
558	1668
588	1023
594	1196
613	691
656	2622
804	1584
804	4394
825	1358
825	1957
825	3425
828	2161
829	2434
894	2038
901	2284
927	2038
931	1120
958	2051
977	2189
1011	1262
1017	2327
1047	1777
1073	1262
1155	4025
1175	2031
1175	4265
1196	3049
1266	3425
1329	2356
1399	1925
1399	3155
1402	3147
1409	4301
1494	1925
1494	3915
1502	2051
1502	4527
1507	2373
1584	4394
1584	3821
1584	1397
1584	1621
1584	3663
1599	2817
1616	3496
1636	4157
1662	3134
1854	1943
1925	1956
1925	4527
1947	2131
1947	3853
1957	3425
2004	3662
2031	3680
2031	3826
2031	4196
2045	2051
2045	3150
2045	3836
2051	3150
2051	3915
2051	313
2051	4527
2059	3738
2100	3212
2100	3665
3794	3821
3794	1397
3794	1621
3794	3663
3794	3080
2189	3627
2229	2968
2421	3025
2449	3908
2456	3662
2686	3662
2781	3425
2799	3229
3556	3425
3425	3089
2863	3397
2865	3908
2970	3662
3037	3229
3063	1943
3100	3662
3277	3662
1205	4527
3662	4033
3680	3826
3811	4509
3915	4527
4219	4640
4510	1397
4510	1943
2635	3699
3049	3699
937	137
703	137
2511	1553
4074	2655
1559	3399
2030	2526
1269	2526
2641	4209
4207	4209
4161	4209
1398	526
3664	526
3607	526
561	526
2490	526
991	526
3674	526
3427	526
2183	526
4302	526
86	526
3779	526
1130	526
2100	526
1943	526
2493	91
4611	91
3389	91
1097	3115
276	3115
1347	3115
3389	3115
3918	3115
3080	3115
2511	2994
206	2994
4651	2994
3780	2994
2335	1398
3799	1398
2866	1398
2277	1398
1385	1398
1948	1398
27	1398
540	1398
4127	1398
3023	1398
3390	1398
1307	1398
4302	1398
3779	1398
1718	1398
3145	1398
891	1075
4045	1075
2071	1075
396	1075
4512	1075
865	1075
900	1075
2574	1075
1325	1075
4023	1075
1032	1075
227	1075
374	1075
1878	1075
326	1075
3520	1075
2017	1075
3175	2897
4612	4132
181	4132
4450	4132
473	4132
4571	4132
1559	4132
4596	4132
3520	4132
3296	4132
274	4132
931	4132
4593	4132
102	1638
2493	1638
4253	1638
1432	3974
49	3974
3687	3974
334	3974
1466	3974
4382	3974
27	3974
4070	3974
859	3974
569	3974
25	3974
620	1655
1314	1655
2988	1655
3780	1655
3674	2524
206	2524
561	891
4011	891
1753	891
4611	891
1325	891
4595	891
1878	891
326	891
3425	891
4545	3193
2511	3193
1380	1215
3412	1215
145	793
2023	793
3389	793
1269	1131
4079	1131
1269	2144
4087	1412
3920	4045
1063	2174
3503	2174
3998	2174
2366	679
102	679
1063	679
4674	679
3734	679
3437	679
3998	679
4160	4053
1951	4307
1176	1263
1601	1263
4595	1263
4625	3628
4381	3628
2533	3628
295	3628
2051	3628
1613	253
982	253
3337	253
1951	253
4533	253
4643	253
551	253
295	253
701	253
958	253
2045	253
2051	253
4527	253
191	4494
2420	4494
1613	4494
982	4494
482	4494
2292	4494
4533	4494
4678	4494
2045	4494
2051	4494
313	4494
4527	4494
3690	4080
2837	1478
2978	1478
3909	1478
2117	4008
1481	4008
1480	4008
3236	1407
2584	1841
3245	3275
2913	337
250	337
1800	337
4231	337
1033	337
3575	4625
3682	4625
66	4625
1549	4625
3875	354
2511	354
3108	1136
2952	2973
2584	2973
2071	2973
1441	2973
4011	2973
1692	2973
2584	2952
2071	2952
3312	2952
3724	2952
4472	404
1540	404
962	404
2511	2860
1909	2671
3002	2671
1988	2671
3992	2671
230	2671
4540	2671
101	2671
3734	2671
406	1869
2078	1869
3002	1909
179	1909
4335	406
175	406
2287	3664
2030	3664
2866	3664
3214	3664
2504	3664
1815	3664
273	3664
1764	3664
4326	3664
2634	3664
852	3664
903	3664
4303	3664
86	3664
3779	3664
3611	3664
42	3664
1943	3664
1326	2142
3425	3264
3670	4675
1414	4675
982	4675
4643	4675
2051	4675
3417	2868
206	287
3688	287
3172	2160
2575	2160
3880	2160
356	2160
561	2160
2490	2160
2575	3172
3880	3172
356	3172
561	3172
2490	3172
2511	3172
4297	3172
3880	2575
356	2575
561	2575
2490	2575
2667	2575
3427	2575
356	3880
561	3880
2490	3880
2030	3880
3214	3880
561	356
2490	356
2667	356
3427	356
3299	356
3236	356
1984	356
3621	356
3431	1940
1864	1940
230	1940
1948	1940
544	3866
2533	3866
295	3866
4611	649
739	649
1692	649
3734	3952
3039	1260
3378	3319
2680	3319
3257	3319
885	3319
553	862
3378	862
529	1018
1852	3607
921	3607
1786	4360
1602	4360
2767	4360
4595	4360
4314	1022
2278	824
3477	824
2003	824
1282	824
1058	824
1499	824
4500	824
1845	824
3425	824
3991	1575
4611	370
1269	370
1179	370
4067	370
2490	561
3799	561
3714	561
2489	561
2278	561
330	561
3214	561
3655	561
2208	561
4429	561
2667	561
3427	561
755	561
2835	561
2164	561
1033	561
874	561
1954	561
1130	561
3734	561
3427	2490
4595	2490
1385	2335
897	2335
540	2335
842	2335
2017	2335
540	4139
1613	4680
760	4680
4041	4680
295	4680
3003	4680
2030	619
1977	619
1809	619
1933	619
139	619
2385	619
4005	619
2615	619
3635	619
2237	619
921	619
175	619
1049	619
1062	619
2819	619
4029	619
3824	3431
458	3431
4070	3431
4297	3431
1347	3431
4121	3431
3024	3431
4400	3431
2451	3431
1888	3431
2551	2362
2292	2362
1801	2362
3488	2362
3438	2362
870	2362
534	3599
2511	3599
413	3599
2658	1732
3154	607
3456	607
1559	4309
1600	4669
1863	4669
1600	3208
2805	3208
1745	3208
1966	3208
3767	3208
246	3208
1279	3208
1309	3208
2254	3208
4207	3208
1948	3208
865	3208
4454	3208
3650	3208
2301	3208
1749	3208
900	3208
2363	3208
30	3208
4651	3208
3660	3208
2098	3208
1559	3208
4414	3208
3296	3208
962	3208
3279	3208
921	3208
388	3208
460	3208
2865	3208
3436	3208
4443	3208
3778	1432
3900	1432
1607	1432
2551	1432
1338	1432
161	1432
1445	1432
2020	1432
3046	1432
460	1432
3292	1432
112	3017
157	3830
2536	3830
3108	2407
157	2407
2030	2407
157	3108
2536	3108
2315	3108
2194	3108
3522	3108
2094	3108
572	3108
2613	3108
3336	3108
2304	3108
2123	3108
2646	3108
1020	3108
321	3108
658	3108
3456	3108
2150	3108
2666	3108
2199	3108
2153	3108
2377	3108
1774	3108
1499	3108
1665	3108
1299	3108
1719	3108
4666	3108
4414	3108
2222	3108
4595	3108
3642	3108
2446	3108
739	3108
2545	3108
3250	3108
74	3108
70	3108
677	3108
723	3108
1073	3108
1079	3108
1429	3108
1467	3108
1681	3108
1752	3108
1779	3108
2050	3108
2051	3108
3794	3108
2135	3108
2157	3108
2233	3108
2269	3108
2324	3108
2437	3108
2467	3108
3242	3108
3413	3108
3446	3108
3473	3108
3838	3108
3948	3108
4273	3108
1888	3108
157	4532
2536	4532
2511	4532
4548	157
2536	157
4381	157
950	157
2578	157
683	157
1	157
2536	4548
1241	4548
4595	4548
4381	2536
950	2536
2578	2536
683	2536
1	2536
3236	2536
3828	2536
1286	4381
3556	4381
2578	950
1414	4089
4678	4089
4595	4089
1414	2567
2420	2567
199	2567
1269	441
4107	140
2944	140
1224	3670
2420	3670
2363	3670
707	3670
2121	3670
1045	3670
2533	3670
551	3670
295	3670
1502	3670
2051	3670
313	3670
2935	1840
707	766
295	766
3222	2818
1645	2818
2557	2106
206	2106
4011	2287
81	2287
2667	2287
3427	2287
1044	2287
1689	2287
3145	2287
2511	1005
2454	2136
1314	2136
3154	2136
2208	2136
3734	2136
4595	2136
2395	2136
2047	2136
3663	2136
2110	3195
979	3195
1045	3195
3780	3195
112	1332
3638	1332
584	1332
4596	1332
2767	4182
3236	4182
553	951
458	951
1309	951
504	951
2368	3900
2955	3900
1194	3900
553	2509
979	2509
1049	2509
3734	2315
3296	2315
3175	2315
1709	2315
3662	2315
3623	803
4554	803
745	803
775	803
4252	803
3818	803
733	803
3798	803
1753	803
16	803
3236	803
1653	803
3009	803
3101	2460
3154	1451
3734	1451
3053	3799
2667	3799
3427	3799
4127	3799
4651	3799
2842	3799
1314	3770
2023	3717
1012	3717
3053	145
3650	145
1335	145
4040	3623
650	2837
2844	2837
3707	596
3962	596
1369	596
4595	596
1177	596
2058	596
390	2887
2035	2887
4427	2887
2580	2887
476	721
1328	3894
921	3894
2366	4384
3222	4384
1504	1386
2094	917
2481	917
2281	4046
691	4046
2245	1596
1625	1596
2888	1596
966	4088
504	4088
3147	498
1314	1384
3063	1384
3041	1870
1938	1870
3006	1870
2108	1870
2511	1870
3635	1870
935	1870
657	1870
2680	1870
1033	1870
226	1870
1957	1870
2512	422
4618	422
2511	422
112	422
2098	422
2188	422
4595	422
1270	422
1191	492
35	492
2035	492
4056	4254
625	4254
3824	4254
4066	4254
4571	4254
1847	4254
1535	4254
3279	4254
3908	4254
185	3159
4429	3549
1307	3549
2030	1336
2569	2030
4404	2030
3971	2030
1436	2030
1629	2030
3336	2030
1475	2030
2402	2030
1380	2030
2767	2030
1639	2030
2667	2030
3427	2030
4454	2030
3650	2030
2363	2030
4240	2030
647	2030
3312	2030
1135	2030
4599	2030
4200	2030
1486	2030
1606	2030
4436	2030
489	2030
1832	2030
1307	2030
2955	2030
86	2030
2383	2030
4414	2030
4365	2030
1050	2030
712	2030
551	2030
2232	2030
1542	2030
656	2030
677	2030
762	2030
1373	2030
1743	2030
2045	2030
2384	2030
2869	2030
2960	2030
3532	2030
3662	2030
4073	2030
4510	2030
2703	2030
323	3321
4546	3321
618	3321
3041	3805
2064	2537
529	3814
1729	3814
2140	3814
3895	3814
1071	3814
4595	3814
991	1241
4476	1241
2137	2569
1262	2569
409	2137
329	2137
438	2137
419	2137
306	2137
122	2137
455	2137
173	4404
3154	4404
1764	4404
2634	4404
3734	4404
3296	4404
1373	4404
4015	4457
3154	4457
4465	4457
3334	4457
1063	4457
3785	4457
1349	4457
908	4457
3734	4457
3437	4457
1500	4457
1211	4457
3466	2485
3417	2485
969	2485
2254	2485
2638	2485
1168	3714
4036	3714
3598	3714
946	3714
457	4485
2471	4485
570	4485
2078	1344
1551	2221
1607	2221
2355	2221
2495	2221
3832	2221
786	2221
3023	2221
2955	2221
2833	2221
3384	2221
326	2221
1270	2221
4205	2221
122	2221
1551	2282
1607	2282
786	2282
3023	2282
1349	2282
2833	2282
326	2282
1270	2282
4205	2282
122	2282
3425	2282
1551	2489
1607	2489
3832	2489
4435	2489
3023	2489
2833	2489
326	2489
3425	2489
3368	2360
4122	2278
1967	2023
1966	2023
1981	2023
1511	2023
3432	2023
2223	2023
1729	63
3296	63
2071	2584
1441	2584
3823	36
4618	1551
2644	1551
1528	1551
2294	1551
2281	1551
2634	1551
4429	1551
814	1551
1441	2071
4618	2071
4414	2071
388	2071
2511	1441
2443	621
2277	4015
620	4015
2726	4015
1010	4015
3529	4015
577	4015
3101	4015
1341	4015
3793	4015
3173	4015
1921	4015
3389	4015
3437	4015
3296	4015
1500	4015
1277	4015
558	4015
825	4015
3212	4015
3663	4015
1370	771
645	771
4011	771
3773	771
979	771
2226	771
2463	857
4504	857
4047	857
4011	529
2140	529
3895	529
4500	529
1071	529
4354	529
3611	529
1878	529
2378	529
2389	3053
1981	3053
3962	3053
648	3053
4131	3053
3997	3053
330	3091
99	3091
1170	3091
1614	3091
1170	330
645	1370
4011	1370
4071	1370
2934	1370
979	1370
2511	530
1530	530
553	645
4011	645
2948	645
3170	645
2979	645
1724	645
3635	645
544	645
835	645
4071	645
2934	645
979	645
3309	645
957	645
2382	645
939	645
1650	645
4289	1607
3427	1607
647	1607
3175	1607
162	1607
3708	1607
3068	1607
1957	1607
1023	1607
2129	3345
3154	3345
541	3345
1369	3345
41	3345
3734	3345
901	3345
3662	3345
668	553
1168	553
3140	553
99	553
2979	553
1724	553
755	553
3679	553
4488	553
4047	553
267	553
2226	553
500	553
3891	553
4376	1251
3417	3466
4336	3466
1800	3466
979	3466
589	3466
1314	2962
2297	2962
2612	2962
2746	2962
900	2962
3832	2962
39	2962
3390	2962
3759	2962
2580	2962
613	2962
4074	1340
366	1340
2745	1340
2366	392
814	392
1347	392
125	392
1269	392
4025	4329
2194	918
250	918
191	1224
3039	1224
982	1224
3456	1224
4533	1224
3105	1224
958	1224
1925	1224
2051	1224
2239	1224
3767	1975
1314	1975
3692	1975
4187	1975
3677	1975
3638	1975
1986	1975
1207	4289
3962	1191
3236	1191
41	1191
1270	1191
3436	1191
1010	4074
1530	4074
692	4074
239	4074
3444	2978
2779	4618
1294	4618
2226	4618
1959	4618
3867	4618
4414	663
365	2964
2476	2964
30	2964
4603	2964
1050	2964
388	2964
4347	1624
2389	37
2281	37
4231	37
2842	37
3641	37
3619	3290
2003	3290
3627	3290
4306	3762
2597	3762
3214	2866
2277	2866
1610	2866
1644	2866
2919	2866
3236	2866
3389	2866
3296	2866
1599	2866
3622	1630
2895	1630
2504	3631
2416	3622
2895	3622
2223	3622
901	3622
3796	3301
3337	3885
3046	3885
3175	3885
4674	119
3389	119
3227	119
4571	119
3296	119
988	119
3337	3912
2438	3912
3690	3847
512	1414
4101	1414
3575	1414
1810	1414
2901	1414
2121	1414
295	1414
958	1414
1494	1414
2316	1414
4083	1414
1365	732
1505	4422
2511	2831
691	1702
592	1605
273	1605
66	2194
592	1974
3638	1974
969	592
1282	2527
2493	2527
3425	2527
4275	1858
2511	1977
3175	1977
2454	3041
3477	3041
4504	3041
2610	3041
1994	3041
623	3041
1033	3041
1954	3041
1130	3041
1001	3041
825	3041
4198	3041
4504	2463
2504	3873
1559	3873
2305	3873
3732	3873
1613	3690
4041	3690
2026	3690
295	3690
323	4107
3662	1809
692	3214
979	3214
41	3214
283	3214
1681	4050
859	1641
3773	1641
3734	1641
4336	2603
2420	191
4041	191
2026	191
3575	191
775	191
934	191
2890	191
1951	191
4678	191
707	191
2121	191
2533	191
551	191
17	191
295	191
958	191
1502	191
2051	191
4527	191
1781	523
1981	523
4240	523
709	523
3315	523
1597	523
1369	523
3930	523
2751	523
774	523
2628	523
4054	4472
1724	4554
4504	3417
979	3417
4659	3405
3793	3405
2493	3405
233	3405
2858	3405
442	4336
250	4336
969	4336
1800	4336
250	3181
70	3181
1048	3199
3758	3199
267	3199
551	3199
3734	1725
413	3539
2890	3539
1526	3539
4062	3539
66	3539
1542	3539
1925	3539
1674	2639
982	512
3619	3971
2646	3971
4374	3971
1207	3971
3312	3971
434	3971
4292	3971
3734	3971
962	3971
4120	3971
885	3971
30	1881
1690	1881
30	704
4666	704
3211	704
1262	417
3101	2474
3086	4056
4595	4056
455	4056
860	1061
3645	1061
1380	1061
1354	1061
1812	1061
1729	2277
280	2277
112	2277
3668	2277
2292	2277
3389	2277
2164	1781
3389	1781
3227	1781
3734	1781
2473	1781
3296	1781
2047	1781
1525	1781
2096	4078
3965	4078
2805	744
1745	744
1510	744
1496	744
881	744
881	2805
1001	2805
3829	2258
1510	1745
4565	1745
292	1745
2223	1745
1524	1745
2321	1745
2511	2904
2094	4612
1532	4612
3895	1729
657	1729
1033	1729
4122	1729
4354	1729
267	1729
2614	1729
3677	563
3638	563
1986	563
102	4410
3055	2762
2003	2762
890	2762
1913	423
1671	423
2969	423
1380	4169
1579	4169
1871	4169
668	4024
1154	4024
2366	4024
102	4024
3222	4024
1020	4024
1598	4024
239	4024
3101	4469
4303	4469
1349	4469
4346	4469
1173	1320
1496	1320
2226	1320
3910	1320
3425	2607
661	1362
1510	12
3101	329
3175	2149
403	2149
1981	3522
4009	3522
1154	668
2366	668
102	668
1598	668
3895	668
4611	668
1307	668
859	668
1269	668
3175	668
3425	668
550	2629
786	1938
4537	1938
2161	1938
1097	4358
93	4358
3734	4358
3296	4358
1962	1097
3734	1097
2002	3931
2998	3931
4017	3931
489	3931
936	3931
1731	3931
4031	3931
4087	3931
3734	3931
1510	2244
2646	1197
4651	1197
1613	1342
4540	2734
4284	2734
4121	2734
927	1967
1455	932
3734	2343
396	4659
81	4659
3793	4659
3425	4659
3560	396
2511	396
3793	396
962	4667
4244	4667
413	938
4432	938
3677	2830
3638	2830
1986	2830
4431	24
3808	3550
1173	3550
1058	3550
4122	3550
2226	3550
689	3550
3529	4545
1366	4545
1397	4545
849	620
2345	620
4530	620
696	620
1349	620
1307	620
2047	620
769	620
1391	620
1309	1510
4153	1510
1135	1510
2680	1510
292	1510
1183	1510
1242	1510
1489	1510
683	2784
2064	2784
1369	2784
3432	2784
1216	2784
3734	1988
1385	4550
650	4550
3734	4550
2017	4550
1382	2504
4293	2504
662	2504
4007	2504
777	2504
2438	2504
3708	2726
3767	1168
2183	1168
584	1168
3425	1168
3817	2044
1610	49
3477	49
1293	49
1341	49
86	2423
3154	309
4374	309
1559	309
3734	309
3296	309
4011	225
3516	1926
4014	3111
1951	4101
2511	223
2129	1436
541	1436
3403	1436
2511	1629
969	1230
2551	1154
1595	1154
102	1154
133	1154
2937	1154
3734	1154
3296	1154
4244	1154
3779	121
486	121
3296	4
2511	2094
1954	2094
2226	3840
4357	3767
4323	3767
2511	3767
3692	3767
4326	3767
550	3767
1723	3767
3023	3767
4332	3767
2378	3767
1266	3767
1023	3767
2478	4357
2493	4142
233	4142
2026	2420
982	2420
2148	2420
1504	2420
2121	2420
2533	2420
1868	2420
551	2420
295	2420
958	2420
2051	2420
4398	1818
3581	1818
2089	1818
3650	1818
2541	1818
3581	4398
2089	4398
2089	3581
3137	3581
56	1613
4041	1613
2026	1613
2363	1613
657	1613
4488	1613
692	1613
707	1613
2121	1613
2533	1613
218	1613
551	1613
705	1613
295	1613
810	1613
1502	1613
2051	1613
295	2935
4009	2935
313	760
3393	3655
2064	3655
4454	3655
86	3655
1369	3655
881	3655
2473	1864
3687	2078
3023	2078
1496	2078
1169	2078
2179	2078
2963	669
4117	669
2017	1385
3675	1385
1400	1048
1114	1048
2371	1048
482	1048
1817	1048
3871	1048
2895	1048
2276	1048
1542	1048
295	1048
536	1048
1399	1048
1925	1048
2844	1048
1205	1048
3839	1048
3966	1048
4527	1048
3994	3065
2556	3065
206	4345
4651	4345
4343	4345
3780	4345
1889	1798
794	1798
3826	1798
206	2397
3780	2397
2511	3490
1559	3490
2511	56
2026	4041
1810	4041
580	4041
3337	4041
1951	4041
4533	4041
4678	4041
218	4041
1868	4041
4643	4041
551	4041
1542	4041
958	4041
1925	4041
2045	4041
2051	4041
313	4041
4527	4041
534	2026
218	2026
1868	2026
295	2026
2861	1505
2121	3298
4499	3298
295	3298
313	3298
569	1007
933	1007
366	3928
569	3928
577	1010
504	1010
806	1010
2426	1010
1023	1010
992	2454
2956	2454
1863	2454
4595	2454
1081	2454
1957	2454
1786	3055
3692	3055
1614	3055
3023	3055
4332	3055
2879	3055
26	3055
1266	3055
3312	2116
4005	3112
2511	4052
3465	4052
2999	246
1637	246
4572	246
3317	246
4011	3529
4005	3529
2891	3529
2048	3529
3296	3529
1559	572
2613	3687
2685	3687
3477	3687
2909	3687
2785	3687
3173	3687
302	3687
768	3687
102	2389
1033	2389
3734	2389
1155	2389
4121	2613
3336	3178
3154	3178
4450	3178
3734	3178
3296	3178
2276	484
1502	484
3638	3589
2368	3589
3067	3589
2395	3589
3046	3589
110	3589
3058	3589
3212	3589
334	1400
3945	1400
3337	1400
2363	1400
1868	1400
4643	1400
1925	1400
2045	1400
313	1400
4527	1400
2703	1400
863	4606
897	4606
4595	1961
3296	1961
1273	4315
81	3643
3378	3643
2946	812
903	812
1559	812
3296	812
1314	3232
3638	3232
2150	3232
2289	3232
3023	3232
3236	3232
478	2861
4467	2861
295	2861
3384	3039
66	3039
1399	3039
2822	3039
1205	3039
1119	2741
478	2741
1601	4316
3734	429
4595	429
3009	429
2511	1972
1293	334
1778	334
1080	1322
1269	1322
958	1322
846	35
1860	35
3867	35
230	34
550	34
4297	34
2241	34
1737	34
3425	34
3212	34
4133	3850
661	1786
3236	3693
1863	1815
3734	1654
1688	1654
982	2941
200	4167
1314	4167
1933	4167
2366	3530
4025	179
1269	180
4011	740
1499	4512
1325	4512
1739	4512
374	4512
4354	4512
4595	4512
577	2010
230	2010
3596	2010
703	2010
550	2010
3638	2010
3793	2010
4332	2010
1500	2010
3227	3576
2354	2251
4297	3639
4595	3639
886	1223
102	1223
584	1223
3827	1223
4611	1223
4017	1223
3432	1223
3296	1223
1409	2367
3796	886
4502	886
2024	1610
4011	1610
3692	1610
3837	1610
4382	1610
2308	1610
27	1610
1347	1610
1286	1610
691	1610
3477	937
4504	937
206	937
3198	937
3751	937
206	4125
4676	1176
2384	1176
2366	4308
3734	52
1366	1315
3166	1315
1397	1315
1621	1315
3080	1315
1442	2462
2182	2024
3442	442
991	442
919	442
1634	442
122	442
122	3442
1726	3707
3038	3707
885	3707
3314	1145
3038	3314
1246	200
1314	200
807	200
1314	1246
2634	1246
2511	846
1094	3249
2410	534
4533	534
4595	1151
3580	1314
1428	1314
2297	1314
2064	1314
2634	1314
2302	1314
2612	1314
1546	1314
2746	1314
2979	1314
39	1314
3081	1314
4276	1314
2719	1314
86	1314
3978	1314
4502	1314
2580	1314
4168	1314
2018	1314
4203	1314
4265	1314
4347	3580
1066	3580
3734	1292
1902	1292
1601	1235
1094	1235
3734	1235
2294	1304
906	1304
3953	1378
3734	1378
1060	1378
594	1378
4128	1119
707	1119
3175	1119
295	1119
4454	2410
4122	2410
2895	1919
1219	1933
3235	1933
3166	1933
2226	1933
3397	1933
4305	1219
3619	1219
4350	1219
2560	982
992	982
2570	982
1889	982
1080	982
2363	982
482	982
934	982
2890	982
1951	982
1504	982
2733	982
4533	982
1269	982
2568	982
2121	982
2533	982
551	982
1542	982
17	982
295	982
1502	982
2045	982
2051	982
3915	982
313	982
2667	2685
3427	2685
609	2685
1408	2588
3023	4026
206	262
3780	262
3212	262
3389	438
2189	4366
3627	4366
921	1428
1266	1428
1525	1428
4019	3336
3679	3336
278	1601
390	1601
2840	1601
4333	1601
2204	1601
2152	1601
2765	1601
1240	1601
1269	1601
86	1601
1253	1601
2378	1601
5	1601
1852	1601
921	1601
723	1601
2156	1601
4277	1601
1943	1601
4011	3102
2948	3102
4451	3102
1943	3481
3504	2304
2721	1388
1267	1388
2031	1388
986	4539
4504	3075
440	3075
3641	3075
2297	3560
2646	3560
703	3560
3677	3560
3638	3560
1308	3560
3734	3560
1986	3560
3296	3560
3212	3560
390	4323
99	4323
4297	4323
550	2297
2746	2297
3832	2297
39	2297
3606	2297
504	2297
3390	2297
3024	2297
440	2297
1886	3808
1900	3608
1110	4165
2471	4165
647	4165
1753	4165
3023	4165
1982	4165
1262	4165
102	3495
4488	1810
707	1810
2533	1810
295	1810
1925	1810
897	4057
2404	4057
3827	2551
3986	369
4468	2481
1269	1134
3734	1134
3734	1248
689	1248
81	462
2511	462
3378	462
3101	462
986	863
355	863
2120	863
3734	863
3296	863
25	863
1269	4222
2409	2499
2895	2499
206	849
486	849
1347	1252
584	1252
4473	1252
2195	1609
2766	1609
247	1609
2766	2195
247	2195
4374	4676
3734	4676
3296	4676
3154	1195
4374	1195
4405	1195
3734	1195
3296	1195
3236	341
3734	834
3734	1037
3033	3924
1169	3033
1494	3033
3665	3033
3619	4011
2956	4011
2354	4011
4350	4011
4284	4011
979	4011
267	4011
2226	4011
2858	4011
2378	4011
3619	2948
979	2948
2226	2948
4504	3477
27	3477
1753	3477
623	3477
1282	3477
4071	3477
3166	3477
4047	3477
30	3559
4155	3559
4666	3559
289	3559
273	2644
3692	2644
662	273
206	273
1274	273
4605	390
1455	390
1058	390
1033	390
4122	390
1499	390
3078	4044
3722	4044
3144	4044
3312	4044
127	4044
3734	4044
3296	4044
4450	220
3734	220
3296	220
3236	478
661	478
2325	478
3297	860
3598	860
218	860
1753	4504
979	4504
2473	4504
3166	4504
4047	4504
1644	897
3824	897
2779	897
3390	897
4673	897
4121	897
3227	897
1559	897
3437	897
3046	897
504	82
3992	81
366	81
1644	81
4382	81
2779	81
3793	81
2098	81
4540	81
4673	81
4121	81
3918	81
2745	81
3710	81
3101	3923
2779	3923
3101	1590
1269	1456
3261	3833
707	2014
2038	2014
1502	3353
3105	2013
2891	992
1347	992
1307	992
2719	992
1269	992
3615	992
110	992
3837	991
2891	991
4062	991
110	991
1494	991
295	2435
2572	2715
3734	1255
4073	3483
4429	3619
1954	3619
1130	3619
3425	3619
540	1374
3236	1374
4595	1374
2511	3753
1279	2913
540	2913
1627	2913
540	1279
206	139
4611	139
3780	139
2888	139
571	1273
4374	1273
2610	1273
1282	1273
962	1273
298	1273
419	3426
584	3426
3688	3426
3425	3426
1110	3161
3227	3161
1954	3161
2047	3161
3101	419
1281	419
3998	79
3154	2108
623	2108
3734	2108
3212	2108
2511	2355
969	250
1269	250
1868	3453
969	683
1726	683
2842	683
10	683
2415	2385
161	3992
4285	3992
976	3992
3587	3992
4671	3674
3635	3674
935	3674
431	3674
1289	3674
2765	3674
86	3674
1845	3674
2366	4115
3456	3958
2363	3958
2533	966
3542	173
3173	173
1954	173
699	173
3668	280
3444	280
3444	3970
1293	2129
541	2129
869	2129
1369	2129
3582	2129
1606	2847
4611	4580
4017	3796
1731	3796
4502	3796
2733	232
4595	232
1325	2245
1984	2245
990	2245
2998	366
4382	366
540	366
3008	366
4611	366
3163	366
2900	366
501	366
1442	366
2745	366
2511	2476
1050	2476
3109	2476
4599	4628
4108	4654
2298	2511
4326	2511
4429	2511
4671	2511
2902	2511
2260	2511
2673	2511
928	2511
703	2511
215	2511
1354	2511
4127	2511
3337	2511
1951	2511
4228	2511
3067	2511
2919	2511
1593	2511
2377	2511
2679	2511
657	2511
4121	2511
3142	2511
2538	2511
864	2511
1307	2511
4040	2511
1635	2511
1217	2511
1690	2511
3105	2511
3615	2511
1227	2511
2417	2511
2924	2511
289	2511
2943	2511
1253	2511
3964	2511
216	2511
3132	2511
3279	2511
3485	2511
2545	2511
54	2511
1852	2511
122	2511
126	2511
129	2511
175	2511
222	2511
307	2511
447	2511
460	2511
524	2511
573	2511
931	2511
1067	2511
1093	2511
1149	2511
1196	2511
1497	2511
1517	2511
1616	2511
1626	2511
1670	2511
1685	2511
1871	2511
2158	2511
2216	2511
2356	2511
2421	2511
2534	2511
2654	2511
2775	2511
2809	2511
2823	2511
2850	2511
2874	2511
2912	2511
2997	2511
3087	2511
3134	2511
3180	2511
3395	2511
3532	2511
3610	2511
3662	2511
3701	2511
3720	2511
3724	2511
3811	2511
3891	2511
3910	2511
3985	2511
4388	2511
4443	2511
4569	2511
4615	2511
4626	2511
2161	2511
3777	2511
2779	1644
1325	1644
775	1293
27	1293
1749	1293
57	1293
1282	1293
4006	1293
859	1293
283	1293
218	1293
3250	1293
3828	1293
3837	3154
2227	3154
2779	3154
1532	3154
3144	3154
1749	3154
57	3154
1222	3154
4546	3154
1051	3154
1597	3154
247	3154
4414	3154
3734	3154
3437	3154
1211	3154
1001	3154
3250	3154
3567	2298
3740	454
1489	454
2963	3393
1699	3393
1849	2064
4231	2064
3236	2064
41	2064
3235	2064
10	2064
3473	2064
3962	1849
102	1595
3222	1595
707	3775
1380	2206
657	2206
3296	2206
1566	625
1347	625
1083	625
2486	2697
2885	2697
2196	2840
267	2840
2003	2088
2719	2088
30	3146
969	568
458	3692
504	3692
1653	3692
2833	3692
3986	3692
1270	3692
3212	3692
1341	4645
657	4645
86	4645
1446	4645
458	3824
4611	3824
3520	3824
2189	3824
3212	3824
1309	458
1614	458
658	458
550	458
504	458
4632	458
3024	458
2833	458
1081	458
3198	458
976	458
1270	458
2366	758
206	758
2600	2003
2363	2570
2121	2570
3296	2570
1868	2570
551	2570
3675	2570
295	2570
4527	2570
1749	2646
3734	2646
3296	2646
962	2646
3197	2788
2182	775
3011	775
1113	775
1504	2372
1262	4160
276	1110
431	1110
3921	1309
2100	3837
1080	4128
2680	4128
4009	4128
2711	3672
3606	577
4596	577
696	2624
1033	2624
1954	2624
3662	2495
3101	1530
3101	2711
3101	2884
1242	1114
3911	1114
3222	729
4651	729
3389	3856
1731	2002
4031	2002
3662	2002
1307	1764
3734	1764
251	1764
2191	1764
1347	4140
3425	4140
230	1539
386	1539
102	2366
3222	2366
1020	2366
4145	2366
2148	2366
482	2366
4436	2366
340	2366
3615	2366
3166	2366
4335	2366
3309	2366
1226	2366
2876	2366
3803	2366
734	2366
3222	102
1020	102
477	102
2148	102
1715	102
3543	102
2906	102
4177	102
2164	102
4514	102
133	102
3394	102
4354	102
3986	102
1604	102
3521	102
1020	3222
2925	3222
3543	3222
3447	3222
4103	3222
1227	3222
251	3222
3096	3222
3543	1020
2914	1020
1105	4326
206	4326
3389	4326
4441	4326
4377	4326
4382	4585
4429	2182
2779	2182
1954	2182
3425	2182
3828	2182
3212	644
3236	3893
1753	3361
2294	1528
1369	1528
1216	1528
3756	2294
1635	2294
3773	2294
1635	2281
3773	2281
4571	2590
3413	2590
477	1184
3638	2583
2121	1889
1047	1889
3915	1889
934	413
707	413
3682	413
295	413
1502	413
1925	413
2036	2998
2164	2998
2940	2998
869	541
1324	541
1369	541
1951	580
707	580
295	580
958	580
1502	580
628	3823
885	3823
2189	3823
1749	4565
3543	4565
1269	4565
2937	3378
4098	3378
2638	969
1800	969
979	969
1227	969
1095	969
3734	969
573	969
576	969
615	969
670	969
1079	969
1196	969
1272	969
1376	969
1642	969
1670	969
1773	969
1925	969
2091	969
2220	969
2853	969
1170	99
267	99
1058	1614
3503	1614
2208	3722
276	2634
206	2634
1347	2634
1586	2634
4611	2634
957	2634
2208	4005
2493	4005
657	4005
2191	4005
979	3170
2022	3170
2307	3170
4589	3170
1749	4592
3677	2956
1033	2956
4540	276
4047	276
283	276
2565	3101
237	3101
2529	3101
3677	3101
2428	3101
2692	3101
4303	3101
4546	3101
4604	3101
4002	3101
1606	3101
2035	3101
374	3101
962	3101
1083	3101
3691	3101
265	3101
325	3101
468	3101
476	3101
2316	3101
2337	3101
2421	3101
2556	3101
2559	3101
2599	3101
2650	3101
2844	3101
2876	3101
2912	3101
2970	3101
3071	3101
3073	3101
3103	3101
3603	3101
3947	3101
4009	3101
2208	3430
152	3430
374	3430
152	4163
1559	4163
374	4163
1173	321
152	321
1559	321
1325	321
1739	321
374	321
4595	321
2051	1751
3660	3749
913	3749
3826	2565
3425	4652
1347	2208
4611	2208
3432	2208
927	2208
2667	2794
3427	2794
2529	2254
3606	2254
1369	2254
1559	2254
957	2254
3221	2254
4450	3804
464	4210
1942	4450
1222	4450
1023	4450
66	2266
696	4207
3465	4207
1586	4207
501	4207
2473	4207
3296	4207
2125	4207
926	4207
4491	4207
1666	3756
2150	3756
1094	3756
3296	3756
2833	696
1957	696
861	1942
100	230
283	230
1888	230
431	4429
874	4429
1954	4429
2842	4429
3124	4429
3425	4429
1948	4671
2902	3465
4448	3465
3653	3465
1282	3465
3494	2902
4674	4448
3688	4448
374	2816
1417	2227
3688	2227
86	243
1943	243
3546	4290
1308	2103
2310	2103
1486	2103
3333	4359
3411	4359
2909	4382
3008	4382
1325	4382
2745	4382
3068	4382
2012	3976
3122	3976
2746	2612
900	2612
3832	2612
39	2612
3390	2612
2580	2612
1500	2612
4285	2612
3895	1598
3235	1598
662	3509
112	3596
4147	112
1085	112
3364	112
3224	112
4602	112
2320	112
2404	112
2301	816
1269	4147
861	4147
2301	3482
4595	3482
2301	3364
152	2056
2301	2320
1914	2320
237	1934
3937	1934
712	1934
1542	2371
4251	237
712	237
3638	2571
1308	2571
1175	2571
2842	3818
3212	3043
86	2767
1943	2767
662	1364
3437	1364
1481	662
1349	662
1592	662
2223	662
1932	323
4546	323
2766	323
2625	2963
2574	2963
305	2963
4335	2963
4399	2963
1417	986
1532	986
3144	986
1749	986
1665	986
842	986
1269	4629
1639	3363
4337	3030
3236	928
3242	1673
4458	1639
2156	1639
1749	4156
4427	2713
4465	2308
3998	2308
570	2625
3163	2625
305	2625
4335	2625
4399	2625
1666	4374
1222	4374
1033	4374
1113	4374
4414	4374
3296	4374
2421	4374
2434	4374
27	1948
1699	1948
1878	1948
3427	2667
152	2667
1811	2667
2232	2667
3145	2667
3444	27
227	27
3068	27
152	3427
1811	3427
2232	3427
3145	3427
3606	4465
3437	4465
861	4465
2841	4465
3606	3334
861	3334
852	2779
3650	2779
3444	2779
2473	2779
3998	2779
921	2779
3963	2779
1023	2779
734	2779
2680	1843
1033	1843
1499	1843
4595	1843
3780	1843
2368	852
544	852
4595	4642
298	4642
1269	4639
2096	2148
4540	2331
4284	2331
661	2331
2719	2331
569	2331
1470	865
420	865
1325	865
4023	865
227	865
4595	865
1878	865
326	865
3520	865
2223	865
1081	865
2017	865
2503	865
3163	540
1442	540
4500	540
2745	540
4187	703
550	703
1227	703
440	703
3198	703
2257	1080
2780	1080
1925	1080
2239	1080
2301	1417
3456	1417
1749	1417
3439	1417
3734	1628
3296	1628
4651	4454
3660	4454
2223	4454
3444	3650
3860	3650
3963	3650
3236	3126
3734	1666
3962	2529
844	2529
4231	2529
1369	2529
2940	2529
1533	2529
2223	2529
844	1726
4231	1726
1369	1726
2940	1726
842	1726
1177	1726
1904	1726
3638	4187
1308	4187
3236	4187
1986	4187
3212	4187
504	658
1546	3677
1308	3677
1206	3677
2098	3677
4332	3677
3638	550
504	550
3921	550
3024	550
2833	550
1878	550
3986	550
1270	550
1546	3638
1308	3638
1206	3638
3337	3638
4177	3638
3024	3638
1986	3638
4203	3638
2909	2140
3895	2140
3011	2140
1878	2140
1023	2140
93	1063
3606	1063
2241	1063
3212	1063
825	1192
3606	3785
3437	3785
861	3785
1094	215
1986	1546
1206	1308
2098	1308
3937	2880
1749	2301
850	2301
844	3962
1749	3962
1369	3962
2940	3962
881	3962
4414	3962
2597	3962
2223	3962
1177	3962
939	3962
1525	1206
881	844
913	844
1532	2610
1749	2610
1540	2610
3860	2610
3456	1532
1749	1532
1540	1532
1749	3144
57	3144
1341	3144
1496	3144
1537	3144
3734	3144
2363	3456
3439	3456
1496	3456
1592	3456
3296	3456
4007	3456
1542	3456
958	3456
3134	3456
2471	1749
1341	1749
3444	1749
4054	1749
1592	1749
3734	1749
1050	1749
3520	1749
1177	1749
2614	1749
1341	57
1537	57
3734	57
1540	2471
3496	2471
152	4653
1559	4653
374	4653
797	2096
3998	2096
1464	2944
3485	2944
2722	2944
1301	2608
1506	1491
4595	2670
807	1800
612	1506
2121	1506
295	1506
1429	2430
2827	3297
4648	3297
2034	3297
4648	2827
2034	2827
1591	2827
2034	4648
1632	4110
4595	3261
3150	3261
3851	1331
4595	1331
900	1341
206	1341
3390	1341
1496	1341
1500	1341
2666	4231
10	4231
3073	4231
2364	1207
4365	916
900	2746
3832	2746
39	2746
3390	2746
3734	2746
3759	2746
1689	2746
4155	1181
346	64
1079	64
4595	3605
3068	355
1023	355
1354	2368
544	2368
515	2368
3166	2368
4347	900
39	900
3390	900
1496	900
1559	316
3175	316
4297	2167
711	2167
4000	2167
962	2167
4347	1566
4347	3815
4347	2150
717	2150
3018	2150
2663	1354
218	2909
25	2909
1900	2979
3780	2979
2047	2979
1954	1724
110	1724
3212	1724
295	3909
3679	3084
3734	814
3682	1812
3425	1812
1559	1326
2842	1326
723	1326
3436	1326
4265	1326
3485	93
599	3515
4356	3515
3192	3515
791	3515
3236	2310
4134	2310
1939	2310
4082	2310
538	142
736	2289
3773	2465
4595	4022
3945	1579
651	1579
1559	1579
2231	3945
4087	3945
2706	3945
2236	2066
1925	3842
39	3832
3390	3832
2580	3832
152	1481
374	1481
1635	324
25	324
1169	473
584	2666
3236	78
3734	725
2824	238
2363	3337
1307	3337
3105	3337
2121	3337
1130	3337
2533	3337
4643	3337
295	3337
3058	3337
3680	3337
2561	4347
3611	4347
1391	4347
1845	4347
3425	4347
934	2363
2890	2363
707	2363
1045	2363
218	2363
1868	2363
551	2363
1925	2363
2045	2363
2051	2363
3425	2363
313	2363
4527	2363
2045	412
2982	412
3310	412
1105	1723
584	1723
3389	1723
1954	1723
4377	1723
1753	3350
2384	4240
2719	4350
4426	4350
988	1464
3444	1313
807	1313
206	1203
707	482
2276	482
295	482
2844	482
2733	934
707	934
958	934
313	934
66	21
199	612
1925	1817
4249	3299
2600	3793
3606	3793
3973	474
3023	1185
1286	1185
1270	1185
707	2890
2121	2890
2533	2890
66	2890
1925	2890
2051	2890
313	2890
300	3758
3219	3758
2600	3895
1471	3895
1071	3895
2378	3895
921	3895
300	31
300	1677
1982	300
3660	3635
1033	3635
3046	3635
2047	3635
3425	3635
3663	3635
825	1617
4678	1951
707	1951
2901	1951
1868	1951
4643	1951
551	1951
17	1951
295	1951
2178	1951
3708	3542
4611	647
4436	647
4040	647
1787	647
1130	647
3368	647
4562	647
3175	647
2047	647
1811	786
4562	786
1957	786
1399	1065
4595	1077
2719	4458
2719	1066
1453	4605
1281	4605
657	4605
3780	4605
306	4605
3312	1453
3787	1453
2378	1453
388	1453
657	115
515	115
4153	3312
1281	3312
1915	3312
2421	3312
3152	3312
86	2183
3389	2139
3296	4467
2051	1504
2923	1504
3991	1504
4073	1504
3734	1222
3296	1222
3571	570
2919	570
2688	570
869	570
1044	570
3432	570
289	570
218	570
4620	570
1500	570
3046	570
255	570
828	570
1860	570
2836	570
1883	3571
289	1713
3773	2574
4666	2574
3437	2574
3110	2574
4666	903
3437	903
3110	903
4435	30
3734	30
1050	30
3152	30
4666	4435
4155	206
4666	206
289	206
1984	206
267	206
1001	206
2731	206
589	206
637	206
3229	206
2906	4297
4595	4297
3780	4297
1060	4297
313	3719
874	16
1996	3443
1559	2891
3296	755
204	755
2047	755
3425	755
3390	39
3759	39
2580	39
4168	39
962	39
3997	544
584	127
4096	127
2241	3606
3437	3606
4335	3606
1500	3606
1845	2835
1959	2835
3425	2835
1281	4153
1173	4153
1059	4153
3425	1281
1270	4482
4674	3023
1369	3023
1182	504
1593	504
4632	504
3024	504
2833	504
2643	504
3046	504
3198	504
976	504
1270	504
1757	504
4533	4432
3734	1883
4611	1511
1954	4674
4571	4674
3734	4674
3296	4674
3105	1135
228	1135
1269	623
4047	623
3489	3315
2292	3315
25	3315
1173	3489
1347	3489
1338	3489
2478	3489
3827	3489
962	3489
3175	4303
1338	1173
1455	1173
1058	1173
2680	1173
1033	1173
4122	1173
1499	1173
1915	1173
1325	1173
2222	1173
962	1173
2226	1173
689	1173
464	1173
736	1349
2493	1349
233	1349
1033	1349
2153	1347
1033	1347
1499	1347
2222	1347
1083	1347
4620	1347
3641	1347
2478	1338
1915	1338
2226	1338
1586	1282
4540	1282
1033	1282
1240	1282
3734	1282
3517	1282
589	1282
3145	1282
1845	1282
3086	736
2153	584
1033	584
1690	584
2731	584
1183	584
798	2899
3227	2478
2226	2478
4065	1648
3668	4108
161	3668
3744	3668
979	882
1183	882
4043	1583
1094	1583
791	3067
4103	3402
480	3402
3250	1519
2255	1519
979	2425
4651	648
2785	648
3724	648
3296	4312
4562	4312
3720	538
4407	3441
859	3081
3011	1454
3086	1454
906	1454
798	2919
233	2493
3173	2493
3734	2493
3473	233
3163	3008
1442	3008
2745	3008
4651	4131
10	4131
1925	4131
2411	4131
2906	833
3080	833
3124	650
517	650
4588	650
3173	4651
1283	4651
4205	4651
126	4651
4473	2153
4656	107
3080	2906
3646	3236
4611	3236
4031	3236
569	3236
1104	3236
4365	3236
2404	3236
3070	3236
3918	3236
705	3236
4205	3236
426	3236
1711	3236
2888	3236
3211	3236
3603	3236
3857	3236
3910	3236
4198	3236
3268	3236
2968	3236
267	3444
885	3444
2894	4237
3679	2098
828	2098
3438	4546
870	4546
3734	4546
1604	797
885	539
2679	919
122	919
1496	3390
247	3390
2937	3390
2530	1496
1662	1496
3603	1496
3710	1496
2164	431
1307	431
3197	431
3734	431
825	431
1801	2292
3389	2292
3227	2292
4571	2292
3296	2292
1455	2164
1058	2164
4595	2164
1269	1801
1307	4043
3470	4043
283	3173
699	3173
705	352
3773	152
1739	152
520	152
1071	152
4354	152
3250	152
4284	4540
2053	4540
3679	4540
4611	4540
283	4540
4200	4284
3679	4284
4611	4284
4670	4284
2679	4200
3851	4200
4611	4200
4121	4200
3851	765
4121	765
3851	2280
4121	2280
4611	3679
4121	3679
1424	3679
3851	2679
2763	2679
4611	2679
4673	2679
4670	2679
4121	2679
2763	3851
4611	3851
4673	3851
4121	3851
4611	2763
4121	2763
4673	4611
4670	4611
4121	4611
2940	4611
2739	4611
1401	4611
2028	4611
3058	4611
4121	4673
3918	4673
4250	4604
3941	1051
3169	3526
4009	4514
4275	3135
1455	1419
657	1419
1058	1419
2680	1419
1033	1419
1499	1419
2249	1419
1242	1419
657	1455
1058	1455
2680	1455
1033	1455
4122	1455
1499	1455
2545	1455
3425	1455
657	3206
2680	3206
1499	3206
1058	657
2680	657
1033	657
4122	657
1499	657
711	657
4343	657
784	657
1559	657
881	657
990	657
2680	1058
1033	1058
1325	1058
3780	1058
4121	4670
1307	4670
1442	4121
842	4121
3219	1606
661	2555
3616	2555
4595	3666
3527	3666
1033	2680
4122	2680
1499	2680
4122	1033
1499	1033
1269	1033
3503	1033
1954	1033
4047	1033
3556	1033
1325	4122
3828	4122
1325	1499
3780	1499
326	1499
4000	711
2220	101
1270	4332
3212	4332
3425	1985
936	4017
1731	4017
936	489
1731	489
1559	489
3734	489
1731	936
4031	936
4087	936
3734	936
4031	1731
4087	1731
3734	1731
3734	4031
1573	4632
4595	4066
1442	501
3743	501
3779	1307
699	1307
2756	1307
4317	1307
4593	1307
1637	1778
1540	4040
1811	4040
3734	943
979	835
4500	874
2719	874
3296	874
1286	874
1270	874
3556	874
3826	874
1878	4500
405	4500
707	2733
2121	2733
295	2733
3734	1597
859	3011
1277	3011
707	4533
2121	4533
2533	4533
295	4533
2045	4533
4562	1445
3046	1445
4562	2765
4562	1635
3473	1635
4075	1635
3086	4488
3296	4488
4343	661
2879	661
958	661
1604	661
1890	661
2403	661
4001	661
4219	661
4261	661
870	3438
4077	125
3475	2020
1324	869
3662	4276
4595	3574
199	2682
1130	2859
199	2859
1954	2196
1759	2719
1637	2999
4572	2999
295	2257
3150	2257
2844	3871
906	3086
1665	3086
2895	3086
1954	3086
873	3086
1397	3086
298	906
1366	3800
1584	1366
3794	1366
1397	1366
4596	3324
4595	3324
2730	3105
705	3105
295	3105
2821	3105
1094	859
1286	859
28	1665
4275	1665
3475	1665
2568	2895
873	2895
3485	2895
2722	2895
913	133
825	1540
2955	3389
4383	3389
2731	3389
4205	3389
4383	2955
283	4383
675	1269
283	1269
10	1269
4499	1269
1671	1269
197	1269
222	1269
301	1269
362	1269
926	1269
957	1269
958	1269
1137	1269
1267	1269
1429	1269
1892	1269
2798	1269
4214	1269
4268	1269
4318	1269
4322	1269
4476	1269
4496	1269
4427	2035
2580	2035
247	2766
2099	2766
2051	2568
3662	2568
2121	4678
218	4678
295	4678
1502	4678
3665	4678
2703	4678
227	420
227	1515
326	1515
901	1515
1811	2241
1500	2241
1860	2241
979	4071
2230	4071
3437	4647
3839	2188
3930	707
1868	707
4643	707
705	707
958	707
1925	707
2051	707
313	707
979	2934
2226	2934
3734	247
628	247
3198	247
1194	247
3520	3024
3998	3024
1270	3024
1094	3773
374	3773
3611	3773
1878	3773
1687	3773
3175	3445
1811	569
3068	569
3508	3227
1954	3598
3425	3598
3636	3615
3663	3615
589	1044
1604	3997
3309	979
1183	979
828	979
894	979
957	979
2382	979
3826	979
2008	3503
2383	86
861	86
486	86
2276	86
1542	86
3145	86
3532	86
4510	86
1943	86
1943	3779
743	1104
4571	1954
2842	1954
1294	1954
3229	1954
4198	1954
3080	1954
1668	2980
2722	873
4666	1227
289	1227
3110	1227
3732	1227
881	1369
3432	1369
2597	1369
2223	1369
3998	1369
1759	1369
2888	2940
3432	3937
4273	3937
4666	4155
4082	2901
17	2901
357	2901
4047	4571
2850	4571
4603	4666
3734	4666
3437	4666
3296	4666
1943	2383
3734	784
4354	1094
3611	1094
2226	1094
3409	1094
1143	2894
1752	2894
4595	4324
1868	2121
66	2121
1542	2121
1925	2121
2045	2121
2051	2121
2844	2121
313	2121
4527	2121
1050	4603
3734	908
3110	908
3845	3419
3590	3419
3734	3845
3296	3845
3590	3845
3689	4292
3384	1559
486	1559
798	1559
2134	1559
3046	1559
921	1559
88	1559
800	1559
1301	1559
1359	1559
1435	1559
2874	1559
3121	1559
4158	1559
3734	2561
3296	2561
3166	2842
2223	2842
3734	881
2223	881
1177	881
2004	881
1216	3432
2223	3432
1759	3432
3018	3432
2597	4414
3296	4414
388	4414
699	4414
3930	2924
3038	41
2988	4581
3166	3124
4244	2048
3471	4427
2580	4427
3107	4176
3915	1298
1183	1130
1957	1130
4023	1325
1032	1325
4595	1325
1878	1325
326	1325
2745	1325
1032	4023
227	4023
2916	4023
4595	4023
2916	227
374	227
842	227
326	227
3520	227
2017	227
3508	227
3250	227
2017	2916
374	1739
4354	1739
3611	1739
520	374
1071	374
4354	374
3611	374
3250	374
3611	520
3734	2937
3296	2937
169	2937
4300	1537
734	1537
2161	1537
4596	440
3437	440
3437	3734
2249	3734
2309	3734
2446	3734
1811	3734
2017	3734
1001	3734
3269	3734
717	3734
2545	3734
517	3734
804	3734
1059	3734
1674	3734
2028	3734
2421	3734
2434	3734
2467	3734
2888	3734
3037	3734
3134	3734
3152	3734
3627	3734
3908	3734
4388	3734
4596	2662
4507	4596
4480	4596
3425	4596
2125	2473
3296	946
1270	946
3269	4400
1845	4400
3068	1986
515	2879
4047	2222
4354	1071
3611	4354
3132	3611
2047	3611
3296	2086
682	3235
1361	3235
1670	3235
3780	1984
1888	1984
807	3166
1868	2533
551	2533
1542	2533
958	2533
1925	2533
2051	2533
2239	2533
313	2533
2731	4047
957	4047
3425	4047
3826	4047
2214	1141
1500	3437
3110	3437
981	108
4560	3384
1671	3384
1183	3384
3527	3384
1060	4595
4062	4595
76	4595
175	4595
666	4595
806	4595
830	4595
931	4595
1401	4595
1928	4595
3028	4595
3107	4595
3476	4595
3584	4595
4077	4595
3963	4595
4025	4595
4092	4595
4644	4595
1397	4595
1060	3780
1500	3780
267	3780
1001	3780
637	3780
825	3780
861	4502
1871	3642
283	861
4251	861
4082	861
2284	283
2255	10
4168	2580
2017	842
913	1050
2540	486
3682	2276
1205	2276
4527	2276
1943	2276
326	1878
3520	1878
2745	1878
3520	326
921	326
388	3520
2325	3160
551	218
3641	218
1502	218
3150	218
2027	3296
2572	3296
3860	3296
717	3296
166	3296
517	3296
524	3296
1411	3296
1845	3296
1957	3296
2028	3296
2099	3296
2421	3296
2434	3296
3425	3296
2223	962
2780	962
921	962
4451	962
1688	264
4527	4499
2047	4620
2327	1060
3018	1060
4399	1060
3212	1500
712	4251
65	712
610	2125
4337	1868
295	1868
1502	1868
3569	1868
3918	2751
4656	2751
3491	3691
3682	3691
2045	3691
3517	3918
1424	3918
3755	298
2858	2395
3663	2395
295	4643
403	4643
1502	4643
2051	4643
3109	4643
66	4235
913	267
2240	267
3425	267
2011	2017
4431	3998
3175	1001
2100	1827
4478	3269
239	551
295	551
701	551
958	551
2045	551
2051	551
3150	551
4527	551
1623	3219
3326	3219
798	2731
1286	2731
2226	2731
2047	2731
2572	228
4496	1286
1397	1286
689	2226
3854	2226
4370	2226
3826	2226
927	1284
4491	1689
295	705
1636	705
2038	705
295	66
1175	66
2823	66
2722	66
830	2522
1270	3046
1270	3198
1270	976
1757	1270
1516	1270
2373	1270
1524	1147
4356	599
791	599
2645	641
1205	641
460	3175
968	3175
1148	3175
4401	3175
122	1634
1671	4560
1183	4560
1183	1671
3425	1183
3192	4356
791	4356
4082	4134
2378	2745
4082	1939
791	3192
3561	3192
3485	1535
2722	1535
2970	3279
295	1542
295	2436
2722	3485
2239	17
1023	25
558	42
3662	1852
342	3250
388	921
3229	921
3662	921
1904	122
2327	158
2047	186
2031	197
1420	207
1335	236
701	295
958	295
1925	295
2045	295
2051	295
2824	295
2844	295
313	295
4527	295
2189	388
3627	388
727	402
3708	2047
2028	2047
2426	2047
3680	2047
3663	2047
665	455
3669	455
4327	460
3176	461
810	468
3401	480
1925	537
1668	558
1023	588
1196	594
691	613
2622	656
1584	804
4394	804
1358	825
1957	825
3425	825
2161	828
2434	829
2038	894
2284	901
2038	927
1120	931
2051	958
2189	977
1262	1011
2327	1017
1777	1047
1262	1073
4025	1155
2031	1175
4265	1175
3049	1196
3425	1266
2356	1329
1925	1399
3155	1399
3147	1402
4301	1409
1925	1494
3915	1494
2051	1502
4527	1502
2373	1507
4394	1584
3821	1584
1397	1584
1621	1584
3663	1584
2817	1599
3496	1616
4157	1636
3134	1662
1943	1854
1956	1925
4527	1925
2131	1947
3853	1947
3425	1957
3662	2004
3680	2031
3826	2031
4196	2031
2051	2045
3150	2045
3836	2045
3150	2051
3915	2051
313	2051
4527	2051
3738	2059
3212	2100
3665	2100
3821	3794
1397	3794
1621	3794
3663	3794
3080	3794
3627	2189
2968	2229
3025	2421
3908	2449
3662	2456
3662	2686
3425	2781
3229	2799
3425	3556
3089	3425
3397	2863
3908	2865
3662	2970
3229	3037
1943	3063
3662	3100
3662	3277
4527	1205
4033	3662
3826	3680
4509	3811
4527	3915
4640	4219
1397	4510
1943	4510
