3844	3154
3844	3734
3699	398
3699	2635
3699	3049
1970	2990
2896	3389
2896	3780
358	4148
358	652
2655	2138
2655	4074
2655	1476
2655	4058
2526	2030
2526	643
2526	1269
3878	4641
1239	1601
1239	1753
1239	4073
3863	1355
3863	718
3863	3425
2976	947
2976	3573
2976	3710
91	2466
91	3389
3115	3737
3115	4034
3115	4475
3115	2466
3115	1347
3115	59
3115	3389
3115	2114
2718	728
4132	4612
4132	1580
4132	4450
4132	473
4132	510
4132	511
4132	4571
4132	931
4132	4564
4132	4593
1638	4641
1638	2695
3408	2935
3408	3291
3408	222
1655	1314
1655	2466
1655	3780
898	4165
898	4347
2524	206
891	4011
891	1753
891	1878
891	3425
471	1412
471	2469
471	507
728	3062
728	3208
728	3762
728	4358
728	62
728	865
728	4306
728	3742
728	4131
728	4414
728	2597
728	3978
728	435
728	3860
728	26
793	2023
793	3389
1131	1269
2144	1269
1412	4087
4045	3920
4045	521
4045	3209
2958	3148
2958	3389
2958	2378
3415	4526
679	2366
679	4392
679	1063
679	4674
679	3734
679	3437
210	2183
210	435
210	3257
210	3448
924	2507
924	2706
924	807
924	4061
1263	1601
1263	3273
1263	4521
3704	3308
4494	1700
4494	3502
4494	982
4494	482
4494	4533
4494	1144
4494	2051
4494	4527
364	1269
4080	3690
1478	2837
1478	3909
1407	3236
1841	2584
337	2913
337	250
337	1800
337	1033
294	1789
294	813
1172	2499
1172	911
1172	4359
354	3875
4664	1315
4664	3068
2973	2584
2973	2071
2973	1441
2973	1355
2973	4011
2973	1692
404	4472
404	1540
404	962
3461	4433
3461	1732
3461	3154
3461	3101
3461	1399
4433	2397
2671	4523
2671	1909
2671	1618
2671	3992
2671	4540
2671	101
2671	3734
4470	1869
4470	1476
4470	4112
4470	791
1869	4112
4523	3967
4523	1975
4523	3692
4523	4645
4523	3824
4523	458
4523	4392
4523	1341
4523	3023
4523	3921
4523	1952
4523	4173
4523	162
3264	1070
3264	1221
3264	3425
287	206
287	3688
287	706
2575	3880
2575	356
2575	3427
3880	356
3880	2030
3880	3214
3880	718
3880	1620
356	3427
356	3299
356	3236
356	1221
356	3061
356	3621
499	429
499	3212
3866	544
3866	2533
3866	295
649	2090
649	739
649	1692
1944	1567
1944	3734
1944	3780
3377	3319
3377	862
3377	3378
3377	1221
3377	885
3319	443
3319	3378
3319	2680
3319	3257
3319	885
862	3378
1575	3991
1615	1712
2335	1385
2335	540
2335	842
4139	540
3372	407
805	4545
805	7
805	1231
805	1539
805	3677
805	1308
805	386
3431	62
3431	3824
3431	458
3431	4070
3431	1347
3431	59
3431	4121
3431	4400
3431	2451
2362	2551
2362	2166
2362	1801
2362	870
2362	4194
2399	1330
3599	413
3599	3791
1732	2658
2606	3101
607	3154
607	3272
607	3456
4598	3695
4598	652
4309	2081
269	1269
269	4411
3208	3500
3208	1750
3208	4607
3208	3365
3208	1745
3208	1966
3208	3767
3208	246
3208	1279
3208	3728
3208	1309
3208	2254
3208	4207
3208	1898
3208	1948
3208	865
3208	4454
3208	2318
3208	900
3208	3660
3208	4414
3208	3357
3208	435
3208	962
3208	921
3208	388
3208	521
3208	1003
3208	2459
3208	2604
3208	2865
3208	4380
3208	4443
1432	3900
1432	1607
1432	2945
1432	2551
1432	1338
1432	161
1432	1445
1432	2020
1432	3292
3017	112
2407	2030
542	2536
1019	3306
1019	2536
1019	4381
1019	2578
3306	2536
3306	2578
2536	4381
2536	950
2536	2578
2536	3236
2536	3828
4381	4475
4381	3556
950	2578
2567	1930
2567	507
140	2111
140	4107
140	2944
140	4112
2219	2369
217	766
217	2438
766	1700
766	295
2287	4011
2287	81
2287	4170
2287	3427
2287	1044
2287	1689
1343	3992
3195	979
3195	3780
50	1269
2111	2933
2111	1454
2111	3813
2111	2192
2111	906
2111	1567
2111	2171
2111	2895
2111	66
2793	811
2793	1791
2793	1043
2793	3504
2793	375
2793	1091
2793	4120
4182	3236
951	458
951	1309
951	504
1885	718
1885	569
3900	528
3900	2368
3900	2466
3900	2955
2315	2146
2315	3742
2315	3734
2315	3175
2315	1709
2315	3662
1368	3312
2460	3101
1451	3154
1451	3734
1451	548
3770	1314
3623	4040
2933	2030
2933	3567
2933	1454
2933	3813
2933	3086
2933	2192
2933	906
2933	1567
2933	2171
2933	2895
2933	86
2933	2237
596	3707
596	947
596	4363
596	3962
596	1369
721	476
3894	1328
3894	921
4384	2366
4384	3222
4574	1379
4574	3437
1348	3524
1348	3222
1348	3896
1348	206
1348	2989
3967	3677
3967	3638
3967	3023
4655	2030
4655	2569
4655	1601
4655	86
4655	1943
1596	2888
4088	966
4088	504
4088	626
498	3147
1384	1314
1384	290
2640	4520
2640	430
2640	2199
2640	4394
508	3500
422	2512
422	4618
422	112
422	2188
4254	4056
4254	3824
4254	4571
4254	4064
4254	1535
4254	3782
4254	2532
3159	185
1684	413
1684	967
1336	2030
2030	2569
2030	4404
2030	2322
2030	1436
2030	1629
2030	3336
2030	1157
2030	3119
2030	1475
2030	4170
2030	1380
2030	2256
2030	3427
2030	4454
2030	2145
2030	4240
2030	1490
2030	3312
2030	2424
2030	1486
2030	1606
2030	489
2030	1561
2030	1832
2030	2306
2030	2955
2030	86
2030	1126
2030	4414
2030	4365
2030	712
2030	2981
2030	551
2030	2232
2030	2115
2030	53
2030	656
2030	762
2030	772
2030	970
2030	1743
2030	1927
2030	2869
2030	2922
2030	3344
2030	3532
2030	3662
2030	4073
2030	4510
2030	2703
3321	618
3814	672
3814	529
3814	1729
3814	2140
3814	3895
3814	1221
3814	1071
2569	1262
4404	1171
4404	173
4404	3154
4404	1764
4404	3519
4404	3734
4130	909
4130	2325
4457	3154
4457	4465
4457	3334
4457	1063
4457	1349
4457	3734
4457	3437
2485	1767
2485	2254
2485	2638
1767	4336
1767	3823
1767	1800
3007	3055
3007	34
3007	2010
3007	3560
3007	2297
3007	458
3007	3823
3007	3684
3007	2979
3007	3493
3007	504
3007	2188
3007	1221
3007	3734
3714	2171
3714	3598
3714	2209
3714	3573
3714	2253
4485	2471
1797	982
1797	580
1797	2848
2791	2474
2791	3412
2221	1551
2221	1607
2221	2355
2221	3832
2221	786
2221	3023
2221	1567
2221	2955
2221	887
2221	601
2221	4205
2282	1551
2282	1607
2282	786
2282	3023
2282	1349
2282	4205
2282	3425
653	578
2360	3368
2959	3236
3040	1223
3040	3680
2023	3486
2023	4505
2023	1967
2023	1966
2023	427
2023	1403
2023	718
2023	2989
2023	2223
2023	1980
2023	2609
63	1729
63	2074
2584	2071
2584	1441
2584	1027
1551	4618
1551	1528
1551	2294
1551	4429
1551	814
1551	887
4085	4392
2071	1441
2071	4618
2071	1171
2071	4414
2071	1337
2071	922
2071	388
3120	2277
3120	4475
3120	4504
3120	3668
3120	3882
621	2443
621	2472
672	529
672	1071
672	4354
672	3611
857	2463
857	4504
857	4047
529	4011
529	2140
529	3895
529	4500
529	1567
529	1071
529	4354
529	3611
529	3258
529	1878
529	2378
1009	3500
1009	2642
2953	99
2953	3843
3091	330
3091	4090
3091	99
3091	1614
330	1460
1370	4011
1370	4071
1370	979
1607	4289
1607	3427
1607	887
1607	2632
1607	15
1607	3175
1607	162
1607	3068
1607	3547
3345	2129
3345	3154
3345	1027
3345	3723
3345	1369
3345	41
3345	3734
3345	901
3345	3662
187	507
3500	2964
3500	1881
3500	3859
3500	4603
1562	4020
1562	34
1562	652
1562	3659
2962	1314
2962	2297
2962	2612
2962	900
2962	3832
2962	39
2962	877
2962	3390
2962	652
2962	2580
2962	613
2962	1922
1485	3779
1618	1792
1618	4170
1618	4400
1618	302
1340	2138
1340	4074
1340	1476
1340	4058
1340	366
392	3533
392	2366
392	814
392	1347
392	2175
392	1269
392	2993
392	3771
193	4608
2052	1930
2052	4266
2052	1887
2052	488
2052	3283
2052	452
2052	2666
2052	2121
2052	2533
2052	949
2052	1868
2052	295
1975	2138
1975	4090
1975	4034
1975	2700
1975	3767
1975	1314
1975	3692
1975	282
1975	876
1975	4187
1975	3723
1975	3677
1975	3638
1975	3514
1975	1986
1975	4234
3486	4634
4289	1207
4505	3859
2390	2461
3849	1221
467	2302
2138	4074
2138	1476
2138	4058
2138	4020
2138	1010
2138	3302
2138	3560
2138	81
2138	3692
2138	3824
2138	816
2138	2875
2138	4392
2138	3638
2138	1738
2138	900
2138	445
2138	3299
2138	3793
2138	3023
2138	3843
2138	3514
2138	1646
2138	3197
2138	1337
2138	1747
2138	1986
2138	2340
2138	4204
2138	1272
2138	1922
4074	1476
4074	4058
4074	4020
4074	1010
4074	4475
4074	1738
4074	1337
4074	1747
4074	3659
1476	4058
1476	4020
1476	1010
1476	3638
1476	1337
1476	1747
1476	3659
1476	1706
1476	3658
1476	3771
4058	4257
4058	4020
4058	1434
4058	1295
4058	4454
4058	4392
4058	1738
4058	3843
4058	4500
4058	1221
4058	2637
4058	1877
275	4618
275	663
275	3036
275	3487
275	4520
275	4090
275	1171
275	66
275	4334
4618	3695
4618	1027
4618	2779
4618	1959
4618	3867
663	4414
2964	3524
2964	430
2964	365
2964	318
2964	1379
2964	4603
2964	388
2964	2642
3487	4358
3487	2389
3487	4347
3487	979
4520	4358
4520	2389
4520	979
37	2389
37	2544
37	2842
37	3641
37	4334
4217	900
4217	3390
4217	1496
3290	2716
3290	3619
3290	3816
3290	4610
3290	2632
2716	3498
2716	4645
3762	4306
3762	2597
3762	314
1630	1750
1630	2895
1750	4607
1750	3365
1750	3813
1750	2895
1750	4292
1750	962
1750	3657
1750	3870
4607	3126
4607	1579
4607	4674
4607	2895
4607	2223
4607	1572
4607	1980
4607	4277
3631	2504
1463	3236
3912	3337
3912	2438
1659	2515
1659	2456
3847	3690
415	3342
415	962
415	2848
415	295
415	4577
732	1365
1930	3690
1930	4041
1930	1887
1930	488
1930	3283
1930	2570
1930	2275
1930	1561
1930	2121
1930	4391
1930	2533
1930	4643
1930	551
1930	295
1930	507
1930	1502
1930	2051
1930	2344
1930	2810
1930	3506
1930	3915
1930	4552
1930	4310
4422	867
2194	66
2194	1907
1974	3638
4257	2527
4257	922
2527	2074
2527	113
2527	3425
1977	3175
2463	2846
2463	4504
2463	3843
3873	2504
3873	2126
3873	2180
3873	2305
3873	3732
3690	7
3690	4041
3690	2026
3690	1234
3690	295
1809	3662
3214	979
3214	41
3214	283
3214	4348
3858	4163
3858	4012
3858	3635
3858	152
3858	374
3365	3895
3365	711
3365	1316
3769	3931
3769	1784
3769	489
3769	936
3769	1731
3769	1989
3769	4031
3769	1814
3769	4087
3769	3734
3769	2268
523	1781
523	1068
523	1291
523	4392
523	4240
523	709
523	3315
523	1597
523	1369
523	3930
523	2751
523	608
523	774
4472	4054
2506	1379
2506	4666
4554	1724
4554	4061
3405	2093
3405	3793
3405	3816
3405	233
4336	442
4336	250
4336	1800
4630	4090
4630	3489
2093	423
2093	3816
2093	233
4460	865
4460	3843
4460	598
2025	1709
409	2015
3199	551
4020	4128
4020	4605
4020	652
4020	2680
4020	1646
4020	1939
1725	3734
2639	1674
1545	1269
3524	4483
3524	4128
3524	2424
3524	2989
3524	1379
3524	4666
3524	289
3524	3437
3524	4335
3524	2942
512	982
1098	1484
1098	15
1881	2642
3781	2146
1483	3850
1483	1221
3287	3864
2474	3101
2474	3846
4056	3086
4056	455
2277	1729
2277	282
2277	112
2277	1844
2277	3668
2277	3389
1781	4475
1781	3389
1781	1337
1781	3734
4078	3965
3300	4229
2558	4536
2258	3829
2258	2491
3829	4064
3829	2491
1745	4479
1745	4565
1745	292
1745	2223
1745	1524
1745	2321
1745	3209
1745	4564
4612	4646
1729	4646
1729	3895
1729	1033
1729	1567
1729	4354
1729	2614
1729	3209
4063	3533
4063	2198
4063	185
4063	547
2762	3055
2762	3723
2074	2206
2074	504
2074	1952
2074	906
2074	2375
2074	605
3093	1986
3093	387
423	1978
423	1671
4169	1380
4169	1579
4169	1871
4024	668
4024	884
4024	1154
4024	4475
4024	2366
4024	3222
4024	1295
4024	1323
4024	1020
2607	3425
1362	661
329	3101
2149	3175
2149	403
3522	4009
668	1154
668	2366
668	1799
668	3895
668	1567
668	859
668	1269
668	3175
668	3425
2629	1567
4090	3302
4090	139
4090	3692
4090	3824
4090	99
4090	4481
4090	1540
4090	979
4090	1986
4090	2378
4090	162
557	1157
4358	93
4358	3734
4358	2005
2975	504
3931	3106
3931	1784
3931	489
3931	936
3931	1731
3931	1989
3931	4031
3931	1814
3931	4087
3931	3734
1039	2783
2322	548
2322	3874
1355	4667
1355	3635
1355	4177
1355	4604
1355	4500
1355	3734
1355	2189
1355	4244
3498	1761
4034	2206
4034	3677
4034	3638
4034	1738
4034	1546
4034	879
4034	4234
2825	4475
2825	2361
2825	2378
2734	4540
2734	4284
2734	4121
1967	927
2118	1601
2118	3101
2343	3734
396	820
396	3560
396	3793
396	3012
820	81
820	3793
4667	962
4667	4244
938	2938
938	413
938	4432
938	1907
938	2810
24	4431
3550	1173
3550	1952
3550	1058
3550	689
3789	1382
3789	1454
3789	1572
4545	3529
4545	4392
4545	1738
4545	1366
4545	2365
1495	2544
1495	652
2784	2064
2784	1369
2504	1382
2504	4293
2504	662
2504	4007
2504	2438
2504	3042
2504	4600
2700	3767
2700	3723
2700	4250
2700	1986
884	2294
884	4064
80	3734
80	1258
80	4373
3187	841
49	1610
49	3477
49	1293
49	257
49	1341
49	1034
159	2424
309	3154
309	3734
1352	1304
3228	549
1436	2129
1154	2551
1154	4475
1154	2146
1154	1290
1154	133
1154	1747
1154	2937
1154	3734
1154	4244
121	4475
121	3951
121	3779
757	1898
757	3822
757	987
757	286
757	761
757	2688
757	1561
3767	4357
3767	4323
3767	3692
3767	4326
3767	876
3767	4392
3767	1738
3767	4042
3767	1723
3767	3023
3767	2981
3767	2378
3767	4234
4386	4398
4386	3581
4386	2089
4386	2653
4398	3581
4398	2089
3581	2089
3581	3137
3015	458
3015	4326
3015	1844
3015	504
3015	1228
1127	443
1127	3615
2935	295
2935	2810
2935	4009
2938	4041
2938	1400
2938	3283
2938	2120
2938	2428
2938	160
2938	295
2938	4446
2938	4527
759	4041
3655	3393
3655	2064
3655	4170
3655	4454
3655	2466
3655	3784
3655	86
3655	1369
3655	881
3655	1221
669	4170
669	2963
1385	1004
3065	3994
3065	2556
3065	2681
4345	206
4345	4343
4345	3780
1798	1700
1798	794
1798	3826
2397	206
2397	2466
2397	3780
1700	1460
1700	7
1700	4041
1700	1887
1700	488
1700	3502
1700	3283
1700	2570
1700	814
1700	2121
1700	2533
1700	2848
1700	2369
1700	551
1700	66
1700	295
1700	1502
1700	2051
1700	2810
1700	3915
1700	4552
1700	4527
1469	3502
2092	3456
2092	3236
2092	4086
7	2026
7	3560
7	1293
7	580
7	4481
7	795
7	1144
7	2051
7	4527
4041	2026
4041	3502
4041	1810
4041	580
4041	4192
4041	3337
4041	4533
4041	949
4041	1868
4041	2848
4041	4643
4041	551
4041	1144
4041	958
4041	2051
4041	4527
2026	1887
2026	488
2026	3283
2026	1868
2026	295
1887	3502
1887	982
1887	462
1887	482
1887	4533
1887	1868
1887	4643
1887	551
1887	66
1887	1144
1887	2051
1887	4527
3928	3949
3928	366
3928	569
1010	3566
1010	577
1010	876
1010	1465
1010	504
1010	525
1010	3897
3055	3128
3055	1786
3055	3692
3055	1614
3055	876
3055	445
3055	3023
3055	795
3055	2582
3055	2879
3055	26
3112	4005
4052	3465
246	2999
3529	4011
3529	4005
3529	2048
3529	3659
673	458
3687	3382
3687	3477
3687	2909
3687	3173
3687	1563
3687	302
3687	15
3687	768
3687	880
2389	4339
2389	1033
2389	3734
2389	3876
2389	3573
2389	1155
3382	2410
3382	3236
3382	880
3382	646
2710	4497
4497	2140
196	661
2387	1295
4576	3734
4319	1269
4319	1221
4319	113
488	3502
488	982
488	1810
488	2014
488	2435
488	413
488	580
488	1506
488	4533
488	949
488	3930
488	1868
488	2848
488	4643
488	551
488	1144
488	958
488	2051
488	4527
3589	3638
3589	2368
3589	3067
3589	2395
3589	880
3589	1796
3589	3058
3589	3212
1400	334
1400	3945
1400	3337
1400	1868
1400	2848
1400	4643
1400	4527
1400	2703
2163	2361
2163	3105
1140	4674
3643	81
3643	3378
2213	507
3360	2081
3360	4086
3695	1315
3695	863
3695	2227
3695	3493
3695	3389
3695	2878
3695	962
3695	990
3695	3410
3695	3584
3302	1314
3302	4475
3302	1027
2861	478
2861	295
3039	66
3039	1399
3039	2822
2741	1119
2741	478
3902	3061
4316	1601
429	3734
429	3009
1016	1579
3507	2121
334	1293
334	1220
334	1778
334	4081
1322	1269
1322	958
116	1220
116	3682
4525	3315
34	1231
34	2241
34	3425
34	3061
34	3212
18	2366
18	147
3850	4133
430	4539
430	1326
430	4042
430	1708
430	3291
430	3634
430	136
430	2648
1786	661
1979	212
3693	3236
1815	1863
1815	601
3530	2366
3949	4512
3949	4163
3949	1978
3949	4012
3949	321
3949	152
3949	652
3949	3773
3949	1964
3949	1221
3949	1739
3949	374
3949	520
740	4011
4512	1964
4512	1221
4512	1739
4512	374
4512	4354
2774	982
2774	295
2774	1502
2010	577
2010	1556
2010	3684
2010	3638
2010	3793
2010	83
3502	982
3502	3283
3502	2570
3502	2901
3502	2121
3502	1169
3502	2533
3502	2848
3502	4643
3502	551
3502	295
3502	1612
3502	2051
3502	2344
3502	4552
1382	2491
2251	2354
421	3295
421	3734
421	3787
421	2072
1223	4224
1223	1323
1223	584
1223	2642
4224	2909
4224	3315
4224	4502
1610	1422
1610	4011
1610	3692
1610	3837
1610	282
1610	4382
1610	1347
1610	578
1422	1347
1422	859
1422	2918
1422	578
1150	4352
1150	865
1150	1964
1150	1221
1150	4354
1150	1878
1150	2055
4308	2366
710	3130
710	4567
1315	2466
1315	1366
1315	3166
1315	4099
1315	1621
4294	3742
4294	3773
4294	4567
4294	885
4294	548
2469	66
3533	1556
3533	1943
694	3337
694	66
442	3442
442	991
442	718
442	2122
442	1634
3707	3038
3707	885
3314	3038
2210	2963
846	1796
2945	3236
1314	3580
1314	4646
1314	1428
1314	2297
1314	4475
1314	2064
1314	2302
1314	2612
1314	1738
1314	1546
1314	2979
1314	39
1314	3081
1314	877
1314	4276
1314	2719
1314	3215
1314	86
1314	3978
1314	4502
1314	2580
1314	13
1314	244
1314	2018
1314	4203
1314	4234
3580	4347
1292	3734
1292	1902
443	3734
1235	1601
1235	1094
1235	3734
1235	435
1235	2491
1304	2294
1304	2544
1304	3813
1304	906
1304	1567
1178	3734
2085	4416
2085	3389
2085	1337
1119	4128
1119	3175
1119	295
1119	3553
4270	2366
4270	1323
4270	1020
2410	4454
1219	1555
1219	3619
1219	3684
3953	4339
4646	4475
4646	206
4646	1052
4646	3784
4646	3291
4646	2695
4646	3425
2090	982
2090	412
2090	2848
2090	1907
2090	2178
2090	3662
982	3283
982	2570
982	3566
982	482
982	4533
982	1269
982	2121
982	2533
982	949
982	551
982	17
982	295
982	1502
982	2051
982	2344
982	3915
982	4552
2588	1408
4366	1371
4366	2189
3283	97
3283	2014
3283	3353
3283	2015
3283	2432
3283	2435
3283	413
3283	3337
3283	4533
3283	949
3283	1868
3283	2848
3283	4643
3283	551
3283	1144
3283	295
3283	958
3283	2051
3283	3820
3283	4527
811	375
3106	4172
3106	1293
3106	3154
3106	2727
3106	2498
3106	57
3106	1440
3106	3519
3106	1337
3106	3734
3106	734
3106	2161
4172	1473
4172	3154
4172	2498
4172	3519
1428	1936
1428	4064
1428	921
3336	1789
1789	4500
1789	1821
1601	278
1601	390
1601	62
1601	2840
1601	4333
1601	2204
1601	4440
1601	2152
1601	1240
1601	1269
1601	86
1601	1337
1601	4279
1601	1253
1601	2378
1601	5
1601	1852
1601	921
1601	514
1601	2080
1601	2156
1601	4277
1601	1943
1157	3930
1157	1538
1157	2616
3102	4011
3102	2948
3102	4339
3102	4451
3481	1850
3481	4641
3481	1943
3560	2297
3560	282
3560	3677
3560	3638
3560	1738
3560	1308
3560	3734
3560	1986
3560	3212
4323	2843
4323	390
4323	99
2297	3832
2297	39
2297	504
2297	877
2297	3390
3608	947
947	1528
947	3962
947	844
947	3784
278	2146
4165	2471
4165	1753
4165	3023
4165	1982
4165	1262
549	2366
549	3222
549	4189
549	1299
549	2879
549	3876
4417	1027
2843	390
1810	2533
1810	295
1810	3097
4057	407
4057	2404
2551	3291
369	3986
1134	1269
1134	3734
1248	3734
1248	689
3233	3924
3233	3033
3233	4641
462	81
462	3378
462	3101
462	3179
462	2005
863	2120
863	3734
863	2814
863	3258
4222	1269
2499	911
2499	2895
1609	2195
1609	2766
1609	247
1609	3547
2195	2766
2195	247
2195	3547
1195	3154
1195	1964
1195	3734
341	3236
3924	3033
3033	4339
3033	1169
3033	1494
3033	3665
4475	2846
4475	991
4475	1171
4475	173
4475	4326
4475	1611
4475	4207
4475	1546
4475	1723
4475	127
4475	2835
4475	661
4475	3800
4475	2546
4475	2675
4475	4278
4475	2609
4475	4196
4011	1171
4011	3619
4011	2354
4011	2146
4011	4284
4011	1952
4011	4225
4011	2306
4011	1567
4011	979
4011	2378
4011	1509
2948	3619
2948	979
3477	4504
3477	1898
3477	1753
3477	623
3477	4071
3477	3166
3477	4047
390	1171
390	4605
390	3951
390	1455
390	1220
390	4225
390	1058
390	545
390	1033
2846	4047
2846	861
2846	3641
2846	2736
4044	3722
4044	3312
4044	127
4044	3734
478	3236
478	661
478	2325
4504	1753
4504	979
4504	3166
4504	4047
82	3951
82	504
81	3992
81	366
81	1644
81	4382
81	2779
81	3414
81	3793
81	3951
81	4540
81	4673
81	4121
81	1705
81	3710
1234	4251
1234	4527
1456	1269
3833	3261
3833	507
3353	1502
994	4064
2013	3105
2015	1099
2015	614
2015	2841
991	4170
991	3837
991	3984
991	3148
991	4062
991	1494
2432	2944
2432	295
2432	2051
2435	295
1171	3962
1171	206
1171	3148
1171	1033
1171	4061
1171	3556
2443	2472
2950	998
3619	4429
3619	1567
3619	3425
2913	1279
2913	540
2913	3209
1279	540
2089	2653
139	206
139	3780
139	2888
2108	3154
2108	3723
2108	623
2108	1337
2108	3734
2108	3212
2514	2355
2514	1221
2514	885
2355	887
3119	1964
250	1269
3992	2166
3992	4481
3992	1440
3992	3960
3992	161
3992	976
3992	3207
3992	3904
4115	2366
3958	3456
3958	700
3728	2146
3728	3677
3728	3734
3728	514
966	2533
4479	292
4479	4094
173	3542
173	3173
173	4371
3970	1529
2129	1293
2129	869
2129	1369
2129	3582
2757	74
4151	3465
4151	3734
366	4382
366	540
366	3414
366	3163
366	2750
366	1442
3140	1221
3564	4454
3564	3962
3564	962
3564	2865
1644	2779
1473	2611
1293	775
1293	57
1293	859
1293	578
1293	283
1293	2632
1293	3250
1293	3828
3154	3837
3154	2227
3154	2779
3154	57
3154	1490
3154	59
3154	4018
3154	1051
3154	1597
3154	247
3154	4414
3154	3734
3154	2878
3154	3437
3154	1771
3154	3250
3154	2619
3154	3547
2298	4462
2298	3567
2298	3501
4634	3962
4634	1369
4634	4517
4634	4274
454	3740
454	1489
454	3451
3393	2963
3393	1699
427	2779
2064	3236
2064	41
2064	3235
2064	4064
2064	10
2064	15
3775	2848
2206	4483
2206	1380
2206	3519
821	3617
62	4392
4439	4414
2697	2486
2840	3951
2840	2196
1791	375
3146	160
1099	1269
1231	3700
1231	1824
3692	458
3692	1027
3692	504
3692	3813
3692	2375
3692	3986
3692	3212
3127	3698
4645	4170
4645	1341
4645	86
4645	1446
3824	458
3824	1027
3824	3723
3824	2189
3824	3212
458	1309
458	1614
458	4416
458	4636
458	504
458	1081
458	83
458	3198
458	976
2653	1636
2570	2121
2570	4567
2570	1868
2570	551
2570	1144
2570	295
2570	2681
2570	3568
2570	4527
4170	1764
4170	1434
4170	3427
4170	93
4170	3337
4170	4641
4170	1455
4170	1952
4170	86
4170	3779
4170	2250
4170	4082
4170	4510
4170	1943
2788	3197
2319	2681
3566	775
3566	2188
775	1113
775	1946
1309	3921
4483	1269
4483	1712
4483	1379
4483	4666
4483	289
4483	2642
3837	2544
3837	887
3837	3136
4128	2680
4128	1646
4128	4009
3672	2711
577	1034
2727	2679
2727	1712
2727	3879
2711	3101
2711	1712
2884	3101
1380	2477
1380	1512
729	3222
1764	3734
1764	2191
1434	3571
1434	86
1434	3573
1434	2305
1434	3207
4140	1347
4140	3425
1539	386
2366	3222
2366	1295
2366	1323
2366	1020
2366	4145
2366	1784
2366	2148
2366	482
2366	3615
2366	3166
2366	4335
2366	3309
2366	1226
2366	2143
2366	3803
2366	734
3222	1295
3222	1323
3222	1020
3222	510
3222	3447
3222	4103
1295	1323
1295	1020
1295	1027
1295	1077
1295	943
1295	906
1295	2989
1295	1379
1295	407
1295	4197
1295	792
1295	3573
1295	2852
1323	1020
1323	2148
1323	2140
1323	206
1323	4540
1323	1312
1323	2918
1323	2989
1323	628
1323	1828
1323	1902
1323	2337
1020	2989
1020	2914
1020	3506
1020	2376
4326	1105
4326	3984
4326	206
4326	4339
4326	3389
4326	880
4326	4441
4585	4382
644	3212
257	1580
3893	3236
3361	1753
3361	1771
1528	2294
1528	1369
2294	3756
2294	1290
2294	3773
2590	1567
2590	4571
2583	3638
2583	1738
4570	435
282	4392
282	3638
282	1546
282	859
282	1986
282	4234
413	3682
413	295
413	1502
413	3553
2166	286
2166	1738
2166	3951
2166	2466
2166	3784
3864	1934
2694	295
2694	4552
580	295
580	958
580	1502
580	1796
3823	4229
3823	628
3823	885
3823	2189
4565	1269
3378	1221
3378	2937
3378	2005
1614	4392
1614	1058
1614	3503
1614	1337
2684	4641
3722	2208
4005	2208
4005	445
4005	2191
3841	1464
9	4500
9	3491
3101	1784
3101	3677
3101	270
3101	2428
3101	2692
3101	4604
3101	4002
3101	1606
3101	1221
3101	374
3101	2966
3101	962
3101	2611
3101	3691
3101	2115
3101	265
3101	476
3101	2316
3101	2083
3101	2337
3101	2421
3101	2505
3101	2556
3101	2599
3101	2912
3101	2954
3101	2970
3101	3071
3101	3073
3101	3565
3101	3947
3101	4009
3101	4097
4163	4012
4163	152
4163	598
4163	374
4163	3422
4163	3657
1978	4012
1978	152
1978	1221
1978	374
1978	212
4012	321
4012	473
4012	152
4012	3773
4012	1964
4012	1221
4012	1739
4012	374
4012	520
4012	3734
4012	1071
4012	2375
4012	2172
321	1212
321	1173
321	152
321	1964
321	1221
321	1739
321	374
4633	216
2208	1347
2208	927
2208	4466
2254	1369
2254	3221
2146	4352
2146	835
2146	3598
2146	979
2146	2937
2146	2632
2146	388
2146	4097
4450	1942
4462	2192
1084	212
3295	3734
4207	3465
4207	1586
4207	926
4207	3451
4207	4491
3756	1094
3756	3422
2873	4018
1942	861
4206	2842
4206	3124
4429	1952
4429	4610
4429	2842
4429	3124
4429	3425
4671	1948
3465	4448
3465	3653
4448	4674
4448	3688
2816	374
2227	3688
1159	4229
3130	2306
1529	798
243	1027
243	86
243	1943
2724	1878
2724	4032
4359	4641
2617	2983
1557	2990
1557	3515
4382	2909
4382	3068
4166	2544
4166	4228
4166	3503
4166	3780
2612	900
2612	3832
2612	39
2612	877
2612	3390
2612	2580
1041	3730
1041	1331
1898	3822
1898	987
1898	3460
1898	286
1898	3456
1898	761
1898	3882
1898	2688
1898	1561
1898	2520
1898	1832
1898	247
2748	1928
112	1085
112	974
112	3364
112	3224
112	2320
112	853
112	2404
112	83
112	1680
3730	816
3730	974
3730	3364
3730	3224
3364	113
2320	1914
987	962
987	4593
1934	104
1934	3937
1934	712
1934	2311
4280	1221
4304	3197
4304	4099
4304	3663
3818	2842
1364	662
1364	3437
662	1349
662	1592
662	2223
2963	2625
2963	2574
2963	4335
2963	922
2963	2491
3892	853
876	3723
876	1269
4629	1269
3030	4337
2802	2989
3513	3164
571	1116
1673	3242
1784	936
1784	1731
1784	1814
1784	3152
2625	3163
2625	4335
1027	3638
1027	3023
1027	2053
1027	435
1027	1267
1027	3511
1027	3610
1948	1699
1948	1878
3427	152
3427	4215
3427	1811
3427	2232
1556	1116
1556	2180
4465	3437
4465	861
4465	2841
3334	861
3684	2188
4416	3023
4416	504
4416	1240
2779	852
2779	921
2779	2642
2779	734
852	2368
852	544
1531	2209
1531	281
4642	298
4639	1269
3618	3954
1965	4391
1965	2051
3272	3456
2148	3061
865	420
865	1964
865	1221
865	1878
865	2223
865	1081
865	2503
3557	2424
2983	507
540	3163
540	1442
540	4500
540	598
1628	3734
4454	3660
4454	2223
4481	3638
4481	1986
4481	2505
3126	3236
2544	2198
4070	3951
4187	3723
4187	3638
4187	1308
4187	3236
4187	1986
4187	3212
2875	980
2875	1717
4636	504
4636	3236
4392	3677
4392	3638
4392	1308
4392	41
4392	1986
3896	1308
3896	2424
3896	3425
3896	3239
3723	1738
3723	3514
3723	2083
3677	1738
3677	1546
3677	1308
3677	83
3677	4234
3638	1738
3638	1546
3638	1308
3638	3337
3638	4177
3638	795
3638	1986
3638	4203
3638	4234
1738	795
1738	3514
1738	3734
1738	1986
1738	4635
1738	4234
2140	2909
2140	3895
2140	1878
1063	93
1063	2241
1063	3212
3414	1442
763	1094
1546	1986
1308	514
3962	844
3962	3784
3962	1369
3962	2940
3962	881
3962	4414
3962	2597
3962	2223
3962	3657
3962	939
844	1302
844	881
844	913
2610	1540
2610	3860
1290	3456
1290	2318
2198	2318
2198	1034
141	2318
3322	3439
3456	3439
3456	1496
3456	1592
3456	4007
3456	958
3456	3134
3456	3568
3456	3771
57	1341
57	3734
2318	3010
2318	1147
2318	2614
2471	1540
2471	3496
2944	1464
2944	4112
2944	2722
2608	1301
1491	1506
1800	807
1506	612
1506	2121
1506	295
2430	1429
270	584
3297	4648
3297	4339
72	1302
72	1811
2275	4095
2275	722
2275	1632
2275	3261
2275	1540
2275	1479
2275	551
2275	66
2275	1144
4095	722
4095	1632
4095	1479
4095	1144
722	1632
722	1479
722	1868
722	2848
722	551
722	1144
1632	1479
1632	1144
1341	1799
1341	900
1341	206
1341	3390
1341	1496
1207	1952
1207	3308
64	346
452	3086
452	1868
452	2051
452	1884
2368	544
2368	3876
2368	3166
2368	201
2992	1269
2992	4579
900	4347
900	39
900	3390
900	1496
900	652
900	3209
316	3175
2167	711
2167	4000
2167	962
1566	4347
3815	4347
1820	1567
1820	3734
2979	3780
2979	3079
2979	4321
1724	4339
1724	3212
445	2241
3768	1471
3909	295
814	3734
1812	3682
1812	3425
190	3734
1326	2842
1326	2592
2990	3515
2990	544
2990	859
2990	4112
2990	791
3515	791
2778	1567
2289	736
2465	3773
104	3086
104	1567
925	3945
925	1761
1579	3945
1579	910
3945	980
3945	1867
3945	2231
3945	4087
3945	2706
1850	2236
1850	3542
1850	247
1850	921
2428	643
980	3491
910	1617
2406	4312
4013	2424
3493	206
3493	2375
3832	39
3832	877
3832	3390
3832	2580
3832	887
473	59
473	1567
473	1169
473	1964
2666	584
78	3236
725	3734
1440	2680
1440	4413
1844	4347
3337	3105
3337	2121
3337	2533
3337	4643
3337	880
3337	295
3337	3058
3337	3680
4347	3742
4347	3611
4347	1391
4347	3425
412	2848
412	2982
412	3310
1245	3136
1723	1105
1723	3984
1723	4339
1723	584
1723	1302
1723	1567
1723	3389
1723	880
4641	1689
4641	2191
1105	2695
1105	2273
3984	1680
3350	1753
1465	482
1465	2719
1465	4451
1313	807
1203	206
482	295
482	3061
21	66
4271	661
1490	3734
3035	3734
4229	507
3299	3951
3793	2600
1185	3023
3895	2600
3895	1471
3895	1221
3895	1071
3895	4064
3895	2378
3895	921
377	300
300	94
300	1982
94	1964
3635	3660
3635	1033
3635	3425
3635	3791
3635	3663
1617	825
786	3742
786	2005
786	887
786	1811
4458	2719
1753	1296
1753	1568
1753	3601
3567	3179
1212	4605
1212	3583
1212	3312
1212	1863
1212	1173
1212	1419
1212	1455
1212	1952
1212	1220
1212	4610
1212	4225
1212	1058
1212	2680
1212	545
1212	1033
1212	3425
1212	3026
4605	4064
4605	3780
4605	4371
3583	3312
3583	1455
3583	4225
3312	1915
3312	2421
3312	3152
2183	86
2139	3389
3571	1883
2424	2812
2424	859
2424	1712
2424	1379
2424	3978
2424	289
2424	520
2424	134
909	4500
909	922
909	3014
2574	3773
2574	1379
2574	4666
2574	3437
2574	3110
206	1712
206	2989
206	1379
206	4666
206	289
206	589
206	3229
709	1153
135	3954
3954	2161
2832	4061
755	435
755	204
755	3425
3742	1021
3742	4603
3742	4064
3742	4616
3742	939
39	877
39	3390
39	2580
39	962
127	3784
127	787
127	584
127	4096
127	242
2835	1959
2835	3425
2577	626
3023	4674
3023	1369
3023	887
504	1593
504	83
504	3198
504	976
504	1757
504	1780
504	1828
504	3897
4432	4533
4432	2864
1883	3734
1883	2814
1883	3422
4674	2466
4674	4571
4674	3734
4674	2642
1439	3773
2202	295
2202	1296
2202	1502
1994	2180
622	942
623	1269
623	3876
623	4047
623	942
3315	3489
3315	4339
3315	1936
3315	2375
3489	4339
3489	1173
3489	1347
3489	1338
3489	652
3489	962
510	2899
510	1508
510	798
4339	3215
4339	976
4339	1257
4339	1501
4339	3680
1173	1338
1173	1455
1173	1952
1173	1220
1173	4225
1173	1058
1173	652
1173	3226
1173	2680
1173	545
1173	1033
1173	1915
1173	962
1173	4413
1173	689
1349	736
1349	3816
1349	233
1349	1033
1349	2000
1349	887
1349	3201
2466	1347
2466	1403
2466	2632
2466	2375
2466	977
2466	3511
2656	3236
1867	962
1347	1952
1347	4225
1347	1033
1347	2878
1347	314
1347	3641
1338	1915
3784	2919
3784	1033
3784	1567
3784	1369
3784	1183
3784	2378
3273	584
3273	59
1586	2609
736	3086
584	643
584	1033
584	1567
584	1403
584	2632
584	1183
2899	798
1508	3969
1508	2686
3668	161
3668	3744
882	979
882	268
882	4278
882	1183
1583	4225
1583	1094
3067	791
1519	3250
1519	2255
2457	3734
3441	4407
3081	859
3081	2922
877	3390
877	2580
386	2365
1454	3813
1454	3086
1454	906
1454	1567
1454	2171
2919	798
59	3518
59	545
59	1267
3816	233
3816	1419
3816	1033
3816	2918
3816	444
3816	3511
233	3659
4131	10
4113	1911
3660	3514
3660	4099
107	3673
107	4656
1102	3734
4018	2822
3236	4031
3236	160
3236	569
3236	1104
3236	1221
3236	4365
3236	2404
3236	2375
3236	4205
3236	426
3236	1711
3236	1907
3236	2283
3236	2888
3236	3211
3236	3451
3236	3791
3236	3857
3236	3910
3236	4264
3236	3268
485	3518
4237	2894
1914	3518
4124	3226
797	1337
797	1604
539	885
539	646
3390	1496
3390	247
3390	2937
1496	1662
1496	3710
3519	2966
3519	3454
3519	734
1801	1269
3173	283
152	3773
152	1964
152	1221
152	1739
152	520
152	1071
152	4354
152	3250
4540	4284
4540	2053
4540	283
4540	2619
4284	290
4148	2377
4148	290
4148	652
4148	113
2377	290
2377	652
2377	212
2377	1911
290	2679
290	652
290	4121
290	1262
765	4121
2679	2763
2679	4673
2679	4121
2763	4121
4673	4121
3843	240
3843	598
3843	3538
3843	2175
3843	3437
4604	4250
1051	602
1051	643
1051	3941
4002	1221
3526	3169
1419	1455
1419	1220
1419	4225
1419	1058
1419	2680
1419	545
1419	1033
1419	2249
1419	113
1455	1220
1455	4610
1455	4225
1455	1058
1455	2680
1455	545
1455	1033
1455	2545
1455	3425
1952	2680
1952	1033
1952	3780
1952	2699
1220	4610
1220	2680
1220	1033
1220	1008
555	2114
4610	2680
4610	1033
4610	1567
4610	1008
4225	1058
4225	2680
4225	1033
4225	113
4225	927
1058	2680
1058	1033
1058	3780
1058	1705
652	3773
652	374
652	3797
4121	1442
4121	842
3148	602
3148	643
3148	1258
3148	3100
602	4204
602	4327
643	2450
643	2912
643	3100
2680	545
2680	1033
545	1033
545	3826
1033	1567
1033	1269
1033	3503
1033	4047
1033	113
1033	1521
1033	3556
711	4000
489	936
489	1731
489	1989
489	1814
489	3734
936	1731
936	1989
936	4031
936	1814
936	4087
936	3734
936	83
1731	1989
1731	4031
1731	1814
1731	4087
1731	3734
1989	1814
1989	4087
1989	3734
4031	1814
4031	3734
4250	2755
1442	3341
1442	1221
3341	1603
1561	1221
1561	66
1561	1502
1646	1937
3960	161
902	608
902	4244
700	1567
700	3428
4040	1540
4040	1811
4040	15
1787	15
2306	835
943	3734
835	979
4500	718
4500	1878
4500	375
598	3538
598	2175
598	885
1597	3734
2441	2250
4533	2121
4533	2533
4533	949
4533	295
1240	1337
1240	435
3538	3026
661	4343
661	2879
661	958
661	1604
661	1612
661	1890
661	2403
661	4261
661	4264
870	4194
4194	3471
4194	4478
2020	3475
2020	507
4276	3662
3501	298
1302	71
2719	1759
3813	3086
3813	1567
3813	859
3813	298
3086	906
3086	1567
3086	2171
3086	2895
3086	4086
2192	859
2192	2895
906	1567
906	298
1567	2171
1567	1540
1567	4047
1567	887
1567	2632
1567	2695
1567	3727
3800	1366
1366	1612
1366	3794
1403	3389
1403	1620
1403	3734
3179	794
3179	2237
3179	4517
3179	295
3105	4567
3105	295
859	578
859	1094
859	1946
511	3720
2895	3629
2895	2722
133	913
1540	825
3389	2955
3389	60
3389	4383
3389	2632
3389	2375
3389	1078
3389	4278
3389	4205
3389	2609
3389	2619
3215	2989
3215	3437
2955	60
2955	4383
60	4383
4383	283
1269	675
1269	283
1269	10
1269	58
1269	1671
1269	197
1269	222
1269	301
1269	362
1269	514
1269	808
1269	926
1269	958
1269	1137
1269	1267
1269	1429
1269	1492
1269	1828
1269	1892
1269	2798
1269	4214
1269	4268
1269	4318
1269	4322
1269	4476
1269	4496
2766	247
2766	2099
2766	3547
3197	1669
160	1706
2241	1337
2241	1811
4071	979
4071	2230
4647	3437
4054	1333
2918	3734
2188	3839
247	3734
247	628
247	3198
247	2552
247	3547
3935	3200
3773	1094
3773	374
3773	3611
3773	1878
3773	1687
3773	1748
1620	1094
1620	887
3788	1094
3445	3175
569	3868
569	1811
569	3068
3598	3425
3615	3663
1044	589
1814	4087
1814	3734
1814	212
1770	375
979	3309
979	268
979	4278
979	1183
979	398
979	2382
979	3826
86	861
86	2922
86	3532
86	4510
86	1943
3779	1943
578	3425
1104	3274
1104	85
1104	743
1104	1447
1104	2329
1104	4380
2225	507
1369	881
1369	2597
1369	2223
1369	1759
2940	2888
1712	2989
1712	1379
1712	3437
1712	3110
2989	1379
2989	4666
2989	2842
2989	2081
2989	3437
2989	1890
2989	4542
2901	4082
2901	17
2901	357
4571	4047
4571	1371
3291	3680
1379	3437
1379	3110
1379	3209
4666	4603
4666	3734
4666	435
4666	3437
4666	1003
4666	3209
4666	3990
3868	407
1094	4354
1094	3611
1094	4064
1094	3409
407	1915
407	4335
407	2404
2894	1752
4324	2521
2121	949
2121	1868
2121	2848
2121	66
2121	1144
2121	2051
2121	4527
3846	3845
3846	1964
1563	3201
4603	2642
1057	1612
1057	2528
3419	3845
3419	3590
3845	3734
3845	3590
1936	212
1936	3425
4292	3689
2842	3166
2842	667
2842	2223
881	3734
881	2223
4414	2597
4414	388
2924	3930
41	435
41	2910
41	3038
3124	3166
3124	667
2048	4244
3602	371
3602	2055
3978	3657
4427	3471
4427	58
4427	2580
1298	3915
1337	3734
1337	1986
1337	283
1964	1221
1964	1739
1964	374
1964	375
1964	1257
1964	2283
1221	1739
1221	374
1221	4354
1221	3375
1221	4141
1221	4173
1221	3860
1221	2540
1221	3250
1221	921
1221	201
1221	521
1221	1854
1221	1927
1221	1928
1221	2379
1221	2605
1221	2616
1221	2841
1221	2874
1221	3410
1221	3772
1221	3910
1221	3932
1221	3990
1739	374
1739	4354
1739	3611
374	520
374	1071
374	4354
374	3611
374	3250
520	3611
2937	3734
2966	418
2966	2912
3734	3437
3734	2249
3734	1811
3734	1771
3734	1950
3734	1078
3734	2115
3734	717
3734	1371
3734	2545
3734	1674
3734	2421
3734	2434
3734	2467
3734	2888
3734	3037
3734	3134
3734	3152
3734	3511
3734	2619
3734	4388
3734	4597
3734	3547
2814	524
1986	3068
2879	3876
2878	962
1071	4354
4354	3611
3611	3079
3611	3132
3611	3164
3235	682
3235	970
3235	1361
3359	842
4064	388
4064	2449
4064	3229
4064	4009
4064	2518
3166	435
3166	807
3166	4099
2507	1746
2533	1868
2533	551
2533	1144
2533	507
2533	958
2533	2051
435	807
435	1183
435	4411
435	2758
435	521
435	2614
435	2865
435	3657
807	667
4047	3425
4047	3826
3437	3110
3437	2642
1479	1144
108	981
2237	1796
3780	825
4502	861
3642	1871
861	283
861	4251
861	4082
283	2209
283	83
949	1868
949	2848
949	1144
949	295
949	1755
949	2051
949	3915
949	4527
995	2932
4348	1262
10	2255
58	2580
823	1144
4279	1253
842	525
922	113
1034	829
3258	1878
3258	494
841	1878
1878	494
1878	3512
494	2632
887	2395
887	4205
887	2642
962	2223
962	4099
962	921
962	1612
962	1680
962	4451
1771	3680
1253	2609
2223	3239
2375	113
2375	2356
2375	2642
4251	712
4251	2311
712	2311
1572	4086
1572	3175
4039	3659
1868	4337
1868	295
1868	1502
1868	3569
1868	4552
2751	4656
3691	3491
3691	3682
298	3933
298	3755
15	1884
15	3547
2395	2695
2395	3663
2695	3663
2848	1144
2848	17
2848	295
2848	1502
2848	2051
4643	295
4643	403
4643	1502
4643	2051
4643	3109
4235	66
212	1226
212	1803
212	1819
212	1846
212	1880
212	1947
212	2350
1043	375
3504	375
375	1091
375	4120
375	2532
1078	2378
1078	3425
384	3074
551	295
551	4387
551	958
551	1117
551	2051
551	4552
551	4527
3573	2378
3573	813
3573	3828
3573	4616
1689	4491
689	767
66	295
66	2823
66	2722
66	3553
113	2722
3860	1717
1147	1153
1147	1524
1147	1741
1147	3657
3634	162
1153	2614
1153	3073
4112	2722
4069	1564
3175	2604
1980	1671
1980	4337
268	1748
4278	1671
4278	1183
1671	1183
1183	3425
242	3060
4134	4082
4099	3794
4099	3663
1939	4082
1535	2722
880	3058
3782	4575
4296	1937
1144	295
1144	3915
4061	774
4205	4204
1371	3990
2942	299
2378	3061
1852	3662
3250	342
921	388
921	3229
921	3662
70	1707
158	2327
162	967
207	1420
219	2285
279	398
295	958
295	2051
295	2681
295	2877
295	3061
295	3553
295	4527
295	4536
322	4640
360	2776
388	2189
388	3209
402	727
2864	507
2864	3425
455	3669
461	3176
480	3401
507	4575
548	1956
548	2051
558	1668
558	1937
608	3134
608	4552
618	2604
656	2622
693	1262
762	3201
825	1358
825	3425
829	2434
927	3995
931	1120
958	2051
958	2344
977	2189
978	4310
1003	1524
1011	1262
1017	2327
1146	4527
1391	2172
1399	3155
1402	3147
1409	4301
1446	3870
1494	2461
1494	3915
1502	2051
1502	2681
1502	2877
1502	4527
1507	2373
1612	3794
1612	4394
1612	3821
1612	1621
1612	3663
1616	3496
1662	3134
1662	4552
1717	3652
1756	2921
1803	4371
1854	1943
1927	2770
1947	2131
1958	3061
2021	3794
2021	4510
2051	2126
2051	3553
2051	3915
2051	4552
2051	4527
2059	3738
2073	3791
3794	4552
3794	3821
3794	1621
3794	3663
2216	4234
2321	3874
2327	1657
2456	3662
2505	1943
2642	3209
2642	2619
2614	3657
2686	3662
2781	3425
2790	2903
2790	3061
2799	3229
3556	3425
3425	3511
3425	4536
2863	3397
2915	3076
2922	1943
2970	3662
3037	3229
3100	3662
3134	4552
3183	3209
3239	4569
3239	4656
3351	4491
3590	3791
3680	3826
3748	4244
3797	4009
3915	4527
4552	4527
4510	1943
3154	3844
3734	3844
398	3699
2635	3699
3049	3699
2990	1970
3389	2896
3780	2896
4148	358
652	358
2138	2655
4074	2655
1476	2655
4058	2655
2030	2526
643	2526
1269	2526
4641	3878
1601	1239
1753	1239
4073	1239
1355	3863
718	3863
3425	3863
947	2976
3573	2976
3710	2976
2466	91
3389	91
3737	3115
4034	3115
4475	3115
2466	3115
1347	3115
59	3115
3389	3115
2114	3115
728	2718
4612	4132
1580	4132
4450	4132
473	4132
510	4132
511	4132
4571	4132
931	4132
4564	4132
4593	4132
4641	1638
2695	1638
2935	3408
3291	3408
222	3408
1314	1655
2466	1655
3780	1655
4165	898
4347	898
206	2524
4011	891
1753	891
1878	891
3425	891
1412	471
2469	471
507	471
3062	728
3208	728
3762	728
4358	728
62	728
865	728
4306	728
3742	728
4131	728
4414	728
2597	728
3978	728
435	728
3860	728
26	728
2023	793
3389	793
1269	1131
1269	2144
4087	1412
3920	4045
521	4045
3209	4045
3148	2958
3389	2958
2378	2958
4526	3415
2366	679
4392	679
1063	679
4674	679
3734	679
3437	679
2183	210
435	210
3257	210
3448	210
2507	924
2706	924
807	924
4061	924
1601	1263
3273	1263
4521	1263
3308	3704
1700	4494
3502	4494
982	4494
482	4494
4533	4494
1144	4494
2051	4494
4527	4494
1269	364
3690	4080
2837	1478
3909	1478
3236	1407
2584	1841
2913	337
250	337
1800	337
1033	337
1789	294
813	294
2499	1172
911	1172
4359	1172
3875	354
1315	4664
3068	4664
2584	2973
2071	2973
1441	2973
1355	2973
4011	2973
1692	2973
4472	404
1540	404
962	404
4433	3461
1732	3461
3154	3461
3101	3461
1399	3461
2397	4433
4523	2671
1909	2671
1618	2671
3992	2671
4540	2671
101	2671
3734	2671
1869	4470
1476	4470
4112	4470
791	4470
4112	1869
3967	4523
1975	4523
3692	4523
4645	4523
3824	4523
458	4523
4392	4523
1341	4523
3023	4523
3921	4523
1952	4523
4173	4523
162	4523
1070	3264
1221	3264
3425	3264
206	287
3688	287
706	287
3880	2575
356	2575
3427	2575
356	3880
2030	3880
3214	3880
718	3880
1620	3880
3427	356
3299	356
3236	356
1221	356
3061	356
3621	356
429	499
3212	499
544	3866
2533	3866
295	3866
2090	649
739	649
1692	649
1567	1944
3734	1944
3780	1944
3319	3377
862	3377
3378	3377
1221	3377
885	3377
443	3319
3378	3319
2680	3319
3257	3319
885	3319
3378	862
3991	1575
1712	1615
1385	2335
540	2335
842	2335
540	4139
407	3372
4545	805
7	805
1231	805
1539	805
3677	805
1308	805
386	805
62	3431
3824	3431
458	3431
4070	3431
1347	3431
59	3431
4121	3431
4400	3431
2451	3431
2551	2362
2166	2362
1801	2362
870	2362
4194	2362
1330	2399
413	3599
3791	3599
2658	1732
3101	2606
3154	607
3272	607
3456	607
3695	4598
652	4598
2081	4309
1269	269
4411	269
3500	3208
1750	3208
4607	3208
3365	3208
1745	3208
1966	3208
3767	3208
246	3208
1279	3208
3728	3208
1309	3208
2254	3208
4207	3208
1898	3208
1948	3208
865	3208
4454	3208
2318	3208
900	3208
3660	3208
4414	3208
3357	3208
435	3208
962	3208
921	3208
388	3208
521	3208
1003	3208
2459	3208
2604	3208
2865	3208
4380	3208
4443	3208
3900	1432
1607	1432
2945	1432
2551	1432
1338	1432
161	1432
1445	1432
2020	1432
3292	1432
112	3017
2030	2407
2536	542
3306	1019
2536	1019
4381	1019
2578	1019
2536	3306
2578	3306
4381	2536
950	2536
2578	2536
3236	2536
3828	2536
4475	4381
3556	4381
2578	950
1930	2567
507	2567
2111	140
4107	140
2944	140
4112	140
2369	2219
766	217
2438	217
1700	766
295	766
4011	2287
81	2287
4170	2287
3427	2287
1044	2287
1689	2287
3992	1343
979	3195
3780	3195
1269	50
2933	2111
1454	2111
3813	2111
2192	2111
906	2111
1567	2111
2171	2111
2895	2111
66	2111
811	2793
1791	2793
1043	2793
3504	2793
375	2793
1091	2793
4120	2793
3236	4182
458	951
1309	951
504	951
718	1885
569	1885
528	3900
2368	3900
2466	3900
2955	3900
2146	2315
3742	2315
3734	2315
3175	2315
1709	2315
3662	2315
3312	1368
3101	2460
3154	1451
3734	1451
548	1451
1314	3770
4040	3623
2030	2933
3567	2933
1454	2933
3813	2933
3086	2933
2192	2933
906	2933
1567	2933
2171	2933
2895	2933
86	2933
2237	2933
3707	596
947	596
4363	596
3962	596
1369	596
476	721
1328	3894
921	3894
2366	4384
3222	4384
1379	4574
3437	4574
3524	1348
3222	1348
3896	1348
206	1348
2989	1348
3677	3967
3638	3967
3023	3967
2030	4655
2569	4655
1601	4655
86	4655
1943	4655
2888	1596
966	4088
504	4088
626	4088
3147	498
1314	1384
290	1384
4520	2640
430	2640
2199	2640
4394	2640
3500	508
2512	422
4618	422
112	422
2188	422
4056	4254
3824	4254
4571	4254
4064	4254
1535	4254
3782	4254
2532	4254
185	3159
413	1684
967	1684
2030	1336
2569	2030
4404	2030
2322	2030
1436	2030
1629	2030
3336	2030
1157	2030
3119	2030
1475	2030
4170	2030
1380	2030
2256	2030
3427	2030
4454	2030
2145	2030
4240	2030
1490	2030
3312	2030
2424	2030
1486	2030
1606	2030
489	2030
1561	2030
1832	2030
2306	2030
2955	2030
86	2030
1126	2030
4414	2030
4365	2030
712	2030
2981	2030
551	2030
2232	2030
2115	2030
53	2030
656	2030
762	2030
772	2030
970	2030
1743	2030
1927	2030
2869	2030
2922	2030
3344	2030
3532	2030
3662	2030
4073	2030
4510	2030
2703	2030
618	3321
672	3814
529	3814
1729	3814
2140	3814
3895	3814
1221	3814
1071	3814
1262	2569
1171	4404
173	4404
3154	4404
1764	4404
3519	4404
3734	4404
909	4130
2325	4130
3154	4457
4465	4457
3334	4457
1063	4457
1349	4457
3734	4457
3437	4457
1767	2485
2254	2485
2638	2485
4336	1767
3823	1767
1800	1767
3055	3007
34	3007
2010	3007
3560	3007
2297	3007
458	3007
3823	3007
3684	3007
2979	3007
3493	3007
504	3007
2188	3007
1221	3007
3734	3007
2171	3714
3598	3714
2209	3714
3573	3714
2253	3714
2471	4485
982	1797
580	1797
2848	1797
2474	2791
3412	2791
1551	2221
1607	2221
2355	2221
3832	2221
786	2221
3023	2221
1567	2221
2955	2221
887	2221
601	2221
4205	2221
1551	2282
1607	2282
786	2282
3023	2282
1349	2282
4205	2282
3425	2282
578	653
3368	2360
3236	2959
1223	3040
3680	3040
3486	2023
4505	2023
1967	2023
1966	2023
427	2023
1403	2023
718	2023
2989	2023
2223	2023
1980	2023
2609	2023
1729	63
2074	63
2071	2584
1441	2584
1027	2584
4618	1551
1528	1551
2294	1551
4429	1551
814	1551
887	1551
4392	4085
1441	2071
4618	2071
1171	2071
4414	2071
1337	2071
922	2071
388	2071
2277	3120
4475	3120
4504	3120
3668	3120
3882	3120
2443	621
2472	621
529	672
1071	672
4354	672
3611	672
2463	857
4504	857
4047	857
4011	529
2140	529
3895	529
4500	529
1567	529
1071	529
4354	529
3611	529
3258	529
1878	529
2378	529
3500	1009
2642	1009
99	2953
3843	2953
330	3091
4090	3091
99	3091
1614	3091
1460	330
4011	1370
4071	1370
979	1370
4289	1607
3427	1607
887	1607
2632	1607
15	1607
3175	1607
162	1607
3068	1607
3547	1607
2129	3345
3154	3345
1027	3345
3723	3345
1369	3345
41	3345
3734	3345
901	3345
3662	3345
507	187
2964	3500
1881	3500
3859	3500
4603	3500
4020	1562
34	1562
652	1562
3659	1562
1314	2962
2297	2962
2612	2962
900	2962
3832	2962
39	2962
877	2962
3390	2962
652	2962
2580	2962
613	2962
1922	2962
3779	1485
1792	1618
4170	1618
4400	1618
302	1618
2138	1340
4074	1340
1476	1340
4058	1340
366	1340
3533	392
2366	392
814	392
1347	392
2175	392
1269	392
2993	392
3771	392
4608	193
1930	2052
4266	2052
1887	2052
488	2052
3283	2052
452	2052
2666	2052
2121	2052
2533	2052
949	2052
1868	2052
295	2052
2138	1975
4090	1975
4034	1975
2700	1975
3767	1975
1314	1975
3692	1975
282	1975
876	1975
4187	1975
3723	1975
3677	1975
3638	1975
3514	1975
1986	1975
4234	1975
4634	3486
1207	4289
3859	4505
2461	2390
1221	3849
2302	467
4074	2138
1476	2138
4058	2138
4020	2138
1010	2138
3302	2138
3560	2138
81	2138
3692	2138
3824	2138
816	2138
2875	2138
4392	2138
3638	2138
1738	2138
900	2138
445	2138
3299	2138
3793	2138
3023	2138
3843	2138
3514	2138
1646	2138
3197	2138
1337	2138
1747	2138
1986	2138
2340	2138
4204	2138
1272	2138
1922	2138
1476	4074
4058	4074
4020	4074
1010	4074
4475	4074
1738	4074
1337	4074
1747	4074
3659	4074
4058	1476
4020	1476
1010	1476
3638	1476
1337	1476
1747	1476
3659	1476
1706	1476
3658	1476
3771	1476
4257	4058
4020	4058
1434	4058
1295	4058
4454	4058
4392	4058
1738	4058
3843	4058
4500	4058
1221	4058
2637	4058
1877	4058
4618	275
663	275
3036	275
3487	275
4520	275
4090	275
1171	275
66	275
4334	275
3695	4618
1027	4618
2779	4618
1959	4618
3867	4618
4414	663
3524	2964
430	2964
365	2964
318	2964
1379	2964
4603	2964
388	2964
2642	2964
4358	3487
2389	3487
4347	3487
979	3487
4358	4520
2389	4520
979	4520
2389	37
2544	37
2842	37
3641	37
4334	37
900	4217
3390	4217
1496	4217
2716	3290
3619	3290
3816	3290
4610	3290
2632	3290
3498	2716
4645	2716
4306	3762
2597	3762
314	3762
1750	1630
2895	1630
4607	1750
3365	1750
3813	1750
2895	1750
4292	1750
962	1750
3657	1750
3870	1750
3126	4607
1579	4607
4674	4607
2895	4607
2223	4607
1572	4607
1980	4607
4277	4607
2504	3631
3236	1463
3337	3912
2438	3912
2515	1659
2456	1659
3690	3847
3342	415
962	415
2848	415
295	415
4577	415
1365	732
3690	1930
4041	1930
1887	1930
488	1930
3283	1930
2570	1930
2275	1930
1561	1930
2121	1930
4391	1930
2533	1930
4643	1930
551	1930
295	1930
507	1930
1502	1930
2051	1930
2344	1930
2810	1930
3506	1930
3915	1930
4552	1930
4310	1930
867	4422
66	2194
1907	2194
3638	1974
2527	4257
922	4257
2074	2527
113	2527
3425	2527
3175	1977
2846	2463
4504	2463
3843	2463
2504	3873
2126	3873
2180	3873
2305	3873
3732	3873
7	3690
4041	3690
2026	3690
1234	3690
295	3690
3662	1809
979	3214
41	3214
283	3214
4348	3214
4163	3858
4012	3858
3635	3858
152	3858
374	3858
3895	3365
711	3365
1316	3365
3931	3769
1784	3769
489	3769
936	3769
1731	3769
1989	3769
4031	3769
1814	3769
4087	3769
3734	3769
2268	3769
1781	523
1068	523
1291	523
4392	523
4240	523
709	523
3315	523
1597	523
1369	523
3930	523
2751	523
608	523
774	523
4054	4472
1379	2506
4666	2506
1724	4554
4061	4554
2093	3405
3793	3405
3816	3405
233	3405
442	4336
250	4336
1800	4336
4090	4630
3489	4630
423	2093
3816	2093
233	2093
865	4460
3843	4460
598	4460
1709	2025
2015	409
551	3199
4128	4020
4605	4020
652	4020
2680	4020
1646	4020
1939	4020
3734	1725
1674	2639
1269	1545
4483	3524
4128	3524
2424	3524
2989	3524
1379	3524
4666	3524
289	3524
3437	3524
4335	3524
2942	3524
982	512
1484	1098
15	1098
2642	1881
2146	3781
3850	1483
1221	1483
3864	3287
3101	2474
3846	2474
3086	4056
455	4056
1729	2277
282	2277
112	2277
1844	2277
3668	2277
3389	2277
4475	1781
3389	1781
1337	1781
3734	1781
3965	4078
4229	3300
4536	2558
3829	2258
2491	2258
4064	3829
2491	3829
4479	1745
4565	1745
292	1745
2223	1745
1524	1745
2321	1745
3209	1745
4564	1745
4646	4612
4646	1729
3895	1729
1033	1729
1567	1729
4354	1729
2614	1729
3209	1729
3533	4063
2198	4063
185	4063
547	4063
3055	2762
3723	2762
2206	2074
504	2074
1952	2074
906	2074
2375	2074
605	2074
1986	3093
387	3093
1978	423
1671	423
1380	4169
1579	4169
1871	4169
668	4024
884	4024
1154	4024
4475	4024
2366	4024
3222	4024
1295	4024
1323	4024
1020	4024
3425	2607
661	1362
3101	329
3175	2149
403	2149
4009	3522
1154	668
2366	668
1799	668
3895	668
1567	668
859	668
1269	668
3175	668
3425	668
1567	2629
3302	4090
139	4090
3692	4090
3824	4090
99	4090
4481	4090
1540	4090
979	4090
1986	4090
2378	4090
162	4090
1157	557
93	4358
3734	4358
2005	4358
504	2975
3106	3931
1784	3931
489	3931
936	3931
1731	3931
1989	3931
4031	3931
1814	3931
4087	3931
3734	3931
2783	1039
548	2322
3874	2322
4667	1355
3635	1355
4177	1355
4604	1355
4500	1355
3734	1355
2189	1355
4244	1355
1761	3498
2206	4034
3677	4034
3638	4034
1738	4034
1546	4034
879	4034
4234	4034
4475	2825
2361	2825
2378	2825
4540	2734
4284	2734
4121	2734
927	1967
1601	2118
3101	2118
3734	2343
820	396
3560	396
3793	396
3012	396
81	820
3793	820
962	4667
4244	4667
2938	938
413	938
4432	938
1907	938
2810	938
4431	24
1173	3550
1952	3550
1058	3550
689	3550
1382	3789
1454	3789
1572	3789
3529	4545
4392	4545
1738	4545
1366	4545
2365	4545
2544	1495
652	1495
2064	2784
1369	2784
1382	2504
4293	2504
662	2504
4007	2504
2438	2504
3042	2504
4600	2504
3767	2700
3723	2700
4250	2700
1986	2700
2294	884
4064	884
3734	80
1258	80
4373	80
841	3187
1610	49
3477	49
1293	49
257	49
1341	49
1034	49
2424	159
3154	309
3734	309
1304	1352
549	3228
2129	1436
2551	1154
4475	1154
2146	1154
1290	1154
133	1154
1747	1154
2937	1154
3734	1154
4244	1154
4475	121
3951	121
3779	121
1898	757
3822	757
987	757
286	757
761	757
2688	757
1561	757
4357	3767
4323	3767
3692	3767
4326	3767
876	3767
4392	3767
1738	3767
4042	3767
1723	3767
3023	3767
2981	3767
2378	3767
4234	3767
4398	4386
3581	4386
2089	4386
2653	4386
3581	4398
2089	4398
2089	3581
3137	3581
458	3015
4326	3015
1844	3015
504	3015
1228	3015
443	1127
3615	1127
295	2935
2810	2935
4009	2935
4041	2938
1400	2938
3283	2938
2120	2938
2428	2938
160	2938
295	2938
4446	2938
4527	2938
4041	759
3393	3655
2064	3655
4170	3655
4454	3655
2466	3655
3784	3655
86	3655
1369	3655
881	3655
1221	3655
4170	669
2963	669
1004	1385
3994	3065
2556	3065
2681	3065
206	4345
4343	4345
3780	4345
1700	1798
794	1798
3826	1798
206	2397
2466	2397
3780	2397
1460	1700
7	1700
4041	1700
1887	1700
488	1700
3502	1700
3283	1700
2570	1700
814	1700
2121	1700
2533	1700
2848	1700
2369	1700
551	1700
66	1700
295	1700
1502	1700
2051	1700
2810	1700
3915	1700
4552	1700
4527	1700
3502	1469
3456	2092
3236	2092
4086	2092
2026	7
3560	7
1293	7
580	7
4481	7
795	7
1144	7
2051	7
4527	7
2026	4041
3502	4041
1810	4041
580	4041
4192	4041
3337	4041
4533	4041
949	4041
1868	4041
2848	4041
4643	4041
551	4041
1144	4041
958	4041
2051	4041
4527	4041
1887	2026
488	2026
3283	2026
1868	2026
295	2026
3502	1887
982	1887
462	1887
482	1887
4533	1887
1868	1887
4643	1887
551	1887
66	1887
1144	1887
2051	1887
4527	1887
3949	3928
366	3928
569	3928
3566	1010
577	1010
876	1010
1465	1010
504	1010
525	1010
3897	1010
3128	3055
1786	3055
3692	3055
1614	3055
876	3055
445	3055
3023	3055
795	3055
2582	3055
2879	3055
26	3055
4005	3112
3465	4052
2999	246
4011	3529
4005	3529
2048	3529
3659	3529
458	673
3382	3687
3477	3687
2909	3687
3173	3687
1563	3687
302	3687
15	3687
768	3687
880	3687
4339	2389
1033	2389
3734	2389
3876	2389
3573	2389
1155	2389
2410	3382
3236	3382
880	3382
646	3382
4497	2710
2140	4497
661	196
1295	2387
3734	4576
1269	4319
1221	4319
113	4319
3502	488
982	488
1810	488
2014	488
2435	488
413	488
580	488
1506	488
4533	488
949	488
3930	488
1868	488
2848	488
4643	488
551	488
1144	488
958	488
2051	488
4527	488
3638	3589
2368	3589
3067	3589
2395	3589
880	3589
1796	3589
3058	3589
3212	3589
334	1400
3945	1400
3337	1400
1868	1400
2848	1400
4643	1400
4527	1400
2703	1400
2361	2163
3105	2163
4674	1140
81	3643
3378	3643
507	2213
2081	3360
4086	3360
1315	3695
863	3695
2227	3695
3493	3695
3389	3695
2878	3695
962	3695
990	3695
3410	3695
3584	3695
1314	3302
4475	3302
1027	3302
478	2861
295	2861
66	3039
1399	3039
2822	3039
1119	2741
478	2741
3061	3902
1601	4316
3734	429
3009	429
1579	1016
2121	3507
1293	334
1220	334
1778	334
4081	334
1269	1322
958	1322
1220	116
3682	116
3315	4525
1231	34
2241	34
3425	34
3061	34
3212	34
2366	18
147	18
4133	3850
4539	430
1326	430
4042	430
1708	430
3291	430
3634	430
136	430
2648	430
661	1786
212	1979
3236	3693
1863	1815
601	1815
2366	3530
4512	3949
4163	3949
1978	3949
4012	3949
321	3949
152	3949
652	3949
3773	3949
1964	3949
1221	3949
1739	3949
374	3949
520	3949
4011	740
1964	4512
1221	4512
1739	4512
374	4512
4354	4512
982	2774
295	2774
1502	2774
577	2010
1556	2010
3684	2010
3638	2010
3793	2010
83	2010
982	3502
3283	3502
2570	3502
2901	3502
2121	3502
1169	3502
2533	3502
2848	3502
4643	3502
551	3502
295	3502
1612	3502
2051	3502
2344	3502
4552	3502
2491	1382
2354	2251
3295	421
3734	421
3787	421
2072	421
4224	1223
1323	1223
584	1223
2642	1223
2909	4224
3315	4224
4502	4224
1422	1610
4011	1610
3692	1610
3837	1610
282	1610
4382	1610
1347	1610
578	1610
1347	1422
859	1422
2918	1422
578	1422
4352	1150
865	1150
1964	1150
1221	1150
4354	1150
1878	1150
2055	1150
2366	4308
3130	710
4567	710
2466	1315
1366	1315
3166	1315
4099	1315
1621	1315
3742	4294
3773	4294
4567	4294
885	4294
548	4294
66	2469
1556	3533
1943	3533
3337	694
66	694
3442	442
991	442
718	442
2122	442
1634	442
3038	3707
885	3707
3038	3314
2963	2210
1796	846
3236	2945
3580	1314
4646	1314
1428	1314
2297	1314
4475	1314
2064	1314
2302	1314
2612	1314
1738	1314
1546	1314
2979	1314
39	1314
3081	1314
877	1314
4276	1314
2719	1314
3215	1314
86	1314
3978	1314
4502	1314
2580	1314
13	1314
244	1314
2018	1314
4203	1314
4234	1314
4347	3580
3734	1292
1902	1292
3734	443
1601	1235
1094	1235
3734	1235
435	1235
2491	1235
2294	1304
2544	1304
3813	1304
906	1304
1567	1304
3734	1178
4416	2085
3389	2085
1337	2085
4128	1119
3175	1119
295	1119
3553	1119
2366	4270
1323	4270
1020	4270
4454	2410
1555	1219
3619	1219
3684	1219
4339	3953
4475	4646
206	4646
1052	4646
3784	4646
3291	4646
2695	4646
3425	4646
982	2090
412	2090
2848	2090
1907	2090
2178	2090
3662	2090
3283	982
2570	982
3566	982
482	982
4533	982
1269	982
2121	982
2533	982
949	982
551	982
17	982
295	982
1502	982
2051	982
2344	982
3915	982
4552	982
1408	2588
1371	4366
2189	4366
97	3283
2014	3283
3353	3283
2015	3283
2432	3283
2435	3283
413	3283
3337	3283
4533	3283
949	3283
1868	3283
2848	3283
4643	3283
551	3283
1144	3283
295	3283
958	3283
2051	3283
3820	3283
4527	3283
375	811
4172	3106
1293	3106
3154	3106
2727	3106
2498	3106
57	3106
1440	3106
3519	3106
1337	3106
3734	3106
734	3106
2161	3106
1473	4172
3154	4172
2498	4172
3519	4172
1936	1428
4064	1428
921	1428
1789	3336
4500	1789
1821	1789
278	1601
390	1601
62	1601
2840	1601
4333	1601
2204	1601
4440	1601
2152	1601
1240	1601
1269	1601
86	1601
1337	1601
4279	1601
1253	1601
2378	1601
5	1601
1852	1601
921	1601
514	1601
2080	1601
2156	1601
4277	1601
1943	1601
3930	1157
1538	1157
2616	1157
4011	3102
2948	3102
4339	3102
4451	3102
1850	3481
4641	3481
1943	3481
2297	3560
282	3560
3677	3560
3638	3560
1738	3560
1308	3560
3734	3560
1986	3560
3212	3560
2843	4323
390	4323
99	4323
3832	2297
39	2297
504	2297
877	2297
3390	2297
947	3608
1528	947
3962	947
844	947
3784	947
2146	278
2471	4165
1753	4165
3023	4165
1982	4165
1262	4165
2366	549
3222	549
4189	549
1299	549
2879	549
3876	549
1027	4417
390	2843
2533	1810
295	1810
3097	1810
407	4057
2404	4057
3291	2551
3986	369
1269	1134
3734	1134
3734	1248
689	1248
3924	3233
3033	3233
4641	3233
81	462
3378	462
3101	462
3179	462
2005	462
2120	863
3734	863
2814	863
3258	863
1269	4222
911	2499
2895	2499
2195	1609
2766	1609
247	1609
3547	1609
2766	2195
247	2195
3547	2195
3154	1195
1964	1195
3734	1195
3236	341
3033	3924
4339	3033
1169	3033
1494	3033
3665	3033
2846	4475
991	4475
1171	4475
173	4475
4326	4475
1611	4475
4207	4475
1546	4475
1723	4475
127	4475
2835	4475
661	4475
3800	4475
2546	4475
2675	4475
4278	4475
2609	4475
4196	4475
1171	4011
3619	4011
2354	4011
2146	4011
4284	4011
1952	4011
4225	4011
2306	4011
1567	4011
979	4011
2378	4011
1509	4011
3619	2948
979	2948
4504	3477
1898	3477
1753	3477
623	3477
4071	3477
3166	3477
4047	3477
1171	390
4605	390
3951	390
1455	390
1220	390
4225	390
1058	390
545	390
1033	390
4047	2846
861	2846
3641	2846
2736	2846
3722	4044
3312	4044
127	4044
3734	4044
3236	478
661	478
2325	478
1753	4504
979	4504
3166	4504
4047	4504
3951	82
504	82
3992	81
366	81
1644	81
4382	81
2779	81
3414	81
3793	81
3951	81
4540	81
4673	81
4121	81
1705	81
3710	81
4251	1234
4527	1234
1269	1456
3261	3833
507	3833
1502	3353
4064	994
3105	2013
1099	2015
614	2015
2841	2015
4170	991
3837	991
3984	991
3148	991
4062	991
1494	991
2944	2432
295	2432
2051	2432
295	2435
3962	1171
206	1171
3148	1171
1033	1171
4061	1171
3556	1171
2472	2443
998	2950
4429	3619
1567	3619
3425	3619
1279	2913
540	2913
3209	2913
540	1279
2653	2089
206	139
3780	139
2888	139
3154	2108
3723	2108
623	2108
1337	2108
3734	2108
3212	2108
2355	2514
1221	2514
885	2514
887	2355
1964	3119
1269	250
2166	3992
4481	3992
1440	3992
3960	3992
161	3992
976	3992
3207	3992
3904	3992
2366	4115
3456	3958
700	3958
2146	3728
3677	3728
3734	3728
514	3728
2533	966
292	4479
4094	4479
3542	173
3173	173
4371	173
1529	3970
1293	2129
869	2129
1369	2129
3582	2129
74	2757
3465	4151
3734	4151
4382	366
540	366
3414	366
3163	366
2750	366
1442	366
1221	3140
4454	3564
3962	3564
962	3564
2865	3564
2779	1644
2611	1473
775	1293
57	1293
859	1293
578	1293
283	1293
2632	1293
3250	1293
3828	1293
3837	3154
2227	3154
2779	3154
57	3154
1490	3154
59	3154
4018	3154
1051	3154
1597	3154
247	3154
4414	3154
3734	3154
2878	3154
3437	3154
1771	3154
3250	3154
2619	3154
3547	3154
4462	2298
3567	2298
3501	2298
3962	4634
1369	4634
4517	4634
4274	4634
3740	454
1489	454
3451	454
2963	3393
1699	3393
2779	427
3236	2064
41	2064
3235	2064
4064	2064
10	2064
15	2064
2848	3775
4483	2206
1380	2206
3519	2206
3617	821
4392	62
4414	4439
2486	2697
3951	2840
2196	2840
375	1791
160	3146
1269	1099
3700	1231
1824	1231
458	3692
1027	3692
504	3692
3813	3692
2375	3692
3986	3692
3212	3692
3698	3127
4170	4645
1341	4645
86	4645
1446	4645
458	3824
1027	3824
3723	3824
2189	3824
3212	3824
1309	458
1614	458
4416	458
4636	458
504	458
1081	458
83	458
3198	458
976	458
1636	2653
2121	2570
4567	2570
1868	2570
551	2570
1144	2570
295	2570
2681	2570
3568	2570
4527	2570
1764	4170
1434	4170
3427	4170
93	4170
3337	4170
4641	4170
1455	4170
1952	4170
86	4170
3779	4170
2250	4170
4082	4170
4510	4170
1943	4170
3197	2788
2681	2319
775	3566
2188	3566
1113	775
1946	775
3921	1309
1269	4483
1712	4483
1379	4483
4666	4483
289	4483
2642	4483
2544	3837
887	3837
3136	3837
2680	4128
1646	4128
4009	4128
2711	3672
1034	577
2679	2727
1712	2727
3879	2727
3101	2711
1712	2711
3101	2884
2477	1380
1512	1380
3222	729
3734	1764
2191	1764
3571	1434
86	1434
3573	1434
2305	1434
3207	1434
1347	4140
3425	4140
386	1539
3222	2366
1295	2366
1323	2366
1020	2366
4145	2366
1784	2366
2148	2366
482	2366
3615	2366
3166	2366
4335	2366
3309	2366
1226	2366
2143	2366
3803	2366
734	2366
1295	3222
1323	3222
1020	3222
510	3222
3447	3222
4103	3222
1323	1295
1020	1295
1027	1295
1077	1295
943	1295
906	1295
2989	1295
1379	1295
407	1295
4197	1295
792	1295
3573	1295
2852	1295
1020	1323
2148	1323
2140	1323
206	1323
4540	1323
1312	1323
2918	1323
2989	1323
628	1323
1828	1323
1902	1323
2337	1323
2989	1020
2914	1020
3506	1020
2376	1020
1105	4326
3984	4326
206	4326
4339	4326
3389	4326
880	4326
4441	4326
4382	4585
3212	644
1580	257
3236	3893
1753	3361
1771	3361
2294	1528
1369	1528
3756	2294
1290	2294
3773	2294
1567	2590
4571	2590
3638	2583
1738	2583
435	4570
4392	282
3638	282
1546	282
859	282
1986	282
4234	282
3682	413
295	413
1502	413
3553	413
286	2166
1738	2166
3951	2166
2466	2166
3784	2166
1934	3864
295	2694
4552	2694
295	580
958	580
1502	580
1796	580
4229	3823
628	3823
885	3823
2189	3823
1269	4565
1221	3378
2937	3378
2005	3378
4392	1614
1058	1614
3503	1614
1337	1614
4641	2684
2208	3722
2208	4005
445	4005
2191	4005
1464	3841
4500	9
3491	9
1784	3101
3677	3101
270	3101
2428	3101
2692	3101
4604	3101
4002	3101
1606	3101
1221	3101
374	3101
2966	3101
962	3101
2611	3101
3691	3101
2115	3101
265	3101
476	3101
2316	3101
2083	3101
2337	3101
2421	3101
2505	3101
2556	3101
2599	3101
2912	3101
2954	3101
2970	3101
3071	3101
3073	3101
3565	3101
3947	3101
4009	3101
4097	3101
4012	4163
152	4163
598	4163
374	4163
3422	4163
3657	4163
4012	1978
152	1978
1221	1978
374	1978
212	1978
321	4012
473	4012
152	4012
3773	4012
1964	4012
1221	4012
1739	4012
374	4012
520	4012
3734	4012
1071	4012
2375	4012
2172	4012
1212	321
1173	321
152	321
1964	321
1221	321
1739	321
374	321
216	4633
1347	2208
927	2208
4466	2208
1369	2254
3221	2254
4352	2146
835	2146
3598	2146
979	2146
2937	2146
2632	2146
388	2146
4097	2146
1942	4450
2192	4462
212	1084
3734	3295
3465	4207
1586	4207
926	4207
3451	4207
4491	4207
1094	3756
3422	3756
4018	2873
861	1942
2842	4206
3124	4206
1952	4429
4610	4429
2842	4429
3124	4429
3425	4429
1948	4671
4448	3465
3653	3465
4674	4448
3688	4448
374	2816
3688	2227
4229	1159
2306	3130
798	1529
1027	243
86	243
1943	243
1878	2724
4032	2724
4641	4359
2983	2617
2990	1557
3515	1557
2909	4382
3068	4382
2544	4166
4228	4166
3503	4166
3780	4166
900	2612
3832	2612
39	2612
877	2612
3390	2612
2580	2612
3730	1041
1331	1041
3822	1898
987	1898
3460	1898
286	1898
3456	1898
761	1898
3882	1898
2688	1898
1561	1898
2520	1898
1832	1898
247	1898
1928	2748
1085	112
974	112
3364	112
3224	112
2320	112
853	112
2404	112
83	112
1680	112
816	3730
974	3730
3364	3730
3224	3730
113	3364
1914	2320
962	987
4593	987
104	1934
3937	1934
712	1934
2311	1934
1221	4280
3197	4304
4099	4304
3663	4304
2842	3818
662	1364
3437	1364
1349	662
1592	662
2223	662
2625	2963
2574	2963
4335	2963
922	2963
2491	2963
853	3892
3723	876
1269	876
1269	4629
4337	3030
2989	2802
3164	3513
1116	571
3242	1673
936	1784
1731	1784
1814	1784
3152	1784
3163	2625
4335	2625
3638	1027
3023	1027
2053	1027
435	1027
1267	1027
3511	1027
3610	1027
1699	1948
1878	1948
152	3427
4215	3427
1811	3427
2232	3427
1116	1556
2180	1556
3437	4465
861	4465
2841	4465
861	3334
2188	3684
3023	4416
504	4416
1240	4416
852	2779
921	2779
2642	2779
734	2779
2368	852
544	852
2209	1531
281	1531
298	4642
1269	4639
3954	3618
4391	1965
2051	1965
3456	3272
3061	2148
420	865
1964	865
1221	865
1878	865
2223	865
1081	865
2503	865
2424	3557
507	2983
3163	540
1442	540
4500	540
598	540
3734	1628
3660	4454
2223	4454
3638	4481
1986	4481
2505	4481
3236	3126
2198	2544
3951	4070
3723	4187
3638	4187
1308	4187
3236	4187
1986	4187
3212	4187
980	2875
1717	2875
504	4636
3236	4636
3677	4392
3638	4392
1308	4392
41	4392
1986	4392
1308	3896
2424	3896
3425	3896
3239	3896
1738	3723
3514	3723
2083	3723
1738	3677
1546	3677
1308	3677
83	3677
4234	3677
1738	3638
1546	3638
1308	3638
3337	3638
4177	3638
795	3638
1986	3638
4203	3638
4234	3638
795	1738
3514	1738
3734	1738
1986	1738
4635	1738
4234	1738
2909	2140
3895	2140
1878	2140
93	1063
2241	1063
3212	1063
1442	3414
1094	763
1986	1546
514	1308
844	3962
3784	3962
1369	3962
2940	3962
881	3962
4414	3962
2597	3962
2223	3962
3657	3962
939	3962
1302	844
881	844
913	844
1540	2610
3860	2610
3456	1290
2318	1290
2318	2198
1034	2198
2318	141
3439	3322
3439	3456
1496	3456
1592	3456
4007	3456
958	3456
3134	3456
3568	3456
3771	3456
1341	57
3734	57
3010	2318
1147	2318
2614	2318
1540	2471
3496	2471
1464	2944
4112	2944
2722	2944
1301	2608
1506	1491
807	1800
612	1506
2121	1506
295	1506
1429	2430
584	270
4648	3297
4339	3297
1302	72
1811	72
4095	2275
722	2275
1632	2275
3261	2275
1540	2275
1479	2275
551	2275
66	2275
1144	2275
722	4095
1632	4095
1479	4095
1144	4095
1632	722
1479	722
1868	722
2848	722
551	722
1144	722
1479	1632
1144	1632
1799	1341
900	1341
206	1341
3390	1341
1496	1341
1952	1207
3308	1207
346	64
3086	452
1868	452
2051	452
1884	452
544	2368
3876	2368
3166	2368
201	2368
1269	2992
4579	2992
4347	900
39	900
3390	900
1496	900
652	900
3209	900
3175	316
711	2167
4000	2167
962	2167
4347	1566
4347	3815
1567	1820
3734	1820
3780	2979
3079	2979
4321	2979
4339	1724
3212	1724
2241	445
1471	3768
295	3909
3734	814
3682	1812
3425	1812
3734	190
2842	1326
2592	1326
3515	2990
544	2990
859	2990
4112	2990
791	2990
791	3515
1567	2778
736	2289
3773	2465
3086	104
1567	104
3945	925
1761	925
3945	1579
910	1579
980	3945
1867	3945
2231	3945
4087	3945
2706	3945
2236	1850
3542	1850
247	1850
921	1850
643	2428
3491	980
1617	910
4312	2406
2424	4013
206	3493
2375	3493
39	3832
877	3832
3390	3832
2580	3832
887	3832
59	473
1567	473
1169	473
1964	473
584	2666
3236	78
3734	725
2680	1440
4413	1440
4347	1844
3105	3337
2121	3337
2533	3337
4643	3337
880	3337
295	3337
3058	3337
3680	3337
3742	4347
3611	4347
1391	4347
3425	4347
2848	412
2982	412
3310	412
3136	1245
1105	1723
3984	1723
4339	1723
584	1723
1302	1723
1567	1723
3389	1723
880	1723
1689	4641
2191	4641
2695	1105
2273	1105
1680	3984
1753	3350
482	1465
2719	1465
4451	1465
807	1313
206	1203
295	482
3061	482
66	21
661	4271
3734	1490
3734	3035
507	4229
3951	3299
2600	3793
3023	1185
2600	3895
1471	3895
1221	3895
1071	3895
4064	3895
2378	3895
921	3895
300	377
94	300
1982	300
1964	94
3660	3635
1033	3635
3425	3635
3791	3635
3663	3635
825	1617
3742	786
2005	786
887	786
1811	786
2719	4458
1296	1753
1568	1753
3601	1753
3179	3567
4605	1212
3583	1212
3312	1212
1863	1212
1173	1212
1419	1212
1455	1212
1952	1212
1220	1212
4610	1212
4225	1212
1058	1212
2680	1212
545	1212
1033	1212
3425	1212
3026	1212
4064	4605
3780	4605
4371	4605
3312	3583
1455	3583
4225	3583
1915	3312
2421	3312
3152	3312
86	2183
3389	2139
1883	3571
2812	2424
859	2424
1712	2424
1379	2424
3978	2424
289	2424
520	2424
134	2424
4500	909
922	909
3014	909
3773	2574
1379	2574
4666	2574
3437	2574
3110	2574
1712	206
2989	206
1379	206
4666	206
289	206
589	206
3229	206
1153	709
3954	135
2161	3954
4061	2832
435	755
204	755
3425	755
1021	3742
4603	3742
4064	3742
4616	3742
939	3742
877	39
3390	39
2580	39
962	39
3784	127
787	127
584	127
4096	127
242	127
1959	2835
3425	2835
626	2577
4674	3023
1369	3023
887	3023
1593	504
83	504
3198	504
976	504
1757	504
1780	504
1828	504
3897	504
4533	4432
2864	4432
3734	1883
2814	1883
3422	1883
2466	4674
4571	4674
3734	4674
2642	4674
3773	1439
295	2202
1296	2202
1502	2202
2180	1994
942	622
1269	623
3876	623
4047	623
942	623
3489	3315
4339	3315
1936	3315
2375	3315
4339	3489
1173	3489
1347	3489
1338	3489
652	3489
962	3489
2899	510
1508	510
798	510
3215	4339
976	4339
1257	4339
1501	4339
3680	4339
1338	1173
1455	1173
1952	1173
1220	1173
4225	1173
1058	1173
652	1173
3226	1173
2680	1173
545	1173
1033	1173
1915	1173
962	1173
4413	1173
689	1173
736	1349
3816	1349
233	1349
1033	1349
2000	1349
887	1349
3201	1349
1347	2466
1403	2466
2632	2466
2375	2466
977	2466
3511	2466
3236	2656
962	1867
1952	1347
4225	1347
1033	1347
2878	1347
314	1347
3641	1347
1915	1338
2919	3784
1033	3784
1567	3784
1369	3784
1183	3784
2378	3784
584	3273
59	3273
2609	1586
3086	736
643	584
1033	584
1567	584
1403	584
2632	584
1183	584
798	2899
3969	1508
2686	1508
161	3668
3744	3668
979	882
268	882
4278	882
1183	882
4225	1583
1094	1583
791	3067
3250	1519
2255	1519
3734	2457
4407	3441
859	3081
2922	3081
3390	877
2580	877
2365	386
3813	1454
3086	1454
906	1454
1567	1454
2171	1454
798	2919
3518	59
545	59
1267	59
233	3816
1419	3816
1033	3816
2918	3816
444	3816
3511	3816
3659	233
10	4131
1911	4113
3514	3660
4099	3660
3673	107
4656	107
3734	1102
2822	4018
4031	3236
160	3236
569	3236
1104	3236
1221	3236
4365	3236
2404	3236
2375	3236
4205	3236
426	3236
1711	3236
1907	3236
2283	3236
2888	3236
3211	3236
3451	3236
3791	3236
3857	3236
3910	3236
4264	3236
3268	3236
3518	485
2894	4237
3518	1914
3226	4124
1337	797
1604	797
885	539
646	539
1496	3390
247	3390
2937	3390
1662	1496
3710	1496
2966	3519
3454	3519
734	3519
1269	1801
283	3173
3773	152
1964	152
1221	152
1739	152
520	152
1071	152
4354	152
3250	152
4284	4540
2053	4540
283	4540
2619	4540
290	4284
2377	4148
290	4148
652	4148
113	4148
290	2377
652	2377
212	2377
1911	2377
2679	290
652	290
4121	290
1262	290
4121	765
2763	2679
4673	2679
4121	2679
4121	2763
4121	4673
240	3843
598	3843
3538	3843
2175	3843
3437	3843
4250	4604
602	1051
643	1051
3941	1051
1221	4002
3169	3526
1455	1419
1220	1419
4225	1419
1058	1419
2680	1419
545	1419
1033	1419
2249	1419
113	1419
1220	1455
4610	1455
4225	1455
1058	1455
2680	1455
545	1455
1033	1455
2545	1455
3425	1455
2680	1952
1033	1952
3780	1952
2699	1952
4610	1220
2680	1220
1033	1220
1008	1220
2114	555
2680	4610
1033	4610
1567	4610
1008	4610
1058	4225
2680	4225
1033	4225
113	4225
927	4225
2680	1058
1033	1058
3780	1058
1705	1058
3773	652
374	652
3797	652
1442	4121
842	4121
602	3148
643	3148
1258	3148
3100	3148
4204	602
4327	602
2450	643
2912	643
3100	643
545	2680
1033	2680
1033	545
3826	545
1567	1033
1269	1033
3503	1033
4047	1033
113	1033
1521	1033
3556	1033
4000	711
936	489
1731	489
1989	489
1814	489
3734	489
1731	936
1989	936
4031	936
1814	936
4087	936
3734	936
83	936
1989	1731
4031	1731
1814	1731
4087	1731
3734	1731
1814	1989
4087	1989
3734	1989
1814	4031
3734	4031
2755	4250
3341	1442
1221	1442
1603	3341
1221	1561
66	1561
1502	1561
1937	1646
161	3960
608	902
4244	902
1567	700
3428	700
1540	4040
1811	4040
15	4040
15	1787
835	2306
3734	943
979	835
718	4500
1878	4500
375	4500
3538	598
2175	598
885	598
3734	1597
2250	2441
2121	4533
2533	4533
949	4533
295	4533
1337	1240
435	1240
3026	3538
4343	661
2879	661
958	661
1604	661
1612	661
1890	661
2403	661
4261	661
4264	661
4194	870
3471	4194
4478	4194
3475	2020
507	2020
3662	4276
298	3501
71	1302
1759	2719
3086	3813
1567	3813
859	3813
298	3813
906	3086
1567	3086
2171	3086
2895	3086
4086	3086
859	2192
2895	2192
1567	906
298	906
2171	1567
1540	1567
4047	1567
887	1567
2632	1567
2695	1567
3727	1567
1366	3800
1612	1366
3794	1366
3389	1403
1620	1403
3734	1403
794	3179
2237	3179
4517	3179
295	3179
4567	3105
295	3105
578	859
1094	859
1946	859
3720	511
3629	2895
2722	2895
913	133
825	1540
2955	3389
60	3389
4383	3389
2632	3389
2375	3389
1078	3389
4278	3389
4205	3389
2609	3389
2619	3389
2989	3215
3437	3215
60	2955
4383	2955
4383	60
283	4383
675	1269
283	1269
10	1269
58	1269
1671	1269
197	1269
222	1269
301	1269
362	1269
514	1269
808	1269
926	1269
958	1269
1137	1269
1267	1269
1429	1269
1492	1269
1828	1269
1892	1269
2798	1269
4214	1269
4268	1269
4318	1269
4322	1269
4476	1269
4496	1269
247	2766
2099	2766
3547	2766
1669	3197
1706	160
1337	2241
1811	2241
979	4071
2230	4071
3437	4647
1333	4054
3734	2918
3839	2188
3734	247
628	247
3198	247
2552	247
3547	247
3200	3935
1094	3773
374	3773
3611	3773
1878	3773
1687	3773
1748	3773
1094	1620
887	1620
1094	3788
3175	3445
3868	569
1811	569
3068	569
3425	3598
3663	3615
589	1044
4087	1814
3734	1814
212	1814
375	1770
3309	979
268	979
4278	979
1183	979
398	979
2382	979
3826	979
861	86
2922	86
3532	86
4510	86
1943	86
1943	3779
3425	578
3274	1104
85	1104
743	1104
1447	1104
2329	1104
4380	1104
507	2225
881	1369
2597	1369
2223	1369
1759	1369
2888	2940
2989	1712
1379	1712
3437	1712
3110	1712
1379	2989
4666	2989
2842	2989
2081	2989
3437	2989
1890	2989
4542	2989
4082	2901
17	2901
357	2901
4047	4571
1371	4571
3680	3291
3437	1379
3110	1379
3209	1379
4603	4666
3734	4666
435	4666
3437	4666
1003	4666
3209	4666
3990	4666
407	3868
4354	1094
3611	1094
4064	1094
3409	1094
1915	407
4335	407
2404	407
1752	2894
2521	4324
949	2121
1868	2121
2848	2121
66	2121
1144	2121
2051	2121
4527	2121
3845	3846
1964	3846
3201	1563
2642	4603
1612	1057
2528	1057
3845	3419
3590	3419
3734	3845
3590	3845
212	1936
3425	1936
3689	4292
3166	2842
667	2842
2223	2842
3734	881
2223	881
2597	4414
388	4414
3930	2924
435	41
2910	41
3038	41
3166	3124
667	3124
4244	2048
371	3602
2055	3602
3657	3978
3471	4427
58	4427
2580	4427
3915	1298
3734	1337
1986	1337
283	1337
1221	1964
1739	1964
374	1964
375	1964
1257	1964
2283	1964
1739	1221
374	1221
4354	1221
3375	1221
4141	1221
4173	1221
3860	1221
2540	1221
3250	1221
921	1221
201	1221
521	1221
1854	1221
1927	1221
1928	1221
2379	1221
2605	1221
2616	1221
2841	1221
2874	1221
3410	1221
3772	1221
3910	1221
3932	1221
3990	1221
374	1739
4354	1739
3611	1739
520	374
1071	374
4354	374
3611	374
3250	374
3611	520
3734	2937
418	2966
2912	2966
3437	3734
2249	3734
1811	3734
1771	3734
1950	3734
1078	3734
2115	3734
717	3734
1371	3734
2545	3734
1674	3734
2421	3734
2434	3734
2467	3734
2888	3734
3037	3734
3134	3734
3152	3734
3511	3734
2619	3734
4388	3734
4597	3734
3547	3734
524	2814
3068	1986
3876	2879
962	2878
4354	1071
3611	4354
3079	3611
3132	3611
3164	3611
682	3235
970	3235
1361	3235
842	3359
388	4064
2449	4064
3229	4064
4009	4064
2518	4064
435	3166
807	3166
4099	3166
1746	2507
1868	2533
551	2533
1144	2533
507	2533
958	2533
2051	2533
807	435
1183	435
4411	435
2758	435
521	435
2614	435
2865	435
3657	435
667	807
3425	4047
3826	4047
3110	3437
2642	3437
1144	1479
981	108
1796	2237
825	3780
861	4502
1871	3642
283	861
4251	861
4082	861
2209	283
83	283
1868	949
2848	949
1144	949
295	949
1755	949
2051	949
3915	949
4527	949
2932	995
1262	4348
2255	10
2580	58
1144	823
1253	4279
525	842
113	922
829	1034
1878	3258
494	3258
1878	841
494	1878
3512	1878
2632	494
2395	887
4205	887
2642	887
2223	962
4099	962
921	962
1612	962
1680	962
4451	962
3680	1771
2609	1253
3239	2223
113	2375
2356	2375
2642	2375
712	4251
2311	4251
2311	712
4086	1572
3175	1572
3659	4039
4337	1868
295	1868
1502	1868
3569	1868
4552	1868
4656	2751
3491	3691
3682	3691
3933	298
3755	298
1884	15
3547	15
2695	2395
3663	2395
3663	2695
1144	2848
17	2848
295	2848
1502	2848
2051	2848
295	4643
403	4643
1502	4643
2051	4643
3109	4643
66	4235
1226	212
1803	212
1819	212
1846	212
1880	212
1947	212
2350	212
375	1043
375	3504
1091	375
4120	375
2532	375
2378	1078
3425	1078
3074	384
295	551
4387	551
958	551
1117	551
2051	551
4552	551
4527	551
2378	3573
813	3573
3828	3573
4616	3573
4491	1689
767	689
295	66
2823	66
2722	66
3553	66
2722	113
1717	3860
1153	1147
1524	1147
1741	1147
3657	1147
162	3634
2614	1153
3073	1153
2722	4112
1564	4069
2604	3175
1671	1980
4337	1980
1748	268
1671	4278
1183	4278
1183	1671
3425	1183
3060	242
4082	4134
3794	4099
3663	4099
4082	1939
2722	1535
3058	880
4575	3782
1937	4296
295	1144
3915	1144
774	4061
4204	4205
3990	1371
299	2942
3061	2378
3662	1852
342	3250
388	921
3229	921
3662	921
1707	70
2327	158
967	162
1420	207
2285	219
398	279
958	295
2051	295
2681	295
2877	295
3061	295
3553	295
4527	295
4536	295
4640	322
2776	360
2189	388
3209	388
727	402
507	2864
3425	2864
3669	455
3176	461
3401	480
4575	507
1956	548
2051	548
1668	558
1937	558
3134	608
4552	608
2604	618
2622	656
1262	693
3201	762
1358	825
3425	825
2434	829
3995	927
1120	931
2051	958
2344	958
2189	977
4310	978
1524	1003
1262	1011
2327	1017
4527	1146
2172	1391
3155	1399
3147	1402
4301	1409
3870	1446
2461	1494
3915	1494
2051	1502
2681	1502
2877	1502
4527	1502
2373	1507
3794	1612
4394	1612
3821	1612
1621	1612
3663	1612
3496	1616
3134	1662
4552	1662
3652	1717
2921	1756
4371	1803
1943	1854
2770	1927
2131	1947
3061	1958
3794	2021
4510	2021
2126	2051
3553	2051
3915	2051
4552	2051
4527	2051
3738	2059
3791	2073
4552	3794
3821	3794
1621	3794
3663	3794
4234	2216
3874	2321
1657	2327
3662	2456
1943	2505
3209	2642
2619	2642
3657	2614
3662	2686
3425	2781
2903	2790
3061	2790
3229	2799
3425	3556
3511	3425
4536	3425
3397	2863
3076	2915
1943	2922
3662	2970
3229	3037
3662	3100
4552	3134
3209	3183
4569	3239
4656	3239
4491	3351
3791	3590
3826	3680
4244	3748
4009	3797
4527	3915
4527	4552
1943	4510
