231	343
231	1931
231	584
231	507
1413	3742
3699	1769
3699	398
137	2070
2896	3389
1553	2511
2655	2138
2655	1476
1239	1858
1239	1601
1239	4073
3863	4611
3863	718
3863	1036
3863	3184
2976	1834
2976	947
2976	3573
2976	3710
91	2466
91	2493
91	4611
91	3389
1122	1601
3115	3737
3115	1097
3115	4034
3115	4475
3115	276
3115	2466
3115	59
3115	3980
3115	3389
3115	2114
45	1964
1398	3415
1398	2335
1398	3799
1398	2277
1398	1643
1398	443
1398	1948
1398	540
1398	4127
1398	3023
1398	3390
1398	1307
1398	3779
1398	1901
3165	4105
3165	394
3165	4297
3165	1540
4132	3712
4132	4612
4132	1158
4132	1580
4132	4450
4132	473
4132	511
4132	4596
4132	3520
4132	3296
4132	931
4132	4594
1822	206
3570	504
1638	343
1638	102
1638	2493
1638	3980
1638	4253
1655	2466
1655	2651
285	1110
285	756
285	3379
3588	2466
2524	206
472	295
471	1412
471	1193
471	2469
471	507
3555	4003
1215	2791
1215	368
1215	1380
1215	3412
793	3389
2144	1269
1412	4087
2958	2573
2958	3827
2958	3148
2958	3389
2958	1013
2958	2378
3415	2952
3415	4526
2174	4185
2174	3595
2174	3289
2174	3503
2174	3998
210	2183
210	435
210	3257
210	1321
210	3448
4307	1951
1514	1288
4494	1193
4494	2420
4494	2185
4494	3502
4494	982
4494	482
4494	1156
4494	2292
4494	4533
4494	4678
4494	1144
4494	2051
4494	4527
364	249
364	1269
1478	2837
1478	3909
4008	2117
4008	3104
1407	3236
1841	2584
3275	3019
337	2913
337	4231
337	1033
1581	4611
4625	66
4625	1549
4664	1315
1136	3108
2973	817
2973	4216
2973	2952
2973	2584
2973	2071
2973	1643
2973	1692
817	4216
817	2952
817	2071
817	1643
4216	2952
4216	2584
4216	2071
4216	1643
2952	2584
2952	2071
2952	3724
2860	343
2860	2511
343	3461
343	4433
343	1543
343	561
343	4568
343	3208
343	3855
343	749
343	1834
343	1523
343	3589
343	1473
343	3379
343	2102
343	1190
343	1996
343	2919
343	1419
343	1952
343	1033
343	226
343	2375
343	3209
343	3748
3461	4433
3461	1732
3461	3380
3461	3101
3461	4105
3461	3296
3461	1399
2442	4512
2442	2963
2671	4523
2671	1618
2671	3992
2671	230
1869	4112
4523	3692
4523	4645
4523	3824
4523	4392
4523	3023
4523	3139
4523	1952
4523	2572
3664	2030
3664	1815
3664	273
3664	4326
3664	852
3664	3424
3664	3779
3664	164
3664	3611
3664	42
3664	1943
198	1783
4675	3670
4675	1414
4675	1894
4675	982
4675	249
4675	4643
4675	2051
2868	3417
287	206
287	706
3172	2575
3172	3880
3172	561
3172	2490
3172	2511
3172	4297
2575	3880
2575	561
2575	2490
2575	3427
2575	776
1543	1872
1543	3389
3880	561
3880	2490
3880	2030
3880	252
3880	718
3880	1620
1940	3431
1940	1864
1940	230
1940	1948
499	3212
3866	249
3866	295
690	649
690	4660
690	2573
690	3417
690	2090
690	4611
690	3813
690	3389
690	1094
649	2090
649	4611
649	1692
2341	553
1944	1567
862	553
862	3378
3607	1852
3607	921
1022	4314
1053	562
561	2490
561	194
561	3799
561	3714
561	2278
561	3655
561	1473
561	3427
561	2835
561	59
561	2164
561	1033
561	4223
561	718
561	1130
561	922
2490	3427
2490	3896
2335	896
2335	540
2335	2017
4679	3592
4680	1797
4680	1167
4680	249
4680	295
4680	3003
3062	182
3062	1048
3062	1935
805	4545
805	2075
805	2620
805	875
3431	1772
3431	62
3431	3824
3431	4070
3431	1554
3431	4297
3431	59
3431	4121
3431	2334
3431	3024
3431	2451
2362	2551
2362	2166
2362	2292
2362	3488
1732	2658
2606	744
2606	3101
2606	3404
1754	756
4598	3170
4598	3917
4598	2124
4309	2081
4568	900
4669	2041
4669	1863
3208	3500
3208	749
3208	770
3208	1966
3208	3767
3208	3104
3208	3728
3208	843
3208	2254
3208	1948
3208	3650
3208	1025
3208	2301
3208	1749
3208	2318
3208	900
3208	4154
3208	2363
3208	30
3208	4651
3208	2098
3208	2299
3208	3357
3208	164
3208	435
3208	3296
3208	921
3208	388
3208	521
3208	1003
3208	1421
3208	2459
3208	2604
3208	2865
3208	2957
3208	3436
3208	4443
629	3019
629	2299
629	3209
3017	1836
3855	140
3855	2030
3855	4156
3855	3379
1026	4643
1026	3351
3189	3553
2407	3108
2407	2030
3108	2205
3108	2315
3108	3522
3108	572
3108	2613
3108	2041
3108	2945
3108	2304
3108	2123
3108	3600
3108	1020
3108	3841
3108	321
3108	3456
3108	1799
3108	2150
3108	2666
3108	4143
3108	2199
3108	2377
3108	1665
3108	1299
3108	1719
3108	4666
3108	3274
3108	2222
3108	3375
3108	4649
3108	2631
3108	74
3108	70
3108	634
3108	677
3108	1079
3108	1447
3108	1467
3108	1752
3108	2040
3108	2050
3108	2051
3108	3794
3108	2135
3108	2157
3108	2269
3108	2324
3108	2467
3108	2519
3108	2552
3108	2637
3108	3001
3108	3238
3108	3242
3108	3413
3108	3448
3108	3473
3108	3739
3108	3745
3108	3948
3108	4617
4532	2511
1019	3306
1019	4381
1019	2578
3306	2578
194	1437
194	4520
194	584
194	2493
194	2098
194	3389
194	1130
194	3975
4381	4475
4381	1286
4381	3556
950	2578
950	1437
2578	1437
3790	930
4089	1414
4089	1894
4089	4678
2567	1414
2567	1894
2567	2420
2567	507
140	4107
140	4112
3670	1224
3670	2420
3670	1935
3670	1897
3670	2363
3670	249
3670	2687
3670	551
3670	295
3670	1502
3670	2051
3670	4552
2219	1193
2219	2369
2205	1567
1840	2935
1840	249
1840	2582
4135	875
217	766
217	2438
766	249
766	295
2106	2557
2106	206
1343	3992
2136	2138
2136	2454
2136	164
50	1269
1332	1562
1332	3638
1332	3742
1332	584
1332	4596
1332	3975
4660	2295
2793	1043
2793	375
2793	1091
4182	2767
4182	3236
1885	718
1214	1510
1214	1453
1214	3308
2509	553
2509	1049
2315	2146
2315	3742
2315	3296
2315	3175
2315	1709
2315	3662
1368	1468
1368	899
1368	3328
1353	803
1353	2235
1353	4554
1353	633
1353	3077
1353	745
1353	733
1353	1550
1353	1901
1353	108
1353	2131
803	3623
803	4554
803	745
803	4252
803	733
803	167
803	16
803	3236
803	1653
803	1901
4487	3638
4487	504
3799	3053
3799	639
3799	3427
3799	4127
3799	4651
3799	2842
3799	3328
2235	3427
2235	3019
2235	4127
2235	2785
2235	3235
2235	2838
3623	2211
3623	4040
2837	2458
2837	2844
2887	390
2887	2035
2887	58
2887	2580
721	476
3894	921
155	3175
4384	2366
4384	4657
4655	2030
4655	1601
4655	1943
1386	249
1769	1567
4046	3077
4046	2281
4046	691
1596	1625
4088	504
4088	626
4088	3835
498	3809
498	3147
1384	3027
1384	3063
2640	4520
2640	2199
2640	4394
508	3500
508	2070
422	2512
422	4618
422	2511
422	1836
422	2098
422	2188
492	1138
492	590
492	2035
3159	3379
3159	1901
3159	2633
1684	413
1684	967
1336	2030
1336	1035
2030	4404
2030	1436
2030	1629
2030	3251
2030	2391
2030	843
2030	2402
2030	1380
2030	2256
2030	2767
2030	3427
2030	3650
2030	2363
2030	4240
2030	1490
2030	647
2030	2424
2030	1486
2030	1606
2030	1832
2030	1307
2030	4365
2030	2981
2030	551
2030	2232
2030	1631
2030	53
2030	677
2030	762
2030	1268
2030	1373
2030	1678
2030	2922
2030	2960
2030	3662
2030	3914
2030	4073
2030	4510
2030	2703
1055	3379
1762	19
1762	2140
1762	4584
2537	2064
1241	4476
1193	2052
1193	3539
1193	2420
1193	114
1193	1400
1193	1697
1193	2275
1193	452
1193	2363
1193	249
1193	482
1193	2687
1193	4499
1193	66
1193	295
1193	507
1193	1502
1193	2051
1193	4157
1193	4286
2137	672
2137	329
2137	438
2137	306
2137	122
2137	425
4404	4444
4404	1171
4404	3296
4404	1373
3280	3374
3280	1605
3280	2511
3280	590
3280	910
3554	4064
2485	3417
2485	2254
3007	368
3007	34
3007	2297
3007	3823
3007	3379
3007	3493
3007	1107
3007	504
3007	4332
3007	2188
3007	3024
3714	1168
3714	1190
3714	946
3714	2209
3714	3573
1797	982
1797	3998
2573	396
2573	2085
2573	896
2573	1165
2573	2164
2573	1567
2573	2833
2573	2609
4551	4162
4551	1119
4551	4347
4551	227
4551	1083
4551	3175
2791	2474
2791	1736
2791	3412
19	872
19	672
19	1781
19	1729
19	1610
19	1598
19	4584
19	1723
19	1071
19	3611
19	4047
3374	2523
2282	1607
2282	3023
2282	2833
2282	326
2282	4205
2282	122
653	578
872	1607
872	3832
872	3023
872	754
872	1567
872	2833
872	3368
872	4205
872	825
2360	3368
2278	4122
2959	3236
1437	4667
1437	2041
1437	2511
1437	2488
1437	1550
1437	1984
1437	3296
2584	2071
2584	1643
2584	1027
2584	1013
4085	4392
2071	4618
2071	1643
2071	1171
2071	1337
2071	922
2071	388
4015	3858
4015	2277
4015	2726
4015	1010
4015	577
4015	606
4015	3101
4015	1027
4015	2466
4015	3173
4015	1921
4015	3389
4015	1550
4015	2444
4015	3296
4015	2375
4015	1277
4015	825
4015	3212
4015	3423
771	1370
771	645
672	4584
672	1325
672	1071
672	3611
3053	3819
3053	2389
3053	1981
3053	3962
3053	648
3053	4131
3053	3997
3053	1901
639	758
639	987
639	1716
639	1689
639	767
1370	645
1370	4071
1370	2934
645	553
645	4520
645	2951
645	2948
645	3170
645	2146
645	3635
645	1190
645	4071
645	2934
645	3309
645	398
645	2382
645	1650
1607	2549
1607	3427
1607	647
1607	687
1607	2632
1607	3175
1607	1023
1607	3547
1607	3328
3345	770
3345	2129
3345	541
3345	1027
3345	3723
3345	901
3345	3662
4444	4611
4444	519
553	770
553	668
553	1168
553	3140
553	1578
553	3679
553	1567
553	4047
553	3184
553	500
553	3891
3241	4002
3500	2964
3500	1881
3500	1560
3500	704
3500	3559
3500	2476
3500	1213
3500	3859
3500	1554
3500	30
3500	2070
3500	3092
3500	4603
3500	2701
1562	4495
1562	4020
1562	2211
1562	34
1562	1554
1562	1619
1562	138
1562	1288
1562	3659
1251	4376
1485	3779
1618	1792
1618	2067
1340	2138
1340	1476
1340	4269
1340	366
392	3533
392	3077
392	2366
392	814
392	3861
392	125
392	2175
392	1269
392	2299
392	2993
1224	3502
1224	982
1224	3456
1224	4533
1224	1144
1224	958
1224	2051
1224	2239
3737	1971
193	4608
193	425
182	1234
2052	2420
2052	1897
2052	452
2052	2666
2052	2363
2052	249
2052	3861
2052	2687
2052	1868
2052	295
2052	2370
4048	1792
4048	2314
4048	1580
4048	3175
4048	3662
749	3101
467	2302
2138	1476
2138	4020
2138	4351
2138	1772
2138	1010
2138	2211
2138	3302
2138	3692
2138	3824
2138	816
2138	4392
2138	3638
2138	1738
2138	1206
2138	900
2138	445
2138	3299
2138	1107
2138	3023
2138	3843
2138	2334
2138	3197
2138	3024
2138	2651
2138	1550
2138	1619
2138	1337
2138	1747
2138	1986
2138	2340
2138	1272
2138	2633
2138	1023
1476	4020
1476	1010
1476	2211
1476	3638
1476	1550
1476	1619
1476	1337
1476	1747
1476	3659
1476	1706
1476	3658
3819	1981
3819	2620
3819	4131
3819	3779
3819	3328
4618	1027
4618	183
4618	1959
1792	2067
2964	3524
2964	2476
2964	1213
2964	1554
2964	30
2964	2070
2964	4603
2964	2701
2964	388
2964	2642
1624	3379
1624	4347
3487	4358
3487	1097
3487	2389
3487	2511
3487	3424
3487	4347
4520	4358
4520	1097
4520	1168
4520	2389
4520	1901
252	3217
252	1953
252	3530
252	1171
252	339
252	1364
252	3427
252	3424
252	1222
252	1863
252	1512
252	877
252	3488
252	2124
252	1419
252	2523
252	945
252	1771
252	2858
252	75
252	3429
252	2703
3217	2716
3217	3236
3217	2104
3217	1871
2716	4645
1463	1749
1463	3236
119	4475
119	3379
119	4674
119	1567
119	3389
119	3296
119	2642
3912	3337
3912	2438
1659	632
1659	2515
3847	3690
1414	4101
1414	2901
1414	295
1414	958
1414	1494
1414	2316
2563	2435
2563	295
1894	3690
1894	1935
1894	756
1894	295
1894	1502
4422	1505
4422	867
2905	3339
2831	2511
1605	273
1974	3638
3191	1421
2707	881
1858	4275
1977	2511
1977	3175
1977	2585
2463	2846
2463	3843
3873	2126
3873	3732
3690	1234
3690	249
3690	295
1809	756
1809	3662
1834	3472
1834	744
1834	3220
1834	4305
1834	3716
1834	1110
1834	4166
1834	3334
1834	2620
1834	3379
1834	1532
1834	4105
1834	875
1834	1594
1834	1749
1834	1799
1834	590
1834	4276
1834	3740
1834	1592
1834	1537
1834	4411
1834	357
1834	806
1834	901
1834	1204
1834	2486
1834	3436
1834	734
1834	2161
1641	859
3858	543
3858	4163
3858	4012
3858	3635
3858	152
3858	374
3769	1784
3769	627
3769	936
3769	1731
3769	4031
3769	4087
3769	2268
523	1781
523	3104
523	1981
523	1068
523	4392
523	4105
523	4240
523	709
523	1597
523	3930
523	608
523	2628
523	3328
3380	3170
3380	3801
3380	3175
3380	1262
2506	4666
868	1933
868	2786
4554	4061
3417	756
4336	442
3181	70
4460	3843
4460	598
2674	421
2674	3595
2674	3692
2674	3197
2025	1709
2079	3101
3199	1048
3199	3758
3199	551
4020	2549
4020	2511
4020	4605
4020	1619
4020	3253
4020	1939
3539	413
3539	2890
3539	1526
3539	4062
3539	66
3539	1144
1976	2585
1167	982
1167	413
1167	249
1167	1951
1167	2901
3524	3559
3524	4269
3524	1488
3524	2424
3524	562
3524	4122
3524	1227
3524	4666
3524	289
3524	4335
1098	2511
1098	1484
1881	30
1881	2070
1881	1690
1881	2642
1560	1554
1560	30
1560	2070
3781	2146
704	30
704	2070
704	4666
704	2642
704	3211
1483	3850
1483	2125
3287	4368
2474	3101
2474	2016
1174	2096
2277	1729
2277	280
2277	1844
2277	3668
2277	2292
2277	3389
1781	4475
1781	2075
1781	2164
1781	3389
1781	1337
1781	3296
4078	2096
744	1510
744	1496
744	881
2558	4536
3829	4064
2904	2511
2904	2668
2904	3014
414	3379
4612	4646
4612	4136
4612	1532
1729	4646
1729	1033
1729	4122
1729	1567
1729	2614
1729	3209
770	4167
4410	102
2762	3723
2074	3424
2074	504
2074	2292
2074	1952
2074	906
2074	4620
2074	2375
2074	2626
3093	1986
4169	1380
4169	632
4169	1579
4169	1871
4162	2378
4469	3101
4469	3980
4469	4346
4469	4144
4185	875
1362	661
329	3101
3522	1981
668	433
668	2366
668	102
668	1598
668	1799
668	4611
668	1307
668	1567
668	859
668	1269
668	3175
668	1318
2629	1567
3586	1307
4358	1097
4358	93
4358	3296
4358	1452
1097	1962
923	4195
2975	504
1039	2783
1197	4651
4034	3638
4034	1738
4034	1546
4034	879
4034	4234
1967	2947
1967	927
837	4611
2343	2075
2343	632
2343	2651
396	2511
396	3012
4667	4244
2839	206
3550	1173
3550	1952
3550	2170
3550	1058
3550	4122
3550	689
3789	1382
3789	125
4545	2458
4545	4392
4545	1738
4545	1366
4545	1397
312	756
1510	1183
1510	1489
2784	2064
2784	3432
2726	1567
884	1225
884	4064
1168	3767
1168	2487
1168	2183
1168	2466
1168	584
1168	522
80	1258
80	4373
49	1610
49	1293
159	2424
3220	3573
4101	2469
4101	1897
4101	1951
1436	2129
1436	541
1629	2511
4	2632
4	3296
3499	2374
4351	3389
4351	2642
3767	3289
3767	2511
3767	3692
3767	4326
3767	4392
3767	1738
3767	1723
3767	1107
3767	3023
3767	4332
3767	2981
3767	2378
3767	1023
3767	4234
2602	2530
2420	3502
2420	982
2420	249
2420	2687
2420	1868
2420	551
2420	295
2420	958
2420	2051
2420	4552
1818	4386
1818	3581
1818	2089
1818	2653
1818	3650
4386	3581
4386	2089
4386	2653
3581	2089
3581	3137
3015	368
3015	4326
3015	1844
3015	504
3015	1228
1123	1269
2935	1405
2935	295
1405	9
1405	2687
1405	295
1405	4536
3655	3393
3655	2064
3655	2246
3655	2466
3655	3784
3655	881
1864	3881
368	4475
368	2057
368	3692
368	2439
368	4070
368	4636
368	127
368	504
368	4332
368	1719
368	2833
1772	3692
1772	504
1772	3573
1772	2203
669	2963
669	2246
1048	114
1048	1400
1048	694
1048	1114
1048	2371
1048	249
1048	482
1048	1156
1048	2895
1048	160
1048	295
1048	1146
1048	1399
1048	2418
1048	2844
1048	2870
1048	3278
1048	1205
1048	3839
1048	4527
114	3502
114	982
114	3930
114	4643
1935	982
1935	2570
1935	2829
1935	4533
1798	1889
1798	794
1798	3826
2951	1567
1238	756
3490	2511
1469	3502
3251	4614
3251	3389
3251	426
3251	608
2092	2271
2092	3456
2092	3236
2092	4086
3343	3298
3343	2275
3343	504
3343	3034
56	2511
56	1760
1505	2861
1505	249
1505	3742
4561	4643
3298	249
3298	2687
3298	4499
3298	295
3298	2877
1007	933
3928	366
1010	896
1010	3566
1010	577
1010	504
1010	525
1010	806
1010	2426
1010	1023
1733	1789
1733	814
2454	2846
2454	2956
2454	1863
2454	2124
2454	1952
2454	3253
2454	1806
2454	1081
2389	102
2389	1033
2389	3876
2389	3573
2389	1155
3369	1219
3369	3058
4497	2140
2613	4012
2613	4121
1247	249
1247	1302
4319	1269
4319	113
484	249
484	1502
3589	3638
3589	2368
3589	1264
3589	110
3589	3058
3589	3212
1400	334
1400	3945
1400	3337
1400	2363
1400	1868
1400	4643
1400	4527
1400	2703
2163	2511
2163	3131
4315	1273
2211	1815
2211	1721
2211	3104
2211	896
2211	1917
2211	3800
2211	2444
2211	4502
2211	3766
2211	1669
2211	3448
904	1036
3302	4475
3302	1027
2861	478
2861	295
2741	1119
2741	478
1016	4136
1016	1579
2920	1383
1383	3389
1383	691
1383	3556
1972	2511
334	1293
334	1778
334	4081
4525	4651
4525	3561
34	230
34	4297
34	1107
34	3061
34	3212
18	2366
18	230
3850	4133
2041	3860
2185	442
2185	4122
2185	122
3693	3236
1815	1863
1815	3027
836	58
836	3889
4167	1933
4167	3077
4167	3951
3530	2366
179	4025
4512	3285
4512	4223
4512	1325
4512	1964
4512	374
1225	1620
1225	1094
1225	1550
3576	4475
3576	3379
3502	982
3502	2570
3502	2363
3502	249
3502	2901
3502	1169
3502	2687
3502	4499
3502	4643
3502	551
3502	295
3502	1612
3502	2051
3502	2844
3502	4552
1382	1468
421	603
421	3787
421	2072
421	819
421	1023
3639	4297
4224	1721
4224	886
4224	3104
4224	3796
4224	2909
4224	2444
4224	4502
1721	886
1721	3104
1721	3796
1721	2444
1721	522
886	3104
886	3796
886	2334
886	2444
886	4502
3104	1601
3104	3796
3104	1222
3104	4312
3104	1882
3104	4502
3104	3184
3104	1183
3104	517
3104	1072
3104	1421
3104	1674
1610	3692
1610	578
1610	1286
1610	691
1150	4352
1150	1325
1150	1964
1150	326
1150	3520
4378	3754
4125	206
4308	2366
710	4567
1315	3379
1315	2466
1315	1366
1315	3166
1315	1397
1315	1621
2469	66
2469	146
3533	702
3533	1556
3533	875
3533	1943
694	3337
694	66
1981	435
1981	2633
1981	3547
1981	3328
442	3379
442	718
442	248
442	122
2210	2963
1246	4646
1246	3077
1246	3259
2945	3379
2945	3236
3249	2947
3249	1094
534	2410
534	249
534	4533
702	2620
702	875
2374	1428
2374	3077
4390	632
1378	3953
1378	594
2085	1625
2085	4416
2085	4611
2085	3389
2085	1337
1119	249
1119	3175
1119	295
1119	3553
2410	4122
1919	2895
1933	1219
1933	2334
1933	2845
1933	3235
1933	3166
1933	3397
1219	4305
1219	47
1219	3619
1219	4350
3953	209
4646	4475
4646	206
4646	16
4646	1052
4646	3784
4646	1550
2090	982
2090	412
2090	1907
2090	2178
2090	3662
982	2570
982	1897
982	3566
982	1889
982	2363
982	249
982	482
982	2890
982	1951
982	4533
982	1269
982	2687
982	551
982	295
982	1502
982	2051
982	3915
982	4552
2588	1408
4026	3023
4026	1744
438	3389
4366	2189
4366	2393
1679	4651
4172	1473
4172	4160
4172	1209
4172	691
1428	3077
1428	1936
1428	4064
1428	921
3077	3090
1789	4500
1789	1619
1789	475
1789	1821
1601	390
1601	62
1601	756
1601	2007
1601	2246
1601	2204
1601	2765
1601	1269
1601	4138
1601	1337
1601	4279
1601	2378
1601	5
1601	1852
1601	921
1601	2080
1601	2156
1601	4277
1601	1943
2271	1751
2271	2895
2271	819
2271	1631
2271	608
2271	2126
2271	2350
3102	2948
1527	2511
1527	3637
3481	1850
3481	1943
2304	1043
2304	4477
1388	1267
2494	875
3075	440
3075	3641
97	1900
2297	3832
2297	39
2297	3606
2297	504
2297	877
2297	3390
2297	3024
2297	440
2579	3992
947	3977
947	3962
947	3784
947	3432
4165	1110
4165	2471
4165	647
4165	3023
4165	1982
4165	1262
1652	1020
2551	3827
433	2909
433	1692
369	3986
1134	3746
1134	1269
1248	689
462	2511
462	3378
462	3101
863	2668
863	3296
3031	2511
638	2511
638	1264
4222	1269
1244	1232
1244	584
1244	3444
1244	3538
1244	2255
1609	2195
1609	3961
1609	2766
1609	3547
2195	3961
2195	2766
2195	3547
341	3236
3595	388
3924	3033
3033	1169
3033	1494
3033	3665
4003	1380
4003	1556
4003	2620
4003	3379
4003	3390
4003	1496
4003	435
4475	2846
4475	1171
4475	4326
4475	1611
4475	1546
4475	1206
4475	590
4475	2087
4475	1723
4475	127
4475	266
4475	2835
4475	3679
4475	2765
4475	661
4475	4665
4475	3800
4475	2016
4475	2675
4475	4278
4475	348
4475	2609
3367	4269
2948	3619
3559	606
3559	30
3559	4155
3559	4666
3559	289
4269	2458
4269	4671
4269	1536
273	206
273	1901
390	1171
390	4605
390	3951
390	1455
390	1058
390	545
390	1033
390	4122
2846	2947
2846	2487
2846	3379
2846	1749
2846	3980
2846	4047
2846	861
2846	3641
2846	2736
4044	3078
4044	3722
4044	3379
4044	127
4044	3296
2391	214
478	3236
478	661
478	2325
3961	4239
3961	2766
3961	961
82	687
82	3951
82	504
896	3992
896	3951
896	3827
896	2164
3923	3101
1234	249
1234	4251
1234	4527
1456	1269
3833	3261
3833	507
3353	1502
2435	295
1171	3962
1171	206
1171	3148
1171	1033
1171	4061
1171	3556
2270	3379
3716	3661
2950	998
3619	4136
3619	1567
3619	1130
4136	98
4136	1583
4136	4611
4136	1033
4136	859
4136	1620
1374	540
1374	3236
3753	2511
2913	540
2913	1627
2913	3209
4175	2511
4175	1269
2089	2653
2089	3379
2314	3456
2314	3439
2314	3235
1273	571
1273	2610
1273	2632
1273	298
3161	1110
79	3182
79	3998
2108	3723
2108	1594
2108	623
2108	1337
2108	3212
3289	3182
3289	3998
3289	3212
2355	2511
497	1836
2549	1295
2549	3606
2549	3573
3453	1868
2057	2439
2057	504
3992	2166
3992	3960
3992	3904
1577	540
4115	2366
3728	2146
3728	2098
280	3668
280	3444
2129	1293
2129	541
2129	869
2129	3582
4580	4611
4608	4649
3796	4017
3796	1731
3796	4502
232	3739
366	540
366	3414
366	3008
366	4611
366	3163
366	2750
366	2900
366	1442
2476	2511
2476	3109
631	2124
2511	2298
2511	2062
2511	1068
2511	4326
2511	4671
2511	2673
2511	928
2511	4190
2511	4489
2511	3019
2511	3752
2511	4127
2511	3337
2511	1951
2511	2627
2511	4228
2511	2919
2511	2882
2511	1593
2511	848
2511	2377
2511	2679
2511	1111
2511	4121
2511	3882
2511	1307
2511	4040
2511	3538
2511	1217
2511	1690
2511	3615
2511	578
2511	1227
2511	2417
2511	289
2511	2943
2511	1771
2511	216
2511	3184
2511	3132
2511	1631
2511	3485
2511	54
2511	1852
2511	67
2511	122
2511	126
2511	447
2511	524
2511	573
2511	741
2511	929
2511	931
2511	1093
2511	1132
2511	1133
2511	1196
2511	1497
2511	1612
2511	1616
2511	1685
2511	1871
2511	1876
2511	505
2511	2158
2511	2356
2511	2468
2511	2508
2511	2534
2511	2690
2511	2744
2511	2823
2511	2874
2511	3097
2511	3134
2511	3180
2511	3395
2511	3610
2511	3662
2511	3720
2511	3724
2511	3797
2511	3891
2511	3985
2511	4264
2511	3423
2511	4442
2511	4443
2511	4536
2511	4569
2511	4615
2511	4624
2511	2161
2511	205
2511	3777
1473	3379
1473	4105
1473	4611
1473	2611
1293	843
1293	2620
1293	3379
1293	875
1293	1594
1293	1749
1293	57
1293	859
1293	578
1293	2632
2298	3567
3393	2963
3393	1438
3393	1699
2064	2947
2064	4231
2064	3236
2064	3235
2064	4064
2064	10
2064	3473
843	1380
843	3379
843	718
843	2572
843	1452
843	3662
2947	4645
2947	2632
62	4392
62	164
62	1984
62	3296
2697	2486
2697	2885
1138	2720
3692	1027
3692	504
3692	1653
3692	3813
3692	2833
3692	2375
3692	3986
3692	3212
3127	3698
4645	1446
3824	1027
3824	3723
3824	1156
3824	4611
3824	3520
3824	2189
3824	3212
758	2366
758	206
2653	1636
2570	1897
2570	2363
2570	4567
2570	3296
2570	1868
2570	551
2570	1144
2570	3675
2570	295
2570	4527
1897	3379
1897	3452
1897	1144
2788	3197
3566	2188
4160	2081
4160	1262
1110	276
577	3606
577	4596
2495	1567
2495	718
2495	1036
2495	3662
2062	2070
2884	3101
1380	2477
1380	1512
4367	3175
4367	1692
1114	2668
1114	3911
729	4651
3856	3389
1434	3571
1434	3573
1855	4409
2366	102
2366	1295
2366	1020
2366	2458
2366	1784
2366	482
2366	1190
2366	340
2366	3615
2366	2701
2366	1619
2366	3166
2366	4335
2366	3309
2366	1226
2366	2876
2366	734
102	1295
102	1020
102	2458
102	1784
102	2070
102	2164
102	4514
102	3813
102	133
102	3092
102	3394
102	4556
102	58
102	3986
102	4061
102	2972
102	3521
1295	1020
1295	2458
1295	1027
1295	3661
1295	1077
1295	906
1295	1227
1295	3092
1295	4197
1295	792
1295	3573
1295	3184
1295	2132
1295	2852
1020	2458
1020	2070
1020	3092
1020	2914
1020	2376
2458	3893
2458	1784
2458	3896
2458	900
2458	3493
2458	206
2458	2070
2458	4674
2458	1455
2458	627
2458	1484
2458	3215
2458	3935
2458	4087
2458	1227
2458	2701
2458	1536
2458	1552
2458	1959
2458	2822
4326	1105
4326	3984
4326	206
4326	3389
4326	4434
1697	2577
1697	2192
606	2007
606	3282
606	2574
606	1227
606	3092
606	4666
606	2701
606	791
606	3110
756	604
756	2620
756	2275
756	3019
756	590
756	504
756	59
756	4670
756	1591
756	4038
756	921
756	284
756	1450
756	1458
756	1744
756	2921
756	4407
3893	3236
3893	3889
3361	1771
2590	1567
2590	3413
1889	249
1889	2687
1889	1047
1889	3915
1889	4552
413	249
413	2687
413	295
413	1502
413	3553
2166	1738
2166	3951
2166	2466
2166	3784
2166	2651
2166	4543
150	3816
541	869
2694	249
2694	295
2694	4552
3823	628
3823	885
3823	2189
4565	2547
4565	1749
4565	1269
4565	1421
3378	2937
1614	4392
1614	1058
1614	3503
1614	1337
3722	1125
600	206
9	2323
9	4500
9	3491
3920	2829
3323	562
3323	4601
3170	1995
3170	2307
3170	4589
2956	1033
1735	3236
1611	348
276	59
276	4047
3101	2565
3101	2782
3101	1784
3101	4546
3101	2882
3101	2488
3101	4002
3101	1606
3101	2035
3101	374
3101	2966
3101	2687
3101	1083
3101	2611
3101	3691
3101	3979
3101	2586
3101	265
3101	468
3101	476
3101	2316
3101	2083
3101	2337
3101	2556
3101	3027
3101	2599
3101	2650
3101	2844
3101	2876
3101	2970
3101	3073
3101	3565
3101	3603
3101	3711
3101	3947
4582	543
4582	4012
4582	152
4582	374
4582	4567
543	4163
543	4012
543	321
543	1578
543	4653
543	2928
543	661
543	1964
543	374
543	1071
4163	4012
4163	152
4163	598
4163	374
4163	3883
4012	321
4012	1578
4012	473
4012	2928
4012	152
4012	1964
4012	374
4012	1071
4012	2375
4012	1421
321	3379
321	1212
321	1173
321	152
321	1325
321	1964
321	374
1751	2051
4633	216
1872	1027
2565	3826
3957	209
2254	3606
2254	3221
3804	4450
2146	4352
2146	2937
2146	2632
2146	388
1278	3389
339	3494
4450	2620
4450	3435
4450	1222
4450	1023
4450	2735
3756	2150
3756	1094
3756	3296
3141	3173
1488	2625
1488	1094
1488	4342
4671	1948
3465	3977
3465	3653
2227	1417
2829	249
1529	1307
243	1027
243	1943
176	1868
2617	2983
4166	4228
4166	4122
4166	3503
4246	4594
3976	2012
3976	3122
2612	900
2612	3832
2612	39
2612	877
2612	3390
2612	2580
2612	4609
2439	504
2439	661
1598	3235
1513	1836
2696	1836
3596	3730
3596	1836
2677	1723
2677	3464
2677	3497
2677	3527
2748	1836
2748	1928
3123	2301
3730	816
3730	974
3730	3364
3730	3224
3730	905
816	1836
816	2301
1714	1836
974	1836
974	2301
3364	2301
3364	113
3224	1836
2056	152
905	1836
2320	1836
2320	2301
2320	1914
1836	1206
1836	1554
1836	3173
1836	326
1934	104
2782	1868
2571	3638
2767	164
2767	1943
3977	3653
3977	4272
3977	59
3977	1442
3977	2222
3977	2375
2963	2625
2963	1213
2963	3282
2963	2574
2963	2070
2963	305
2963	4335
2963	922
1676	2925
4629	1269
928	3236
571	632
571	562
571	1321
571	3184
4156	3379
4156	4105
4156	875
4156	1749
1784	627
1784	936
1784	1731
2625	3282
2625	3163
2625	305
2625	4335
1027	3638
1027	1206
1027	3023
1027	2053
1027	4665
1027	435
1027	1267
1027	3511
1027	3610
1027	4402
1027	1023
1948	1699
1948	4556
3427	152
3427	2232
1556	875
1556	3606
3334	3606
3334	861
2007	3282
2007	2574
2007	1227
2007	3092
2007	2701
2007	3110
4416	3023
4416	504
4416	595
852	2368
4639	1269
3618	3954
3083	524
2983	507
540	3163
540	1442
540	4500
540	598
1417	2301
1417	3322
1417	1594
1417	3456
1417	1749
1417	3439
1417	3010
1628	3296
3650	3379
3650	3444
3650	3860
1025	3126
1025	4155
1025	4324
3126	3236
2075	3638
2075	3148
2075	3296
2075	829
2075	2642
1726	4231
1726	2940
4070	3951
4636	504
4636	3236
4392	3638
4392	2620
4392	875
4392	1986
3896	2424
3896	2070
3896	562
3896	1227
3896	3239
3723	1738
3723	1107
3723	2083
3638	1738
3638	1546
3638	1206
3638	3337
3638	1107
3638	2882
3638	3024
3638	1986
3638	4234
1738	1206
1738	1986
1738	4635
1738	4234
4019	3379
2140	4584
2140	2909
2140	1023
4584	1325
4584	326
3414	1442
4190	463
3785	3606
3785	3843
3785	861
763	1094
1546	1986
2880	3182
2301	1209
2301	3379
2301	1594
2301	1749
2301	2318
2301	850
3661	2626
3661	4496
2487	4278
1209	1532
1209	4105
1209	3389
1209	1204
1209	2161
3962	1749
3962	3784
3962	2940
3962	881
3962	2597
3962	2223
2620	3379
2620	2610
2620	2804
2620	1532
2620	3322
2620	632
2620	2471
2620	3779
2620	1438
2620	2845
2620	264
2620	3801
2620	342
3379	2804
3379	57
3379	2318
3379	632
3379	2471
3379	590
3379	1105
3379	3023
3379	4276
3379	4665
3379	1665
3379	2169
3379	1592
3379	3744
3379	2845
3379	2455
3379	885
3379	248
3379	342
3379	277
3379	284
3379	391
3379	901
3379	931
3379	1301
3379	1777
3379	2548
3379	2552
3379	2614
3379	2637
3379	2932
3379	3107
3379	3122
3379	3196
3379	3218
3379	3494
3379	4077
3379	3739
3379	3820
3379	3834
3379	3911
3379	4075
3379	4218
3379	4247
3379	4264
3379	4656
3379	4028
2610	1532
2610	875
2610	1594
2610	1749
2610	632
2610	3034
2610	1540
2610	3860
2804	875
2804	1594
2804	1749
2804	632
2804	3034
1532	875
1532	1594
1532	3456
1532	1749
1532	632
1532	1799
1532	3034
1532	1540
1532	1509
3322	3439
4105	2318
4105	46
4105	1490
4105	4670
4105	3419
4105	2582
4105	1537
4105	3546
4105	829
4105	2438
4105	2614
4105	2789
4105	4656
875	632
875	2471
875	4665
875	1269
875	3629
875	3662
1594	1749
1594	632
1594	2471
1594	2845
1594	3010
3456	2363
3456	3439
3456	1496
3456	1592
3456	3296
3456	4007
3456	958
3456	3134
3456	3339
1749	632
1749	2471
1749	590
1749	3444
1749	1592
1749	2845
1749	3520
1749	3010
1749	2614
57	1537
2318	3010
2318	1147
2318	1421
2318	2614
632	2471
632	814
632	2363
632	4250
632	3034
632	1540
632	446
2471	3034
2471	1540
2471	3496
1578	152
1578	374
1578	3611
4653	152
4653	374
2096	3998
2608	1301
1491	1506
4199	1269
1506	249
1506	612
1506	295
2215	1567
2827	4648
2827	2034
2827	1591
4648	2034
72	3019
72	1302
554	1302
2275	4110
2275	1632
2275	3261
2275	3034
2275	1540
2275	1479
2275	3452
2275	3450
2275	551
2275	66
2275	1144
4110	1632
4110	1479
4110	3452
4110	1144
1632	1479
1632	3452
1632	1144
4471	3954
1716	3027
4231	2666
4231	10
4231	3073
1142	1496
2246	2183
2246	2067
1181	4155
64	346
64	1079
452	1951
452	1190
452	1868
452	2051
2368	515
2368	3876
2368	3166
900	4347
900	39
900	3390
900	1496
900	3209
1566	4347
640	4347
640	3236
1250	4347
1250	717
1250	2337
1250	3018
2150	1844
2150	4347
2150	717
2150	3018
4489	4347
1736	1911
1042	66
3909	295
93	3485
3515	599
3515	4356
3515	3192
3515	791
2310	3236
2310	1939
142	3423
4154	3209
2925	2424
104	1567
3019	1579
3019	3945
3019	3752
3019	1850
3019	980
3019	910
3019	4071
3019	3691
1579	3945
1579	3752
1579	590
1579	910
1579	651
1579	3989
3945	3752
3945	46
3945	980
3945	2231
3945	4087
3752	590
3752	910
590	46
590	980
590	910
590	2928
590	3556
590	2921
590	3463
1850	2236
1850	3542
1850	921
1850	4320
46	1761
980	3491
4013	2424
3493	206
3493	1325
3493	2375
2087	2114
3832	39
3832	877
3832	3390
3832	2580
3832	4609
473	59
473	1567
473	1169
473	1964
473	4116
2666	584
3424	206
3424	584
3424	2493
3424	4543
78	3236
238	2824
3913	1844
3913	4347
1844	4347
3337	2363
3337	249
3337	1307
3337	1130
3337	4643
3337	295
3337	3058
3337	3680
4347	3742
4347	2523
4347	3611
4347	1391
2363	249
2363	1156
2363	2890
2363	1868
2363	551
2363	1144
2363	2051
2363	4527
491	249
249	3861
249	1156
249	612
249	1951
249	3548
249	4533
249	4678
249	2901
249	3452
249	3930
249	1868
249	4643
249	551
249	66
249	1144
249	507
249	958
249	1502
249	2316
249	2051
249	2239
249	2824
249	2844
249	3553
249	4527
412	2982
3861	3236
3861	295
1723	1105
1723	3984
1723	584
1723	1302
1723	1567
1723	3389
1723	4434
1105	2273
3984	1680
3922	3989
1313	3444
1313	807
1203	206
482	295
482	2844
482	3061
1156	2687
1156	295
1156	2844
1156	3569
1156	1205
1156	3739
21	66
3299	3951
3299	1619
3299	4249
2890	66
2890	2051
2890	4552
3758	300
3809	300
377	300
31	300
1677	300
300	94
300	1982
94	1964
3635	1033
3635	3791
3635	3975
1951	4678
1951	2901
1951	3452
1951	1868
1951	4643
1951	551
1951	295
1951	2178
1995	647
1995	687
647	687
647	2124
647	4611
647	4040
647	1787
647	1130
647	3368
647	3175
687	1212
687	4605
687	1453
687	1863
687	3917
687	4040
687	1787
687	1468
687	1130
687	3368
687	3547
687	3328
1065	1399
3259	4276
3259	2797
1190	584
1190	1567
1190	1094
1190	1130
1190	922
1190	398
1190	3423
1212	4605
1212	1453
1212	1863
1212	1173
1212	1419
1212	1455
1212	1952
1212	2170
1212	1058
1212	545
1212	1033
1212	4122
1212	1468
1212	2728
1212	3026
4605	1453
4605	1468
4605	636
4605	4064
4605	306
4605	4371
1453	1468
1453	3787
1453	2378
1453	388
2139	3389
4272	519
1222	1567
1222	3296
3571	1883
2424	30
2424	562
2424	2812
2424	859
2424	3978
2424	289
2424	1901
909	4500
909	922
909	3014
1713	289
3282	2070
3282	4666
3282	3110
2574	4666
2574	3110
1554	30
1554	2070
1554	504
1554	661
1554	4666
1554	2701
1554	440
1554	2642
1554	3209
30	2701
30	2642
206	2070
206	2334
206	4155
206	4666
206	2523
206	289
206	1984
206	502
206	1001
206	589
206	637
2070	562
2070	1227
2070	2701
2070	3209
562	4155
562	4666
562	289
562	4431
709	1550
1905	4100
1905	3444
135	3954
3954	3444
3954	1339
3954	2161
4297	3450
3951	1619
3443	1996
3742	1021
3742	4603
3742	3253
3742	4064
3742	4616
39	877
39	3390
39	2580
39	4609
127	3784
127	584
127	242
127	782
266	782
1996	2466
1996	2651
3606	4248
3606	4335
2835	1959
1107	1337
1107	1986
2577	626
3023	4674
3023	4477
504	1593
504	1468
504	3024
504	2833
504	3198
504	2786
504	1757
504	1780
4432	4533
1511	4611
1511	519
4674	2466
4674	3296
4674	2642
623	1269
623	3876
623	4047
623	522
1173	1455
1173	1952
1173	2170
1173	1058
1173	3226
1173	545
1173	1033
1173	4122
1173	1915
1173	1325
1173	1619
1173	4556
1173	2222
1173	4413
1173	689
1173	965
2466	1403
2466	2632
2466	2375
2466	977
2466	3511
3784	2919
3784	1033
3784	1567
3784	3432
3784	515
3784	1183
3784	1013
3784	2378
1586	2609
584	2124
584	1033
584	1690
584	1567
584	1403
584	2632
584	1183
3754	3236
3754	661
3754	899
3668	3744
2464	882
2464	268
2464	4278
2464	1183
882	268
882	4278
882	1183
4228	1396
1583	1094
1583	1550
3402	3843
3402	4103
3402	480
1519	2255
648	4651
648	2785
648	3724
4312	3296
3139	2063
3139	1912
877	3390
877	2580
877	4609
59	3827
59	3518
59	545
59	1267
2493	3816
2493	3980
2493	233
2493	3173
3816	3980
3816	233
3816	1419
3816	1033
3816	444
3816	3511
3980	233
3980	1033
233	3659
233	3473
4239	961
4239	3452
3008	3163
3008	954
3008	1442
4131	4651
4131	10
4131	277
2928	152
2928	1468
2928	578
2928	374
4651	3173
4651	2104
4651	4205
4651	126
4651	1448
4651	2114
4651	3328
2785	2114
107	4656
4018	2822
3236	4611
3236	4031
3236	160
3236	4365
3236	3070
3236	2375
3236	705
3236	4205
3236	426
3236	1200
3236	1711
3236	1907
3236	3211
3236	3278
3236	3451
3236	3603
3236	3791
3236	3857
3236	3906
3236	4264
3236	3268
3236	4349
3236	2968
3236	3774
1917	2313
3444	3320
3444	885
3444	4442
1914	3518
2098	3679
2854	4284
4546	2820
539	885
539	646
3390	1496
3390	2937
3390	248
1496	3545
1496	2530
1496	1662
1496	3603
1496	3710
2292	1567
2292	3389
2292	58
2292	3296
2292	1036
2164	1455
2164	1058
2164	3694
3173	699
3488	2114
4578	3175
152	4138
152	1964
152	1071
2488	848
2488	4284
2488	3679
2488	4611
2488	4670
2488	2530
2488	867
2488	40
2488	73
4284	3679
4284	4611
4284	4670
3917	2124
2124	2377
2124	2053
2124	3679
2124	1307
2124	1806
2124	1663
2377	1911
3679	4611
3679	4121
2679	4611
2679	660
2679	4673
2679	4670
2679	4121
4611	660
4611	4673
4611	4670
4611	4121
4611	1567
4611	2940
4611	4556
4611	2739
4611	3766
4611	4278
4611	3058
660	4121
4673	4121
3843	240
3843	598
3843	3538
3843	2175
4514	3736
2414	3328
1419	1455
1419	1058
1419	545
1419	1033
1419	113
1455	1058
1455	545
1455	1033
1455	4223
1455	4122
1952	1033
1952	636
1952	515
1058	1033
1058	1325
1058	3184
4670	4121
4670	1307
4121	1442
3148	1258
3148	2008
3148	3100
545	1033
545	3826
1033	4223
1033	4122
1033	1567
1033	1269
1033	3503
1033	4047
1033	3117
1033	113
1033	3556
4223	4122
4223	718
4223	3503
4223	1036
4223	3826
4122	1325
4122	113
4122	2114
3545	1325
3545	435
4332	3212
4017	936
4017	1731
627	936
627	1731
936	1731
936	4031
936	3194
936	4672
936	4087
1731	4031
1731	4087
3045	4616
1442	3131
1442	4248
2530	58
3541	3389
3541	1399
1307	3779
1307	2582
1307	699
1307	1706
1307	2756
1778	1637
700	1567
4040	1540
4500	718
4500	375
598	3538
598	2175
598	885
4533	2687
4533	295
3538	3026
661	4343
661	2879
661	929
661	958
661	1612
661	1890
661	4219
661	4264
125	1619
125	4077
2020	3475
2020	507
2020	3883
4276	3662
1468	306
1468	1367
192	183
2334	3389
1302	3116
1302	71
3574	635
2859	1130
2999	1637
2999	3346
3034	1540
3034	825
3034	4609
1637	435
226	1567
1109	4086
3813	1567
3813	859
3813	298
4665	2192
4665	859
4665	2895
4665	3629
4665	2016
2192	859
2192	2895
906	1567
906	298
1567	1540
1567	4047
1567	2632
1567	3450
1567	517
1567	3727
3800	1366
1366	1612
1366	3794
1366	1397
1403	3389
1403	1620
1403	899
1403	3296
1403	1036
859	578
859	1094
859	1286
859	1448
1665	28
1665	4275
1665	164
1665	4556
1665	4498
1665	3475
511	3720
2895	3629
2895	2016
2895	3485
1540	825
3389	1166
3389	2523
3389	2632
3389	2375
3389	4278
3389	2631
3389	4205
3389	2609
2169	1269
2169	2914
2169	3826
1269	10
1269	58
1269	4499
1269	1536
1269	1396
1269	362
1269	808
1269	926
1269	958
1269	1137
1269	1267
1269	1458
1269	1892
1269	4214
1269	4255
1269	4268
1269	4476
1269	4496
1269	4624
2035	58
2035	2580
2766	2099
2766	3547
2016	164
3131	3296
4138	1071
4138	3611
3197	1669
160	1706
4678	2687
4678	69
4678	295
4678	1502
4678	3665
4678	2703
420	227
420	2585
4071	2230
2668	3309
2668	525
2668	2189
2668	2307
2188	3839
1900	2911
3024	3520
3024	3659
3024	3998
1620	1094
1620	1550
3788	1094
3445	3175
2820	899
2820	3328
899	1367
899	3556
899	3328
3194	4087
3997	209
1770	375
3503	2008
3779	1943
578	3333
2651	2340
2225	507
1227	4666
1227	289
1227	3110
1227	3732
1438	2223
1438	3998
3092	4155
3092	4666
3092	3110
4155	4666
4155	2701
4155	1964
4155	1876
2901	357
4666	4603
4666	2701
4666	435
4666	3296
4666	1003
4666	3209
636	630
4275	1816
4275	3357
784	4248
1094	1550
1094	3611
1094	4064
1094	3409
1094	3423
1550	448
1550	3561
4603	2642
2701	289
2701	2642
1057	2299
1057	1612
3419	3845
3419	3590
3845	3296
3845	3590
2523	2642
2842	3166
2842	667
2842	2223
881	2223
3432	435
3432	2223
3432	3018
3124	3166
3124	667
3124	522
2048	4244
4420	2601
3602	371
3357	4498
3978	832
4146	2626
4176	3107
1130	1183
1325	4023
1325	4064
1325	494
1325	326
1325	4413
1325	2611
4023	227
1337	1986
227	374
227	326
227	3520
227	2017
227	3508
1964	374
1964	326
1964	375
1964	4084
374	1071
374	3611
2937	3296
2937	169
1537	4300
1537	734
1537	2161
164	2067
440	4596
945	2687
945	3463
2687	3452
2687	1868
2687	551
2687	958
2687	2051
2687	2844
2687	4527
611	2662
611	4596
2662	4596
4596	4507
4596	4480
4596	4234
2845	2503
946	3296
2879	515
2879	3876
2222	4047
2222	4413
3611	3079
3611	3132
4498	2067
3475	2067
3235	1361
3235	3278
2081	2444
4064	3116
4064	3520
4064	388
4064	2307
4064	1452
4064	2518
3166	435
3166	807
2507	1746
435	807
435	1183
435	4411
435	2758
435	521
435	2614
435	2865
435	4587
807	667
4047	3826
792	2883
1479	1144
1479	205
108	1396
603	1023
2444	4502
2444	502
2444	2375
4502	861
861	4251
995	2932
10	2255
58	2580
922	113
3452	66
3452	1144
3452	53
3452	295
3452	1502
3452	3553
494	326
494	3332
494	2632
326	3520
326	921
3520	388
2632	3296
3296	1771
3296	1950
3296	2375
3296	2572
3296	2593
3296	3860
3296	2631
3296	717
3296	166
3296	277
3296	517
3296	524
3296	525
3296	1411
3296	1698
3296	2099
3296	3511
3296	4234
3787	4434
264	4116
1663	3662
4499	1144
4499	4527
4620	967
1771	3680
2223	3239
2375	113
2375	519
2375	2356
2375	2642
3450	3975
216	3774
4586	259
1868	4337
1868	69
1868	295
1868	1502
1868	1971
1868	3569
1868	4552
3691	3491
3491	2468
3659	2995
3659	1023
298	3933
298	3755
4643	295
4643	403
4643	1502
4643	2051
4643	3109
2017	2011
3998	4431
854	697
3257	3889
1001	3175
1043	375
375	1091
384	3074
551	239
551	295
551	958
551	2051
551	4552
551	4527
3320	689
3308	1396
228	2572
1286	44
1286	2609
1286	4496
1286	1397
3573	2378
3573	813
3573	2517
3573	4616
689	767
170	2585
705	295
705	1636
66	67
66	295
66	1971
66	2823
66	3278
66	3248
66	3553
113	2522
2522	830
3766	2642
1036	4486
1147	1524
1147	1741
4112	3192
4112	3485
599	4356
599	791
3333	1144
3175	2604
268	2631
268	1748
4278	1183
2631	1183
242	3060
4356	3192
4356	791
3404	4657
3192	791
3192	3561
4657	3012
2758	2011
3132	146
2436	295
1144	295
1144	3915
1013	213
2378	3061
2378	4511
5	3328
53	2752
1852	3662
921	388
921	3662
69	1502
70	1707
236	1335
279	398
295	958
295	2051
295	2824
295	2844
295	2877
295	3061
295	3553
295	4527
295	4536
295	205
361	3448
371	3278
388	2189
388	3209
468	507
480	3401
507	4575
507	3906
507	3527
548	1956
548	2051
594	1196
594	1876
608	3134
608	4552
618	2604
630	997
693	1262
699	1698
804	4394
901	2284
931	1120
958	2051
977	2189
978	4310
997	3565
1003	1524
1011	1262
1047	1777
1079	3005
1146	4527
1155	4025
1262	3027
1318	2609
1329	2356
1446	3870
1494	3915
1502	2051
1502	2877
1502	4527
1507	2373
1612	3794
1612	4394
1612	3821
1612	1397
1612	1621
1616	3496
1636	4157
1662	3134
1662	4552
1668	3423
1756	2921
1854	1943
2051	2126
2051	3553
2051	3915
2051	4552
2051	4527
2073	3791
3794	4552
3794	3821
3794	1397
3794	1621
2126	2844
2126	3423
2239	3248
2239	4552
2642	3209
2594	2690
2609	3099
2633	3328
2790	3061
2844	2870
2844	4552
2914	3099
2915	3076
2915	3278
2922	1943
2970	3662
3061	3527
3063	1943
3100	3662
3134	4552
3239	4569
3239	4656
3278	3906
3451	1452
3590	3791
1205	4527
3680	3826
3748	4244
3889	4004
3915	4527
4552	4527
4150	3423
4219	4640
4349	4622
4510	1397
4510	1943
1023	2735
3547	3328
343	231
1931	231
584	231
507	231
3742	1413
1769	3699
398	3699
2070	137
3389	2896
2511	1553
2138	2655
1476	2655
1858	1239
1601	1239
4073	1239
4611	3863
718	3863
1036	3863
3184	3863
1834	2976
947	2976
3573	2976
3710	2976
2466	91
2493	91
4611	91
3389	91
1601	1122
3737	3115
1097	3115
4034	3115
4475	3115
276	3115
2466	3115
59	3115
3980	3115
3389	3115
2114	3115
1964	45
3415	1398
2335	1398
3799	1398
2277	1398
1643	1398
443	1398
1948	1398
540	1398
4127	1398
3023	1398
3390	1398
1307	1398
3779	1398
1901	1398
4105	3165
394	3165
4297	3165
1540	3165
3712	4132
4612	4132
1158	4132
1580	4132
4450	4132
473	4132
511	4132
4596	4132
3520	4132
3296	4132
931	4132
4594	4132
206	1822
504	3570
343	1638
102	1638
2493	1638
3980	1638
4253	1638
2466	1655
2651	1655
1110	285
756	285
3379	285
2466	3588
206	2524
295	472
1412	471
1193	471
2469	471
507	471
4003	3555
2791	1215
368	1215
1380	1215
3412	1215
3389	793
1269	2144
4087	1412
2573	2958
3827	2958
3148	2958
3389	2958
1013	2958
2378	2958
2952	3415
4526	3415
4185	2174
3595	2174
3289	2174
3503	2174
3998	2174
2183	210
435	210
3257	210
1321	210
3448	210
1951	4307
1288	1514
1193	4494
2420	4494
2185	4494
3502	4494
982	4494
482	4494
1156	4494
2292	4494
4533	4494
4678	4494
1144	4494
2051	4494
4527	4494
249	364
1269	364
2837	1478
3909	1478
2117	4008
3104	4008
3236	1407
2584	1841
3019	3275
2913	337
4231	337
1033	337
4611	1581
66	4625
1549	4625
1315	4664
3108	1136
817	2973
4216	2973
2952	2973
2584	2973
2071	2973
1643	2973
1692	2973
4216	817
2952	817
2071	817
1643	817
2952	4216
2584	4216
2071	4216
1643	4216
2584	2952
2071	2952
3724	2952
343	2860
2511	2860
3461	343
4433	343
1543	343
561	343
4568	343
3208	343
3855	343
749	343
1834	343
1523	343
3589	343
1473	343
3379	343
2102	343
1190	343
1996	343
2919	343
1419	343
1952	343
1033	343
226	343
2375	343
3209	343
3748	343
4433	3461
1732	3461
3380	3461
3101	3461
4105	3461
3296	3461
1399	3461
4512	2442
2963	2442
4523	2671
1618	2671
3992	2671
230	2671
4112	1869
3692	4523
4645	4523
3824	4523
4392	4523
3023	4523
3139	4523
1952	4523
2572	4523
2030	3664
1815	3664
273	3664
4326	3664
852	3664
3424	3664
3779	3664
164	3664
3611	3664
42	3664
1943	3664
1783	198
3670	4675
1414	4675
1894	4675
982	4675
249	4675
4643	4675
2051	4675
3417	2868
206	287
706	287
2575	3172
3880	3172
561	3172
2490	3172
2511	3172
4297	3172
3880	2575
561	2575
2490	2575
3427	2575
776	2575
1872	1543
3389	1543
561	3880
2490	3880
2030	3880
252	3880
718	3880
1620	3880
3431	1940
1864	1940
230	1940
1948	1940
3212	499
249	3866
295	3866
649	690
4660	690
2573	690
3417	690
2090	690
4611	690
3813	690
3389	690
1094	690
2090	649
4611	649
1692	649
553	2341
1567	1944
553	862
3378	862
1852	3607
921	3607
4314	1022
562	1053
2490	561
194	561
3799	561
3714	561
2278	561
3655	561
1473	561
3427	561
2835	561
59	561
2164	561
1033	561
4223	561
718	561
1130	561
922	561
3427	2490
3896	2490
896	2335
540	2335
2017	2335
3592	4679
1797	4680
1167	4680
249	4680
295	4680
3003	4680
182	3062
1048	3062
1935	3062
4545	805
2075	805
2620	805
875	805
1772	3431
62	3431
3824	3431
4070	3431
1554	3431
4297	3431
59	3431
4121	3431
2334	3431
3024	3431
2451	3431
2551	2362
2166	2362
2292	2362
3488	2362
2658	1732
744	2606
3101	2606
3404	2606
756	1754
3170	4598
3917	4598
2124	4598
2081	4309
900	4568
2041	4669
1863	4669
3500	3208
749	3208
770	3208
1966	3208
3767	3208
3104	3208
3728	3208
843	3208
2254	3208
1948	3208
3650	3208
1025	3208
2301	3208
1749	3208
2318	3208
900	3208
4154	3208
2363	3208
30	3208
4651	3208
2098	3208
2299	3208
3357	3208
164	3208
435	3208
3296	3208
921	3208
388	3208
521	3208
1003	3208
1421	3208
2459	3208
2604	3208
2865	3208
2957	3208
3436	3208
4443	3208
3019	629
2299	629
3209	629
1836	3017
140	3855
2030	3855
4156	3855
3379	3855
4643	1026
3351	1026
3553	3189
3108	2407
2030	2407
2205	3108
2315	3108
3522	3108
572	3108
2613	3108
2041	3108
2945	3108
2304	3108
2123	3108
3600	3108
1020	3108
3841	3108
321	3108
3456	3108
1799	3108
2150	3108
2666	3108
4143	3108
2199	3108
2377	3108
1665	3108
1299	3108
1719	3108
4666	3108
3274	3108
2222	3108
3375	3108
4649	3108
2631	3108
74	3108
70	3108
634	3108
677	3108
1079	3108
1447	3108
1467	3108
1752	3108
2040	3108
2050	3108
2051	3108
3794	3108
2135	3108
2157	3108
2269	3108
2324	3108
2467	3108
2519	3108
2552	3108
2637	3108
3001	3108
3238	3108
3242	3108
3413	3108
3448	3108
3473	3108
3739	3108
3745	3108
3948	3108
4617	3108
2511	4532
3306	1019
4381	1019
2578	1019
2578	3306
1437	194
4520	194
584	194
2493	194
2098	194
3389	194
1130	194
3975	194
4475	4381
1286	4381
3556	4381
2578	950
1437	950
1437	2578
930	3790
1414	4089
1894	4089
4678	4089
1414	2567
1894	2567
2420	2567
507	2567
4107	140
4112	140
1224	3670
2420	3670
1935	3670
1897	3670
2363	3670
249	3670
2687	3670
551	3670
295	3670
1502	3670
2051	3670
4552	3670
1193	2219
2369	2219
1567	2205
2935	1840
249	1840
2582	1840
875	4135
766	217
2438	217
249	766
295	766
2557	2106
206	2106
3992	1343
2138	2136
2454	2136
164	2136
1269	50
1562	1332
3638	1332
3742	1332
584	1332
4596	1332
3975	1332
2295	4660
1043	2793
375	2793
1091	2793
2767	4182
3236	4182
718	1885
1510	1214
1453	1214
3308	1214
553	2509
1049	2509
2146	2315
3742	2315
3296	2315
3175	2315
1709	2315
3662	2315
1468	1368
899	1368
3328	1368
803	1353
2235	1353
4554	1353
633	1353
3077	1353
745	1353
733	1353
1550	1353
1901	1353
108	1353
2131	1353
3623	803
4554	803
745	803
4252	803
733	803
167	803
16	803
3236	803
1653	803
1901	803
3638	4487
504	4487
3053	3799
639	3799
3427	3799
4127	3799
4651	3799
2842	3799
3328	3799
3427	2235
3019	2235
4127	2235
2785	2235
3235	2235
2838	2235
2211	3623
4040	3623
2458	2837
2844	2837
390	2887
2035	2887
58	2887
2580	2887
476	721
921	3894
3175	155
2366	4384
4657	4384
2030	4655
1601	4655
1943	4655
249	1386
1567	1769
3077	4046
2281	4046
691	4046
1625	1596
504	4088
626	4088
3835	4088
3809	498
3147	498
3027	1384
3063	1384
4520	2640
2199	2640
4394	2640
3500	508
2070	508
2512	422
4618	422
2511	422
1836	422
2098	422
2188	422
1138	492
590	492
2035	492
3379	3159
1901	3159
2633	3159
413	1684
967	1684
2030	1336
1035	1336
4404	2030
1436	2030
1629	2030
3251	2030
2391	2030
843	2030
2402	2030
1380	2030
2256	2030
2767	2030
3427	2030
3650	2030
2363	2030
4240	2030
1490	2030
647	2030
2424	2030
1486	2030
1606	2030
1832	2030
1307	2030
4365	2030
2981	2030
551	2030
2232	2030
1631	2030
53	2030
677	2030
762	2030
1268	2030
1373	2030
1678	2030
2922	2030
2960	2030
3662	2030
3914	2030
4073	2030
4510	2030
2703	2030
3379	1055
19	1762
2140	1762
4584	1762
2064	2537
4476	1241
2052	1193
3539	1193
2420	1193
114	1193
1400	1193
1697	1193
2275	1193
452	1193
2363	1193
249	1193
482	1193
2687	1193
4499	1193
66	1193
295	1193
507	1193
1502	1193
2051	1193
4157	1193
4286	1193
672	2137
329	2137
438	2137
306	2137
122	2137
425	2137
4444	4404
1171	4404
3296	4404
1373	4404
3374	3280
1605	3280
2511	3280
590	3280
910	3280
4064	3554
3417	2485
2254	2485
368	3007
34	3007
2297	3007
3823	3007
3379	3007
3493	3007
1107	3007
504	3007
4332	3007
2188	3007
3024	3007
1168	3714
1190	3714
946	3714
2209	3714
3573	3714
982	1797
3998	1797
396	2573
2085	2573
896	2573
1165	2573
2164	2573
1567	2573
2833	2573
2609	2573
4162	4551
1119	4551
4347	4551
227	4551
1083	4551
3175	4551
2474	2791
1736	2791
3412	2791
872	19
672	19
1781	19
1729	19
1610	19
1598	19
4584	19
1723	19
1071	19
3611	19
4047	19
2523	3374
1607	2282
3023	2282
2833	2282
326	2282
4205	2282
122	2282
578	653
1607	872
3832	872
3023	872
754	872
1567	872
2833	872
3368	872
4205	872
825	872
3368	2360
4122	2278
3236	2959
4667	1437
2041	1437
2511	1437
2488	1437
1550	1437
1984	1437
3296	1437
2071	2584
1643	2584
1027	2584
1013	2584
4392	4085
4618	2071
1643	2071
1171	2071
1337	2071
922	2071
388	2071
3858	4015
2277	4015
2726	4015
1010	4015
577	4015
606	4015
3101	4015
1027	4015
2466	4015
3173	4015
1921	4015
3389	4015
1550	4015
2444	4015
3296	4015
2375	4015
1277	4015
825	4015
3212	4015
3423	4015
1370	771
645	771
4584	672
1325	672
1071	672
3611	672
3819	3053
2389	3053
1981	3053
3962	3053
648	3053
4131	3053
3997	3053
1901	3053
758	639
987	639
1716	639
1689	639
767	639
645	1370
4071	1370
2934	1370
553	645
4520	645
2951	645
2948	645
3170	645
2146	645
3635	645
1190	645
4071	645
2934	645
3309	645
398	645
2382	645
1650	645
2549	1607
3427	1607
647	1607
687	1607
2632	1607
3175	1607
1023	1607
3547	1607
3328	1607
770	3345
2129	3345
541	3345
1027	3345
3723	3345
901	3345
3662	3345
4611	4444
519	4444
770	553
668	553
1168	553
3140	553
1578	553
3679	553
1567	553
4047	553
3184	553
500	553
3891	553
4002	3241
2964	3500
1881	3500
1560	3500
704	3500
3559	3500
2476	3500
1213	3500
3859	3500
1554	3500
30	3500
2070	3500
3092	3500
4603	3500
2701	3500
4495	1562
4020	1562
2211	1562
34	1562
1554	1562
1619	1562
138	1562
1288	1562
3659	1562
4376	1251
3779	1485
1792	1618
2067	1618
2138	1340
1476	1340
4269	1340
366	1340
3533	392
3077	392
2366	392
814	392
3861	392
125	392
2175	392
1269	392
2299	392
2993	392
3502	1224
982	1224
3456	1224
4533	1224
1144	1224
958	1224
2051	1224
2239	1224
1971	3737
4608	193
425	193
1234	182
2420	2052
1897	2052
452	2052
2666	2052
2363	2052
249	2052
3861	2052
2687	2052
1868	2052
295	2052
2370	2052
1792	4048
2314	4048
1580	4048
3175	4048
3662	4048
3101	749
2302	467
1476	2138
4020	2138
4351	2138
1772	2138
1010	2138
2211	2138
3302	2138
3692	2138
3824	2138
816	2138
4392	2138
3638	2138
1738	2138
1206	2138
900	2138
445	2138
3299	2138
1107	2138
3023	2138
3843	2138
2334	2138
3197	2138
3024	2138
2651	2138
1550	2138
1619	2138
1337	2138
1747	2138
1986	2138
2340	2138
1272	2138
2633	2138
1023	2138
4020	1476
1010	1476
2211	1476
3638	1476
1550	1476
1619	1476
1337	1476
1747	1476
3659	1476
1706	1476
3658	1476
1981	3819
2620	3819
4131	3819
3779	3819
3328	3819
1027	4618
183	4618
1959	4618
2067	1792
3524	2964
2476	2964
1213	2964
1554	2964
30	2964
2070	2964
4603	2964
2701	2964
388	2964
2642	2964
3379	1624
4347	1624
4358	3487
1097	3487
2389	3487
2511	3487
3424	3487
4347	3487
4358	4520
1097	4520
1168	4520
2389	4520
1901	4520
3217	252
1953	252
3530	252
1171	252
339	252
1364	252
3427	252
3424	252
1222	252
1863	252
1512	252
877	252
3488	252
2124	252
1419	252
2523	252
945	252
1771	252
2858	252
75	252
3429	252
2703	252
2716	3217
3236	3217
2104	3217
1871	3217
4645	2716
1749	1463
3236	1463
4475	119
3379	119
4674	119
1567	119
3389	119
3296	119
2642	119
3337	3912
2438	3912
632	1659
2515	1659
3690	3847
4101	1414
2901	1414
295	1414
958	1414
1494	1414
2316	1414
2435	2563
295	2563
3690	1894
1935	1894
756	1894
295	1894
1502	1894
1505	4422
867	4422
3339	2905
2511	2831
273	1605
3638	1974
1421	3191
881	2707
4275	1858
2511	1977
3175	1977
2585	1977
2846	2463
3843	2463
2126	3873
3732	3873
1234	3690
249	3690
295	3690
756	1809
3662	1809
3472	1834
744	1834
3220	1834
4305	1834
3716	1834
1110	1834
4166	1834
3334	1834
2620	1834
3379	1834
1532	1834
4105	1834
875	1834
1594	1834
1749	1834
1799	1834
590	1834
4276	1834
3740	1834
1592	1834
1537	1834
4411	1834
357	1834
806	1834
901	1834
1204	1834
2486	1834
3436	1834
734	1834
2161	1834
859	1641
543	3858
4163	3858
4012	3858
3635	3858
152	3858
374	3858
1784	3769
627	3769
936	3769
1731	3769
4031	3769
4087	3769
2268	3769
1781	523
3104	523
1981	523
1068	523
4392	523
4105	523
4240	523
709	523
1597	523
3930	523
608	523
2628	523
3328	523
3170	3380
3801	3380
3175	3380
1262	3380
4666	2506
1933	868
2786	868
4061	4554
756	3417
442	4336
70	3181
3843	4460
598	4460
421	2674
3595	2674
3692	2674
3197	2674
1709	2025
3101	2079
1048	3199
3758	3199
551	3199
2549	4020
2511	4020
4605	4020
1619	4020
3253	4020
1939	4020
413	3539
2890	3539
1526	3539
4062	3539
66	3539
1144	3539
2585	1976
982	1167
413	1167
249	1167
1951	1167
2901	1167
3559	3524
4269	3524
1488	3524
2424	3524
562	3524
4122	3524
1227	3524
4666	3524
289	3524
4335	3524
2511	1098
1484	1098
30	1881
2070	1881
1690	1881
2642	1881
1554	1560
30	1560
2070	1560
2146	3781
30	704
2070	704
4666	704
2642	704
3211	704
3850	1483
2125	1483
4368	3287
3101	2474
2016	2474
2096	1174
1729	2277
280	2277
1844	2277
3668	2277
2292	2277
3389	2277
4475	1781
2075	1781
2164	1781
3389	1781
1337	1781
3296	1781
2096	4078
1510	744
1496	744
881	744
4536	2558
4064	3829
2511	2904
2668	2904
3014	2904
3379	414
4646	4612
4136	4612
1532	4612
4646	1729
1033	1729
4122	1729
1567	1729
2614	1729
3209	1729
4167	770
102	4410
3723	2762
3424	2074
504	2074
2292	2074
1952	2074
906	2074
4620	2074
2375	2074
2626	2074
1986	3093
1380	4169
632	4169
1579	4169
1871	4169
2378	4162
3101	4469
3980	4469
4346	4469
4144	4469
875	4185
661	1362
3101	329
1981	3522
433	668
2366	668
102	668
1598	668
1799	668
4611	668
1307	668
1567	668
859	668
1269	668
3175	668
1318	668
1567	2629
1307	3586
1097	4358
93	4358
3296	4358
1452	4358
1962	1097
4195	923
504	2975
2783	1039
4651	1197
3638	4034
1738	4034
1546	4034
879	4034
4234	4034
2947	1967
927	1967
4611	837
2075	2343
632	2343
2651	2343
2511	396
3012	396
4244	4667
206	2839
1173	3550
1952	3550
2170	3550
1058	3550
4122	3550
689	3550
1382	3789
125	3789
2458	4545
4392	4545
1738	4545
1366	4545
1397	4545
756	312
1183	1510
1489	1510
2064	2784
3432	2784
1567	2726
1225	884
4064	884
3767	1168
2487	1168
2183	1168
2466	1168
584	1168
522	1168
1258	80
4373	80
1610	49
1293	49
2424	159
3573	3220
2469	4101
1897	4101
1951	4101
2129	1436
541	1436
2511	1629
2632	4
3296	4
2374	3499
3389	4351
2642	4351
3289	3767
2511	3767
3692	3767
4326	3767
4392	3767
1738	3767
1723	3767
1107	3767
3023	3767
4332	3767
2981	3767
2378	3767
1023	3767
4234	3767
2530	2602
3502	2420
982	2420
249	2420
2687	2420
1868	2420
551	2420
295	2420
958	2420
2051	2420
4552	2420
4386	1818
3581	1818
2089	1818
2653	1818
3650	1818
3581	4386
2089	4386
2653	4386
2089	3581
3137	3581
368	3015
4326	3015
1844	3015
504	3015
1228	3015
1269	1123
1405	2935
295	2935
9	1405
2687	1405
295	1405
4536	1405
3393	3655
2064	3655
2246	3655
2466	3655
3784	3655
881	3655
3881	1864
4475	368
2057	368
3692	368
2439	368
4070	368
4636	368
127	368
504	368
4332	368
1719	368
2833	368
3692	1772
504	1772
3573	1772
2203	1772
2963	669
2246	669
114	1048
1400	1048
694	1048
1114	1048
2371	1048
249	1048
482	1048
1156	1048
2895	1048
160	1048
295	1048
1146	1048
1399	1048
2418	1048
2844	1048
2870	1048
3278	1048
1205	1048
3839	1048
4527	1048
3502	114
982	114
3930	114
4643	114
982	1935
2570	1935
2829	1935
4533	1935
1889	1798
794	1798
3826	1798
1567	2951
756	1238
2511	3490
3502	1469
4614	3251
3389	3251
426	3251
608	3251
2271	2092
3456	2092
3236	2092
4086	2092
3298	3343
2275	3343
504	3343
3034	3343
2511	56
1760	56
2861	1505
249	1505
3742	1505
4643	4561
249	3298
2687	3298
4499	3298
295	3298
2877	3298
933	1007
366	3928
896	1010
3566	1010
577	1010
504	1010
525	1010
806	1010
2426	1010
1023	1010
1789	1733
814	1733
2846	2454
2956	2454
1863	2454
2124	2454
1952	2454
3253	2454
1806	2454
1081	2454
102	2389
1033	2389
3876	2389
3573	2389
1155	2389
1219	3369
3058	3369
2140	4497
4012	2613
4121	2613
249	1247
1302	1247
1269	4319
113	4319
249	484
1502	484
3638	3589
2368	3589
1264	3589
110	3589
3058	3589
3212	3589
334	1400
3945	1400
3337	1400
2363	1400
1868	1400
4643	1400
4527	1400
2703	1400
2511	2163
3131	2163
1273	4315
1815	2211
1721	2211
3104	2211
896	2211
1917	2211
3800	2211
2444	2211
4502	2211
3766	2211
1669	2211
3448	2211
1036	904
4475	3302
1027	3302
478	2861
295	2861
1119	2741
478	2741
4136	1016
1579	1016
1383	2920
3389	1383
691	1383
3556	1383
2511	1972
1293	334
1778	334
4081	334
4651	4525
3561	4525
230	34
4297	34
1107	34
3061	34
3212	34
2366	18
230	18
4133	3850
3860	2041
442	2185
4122	2185
122	2185
3236	3693
1863	1815
3027	1815
58	836
3889	836
1933	4167
3077	4167
3951	4167
2366	3530
4025	179
3285	4512
4223	4512
1325	4512
1964	4512
374	4512
1620	1225
1094	1225
1550	1225
4475	3576
3379	3576
982	3502
2570	3502
2363	3502
249	3502
2901	3502
1169	3502
2687	3502
4499	3502
4643	3502
551	3502
295	3502
1612	3502
2051	3502
2844	3502
4552	3502
1468	1382
603	421
3787	421
2072	421
819	421
1023	421
4297	3639
1721	4224
886	4224
3104	4224
3796	4224
2909	4224
2444	4224
4502	4224
886	1721
3104	1721
3796	1721
2444	1721
522	1721
3104	886
3796	886
2334	886
2444	886
4502	886
1601	3104
3796	3104
1222	3104
4312	3104
1882	3104
4502	3104
3184	3104
1183	3104
517	3104
1072	3104
1421	3104
1674	3104
3692	1610
578	1610
1286	1610
691	1610
4352	1150
1325	1150
1964	1150
326	1150
3520	1150
3754	4378
206	4125
2366	4308
4567	710
3379	1315
2466	1315
1366	1315
3166	1315
1397	1315
1621	1315
66	2469
146	2469
702	3533
1556	3533
875	3533
1943	3533
3337	694
66	694
435	1981
2633	1981
3547	1981
3328	1981
3379	442
718	442
248	442
122	442
2963	2210
4646	1246
3077	1246
3259	1246
3379	2945
3236	2945
2947	3249
1094	3249
2410	534
249	534
4533	534
2620	702
875	702
1428	2374
3077	2374
632	4390
3953	1378
594	1378
1625	2085
4416	2085
4611	2085
3389	2085
1337	2085
249	1119
3175	1119
295	1119
3553	1119
4122	2410
2895	1919
1219	1933
2334	1933
2845	1933
3235	1933
3166	1933
3397	1933
4305	1219
47	1219
3619	1219
4350	1219
209	3953
4475	4646
206	4646
16	4646
1052	4646
3784	4646
1550	4646
982	2090
412	2090
1907	2090
2178	2090
3662	2090
2570	982
1897	982
3566	982
1889	982
2363	982
249	982
482	982
2890	982
1951	982
4533	982
1269	982
2687	982
551	982
295	982
1502	982
2051	982
3915	982
4552	982
1408	2588
3023	4026
1744	4026
3389	438
2189	4366
2393	4366
4651	1679
1473	4172
4160	4172
1209	4172
691	4172
3077	1428
1936	1428
4064	1428
921	1428
3090	3077
4500	1789
1619	1789
475	1789
1821	1789
390	1601
62	1601
756	1601
2007	1601
2246	1601
2204	1601
2765	1601
1269	1601
4138	1601
1337	1601
4279	1601
2378	1601
5	1601
1852	1601
921	1601
2080	1601
2156	1601
4277	1601
1943	1601
1751	2271
2895	2271
819	2271
1631	2271
608	2271
2126	2271
2350	2271
2948	3102
2511	1527
3637	1527
1850	3481
1943	3481
1043	2304
4477	2304
1267	1388
875	2494
440	3075
3641	3075
1900	97
3832	2297
39	2297
3606	2297
504	2297
877	2297
3390	2297
3024	2297
440	2297
3992	2579
3977	947
3962	947
3784	947
3432	947
1110	4165
2471	4165
647	4165
3023	4165
1982	4165
1262	4165
1020	1652
3827	2551
2909	433
1692	433
3986	369
3746	1134
1269	1134
689	1248
2511	462
3378	462
3101	462
2668	863
3296	863
2511	3031
2511	638
1264	638
1269	4222
1232	1244
584	1244
3444	1244
3538	1244
2255	1244
2195	1609
3961	1609
2766	1609
3547	1609
3961	2195
2766	2195
3547	2195
3236	341
388	3595
3033	3924
1169	3033
1494	3033
3665	3033
1380	4003
1556	4003
2620	4003
3379	4003
3390	4003
1496	4003
435	4003
2846	4475
1171	4475
4326	4475
1611	4475
1546	4475
1206	4475
590	4475
2087	4475
1723	4475
127	4475
266	4475
2835	4475
3679	4475
2765	4475
661	4475
4665	4475
3800	4475
2016	4475
2675	4475
4278	4475
348	4475
2609	4475
4269	3367
3619	2948
606	3559
30	3559
4155	3559
4666	3559
289	3559
2458	4269
4671	4269
1536	4269
206	273
1901	273
1171	390
4605	390
3951	390
1455	390
1058	390
545	390
1033	390
4122	390
2947	2846
2487	2846
3379	2846
1749	2846
3980	2846
4047	2846
861	2846
3641	2846
2736	2846
3078	4044
3722	4044
3379	4044
127	4044
3296	4044
214	2391
3236	478
661	478
2325	478
4239	3961
2766	3961
961	3961
687	82
3951	82
504	82
3992	896
3951	896
3827	896
2164	896
3101	3923
249	1234
4251	1234
4527	1234
1269	1456
3261	3833
507	3833
1502	3353
295	2435
3962	1171
206	1171
3148	1171
1033	1171
4061	1171
3556	1171
3379	2270
3661	3716
998	2950
4136	3619
1567	3619
1130	3619
98	4136
1583	4136
4611	4136
1033	4136
859	4136
1620	4136
540	1374
3236	1374
2511	3753
540	2913
1627	2913
3209	2913
2511	4175
1269	4175
2653	2089
3379	2089
3456	2314
3439	2314
3235	2314
571	1273
2610	1273
2632	1273
298	1273
1110	3161
3182	79
3998	79
3723	2108
1594	2108
623	2108
1337	2108
3212	2108
3182	3289
3998	3289
3212	3289
2511	2355
1836	497
1295	2549
3606	2549
3573	2549
1868	3453
2439	2057
504	2057
2166	3992
3960	3992
3904	3992
540	1577
2366	4115
2146	3728
2098	3728
3668	280
3444	280
1293	2129
541	2129
869	2129
3582	2129
4611	4580
4649	4608
4017	3796
1731	3796
4502	3796
3739	232
540	366
3414	366
3008	366
4611	366
3163	366
2750	366
2900	366
1442	366
2511	2476
3109	2476
2124	631
2298	2511
2062	2511
1068	2511
4326	2511
4671	2511
2673	2511
928	2511
4190	2511
4489	2511
3019	2511
3752	2511
4127	2511
3337	2511
1951	2511
2627	2511
4228	2511
2919	2511
2882	2511
1593	2511
848	2511
2377	2511
2679	2511
1111	2511
4121	2511
3882	2511
1307	2511
4040	2511
3538	2511
1217	2511
1690	2511
3615	2511
578	2511
1227	2511
2417	2511
289	2511
2943	2511
1771	2511
216	2511
3184	2511
3132	2511
1631	2511
3485	2511
54	2511
1852	2511
67	2511
122	2511
126	2511
447	2511
524	2511
573	2511
741	2511
929	2511
931	2511
1093	2511
1132	2511
1133	2511
1196	2511
1497	2511
1612	2511
1616	2511
1685	2511
1871	2511
1876	2511
505	2511
2158	2511
2356	2511
2468	2511
2508	2511
2534	2511
2690	2511
2744	2511
2823	2511
2874	2511
3097	2511
3134	2511
3180	2511
3395	2511
3610	2511
3662	2511
3720	2511
3724	2511
3797	2511
3891	2511
3985	2511
4264	2511
3423	2511
4442	2511
4443	2511
4536	2511
4569	2511
4615	2511
4624	2511
2161	2511
205	2511
3777	2511
3379	1473
4105	1473
4611	1473
2611	1473
843	1293
2620	1293
3379	1293
875	1293
1594	1293
1749	1293
57	1293
859	1293
578	1293
2632	1293
3567	2298
2963	3393
1438	3393
1699	3393
2947	2064
4231	2064
3236	2064
3235	2064
4064	2064
10	2064
3473	2064
1380	843
3379	843
718	843
2572	843
1452	843
3662	843
4645	2947
2632	2947
4392	62
164	62
1984	62
3296	62
2486	2697
2885	2697
2720	1138
1027	3692
504	3692
1653	3692
3813	3692
2833	3692
2375	3692
3986	3692
3212	3692
3698	3127
1446	4645
1027	3824
3723	3824
1156	3824
4611	3824
3520	3824
2189	3824
3212	3824
2366	758
206	758
1636	2653
1897	2570
2363	2570
4567	2570
3296	2570
1868	2570
551	2570
1144	2570
3675	2570
295	2570
4527	2570
3379	1897
3452	1897
1144	1897
3197	2788
2188	3566
2081	4160
1262	4160
276	1110
3606	577
4596	577
1567	2495
718	2495
1036	2495
3662	2495
2070	2062
3101	2884
2477	1380
1512	1380
3175	4367
1692	4367
2668	1114
3911	1114
4651	729
3389	3856
3571	1434
3573	1434
4409	1855
102	2366
1295	2366
1020	2366
2458	2366
1784	2366
482	2366
1190	2366
340	2366
3615	2366
2701	2366
1619	2366
3166	2366
4335	2366
3309	2366
1226	2366
2876	2366
734	2366
1295	102
1020	102
2458	102
1784	102
2070	102
2164	102
4514	102
3813	102
133	102
3092	102
3394	102
4556	102
58	102
3986	102
4061	102
2972	102
3521	102
1020	1295
2458	1295
1027	1295
3661	1295
1077	1295
906	1295
1227	1295
3092	1295
4197	1295
792	1295
3573	1295
3184	1295
2132	1295
2852	1295
2458	1020
2070	1020
3092	1020
2914	1020
2376	1020
3893	2458
1784	2458
3896	2458
900	2458
3493	2458
206	2458
2070	2458
4674	2458
1455	2458
627	2458
1484	2458
3215	2458
3935	2458
4087	2458
1227	2458
2701	2458
1536	2458
1552	2458
1959	2458
2822	2458
1105	4326
3984	4326
206	4326
3389	4326
4434	4326
2577	1697
2192	1697
2007	606
3282	606
2574	606
1227	606
3092	606
4666	606
2701	606
791	606
3110	606
604	756
2620	756
2275	756
3019	756
590	756
504	756
59	756
4670	756
1591	756
4038	756
921	756
284	756
1450	756
1458	756
1744	756
2921	756
4407	756
3236	3893
3889	3893
1771	3361
1567	2590
3413	2590
249	1889
2687	1889
1047	1889
3915	1889
4552	1889
249	413
2687	413
295	413
1502	413
3553	413
1738	2166
3951	2166
2466	2166
3784	2166
2651	2166
4543	2166
3816	150
869	541
249	2694
295	2694
4552	2694
628	3823
885	3823
2189	3823
2547	4565
1749	4565
1269	4565
1421	4565
2937	3378
4392	1614
1058	1614
3503	1614
1337	1614
1125	3722
206	600
2323	9
4500	9
3491	9
2829	3920
562	3323
4601	3323
1995	3170
2307	3170
4589	3170
1033	2956
3236	1735
348	1611
59	276
4047	276
2565	3101
2782	3101
1784	3101
4546	3101
2882	3101
2488	3101
4002	3101
1606	3101
2035	3101
374	3101
2966	3101
2687	3101
1083	3101
2611	3101
3691	3101
3979	3101
2586	3101
265	3101
468	3101
476	3101
2316	3101
2083	3101
2337	3101
2556	3101
3027	3101
2599	3101
2650	3101
2844	3101
2876	3101
2970	3101
3073	3101
3565	3101
3603	3101
3711	3101
3947	3101
543	4582
4012	4582
152	4582
374	4582
4567	4582
4163	543
4012	543
321	543
1578	543
4653	543
2928	543
661	543
1964	543
374	543
1071	543
4012	4163
152	4163
598	4163
374	4163
3883	4163
321	4012
1578	4012
473	4012
2928	4012
152	4012
1964	4012
374	4012
1071	4012
2375	4012
1421	4012
3379	321
1212	321
1173	321
152	321
1325	321
1964	321
374	321
2051	1751
216	4633
1027	1872
3826	2565
209	3957
3606	2254
3221	2254
4450	3804
4352	2146
2937	2146
2632	2146
388	2146
3389	1278
3494	339
2620	4450
3435	4450
1222	4450
1023	4450
2735	4450
2150	3756
1094	3756
3296	3756
3173	3141
2625	1488
1094	1488
4342	1488
1948	4671
3977	3465
3653	3465
1417	2227
249	2829
1307	1529
1027	243
1943	243
1868	176
2983	2617
4228	4166
4122	4166
3503	4166
4594	4246
2012	3976
3122	3976
900	2612
3832	2612
39	2612
877	2612
3390	2612
2580	2612
4609	2612
504	2439
661	2439
3235	1598
1836	1513
1836	2696
3730	3596
1836	3596
1723	2677
3464	2677
3497	2677
3527	2677
1836	2748
1928	2748
2301	3123
816	3730
974	3730
3364	3730
3224	3730
905	3730
1836	816
2301	816
1836	1714
1836	974
2301	974
2301	3364
113	3364
1836	3224
152	2056
1836	905
1836	2320
2301	2320
1914	2320
1206	1836
1554	1836
3173	1836
326	1836
104	1934
1868	2782
3638	2571
164	2767
1943	2767
3653	3977
4272	3977
59	3977
1442	3977
2222	3977
2375	3977
2625	2963
1213	2963
3282	2963
2574	2963
2070	2963
305	2963
4335	2963
922	2963
2925	1676
1269	4629
3236	928
632	571
562	571
1321	571
3184	571
3379	4156
4105	4156
875	4156
1749	4156
627	1784
936	1784
1731	1784
3282	2625
3163	2625
305	2625
4335	2625
3638	1027
1206	1027
3023	1027
2053	1027
4665	1027
435	1027
1267	1027
3511	1027
3610	1027
4402	1027
1023	1027
1699	1948
4556	1948
152	3427
2232	3427
875	1556
3606	1556
3606	3334
861	3334
3282	2007
2574	2007
1227	2007
3092	2007
2701	2007
3110	2007
3023	4416
504	4416
595	4416
2368	852
1269	4639
3954	3618
524	3083
507	2983
3163	540
1442	540
4500	540
598	540
2301	1417
3322	1417
1594	1417
3456	1417
1749	1417
3439	1417
3010	1417
3296	1628
3379	3650
3444	3650
3860	3650
3126	1025
4155	1025
4324	1025
3236	3126
3638	2075
3148	2075
3296	2075
829	2075
2642	2075
4231	1726
2940	1726
3951	4070
504	4636
3236	4636
3638	4392
2620	4392
875	4392
1986	4392
2424	3896
2070	3896
562	3896
1227	3896
3239	3896
1738	3723
1107	3723
2083	3723
1738	3638
1546	3638
1206	3638
3337	3638
1107	3638
2882	3638
3024	3638
1986	3638
4234	3638
1206	1738
1986	1738
4635	1738
4234	1738
3379	4019
4584	2140
2909	2140
1023	2140
1325	4584
326	4584
1442	3414
463	4190
3606	3785
3843	3785
861	3785
1094	763
1986	1546
3182	2880
1209	2301
3379	2301
1594	2301
1749	2301
2318	2301
850	2301
2626	3661
4496	3661
4278	2487
1532	1209
4105	1209
3389	1209
1204	1209
2161	1209
1749	3962
3784	3962
2940	3962
881	3962
2597	3962
2223	3962
3379	2620
2610	2620
2804	2620
1532	2620
3322	2620
632	2620
2471	2620
3779	2620
1438	2620
2845	2620
264	2620
3801	2620
342	2620
2804	3379
57	3379
2318	3379
632	3379
2471	3379
590	3379
1105	3379
3023	3379
4276	3379
4665	3379
1665	3379
2169	3379
1592	3379
3744	3379
2845	3379
2455	3379
885	3379
248	3379
342	3379
277	3379
284	3379
391	3379
901	3379
931	3379
1301	3379
1777	3379
2548	3379
2552	3379
2614	3379
2637	3379
2932	3379
3107	3379
3122	3379
3196	3379
3218	3379
3494	3379
4077	3379
3739	3379
3820	3379
3834	3379
3911	3379
4075	3379
4218	3379
4247	3379
4264	3379
4656	3379
4028	3379
1532	2610
875	2610
1594	2610
1749	2610
632	2610
3034	2610
1540	2610
3860	2610
875	2804
1594	2804
1749	2804
632	2804
3034	2804
875	1532
1594	1532
3456	1532
1749	1532
632	1532
1799	1532
3034	1532
1540	1532
1509	1532
3439	3322
2318	4105
46	4105
1490	4105
4670	4105
3419	4105
2582	4105
1537	4105
3546	4105
829	4105
2438	4105
2614	4105
2789	4105
4656	4105
632	875
2471	875
4665	875
1269	875
3629	875
3662	875
1749	1594
632	1594
2471	1594
2845	1594
3010	1594
2363	3456
3439	3456
1496	3456
1592	3456
3296	3456
4007	3456
958	3456
3134	3456
3339	3456
632	1749
2471	1749
590	1749
3444	1749
1592	1749
2845	1749
3520	1749
3010	1749
2614	1749
1537	57
3010	2318
1147	2318
1421	2318
2614	2318
2471	632
814	632
2363	632
4250	632
3034	632
1540	632
446	632
3034	2471
1540	2471
3496	2471
152	1578
374	1578
3611	1578
152	4653
374	4653
3998	2096
1301	2608
1506	1491
1269	4199
249	1506
612	1506
295	1506
1567	2215
4648	2827
2034	2827
1591	2827
2034	4648
3019	72
1302	72
1302	554
4110	2275
1632	2275
3261	2275
3034	2275
1540	2275
1479	2275
3452	2275
3450	2275
551	2275
66	2275
1144	2275
1632	4110
1479	4110
3452	4110
1144	4110
1479	1632
3452	1632
1144	1632
3954	4471
3027	1716
2666	4231
10	4231
3073	4231
1496	1142
2183	2246
2067	2246
4155	1181
346	64
1079	64
1951	452
1190	452
1868	452
2051	452
515	2368
3876	2368
3166	2368
4347	900
39	900
3390	900
1496	900
3209	900
4347	1566
4347	640
3236	640
4347	1250
717	1250
2337	1250
3018	1250
1844	2150
4347	2150
717	2150
3018	2150
4347	4489
1911	1736
66	1042
295	3909
3485	93
599	3515
4356	3515
3192	3515
791	3515
3236	2310
1939	2310
3423	142
3209	4154
2424	2925
1567	104
1579	3019
3945	3019
3752	3019
1850	3019
980	3019
910	3019
4071	3019
3691	3019
3945	1579
3752	1579
590	1579
910	1579
651	1579
3989	1579
3752	3945
46	3945
980	3945
2231	3945
4087	3945
590	3752
910	3752
46	590
980	590
910	590
2928	590
3556	590
2921	590
3463	590
2236	1850
3542	1850
921	1850
4320	1850
1761	46
3491	980
2424	4013
206	3493
1325	3493
2375	3493
2114	2087
39	3832
877	3832
3390	3832
2580	3832
4609	3832
59	473
1567	473
1169	473
1964	473
4116	473
584	2666
206	3424
584	3424
2493	3424
4543	3424
3236	78
2824	238
1844	3913
4347	3913
4347	1844
2363	3337
249	3337
1307	3337
1130	3337
4643	3337
295	3337
3058	3337
3680	3337
3742	4347
2523	4347
3611	4347
1391	4347
249	2363
1156	2363
2890	2363
1868	2363
551	2363
1144	2363
2051	2363
4527	2363
249	491
3861	249
1156	249
612	249
1951	249
3548	249
4533	249
4678	249
2901	249
3452	249
3930	249
1868	249
4643	249
551	249
66	249
1144	249
507	249
958	249
1502	249
2316	249
2051	249
2239	249
2824	249
2844	249
3553	249
4527	249
2982	412
3236	3861
295	3861
1105	1723
3984	1723
584	1723
1302	1723
1567	1723
3389	1723
4434	1723
2273	1105
1680	3984
3989	3922
3444	1313
807	1313
206	1203
295	482
2844	482
3061	482
2687	1156
295	1156
2844	1156
3569	1156
1205	1156
3739	1156
66	21
3951	3299
1619	3299
4249	3299
66	2890
2051	2890
4552	2890
300	3758
300	3809
300	377
300	31
300	1677
94	300
1982	300
1964	94
1033	3635
3791	3635
3975	3635
4678	1951
2901	1951
3452	1951
1868	1951
4643	1951
551	1951
295	1951
2178	1951
647	1995
687	1995
687	647
2124	647
4611	647
4040	647
1787	647
1130	647
3368	647
3175	647
1212	687
4605	687
1453	687
1863	687
3917	687
4040	687
1787	687
1468	687
1130	687
3368	687
3547	687
3328	687
1399	1065
4276	3259
2797	3259
584	1190
1567	1190
1094	1190
1130	1190
922	1190
398	1190
3423	1190
4605	1212
1453	1212
1863	1212
1173	1212
1419	1212
1455	1212
1952	1212
2170	1212
1058	1212
545	1212
1033	1212
4122	1212
1468	1212
2728	1212
3026	1212
1453	4605
1468	4605
636	4605
4064	4605
306	4605
4371	4605
1468	1453
3787	1453
2378	1453
388	1453
3389	2139
519	4272
1567	1222
3296	1222
1883	3571
30	2424
562	2424
2812	2424
859	2424
3978	2424
289	2424
1901	2424
4500	909
922	909
3014	909
289	1713
2070	3282
4666	3282
3110	3282
4666	2574
3110	2574
30	1554
2070	1554
504	1554
661	1554
4666	1554
2701	1554
440	1554
2642	1554
3209	1554
2701	30
2642	30
2070	206
2334	206
4155	206
4666	206
2523	206
289	206
1984	206
502	206
1001	206
589	206
637	206
562	2070
1227	2070
2701	2070
3209	2070
4155	562
4666	562
289	562
4431	562
1550	709
4100	1905
3444	1905
3954	135
3444	3954
1339	3954
2161	3954
3450	4297
1619	3951
1996	3443
1021	3742
4603	3742
3253	3742
4064	3742
4616	3742
877	39
3390	39
2580	39
4609	39
3784	127
584	127
242	127
782	127
782	266
2466	1996
2651	1996
4248	3606
4335	3606
1959	2835
1337	1107
1986	1107
626	2577
4674	3023
4477	3023
1593	504
1468	504
3024	504
2833	504
3198	504
2786	504
1757	504
1780	504
4533	4432
4611	1511
519	1511
2466	4674
3296	4674
2642	4674
1269	623
3876	623
4047	623
522	623
1455	1173
1952	1173
2170	1173
1058	1173
3226	1173
545	1173
1033	1173
4122	1173
1915	1173
1325	1173
1619	1173
4556	1173
2222	1173
4413	1173
689	1173
965	1173
1403	2466
2632	2466
2375	2466
977	2466
3511	2466
2919	3784
1033	3784
1567	3784
3432	3784
515	3784
1183	3784
1013	3784
2378	3784
2609	1586
2124	584
1033	584
1690	584
1567	584
1403	584
2632	584
1183	584
3236	3754
661	3754
899	3754
3744	3668
882	2464
268	2464
4278	2464
1183	2464
268	882
4278	882
1183	882
1396	4228
1094	1583
1550	1583
3843	3402
4103	3402
480	3402
2255	1519
4651	648
2785	648
3724	648
3296	4312
2063	3139
1912	3139
3390	877
2580	877
4609	877
3827	59
3518	59
545	59
1267	59
3816	2493
3980	2493
233	2493
3173	2493
3980	3816
233	3816
1419	3816
1033	3816
444	3816
3511	3816
233	3980
1033	3980
3659	233
3473	233
961	4239
3452	4239
3163	3008
954	3008
1442	3008
4651	4131
10	4131
277	4131
152	2928
1468	2928
578	2928
374	2928
3173	4651
2104	4651
4205	4651
126	4651
1448	4651
2114	4651
3328	4651
2114	2785
4656	107
2822	4018
4611	3236
4031	3236
160	3236
4365	3236
3070	3236
2375	3236
705	3236
4205	3236
426	3236
1200	3236
1711	3236
1907	3236
3211	3236
3278	3236
3451	3236
3603	3236
3791	3236
3857	3236
3906	3236
4264	3236
3268	3236
4349	3236
2968	3236
3774	3236
2313	1917
3320	3444
885	3444
4442	3444
3518	1914
3679	2098
4284	2854
2820	4546
885	539
646	539
1496	3390
2937	3390
248	3390
3545	1496
2530	1496
1662	1496
3603	1496
3710	1496
1567	2292
3389	2292
58	2292
3296	2292
1036	2292
1455	2164
1058	2164
3694	2164
699	3173
2114	3488
3175	4578
4138	152
1964	152
1071	152
848	2488
4284	2488
3679	2488
4611	2488
4670	2488
2530	2488
867	2488
40	2488
73	2488
3679	4284
4611	4284
4670	4284
2124	3917
2377	2124
2053	2124
3679	2124
1307	2124
1806	2124
1663	2124
1911	2377
4611	3679
4121	3679
4611	2679
660	2679
4673	2679
4670	2679
4121	2679
660	4611
4673	4611
4670	4611
4121	4611
1567	4611
2940	4611
4556	4611
2739	4611
3766	4611
4278	4611
3058	4611
4121	660
4121	4673
240	3843
598	3843
3538	3843
2175	3843
3736	4514
3328	2414
1455	1419
1058	1419
545	1419
1033	1419
113	1419
1058	1455
545	1455
1033	1455
4223	1455
4122	1455
1033	1952
636	1952
515	1952
1033	1058
1325	1058
3184	1058
4121	4670
1307	4670
1442	4121
1258	3148
2008	3148
3100	3148
1033	545
3826	545
4223	1033
4122	1033
1567	1033
1269	1033
3503	1033
4047	1033
3117	1033
113	1033
3556	1033
4122	4223
718	4223
3503	4223
1036	4223
3826	4223
1325	4122
113	4122
2114	4122
1325	3545
435	3545
3212	4332
936	4017
1731	4017
936	627
1731	627
1731	936
4031	936
3194	936
4672	936
4087	936
4031	1731
4087	1731
4616	3045
3131	1442
4248	1442
58	2530
3389	3541
1399	3541
3779	1307
2582	1307
699	1307
1706	1307
2756	1307
1637	1778
1567	700
1540	4040
718	4500
375	4500
3538	598
2175	598
885	598
2687	4533
295	4533
3026	3538
4343	661
2879	661
929	661
958	661
1612	661
1890	661
4219	661
4264	661
1619	125
4077	125
3475	2020
507	2020
3883	2020
3662	4276
306	1468
1367	1468
183	192
3389	2334
3116	1302
71	1302
635	3574
1130	2859
1637	2999
3346	2999
1540	3034
825	3034
4609	3034
435	1637
1567	226
4086	1109
1567	3813
859	3813
298	3813
2192	4665
859	4665
2895	4665
3629	4665
2016	4665
859	2192
2895	2192
1567	906
298	906
1540	1567
4047	1567
2632	1567
3450	1567
517	1567
3727	1567
1366	3800
1612	1366
3794	1366
1397	1366
3389	1403
1620	1403
899	1403
3296	1403
1036	1403
578	859
1094	859
1286	859
1448	859
28	1665
4275	1665
164	1665
4556	1665
4498	1665
3475	1665
3720	511
3629	2895
2016	2895
3485	2895
825	1540
1166	3389
2523	3389
2632	3389
2375	3389
4278	3389
2631	3389
4205	3389
2609	3389
1269	2169
2914	2169
3826	2169
10	1269
58	1269
4499	1269
1536	1269
1396	1269
362	1269
808	1269
926	1269
958	1269
1137	1269
1267	1269
1458	1269
1892	1269
4214	1269
4255	1269
4268	1269
4476	1269
4496	1269
4624	1269
58	2035
2580	2035
2099	2766
3547	2766
164	2016
3296	3131
1071	4138
3611	4138
1669	3197
1706	160
2687	4678
69	4678
295	4678
1502	4678
3665	4678
2703	4678
227	420
2585	420
2230	4071
3309	2668
525	2668
2189	2668
2307	2668
3839	2188
2911	1900
3520	3024
3659	3024
3998	3024
1094	1620
1550	1620
1094	3788
3175	3445
899	2820
3328	2820
1367	899
3556	899
3328	899
4087	3194
209	3997
375	1770
2008	3503
1943	3779
3333	578
2340	2651
507	2225
4666	1227
289	1227
3110	1227
3732	1227
2223	1438
3998	1438
4155	3092
4666	3092
3110	3092
4666	4155
2701	4155
1964	4155
1876	4155
357	2901
4603	4666
2701	4666
435	4666
3296	4666
1003	4666
3209	4666
630	636
1816	4275
3357	4275
4248	784
1550	1094
3611	1094
4064	1094
3409	1094
3423	1094
448	1550
3561	1550
2642	4603
289	2701
2642	2701
2299	1057
1612	1057
3845	3419
3590	3419
3296	3845
3590	3845
2642	2523
3166	2842
667	2842
2223	2842
2223	881
435	3432
2223	3432
3018	3432
3166	3124
667	3124
522	3124
4244	2048
2601	4420
371	3602
4498	3357
832	3978
2626	4146
3107	4176
1183	1130
4023	1325
4064	1325
494	1325
326	1325
4413	1325
2611	1325
227	4023
1986	1337
374	227
326	227
3520	227
2017	227
3508	227
374	1964
326	1964
375	1964
4084	1964
1071	374
3611	374
3296	2937
169	2937
4300	1537
734	1537
2161	1537
2067	164
4596	440
2687	945
3463	945
3452	2687
1868	2687
551	2687
958	2687
2051	2687
2844	2687
4527	2687
2662	611
4596	611
4596	2662
4507	4596
4480	4596
4234	4596
2503	2845
3296	946
515	2879
3876	2879
4047	2222
4413	2222
3079	3611
3132	3611
2067	4498
2067	3475
1361	3235
3278	3235
2444	2081
3116	4064
3520	4064
388	4064
2307	4064
1452	4064
2518	4064
435	3166
807	3166
1746	2507
807	435
1183	435
4411	435
2758	435
521	435
2614	435
2865	435
4587	435
667	807
3826	4047
2883	792
1144	1479
205	1479
1396	108
1023	603
4502	2444
502	2444
2375	2444
861	4502
4251	861
2932	995
2255	10
2580	58
113	922
66	3452
1144	3452
53	3452
295	3452
1502	3452
3553	3452
326	494
3332	494
2632	494
3520	326
921	326
388	3520
3296	2632
1771	3296
1950	3296
2375	3296
2572	3296
2593	3296
3860	3296
2631	3296
717	3296
166	3296
277	3296
517	3296
524	3296
525	3296
1411	3296
1698	3296
2099	3296
3511	3296
4234	3296
4434	3787
4116	264
3662	1663
1144	4499
4527	4499
967	4620
3680	1771
3239	2223
113	2375
519	2375
2356	2375
2642	2375
3975	3450
3774	216
259	4586
4337	1868
69	1868
295	1868
1502	1868
1971	1868
3569	1868
4552	1868
3491	3691
2468	3491
2995	3659
1023	3659
3933	298
3755	298
295	4643
403	4643
1502	4643
2051	4643
3109	4643
2011	2017
4431	3998
697	854
3889	3257
3175	1001
375	1043
1091	375
3074	384
239	551
295	551
958	551
2051	551
4552	551
4527	551
689	3320
1396	3308
2572	228
44	1286
2609	1286
4496	1286
1397	1286
2378	3573
813	3573
2517	3573
4616	3573
767	689
2585	170
295	705
1636	705
67	66
295	66
1971	66
2823	66
3278	66
3248	66
3553	66
2522	113
830	2522
2642	3766
4486	1036
1524	1147
1741	1147
3192	4112
3485	4112
4356	599
791	599
1144	3333
2604	3175
2631	268
1748	268
1183	4278
1183	2631
3060	242
3192	4356
791	4356
4657	3404
791	3192
3561	3192
3012	4657
2011	2758
146	3132
295	2436
295	1144
3915	1144
213	1013
3061	2378
4511	2378
3328	5
2752	53
3662	1852
388	921
3662	921
1502	69
1707	70
1335	236
398	279
958	295
2051	295
2824	295
2844	295
2877	295
3061	295
3553	295
4527	295
4536	295
205	295
3448	361
3278	371
2189	388
3209	388
507	468
3401	480
4575	507
3906	507
3527	507
1956	548
2051	548
1196	594
1876	594
3134	608
4552	608
2604	618
997	630
1262	693
1698	699
4394	804
2284	901
1120	931
2051	958
2189	977
4310	978
3565	997
1524	1003
1262	1011
1777	1047
3005	1079
4527	1146
4025	1155
3027	1262
2609	1318
2356	1329
3870	1446
3915	1494
2051	1502
2877	1502
4527	1502
2373	1507
3794	1612
4394	1612
3821	1612
1397	1612
1621	1612
3496	1616
4157	1636
3134	1662
4552	1662
3423	1668
2921	1756
1943	1854
2126	2051
3553	2051
3915	2051
4552	2051
4527	2051
3791	2073
4552	3794
3821	3794
1397	3794
1621	3794
2844	2126
3423	2126
3248	2239
4552	2239
3209	2642
2690	2594
3099	2609
3328	2633
3061	2790
2870	2844
4552	2844
3099	2914
3076	2915
3278	2915
1943	2922
3662	2970
3527	3061
1943	3063
3662	3100
4552	3134
4569	3239
4656	3239
3906	3278
1452	3451
3791	3590
4527	1205
3826	3680
4244	3748
4004	3889
4527	3915
4527	4552
3423	4150
4640	4219
4622	4349
1397	4510
1943	4510
2735	1023
3328	3547
