1	579
4	415
4	812
7	388
9	62
9	191
9	463
11	314
11	392
11	570
11	586
11	588
11	737
11	806
16	731
17	369
20	30
20	32
20	33
20	76
20	103
20	104
20	124
20	132
20	179
20	192
20	264
20	265
20	277
20	283
20	288
20	314
20	354
20	479
20	556
20	575
20	588
20	692
20	712
20	722
20	736
20	737
20	791
21	413
21	465
21	659
23	42
23	139
23	166
23	340
23	422
23	497
23	548
23	582
23	644
23	683
23	745
26	32
26	33
26	37
26	52
26	58
26	69
26	76
26	90
26	103
26	104
26	115
26	132
26	185
26	189
26	192
26	277
26	288
26	305
26	314
26	315
26	354
26	357
26	479
26	515
26	524
26	527
26	554
26	575
26	588
26	615
26	616
26	621
26	627
26	695
26	722
26	736
26	737
26	777
26	791
26	798
26	806
28	279
28	792
29	47
29	59
29	174
29	175
29	285
29	313
29	355
29	454
29	476
29	622
29	623
29	694
29	700
29	747
29	780
29	794
30	32
30	103
30	104
30	132
30	179
30	192
30	264
30	265
30	277
30	288
30	314
30	354
30	479
30	575
30	588
30	692
30	712
30	722
30	736
30	737
32	33
32	45
32	52
32	76
32	103
32	104
32	124
32	179
32	185
32	192
32	264
32	265
32	277
32	288
32	314
32	354
32	479
32	575
32	588
32	661
32	692
32	722
32	736
32	737
32	791
32	806
32	811
33	52
33	58
33	76
33	90
33	104
33	115
33	124
33	132
33	185
33	192
33	216
33	264
33	314
33	315
33	354
33	479
33	554
33	559
33	575
33	588
33	627
33	695
33	703
33	722
33	736
33	737
33	753
33	788
33	791
33	798
33	806
34	107
34	178
34	233
34	302
34	316
34	384
34	504
34	518
34	748
34	770
34	809
35	589
35	842
36	384
36	504
36	831
37	132
37	136
37	216
37	621
37	737
37	777
37	788
38	346
38	350
38	626
38	629
40	691
40	719
40	743
40	757
42	139
42	166
42	182
42	340
42	422
42	497
42	582
42	644
42	683
42	745
43	303
45	90
45	130
45	314
45	367
45	499
45	608
45	627
45	642
45	649
45	713
45	736
45	766
45	798
45	806
47	59
47	174
47	175
47	285
47	313
47	355
47	454
47	476
47	622
47	623
47	654
47	694
47	700
47	747
47	753
47	780
47	794
48	129
48	270
48	301
48	393
48	433
48	474
48	486
48	666
48	755
48	756
48	774
48	797
48	835
48	848
49	117
49	817
52	58
52	69
52	76
52	90
52	104
52	115
52	132
52	179
52	185
52	189
52	192
52	264
52	265
52	277
52	288
52	311
52	314
52	315
52	338
52	357
52	479
52	524
52	527
52	538
52	554
52	559
52	575
52	586
52	588
52	616
52	673
52	692
52	712
52	722
52	736
52	737
52	744
52	753
52	788
52	791
52	798
52	819
55	334
55	561
57	79
57	152
57	254
57	286
57	407
57	482
57	708
57	755
57	769
58	90
58	115
58	132
58	189
58	382
58	524
58	615
58	673
58	737
58	819
59	174
59	175
59	285
59	313
59	355
59	454
59	476
59	622
59	623
59	694
59	700
59	747
59	780
59	794
60	85
60	170
60	366
60	368
60	679
60	783
62	191
62	463
63	138
64	139
64	166
64	644
64	683
69	90
69	104
69	329
69	586
69	628
69	724
69	737
69	798
72	378
72	451
72	549
73	209
74	79
74	407
74	605
76	90
76	103
76	104
76	115
76	132
76	179
76	185
76	192
76	264
76	265
76	277
76	283
76	288
76	314
76	354
76	357
76	479
76	554
76	575
76	588
76	619
76	692
76	693
76	722
76	736
76	737
76	753
76	791
76	799
77	109
77	327
77	336
77	372
77	678
77	709
79	407
79	605
80	90
80	115
80	132
80	189
80	222
80	315
80	323
80	382
80	515
80	524
80	527
80	533
80	567
80	615
80	653
80	744
80	819
81	813
83	138
83	213
83	230
83	391
83	461
83	512
83	551
83	670
83	702
83	792
83	821
85	170
85	366
85	368
85	679
85	783
87	152
87	225
87	797
87	813
88	242
90	103
90	104
90	115
90	130
90	132
90	189
90	222
90	264
90	314
90	315
90	323
90	382
90	499
90	515
90	524
90	527
90	533
90	567
90	588
90	615
90	627
90	649
90	695
90	736
90	737
90	754
90	771
90	798
90	806
92	425
94	516
96	427
97	106
97	329
97	598
97	686
97	830
102	179
103	104
103	124
103	132
103	179
103	185
103	192
103	210
103	264
103	265
103	277
103	288
103	314
103	354
103	392
103	479
103	554
103	575
103	588
103	619
103	660
103	692
103	713
103	722
103	736
103	737
103	766
103	791
103	792
103	806
103	811
104	132
104	179
104	185
104	192
104	232
104	264
104	265
104	277
104	283
104	288
104	304
104	314
104	354
104	357
104	479
104	554
104	575
104	588
104	619
104	628
104	692
104	712
104	722
104	736
104	737
104	753
104	788
104	798
105	386
105	587
105	643
106	598
106	830
107	178
107	316
107	384
107	518
107	770
107	809
108	447
109	327
109	336
109	372
109	678
109	709
109	849
110	276
115	132
115	189
115	222
115	315
115	323
115	382
115	515
115	524
115	527
115	615
115	627
115	695
115	707
115	737
115	771
120	145
124	179
124	185
124	192
124	277
124	288
124	314
124	479
124	554
124	575
124	588
124	649
124	692
124	713
124	722
124	736
124	737
124	791
124	806
124	811
127	281
129	474
129	486
129	666
129	755
130	213
130	279
130	367
130	499
130	503
130	506
130	541
130	608
130	627
130	642
130	649
130	692
130	713
130	736
130	754
130	766
130	792
130	798
132	179
132	185
132	189
132	192
132	222
132	264
132	277
132	288
132	305
132	314
132	315
132	354
132	357
132	382
132	479
132	515
132	524
132	527
132	538
132	559
132	570
132	575
132	583
132	588
132	615
132	616
132	619
132	628
132	673
132	692
132	695
132	712
132	722
132	736
132	737
132	744
132	771
132	788
132	791
132	798
132	806
132	811
132	819
132	849
136	621
136	737
138	213
138	230
138	264
138	277
138	367
138	391
138	461
138	642
138	660
138	670
138	702
138	736
138	792
138	821
139	166
139	182
139	340
139	422
139	497
139	548
139	582
139	644
139	683
139	745
140	286
140	686
140	769
140	844
147	555
152	225
152	300
152	769
152	797
152	813
153	269
153	496
154	216
154	312
154	545
156	302
156	518
160	208
160	437
160	555
162	652
165	846
166	182
166	340
166	422
166	497
166	548
166	582
166	644
166	668
166	683
166	745
168	463
168	542
168	676
168	834
170	366
170	368
170	679
170	783
174	175
174	285
174	313
174	355
174	454
174	476
174	622
174	623
174	694
174	700
174	747
174	780
174	794
175	285
175	313
175	355
175	454
175	476
175	622
175	623
175	694
175	700
175	747
175	780
175	794
178	233
178	316
178	384
178	518
178	770
179	185
179	192
179	264
179	277
179	314
179	354
179	479
179	554
179	575
179	588
179	692
179	711
179	722
179	736
179	737
179	798
179	811
182	309
182	582
182	644
184	384
184	504
184	809
184	831
185	192
185	264
185	277
185	283
185	288
185	314
185	354
185	479
185	554
185	575
185	588
185	722
185	736
185	737
185	798
185	811
189	222
189	290
189	315
189	323
189	382
189	515
189	524
189	527
189	533
189	567
189	615
189	653
189	737
189	744
189	819
191	463
192	213
192	264
192	265
192	277
192	288
192	314
192	354
192	357
192	479
192	556
192	565
192	575
192	588
192	619
192	649
192	660
192	661
192	692
192	712
192	722
192	736
192	737
192	791
192	792
192	806
192	811
193	331
193	492
193	595
193	738
208	437
208	555
210	264
210	588
210	736
210	832
213	230
213	251
213	264
213	279
213	314
213	367
213	391
213	461
213	499
213	503
213	506
213	541
213	551
213	565
213	577
213	608
213	642
213	649
213	660
213	670
213	702
213	722
213	736
213	754
213	766
213	792
213	798
213	806
213	821
215	613
216	312
216	545
216	621
218	248
222	315
222	323
222	382
222	515
222	524
222	527
222	533
222	567
222	615
222	737
222	819
223	464
223	741
225	797
225	813
226	421
226	606
227	553
227	575
227	843
230	391
230	461
230	512
230	551
230	608
230	642
230	660
230	702
230	736
230	792
230	821
232	571
233	384
236	701
237	321
237	647
238	262
238	395
239	329
239	724
250	605
251	367
251	499
251	506
251	642
251	649
251	736
251	792
251	821
253	464
254	286
260	399
260	690
260	778
262	315
262	395
262	568
262	591
262	726
262	740
263	416
264	265
264	277
264	288
264	304
264	314
264	354
264	367
264	479
264	551
264	559
264	575
264	588
264	619
264	642
264	660
264	722
264	736
264	737
264	753
264	792
264	811
264	821
265	277
265	314
265	338
265	479
265	555
265	575
265	588
265	722
265	736
266	270
266	301
266	393
269	496
270	301
270	393
270	756
270	797
270	848
273	547
274	287
274	684
277	283
277	288
277	314
277	354
277	357
277	367
277	479
277	551
277	554
277	555
277	565
277	575
277	588
277	619
277	660
277	692
277	693
277	712
277	722
277	736
277	737
277	791
277	792
277	806
277	811
279	367
279	391
279	461
279	499
279	503
279	506
279	541
279	608
279	642
279	649
279	660
279	722
279	736
279	754
279	766
279	792
279	798
279	821
283	314
283	354
283	479
283	575
283	712
283	736
284	782
285	313
285	355
285	454
285	476
285	622
285	623
285	694
285	700
285	747
285	753
285	780
285	794
286	407
286	482
286	769
287	684
288	314
288	354
288	357
288	461
288	479
288	554
288	565
288	588
288	712
288	722
288	736
288	737
288	792
288	798
288	806
288	821
290	382
290	515
290	524
300	664
300	813
301	393
301	756
301	797
301	848
302	384
302	518
302	827
304	479
304	722
305	673
305	736
311	638
312	545
313	355
313	454
313	476
313	622
313	623
313	694
313	700
313	747
313	780
313	794
314	354
314	357
314	479
314	554
314	559
314	570
314	575
314	588
314	619
314	649
314	661
314	692
314	712
314	722
314	736
314	737
314	753
314	791
314	792
314	798
314	799
314	806
314	811
315	323
315	382
315	395
315	515
315	524
315	527
315	533
315	567
315	615
315	627
315	736
315	737
316	384
316	518
316	770
316	809
321	647
323	382
323	515
323	524
323	527
323	533
323	615
327	336
327	372
327	678
327	709
327	849
329	724
329	753
331	492
331	595
331	738
334	561
336	372
336	678
336	709
338	510
340	422
340	497
340	548
340	582
340	644
340	683
346	366
346	626
346	629
346	679
350	602
350	629
353	370
353	849
354	479
354	554
354	575
354	588
354	619
354	712
354	722
354	736
354	737
354	791
354	806
354	811
355	454
355	476
355	622
355	623
355	694
355	700
355	747
355	753
355	780
355	794
356	480
357	479
357	554
357	628
357	712
357	737
362	762
366	368
366	679
366	783
367	391
367	461
367	499
367	503
367	506
367	541
367	577
367	608
367	627
367	642
367	649
367	660
367	670
367	713
367	722
367	736
367	754
367	766
367	792
367	798
367	821
368	679
368	783
370	536
372	678
372	709
373	391
373	461
373	670
373	702
373	792
378	451
378	549
381	756
381	774
381	848
382	515
382	524
382	527
382	533
382	567
382	615
382	653
382	737
382	744
384	504
384	518
384	748
384	770
384	809
384	831
385	760
386	587
386	643
388	530
391	461
391	499
391	503
391	506
391	608
391	642
391	649
391	660
391	670
391	702
391	722
391	736
391	754
391	766
391	792
391	821
392	570
392	586
392	619
392	761
393	756
393	797
393	848
394	448
395	568
395	591
395	726
395	740
399	690
399	778
404	481
404	741
407	482
407	605
407	769
413	465
413	659
415	812
420	720
422	497
422	548
422	582
422	644
422	683
422	745
424	727
429	801
433	756
433	774
433	835
433	848
435	596
435	667
438	490
438	585
441	494
442	714
448	529
451	549
454	476
454	622
454	623
454	654
454	694
454	700
454	747
454	753
454	780
454	794
461	499
461	506
461	565
461	608
461	642
461	649
461	660
461	670
461	702
461	736
461	754
461	766
461	792
461	798
461	806
461	821
462	649
462	725
463	542
463	676
463	750
463	834
464	603
465	659
471	536
474	486
474	666
474	755
474	835
474	848
476	622
476	623
476	694
476	700
476	747
476	753
476	780
476	794
479	554
479	565
479	575
479	581
479	588
479	619
479	692
479	693
479	712
479	722
479	736
479	737
479	799
479	806
479	811
481	741
482	605
482	769
486	666
486	755
486	756
486	835
486	848
490	585
492	595
492	738
497	548
497	582
497	644
497	683
497	745
499	503
499	506
499	541
499	608
499	627
499	642
499	649
499	660
499	722
499	736
499	754
499	766
499	792
499	798
499	806
499	821
503	506
503	577
503	608
503	642
503	649
503	736
503	754
503	766
503	792
504	518
504	809
504	831
506	577
506	608
506	642
506	649
506	660
506	713
506	722
506	736
506	754
506	766
506	792
506	798
506	806
506	821
509	536
509	717
512	551
512	702
512	722
512	792
515	524
515	527
515	533
515	567
515	615
515	744
515	819
515	836
518	748
518	770
518	809
524	527
524	533
524	567
524	615
524	737
524	744
524	771
527	533
527	567
527	615
527	627
527	653
527	737
527	771
532	725
533	567
533	615
533	653
536	717
536	741
536	798
541	608
541	642
541	649
541	722
541	736
541	754
541	792
542	676
542	834
543	554
548	582
548	644
548	683
551	702
551	722
551	736
551	792
554	575
554	588
554	692
554	711
554	722
554	791
554	811
559	583
559	616
559	673
559	724
559	737
565	575
565	722
565	736
567	615
568	726
568	740
570	586
570	798
570	806
575	588
575	692
575	712
575	722
575	736
575	737
575	791
575	806
575	811
577	594
577	608
577	649
577	722
577	736
577	754
577	792
577	798
577	800
577	806
578	683
581	588
581	737
581	753
582	644
582	668
582	683
583	737
586	724
586	736
586	806
587	643
588	619
588	692
588	712
588	722
588	736
588	737
588	753
588	791
588	806
588	811
589	842
591	726
591	740
595	738
596	667
598	830
600	603
602	629
605	797
608	627
608	642
608	649
608	660
608	722
608	736
608	754
608	766
608	792
608	821
612	717
615	653
615	737
615	744
615	819
616	737
616	849
619	692
619	722
619	736
619	737
619	753
619	791
619	799
619	806
621	753
621	777
621	788
622	623
622	694
622	747
622	780
622	794
623	694
623	700
623	747
623	794
626	629
627	649
627	713
627	754
627	766
633	697
633	705
638	781
641	790
642	649
642	660
642	670
642	702
642	713
642	722
642	736
642	754
642	766
642	792
642	798
642	821
644	683
644	745
644	753
646	742
649	660
649	713
649	722
649	736
649	754
649	766
649	792
649	798
649	806
649	811
649	821
660	670
660	722
660	736
660	754
660	766
660	792
660	821
661	722
661	736
666	755
666	756
666	835
666	848
670	702
670	736
670	792
670	821
673	744
673	819
676	750
676	834
678	709
679	783
683	745
686	844
690	778
691	719
691	743
691	757
692	722
692	736
692	737
692	753
692	754
692	791
692	798
694	700
694	747
694	753
694	780
694	794
697	705
700	747
700	794
702	722
702	736
702	792
702	798
702	821
711	722
712	722
712	736
712	737
712	791
713	722
713	736
713	754
713	766
713	798
713	806
717	741
719	743
719	757
722	736
722	737
722	754
722	791
722	792
722	798
722	799
722	806
722	811
722	821
722	828
726	740
736	737
736	754
736	766
736	791
736	792
736	798
736	799
736	806
736	811
736	821
736	849
737	771
737	788
737	791
737	798
737	806
737	811
742	813
744	819
747	780
747	794
748	809
753	777
753	788
753	791
753	794
754	766
754	792
754	798
754	821
755	756
755	835
755	848
756	774
756	835
756	848
766	792
766	798
766	806
770	809
774	835
774	848
780	794
791	806
792	798
792	806
792	821
792	832
797	813
797	848
798	806
798	821
798	832
806	811
809	831
811	832
818	824
835	848
579	1
415	4
812	4
388	7
62	9
191	9
463	9
314	11
392	11
570	11
586	11
588	11
737	11
806	11
731	16
369	17
30	20
32	20
33	20
76	20
103	20
104	20
124	20
132	20
179	20
192	20
264	20
265	20
277	20
283	20
288	20
314	20
354	20
479	20
556	20
575	20
588	20
692	20
712	20
722	20
736	20
737	20
791	20
413	21
465	21
659	21
42	23
139	23
166	23
340	23
422	23
497	23
548	23
582	23
644	23
683	23
745	23
32	26
33	26
37	26
52	26
58	26
69	26
76	26
90	26
103	26
104	26
115	26
132	26
185	26
189	26
192	26
277	26
288	26
305	26
314	26
315	26
354	26
357	26
479	26
515	26
524	26
527	26
554	26
575	26
588	26
615	26
616	26
621	26
627	26
695	26
722	26
736	26
737	26
777	26
791	26
798	26
806	26
279	28
792	28
47	29
59	29
174	29
175	29
285	29
313	29
355	29
454	29
476	29
622	29
623	29
694	29
700	29
747	29
780	29
794	29
32	30
103	30
104	30
132	30
179	30
192	30
264	30
265	30
277	30
288	30
314	30
354	30
479	30
575	30
588	30
692	30
712	30
722	30
736	30
737	30
33	32
45	32
52	32
76	32
103	32
104	32
124	32
179	32
185	32
192	32
264	32
265	32
277	32
288	32
314	32
354	32
479	32
575	32
588	32
661	32
692	32
722	32
736	32
737	32
791	32
806	32
811	32
52	33
58	33
76	33
90	33
104	33
115	33
124	33
132	33
185	33
192	33
216	33
264	33
314	33
315	33
354	33
479	33
554	33
559	33
575	33
588	33
627	33
695	33
703	33
722	33
736	33
737	33
753	33
788	33
791	33
798	33
806	33
107	34
178	34
233	34
302	34
316	34
384	34
504	34
518	34
748	34
770	34
809	34
589	35
842	35
384	36
504	36
831	36
132	37
136	37
216	37
621	37
737	37
777	37
788	37
346	38
350	38
626	38
629	38
691	40
719	40
743	40
757	40
139	42
166	42
182	42
340	42
422	42
497	42
582	42
644	42
683	42
745	42
303	43
90	45
130	45
314	45
367	45
499	45
608	45
627	45
642	45
649	45
713	45
736	45
766	45
798	45
806	45
59	47
174	47
175	47
285	47
313	47
355	47
454	47
476	47
622	47
623	47
654	47
694	47
700	47
747	47
753	47
780	47
794	47
129	48
270	48
301	48
393	48
433	48
474	48
486	48
666	48
755	48
756	48
774	48
797	48
835	48
848	48
117	49
817	49
58	52
69	52
76	52
90	52
104	52
115	52
132	52
179	52
185	52
189	52
192	52
264	52
265	52
277	52
288	52
311	52
314	52
315	52
338	52
357	52
479	52
524	52
527	52
538	52
554	52
559	52
575	52
586	52
588	52
616	52
673	52
692	52
712	52
722	52
736	52
737	52
744	52
753	52
788	52
791	52
798	52
819	52
334	55
561	55
79	57
152	57
254	57
286	57
407	57
482	57
708	57
755	57
769	57
90	58
115	58
132	58
189	58
382	58
524	58
615	58
673	58
737	58
819	58
174	59
175	59
285	59
313	59
355	59
454	59
476	59
622	59
623	59
694	59
700	59
747	59
780	59
794	59
85	60
170	60
366	60
368	60
679	60
783	60
191	62
463	62
138	63
139	64
166	64
644	64
683	64
90	69
104	69
329	69
586	69
628	69
724	69
737	69
798	69
378	72
451	72
549	72
209	73
79	74
407	74
605	74
90	76
103	76
104	76
115	76
132	76
179	76
185	76
192	76
264	76
265	76
277	76
283	76
288	76
314	76
354	76
357	76
479	76
554	76
575	76
588	76
619	76
692	76
693	76
722	76
736	76
737	76
753	76
791	76
799	76
109	77
327	77
336	77
372	77
678	77
709	77
407	79
605	79
90	80
115	80
132	80
189	80
222	80
315	80
323	80
382	80
515	80
524	80
527	80
533	80
567	80
615	80
653	80
744	80
819	80
813	81
138	83
213	83
230	83
391	83
461	83
512	83
551	83
670	83
702	83
792	83
821	83
170	85
366	85
368	85
679	85
783	85
152	87
225	87
797	87
813	87
242	88
103	90
104	90
115	90
130	90
132	90
189	90
222	90
264	90
314	90
315	90
323	90
382	90
499	90
515	90
524	90
527	90
533	90
567	90
588	90
615	90
627	90
649	90
695	90
736	90
737	90
754	90
771	90
798	90
806	90
425	92
516	94
427	96
106	97
329	97
598	97
686	97
830	97
179	102
104	103
124	103
132	103
179	103
185	103
192	103
210	103
264	103
265	103
277	103
288	103
314	103
354	103
392	103
479	103
554	103
575	103
588	103
619	103
660	103
692	103
713	103
722	103
736	103
737	103
766	103
791	103
792	103
806	103
811	103
132	104
179	104
185	104
192	104
232	104
264	104
265	104
277	104
283	104
288	104
304	104
314	104
354	104
357	104
479	104
554	104
575	104
588	104
619	104
628	104
692	104
712	104
722	104
736	104
737	104
753	104
788	104
798	104
386	105
587	105
643	105
598	106
830	106
178	107
316	107
384	107
518	107
770	107
809	107
447	108
327	109
336	109
372	109
678	109
709	109
849	109
276	110
132	115
189	115
222	115
315	115
323	115
382	115
515	115
524	115
527	115
615	115
627	115
695	115
707	115
737	115
771	115
145	120
179	124
185	124
192	124
277	124
288	124
314	124
479	124
554	124
575	124
588	124
649	124
692	124
713	124
722	124
736	124
737	124
791	124
806	124
811	124
281	127
474	129
486	129
666	129
755	129
213	130
279	130
367	130
499	130
503	130
506	130
541	130
608	130
627	130
642	130
649	130
692	130
713	130
736	130
754	130
766	130
792	130
798	130
179	132
185	132
189	132
192	132
222	132
264	132
277	132
288	132
305	132
314	132
315	132
354	132
357	132
382	132
479	132
515	132
524	132
527	132
538	132
559	132
570	132
575	132
583	132
588	132
615	132
616	132
619	132
628	132
673	132
692	132
695	132
712	132
722	132
736	132
737	132
744	132
771	132
788	132
791	132
798	132
806	132
811	132
819	132
849	132
621	136
737	136
213	138
230	138
264	138
277	138
367	138
391	138
461	138
642	138
660	138
670	138
702	138
736	138
792	138
821	138
166	139
182	139
340	139
422	139
497	139
548	139
582	139
644	139
683	139
745	139
286	140
686	140
769	140
844	140
555	147
225	152
300	152
769	152
797	152
813	152
269	153
496	153
216	154
312	154
545	154
302	156
518	156
208	160
437	160
555	160
652	162
846	165
182	166
340	166
422	166
497	166
548	166
582	166
644	166
668	166
683	166
745	166
463	168
542	168
676	168
834	168
366	170
368	170
679	170
783	170
175	174
285	174
313	174
355	174
454	174
476	174
622	174
623	174
694	174
700	174
747	174
780	174
794	174
285	175
313	175
355	175
454	175
476	175
622	175
623	175
694	175
700	175
747	175
780	175
794	175
233	178
316	178
384	178
518	178
770	178
185	179
192	179
264	179
277	179
314	179
354	179
479	179
554	179
575	179
588	179
692	179
711	179
722	179
736	179
737	179
798	179
811	179
309	182
582	182
644	182
384	184
504	184
809	184
831	184
192	185
264	185
277	185
283	185
288	185
314	185
354	185
479	185
554	185
575	185
588	185
722	185
736	185
737	185
798	185
811	185
222	189
290	189
315	189
323	189
382	189
515	189
524	189
527	189
533	189
567	189
615	189
653	189
737	189
744	189
819	189
463	191
213	192
264	192
265	192
277	192
288	192
314	192
354	192
357	192
479	192
556	192
565	192
575	192
588	192
619	192
649	192
660	192
661	192
692	192
712	192
722	192
736	192
737	192
791	192
792	192
806	192
811	192
331	193
492	193
595	193
738	193
437	208
555	208
264	210
588	210
736	210
832	210
230	213
251	213
264	213
279	213
314	213
367	213
391	213
461	213
499	213
503	213
506	213
541	213
551	213
565	213
577	213
608	213
642	213
649	213
660	213
670	213
702	213
722	213
736	213
754	213
766	213
792	213
798	213
806	213
821	213
613	215
312	216
545	216
621	216
248	218
315	222
323	222
382	222
515	222
524	222
527	222
533	222
567	222
615	222
737	222
819	222
464	223
741	223
797	225
813	225
421	226
606	226
553	227
575	227
843	227
391	230
461	230
512	230
551	230
608	230
642	230
660	230
702	230
736	230
792	230
821	230
571	232
384	233
701	236
321	237
647	237
262	238
395	238
329	239
724	239
605	250
367	251
499	251
506	251
642	251
649	251
736	251
792	251
821	251
464	253
286	254
399	260
690	260
778	260
315	262
395	262
568	262
591	262
726	262
740	262
416	263
265	264
277	264
288	264
304	264
314	264
354	264
367	264
479	264
551	264
559	264
575	264
588	264
619	264
642	264
660	264
722	264
736	264
737	264
753	264
792	264
811	264
821	264
277	265
314	265
338	265
479	265
555	265
575	265
588	265
722	265
736	265
270	266
301	266
393	266
496	269
301	270
393	270
756	270
797	270
848	270
547	273
287	274
684	274
283	277
288	277
314	277
354	277
357	277
367	277
479	277
551	277
554	277
555	277
565	277
575	277
588	277
619	277
660	277
692	277
693	277
712	277
722	277
736	277
737	277
791	277
792	277
806	277
811	277
367	279
391	279
461	279
499	279
503	279
506	279
541	279
608	279
642	279
649	279
660	279
722	279
736	279
754	279
766	279
792	279
798	279
821	279
314	283
354	283
479	283
575	283
712	283
736	283
782	284
313	285
355	285
454	285
476	285
622	285
623	285
694	285
700	285
747	285
753	285
780	285
794	285
407	286
482	286
769	286
684	287
314	288
354	288
357	288
461	288
479	288
554	288
565	288
588	288
712	288
722	288
736	288
737	288
792	288
798	288
806	288
821	288
382	290
515	290
524	290
664	300
813	300
393	301
756	301
797	301
848	301
384	302
518	302
827	302
479	304
722	304
673	305
736	305
638	311
545	312
355	313
454	313
476	313
622	313
623	313
694	313
700	313
747	313
780	313
794	313
354	314
357	314
479	314
554	314
559	314
570	314
575	314
588	314
619	314
649	314
661	314
692	314
712	314
722	314
736	314
737	314
753	314
791	314
792	314
798	314
799	314
806	314
811	314
323	315
382	315
395	315
515	315
524	315
527	315
533	315
567	315
615	315
627	315
736	315
737	315
384	316
518	316
770	316
809	316
647	321
382	323
515	323
524	323
527	323
533	323
615	323
336	327
372	327
678	327
709	327
849	327
724	329
753	329
492	331
595	331
738	331
561	334
372	336
678	336
709	336
510	338
422	340
497	340
548	340
582	340
644	340
683	340
366	346
626	346
629	346
679	346
602	350
629	350
370	353
849	353
479	354
554	354
575	354
588	354
619	354
712	354
722	354
736	354
737	354
791	354
806	354
811	354
454	355
476	355
622	355
623	355
694	355
700	355
747	355
753	355
780	355
794	355
480	356
479	357
554	357
628	357
712	357
737	357
762	362
368	366
679	366
783	366
391	367
461	367
499	367
503	367
506	367
541	367
577	367
608	367
627	367
642	367
649	367
660	367
670	367
713	367
722	367
736	367
754	367
766	367
792	367
798	367
821	367
679	368
783	368
536	370
678	372
709	372
391	373
461	373
670	373
702	373
792	373
451	378
549	378
756	381
774	381
848	381
515	382
524	382
527	382
533	382
567	382
615	382
653	382
737	382
744	382
504	384
518	384
748	384
770	384
809	384
831	384
760	385
587	386
643	386
530	388
461	391
499	391
503	391
506	391
608	391
642	391
649	391
660	391
670	391
702	391
722	391
736	391
754	391
766	391
792	391
821	391
570	392
586	392
619	392
761	392
756	393
797	393
848	393
448	394
568	395
591	395
726	395
740	395
690	399
778	399
481	404
741	404
482	407
605	407
769	407
465	413
659	413
812	415
720	420
497	422
548	422
582	422
644	422
683	422
745	422
727	424
801	429
756	433
774	433
835	433
848	433
596	435
667	435
490	438
585	438
494	441
714	442
529	448
549	451
476	454
622	454
623	454
654	454
694	454
700	454
747	454
753	454
780	454
794	454
499	461
506	461
565	461
608	461
642	461
649	461
660	461
670	461
702	461
736	461
754	461
766	461
792	461
798	461
806	461
821	461
649	462
725	462
542	463
676	463
750	463
834	463
603	464
659	465
536	471
486	474
666	474
755	474
835	474
848	474
622	476
623	476
694	476
700	476
747	476
753	476
780	476
794	476
554	479
565	479
575	479
581	479
588	479
619	479
692	479
693	479
712	479
722	479
736	479
737	479
799	479
806	479
811	479
741	481
605	482
769	482
666	486
755	486
756	486
835	486
848	486
585	490
595	492
738	492
548	497
582	497
644	497
683	497
745	497
503	499
506	499
541	499
608	499
627	499
642	499
649	499
660	499
722	499
736	499
754	499
766	499
792	499
798	499
806	499
821	499
506	503
577	503
608	503
642	503
649	503
736	503
754	503
766	503
792	503
518	504
809	504
831	504
577	506
608	506
642	506
649	506
660	506
713	506
722	506
736	506
754	506
766	506
792	506
798	506
806	506
821	506
536	509
717	509
551	512
702	512
722	512
792	512
524	515
527	515
533	515
567	515
615	515
744	515
819	515
836	515
748	518
770	518
809	518
527	524
533	524
567	524
615	524
737	524
744	524
771	524
533	527
567	527
615	527
627	527
653	527
737	527
771	527
725	532
567	533
615	533
653	533
717	536
741	536
798	536
608	541
642	541
649	541
722	541
736	541
754	541
792	541
676	542
834	542
554	543
582	548
644	548
683	548
702	551
722	551
736	551
792	551
575	554
588	554
692	554
711	554
722	554
791	554
811	554
583	559
616	559
673	559
724	559
737	559
575	565
722	565
736	565
615	567
726	568
740	568
586	570
798	570
806	570
588	575
692	575
712	575
722	575
736	575
737	575
791	575
806	575
811	575
594	577
608	577
649	577
722	577
736	577
754	577
792	577
798	577
800	577
806	577
683	578
588	581
737	581
753	581
644	582
668	582
683	582
737	583
724	586
736	586
806	586
643	587
619	588
692	588
712	588
722	588
736	588
737	588
753	588
791	588
806	588
811	588
842	589
726	591
740	591
738	595
667	596
830	598
603	600
629	602
797	605
627	608
642	608
649	608
660	608
722	608
736	608
754	608
766	608
792	608
821	608
717	612
653	615
737	615
744	615
819	615
737	616
849	616
692	619
722	619
736	619
737	619
753	619
791	619
799	619
806	619
753	621
777	621
788	621
623	622
694	622
747	622
780	622
794	622
694	623
700	623
747	623
794	623
629	626
649	627
713	627
754	627
766	627
697	633
705	633
781	638
790	641
649	642
660	642
670	642
702	642
713	642
722	642
736	642
754	642
766	642
792	642
798	642
821	642
683	644
745	644
753	644
742	646
660	649
713	649
722	649
736	649
754	649
766	649
792	649
798	649
806	649
811	649
821	649
670	660
722	660
736	660
754	660
766	660
792	660
821	660
722	661
736	661
755	666
756	666
835	666
848	666
702	670
736	670
792	670
821	670
744	673
819	673
750	676
834	676
709	678
783	679
745	683
844	686
778	690
719	691
743	691
757	691
722	692
736	692
737	692
753	692
754	692
791	692
798	692
700	694
747	694
753	694
780	694
794	694
705	697
747	700
794	700
722	702
736	702
792	702
798	702
821	702
722	711
722	712
736	712
737	712
791	712
722	713
736	713
754	713
766	713
798	713
806	713
741	717
743	719
757	719
736	722
737	722
754	722
791	722
792	722
798	722
799	722
806	722
811	722
821	722
828	722
740	726
737	736
754	736
766	736
791	736
792	736
798	736
799	736
806	736
811	736
821	736
849	736
771	737
788	737
791	737
798	737
806	737
811	737
813	742
819	744
780	747
794	747
809	748
777	753
788	753
791	753
794	753
766	754
792	754
798	754
821	754
756	755
835	755
848	755
774	756
835	756
848	756
792	766
798	766
806	766
809	770
835	774
848	774
794	780
806	791
798	792
806	792
821	792
832	792
813	797
848	797
806	798
821	798
832	798
811	806
831	809
832	811
824	818
848	835
