0	561
0	1312
0	1385
1	1004
4	296
4	337
4	926
4	1445
9	1059
9	1393
10	850
10	1370
15	62
15	70
15	202
15	266
15	361
15	365
15	382
15	478
15	785
15	819
15	908
15	948
15	1140
15	1193
15	1305
15	1377
15	1432
18	685
18	1181
19	1328
20	1380
21	537
23	104
23	671
23	911
24	680
24	1039
24	1275
30	46
30	63
30	223
30	258
30	421
30	576
30	592
30	690
30	789
30	888
30	934
30	950
30	958
30	996
30	1009
30	1086
30	1182
30	1325
30	1388
30	1416
30	1454
32	112
35	65
35	168
35	208
35	227
35	348
35	375
35	442
35	452
35	531
35	568
35	681
35	863
35	1021
35	1507
36	52
36	62
36	63
36	155
36	199
36	202
36	243
36	258
36	373
36	419
36	478
36	479
36	488
36	493
36	509
36	574
36	644
36	780
36	819
36	864
36	908
36	940
36	1026
36	1161
36	1170
36	1193
36	1230
36	1261
36	1305
36	1410
39	84
39	271
39	333
39	614
39	861
39	1072
39	1108
39	1225
40	406
40	409
40	483
40	591
40	625
40	735
40	1259
40	1378
41	1516
46	62
46	63
46	70
46	140
46	155
46	202
46	223
46	258
46	361
46	373
46	419
46	478
46	509
46	515
46	563
46	574
46	576
46	592
46	639
46	644
46	645
46	780
46	785
46	789
46	819
46	864
46	908
46	934
46	950
46	1026
46	1086
46	1134
46	1170
46	1182
46	1193
46	1305
46	1377
46	1388
46	1410
46	1416
46	1419
46	1432
47	65
47	452
47	681
47	863
47	1507
48	1100
49	272
49	682
49	831
49	1191
49	1351
52	62
52	199
52	202
52	258
52	373
52	419
52	478
52	479
52	488
52	493
52	509
52	574
52	583
52	780
52	813
52	819
52	864
52	1026
52	1161
52	1170
52	1230
52	1261
52	1305
55	818
60	516
60	809
61	818
61	845
62	63
62	94
62	155
62	199
62	202
62	243
62	361
62	373
62	382
62	419
62	478
62	493
62	509
62	574
62	644
62	780
62	785
62	819
62	864
62	908
62	1026
62	1134
62	1161
62	1170
62	1178
62	1182
62	1193
62	1230
62	1272
62	1279
62	1305
62	1388
62	1410
62	1432
63	155
63	223
63	243
63	258
63	361
63	373
63	411
63	419
63	478
63	574
63	576
63	644
63	780
63	785
63	819
63	864
63	908
63	996
63	1026
63	1134
63	1161
63	1170
63	1182
63	1193
63	1305
63	1341
63	1388
63	1410
63	1419
63	1432
64	146
65	97
65	168
65	187
65	208
65	227
65	348
65	375
65	442
65	452
65	556
65	568
65	681
65	787
65	863
65	906
65	1125
65	1438
65	1507
66	670
66	898
66	1049
66	1499
70	258
70	266
70	365
70	411
70	948
70	1140
70	1377
73	1346
76	994
78	156
78	884
78	1268
79	202
79	713
80	111
80	331
80	820
84	271
84	333
84	614
84	861
84	1072
84	1108
88	397
88	558
88	796
91	99
93	1291
94	382
94	574
94	654
94	908
94	1078
94	1134
94	1144
94	1159
94	1262
94	1305
94	1358
94	1419
94	1432
96	290
96	339
96	417
96	637
96	711
96	814
96	824
96	1105
96	1166
96	1185
96	1232
96	1332
96	1341
96	1414
97	208
97	375
97	568
97	1507
104	911
108	1457
111	331
111	350
111	603
111	820
111	1000
111	1391
112	821
113	454
114	536
118	296
118	328
118	474
118	480
118	523
118	873
118	876
118	915
118	1085
118	1150
121	170
121	177
121	410
121	491
121	653
121	655
121	1240
122	358
122	1056
126	269
127	273
127	1222
127	1505
130	627
131	261
131	468
131	641
131	779
131	1075
131	1241
131	1390
131	1461
136	416
138	576
140	497
140	515
140	531
140	597
140	645
140	785
140	1045
140	1121
140	1134
140	1283
140	1419
143	512
143	1134
143	1144
143	1159
143	1177
143	1411
147	1015
149	178
149	222
149	364
149	650
150	398
151	328
151	480
151	564
151	876
151	915
151	983
151	1075
151	1085
151	1461
153	1039
155	199
155	202
155	223
155	258
155	361
155	373
155	419
155	478
155	493
155	509
155	574
155	639
155	644
155	780
155	785
155	819
155	864
155	908
155	940
155	1026
155	1161
155	1170
155	1182
155	1193
155	1230
155	1231
155	1305
155	1341
155	1349
155	1410
155	1423
156	884
162	1445
168	227
168	348
168	375
168	442
168	452
168	531
168	681
168	863
168	1021
168	1507
170	410
170	491
170	653
170	655
170	1240
174	1152
176	457
176	759
177	410
177	491
177	653
177	655
177	1240
178	207
178	222
178	364
178	409
178	643
178	650
178	1315
182	703
182	803
182	997
182	1243
185	1432
186	760
187	681
187	787
187	863
187	1125
187	1438
187	1507
191	597
191	849
191	1222
191	1448
191	1481
192	672
193	1188
194	946
197	1006
199	202
199	243
199	258
199	269
199	361
199	373
199	419
199	478
199	479
199	488
199	509
199	574
199	579
199	780
199	785
199	819
199	864
199	908
199	996
199	1026
199	1144
199	1161
199	1170
199	1177
199	1230
199	1261
199	1305
199	1349
199	1388
199	1410
199	1419
199	1432
199	1474
200	710
200	1130
200	1422
200	1429
201	1004
202	243
202	258
202	361
202	373
202	399
202	419
202	478
202	479
202	488
202	493
202	509
202	574
202	579
202	644
202	695
202	780
202	785
202	819
202	864
202	908
202	1026
202	1134
202	1161
202	1170
202	1177
202	1193
202	1230
202	1262
202	1272
202	1279
202	1305
202	1349
202	1358
202	1410
202	1411
202	1432
205	309
205	312
205	556
205	662
205	681
205	827
205	863
207	222
207	364
207	409
207	643
207	650
207	1315
208	348
208	375
208	452
208	568
208	681
208	787
208	863
208	1125
208	1438
208	1507
211	370
212	578
212	594
212	607
212	659
212	1256
212	1290
212	1514
213	866
214	504
214	508
214	798
222	364
222	409
222	643
222	650
222	706
222	1278
222	1315
223	258
223	421
223	576
223	592
223	789
223	888
223	934
223	950
223	1086
223	1182
223	1367
223	1388
223	1416
227	348
227	531
227	863
227	1507
229	749
229	1016
232	1292
236	664
236	1141
243	361
243	373
243	382
243	419
243	478
243	509
243	574
243	644
243	780
243	819
243	864
243	908
243	1026
243	1134
243	1159
243	1161
243	1193
243	1230
243	1262
243	1279
243	1305
243	1410
243	1432
244	1287
247	741
252	738
252	1179
252	1189
258	361
258	373
258	419
258	421
258	478
258	488
258	509
258	515
258	563
258	574
258	576
258	592
258	639
258	645
258	780
258	785
258	789
258	819
258	864
258	908
258	934
258	950
258	996
258	1026
258	1037
258	1086
258	1121
258	1161
258	1170
258	1182
258	1193
258	1199
258	1230
258	1261
258	1305
258	1325
258	1367
258	1388
258	1410
258	1416
258	1419
258	1432
258	1454
258	1514
261	641
261	779
262	1061
262	1129
265	382
265	455
265	512
265	574
265	654
265	826
265	1078
265	1134
265	1144
265	1159
265	1272
265	1342
265	1358
265	1456
266	948
266	1140
269	509
269	579
269	622
269	654
269	826
269	908
269	928
269	1144
269	1177
269	1305
269	1411
269	1456
271	333
271	614
271	861
271	1072
271	1108
272	682
272	831
272	1191
272	1351
273	523
273	1222
273	1505
276	683
276	1218
285	353
285	1117
285	1119
285	1123
285	1288
285	1451
290	339
290	637
290	711
290	814
290	1105
290	1166
290	1185
290	1232
290	1332
290	1414
295	472
295	723
295	768
295	1360
296	337
296	424
296	458
296	553
296	920
296	926
296	1002
296	1006
296	1158
296	1418
296	1445
298	499
298	581
298	885
298	894
299	796
300	710
301	411
301	881
301	975
301	1355
306	695
306	1079
309	312
309	556
309	662
309	827
311	432
311	484
312	556
312	662
312	681
312	827
313	990
313	1403
317	1345
319	1163
324	1508
327	593
327	812
327	840
327	874
327	972
327	1079
327	1206
328	480
328	564
328	873
328	876
328	915
328	983
328	1075
328	1085
328	1461
330	1471
331	350
331	603
331	820
331	1000
331	1391
331	1465
333	614
333	861
333	1072
333	1108
333	1225
335	477
337	553
337	926
337	1002
337	1006
337	1445
339	637
339	711
339	814
339	1105
339	1185
339	1232
339	1332
339	1414
341	391
341	553
341	666
345	360
345	452
345	632
345	863
345	906
348	375
348	442
348	452
348	531
348	681
348	863
348	1507
350	603
350	820
350	1391
353	666
353	1117
353	1123
353	1288
353	1451
355	400
355	690
355	1086
355	1416
358	1056
359	871
360	452
360	515
360	520
360	632
360	681
360	863
360	906
360	1114
360	1438
361	373
361	478
361	509
361	574
361	644
361	780
361	785
361	819
361	864
361	908
361	940
361	1026
361	1161
361	1193
361	1305
361	1419
364	409
364	643
364	650
364	1315
365	948
365	1140
365	1341
365	1377
366	497
370	1459
370	1471
373	382
373	419
373	478
373	479
373	488
373	493
373	509
373	574
373	639
373	644
373	780
373	785
373	819
373	864
373	908
373	940
373	1007
373	1026
373	1134
373	1159
373	1161
373	1170
373	1177
373	1178
373	1193
373	1230
373	1261
373	1272
373	1305
373	1410
373	1411
373	1432
375	442
375	452
375	568
375	681
375	787
375	863
375	1125
375	1507
377	656
377	1205
380	1287
382	455
382	512
382	531
382	654
382	826
382	829
382	908
382	950
382	1027
382	1078
382	1134
382	1144
382	1159
382	1177
382	1272
382	1305
382	1342
382	1358
382	1388
382	1411
382	1419
382	1432
382	1456
383	507
383	525
383	1023
383	1219
388	952
388	1058
388	1190
391	553
391	666
397	558
397	1371
399	1305
399	1484
400	690
400	1086
400	1416
401	903
401	1150
404	794
406	409
406	483
406	591
406	625
406	735
406	1259
406	1378
407	1084
408	725
408	1269
409	643
409	650
409	1259
409	1315
410	491
410	653
410	655
410	1240
411	881
411	975
411	1140
411	1355
414	439
417	1332
417	1414
419	478
419	479
419	488
419	509
419	574
419	583
419	644
419	780
419	785
419	819
419	864
419	908
419	940
419	1026
419	1161
419	1170
419	1193
419	1230
419	1261
419	1305
419	1349
419	1410
419	1432
421	576
421	592
421	690
421	789
421	888
421	934
421	950
421	958
421	1009
421	1086
421	1182
421	1416
421	1454
424	458
424	920
424	1418
424	1445
431	640
436	514
437	940
439	965
442	531
442	681
442	863
442	1507
445	902
447	486
447	1154
449	489
449	1298
449	1304
452	515
452	520
452	556
452	568
452	632
452	681
452	787
452	863
452	906
452	1114
452	1125
452	1438
452	1507
455	512
455	579
455	654
455	826
455	1027
455	1078
455	1134
455	1144
455	1159
455	1177
455	1272
455	1305
455	1342
455	1358
455	1411
455	1419
455	1456
457	759
458	920
458	1158
458	1418
458	1445
461	922
468	641
468	779
468	1075
468	1241
468	1390
468	1461
472	945
474	523
475	963
476	1212
477	969
478	488
478	493
478	509
478	574
478	644
478	780
478	785
478	819
478	864
478	908
478	940
478	996
478	1026
478	1161
478	1170
478	1193
478	1230
478	1231
478	1261
478	1279
478	1305
478	1341
478	1410
478	1423
478	1432
479	488
479	493
479	509
479	532
479	574
479	583
479	780
479	836
479	1026
479	1170
479	1261
480	523
480	564
480	873
480	876
480	915
480	983
480	1075
480	1085
480	1150
480	1461
483	591
483	625
483	735
483	1259
483	1378
486	1154
488	509
488	780
488	1026
488	1170
488	1230
488	1231
488	1261
489	539
489	549
489	576
489	1012
489	1051
489	1103
489	1298
489	1304
489	1316
491	653
491	655
491	1240
493	509
493	574
493	583
493	644
493	780
493	819
493	864
493	990
493	1161
493	1305
497	531
497	597
497	645
497	728
497	785
497	1067
497	1283
499	581
499	885
499	894
504	508
504	798
506	977
507	525
507	1023
507	1219
508	798
509	574
509	583
509	639
509	644
509	654
509	780
509	785
509	819
509	864
509	908
509	990
509	1007
509	1026
509	1161
509	1170
509	1177
509	1193
509	1230
509	1231
509	1261
509	1305
509	1388
509	1410
509	1411
509	1432
512	579
512	654
512	826
512	1078
512	1134
512	1144
512	1159
512	1177
512	1272
512	1305
512	1342
512	1358
512	1411
512	1419
512	1456
515	520
515	531
515	681
515	785
515	863
515	906
515	950
515	1182
515	1207
515	1305
515	1367
515	1419
518	1394
520	681
520	863
520	906
520	1114
523	873
525	1023
525	1219
529	592
529	934
531	563
531	597
531	645
531	1045
531	1134
531	1283
531	1494
531	1507
536	765
537	1293
538	600
539	549
539	1012
539	1051
539	1298
539	1304
539	1316
541	1005
541	1514
548	1088
549	1012
549	1051
549	1298
549	1304
549	1316
553	926
553	1002
553	1006
553	1445
556	662
556	681
556	827
556	863
556	1472
556	1507
557	1010
558	1371
559	780
559	819
559	864
561	1312
561	1385
563	1134
563	1199
563	1305
564	876
564	915
564	983
564	1075
564	1085
564	1461
568	681
568	863
568	1507
574	639
574	644
574	780
574	785
574	819
574	864
574	908
574	940
574	996
574	1026
574	1134
574	1159
574	1161
574	1170
574	1178
574	1182
574	1193
574	1230
574	1261
574	1305
574	1341
574	1349
574	1410
574	1411
574	1419
574	1423
574	1432
576	789
576	934
576	950
576	958
576	959
576	1009
576	1086
576	1134
576	1182
576	1298
576	1304
576	1305
576	1388
576	1416
578	594
578	607
578	659
578	1256
578	1290
579	622
579	654
579	826
579	908
579	928
579	1078
579	1134
579	1144
579	1159
579	1177
579	1272
579	1305
579	1342
579	1358
579	1411
579	1419
579	1456
583	780
583	1261
590	793
590	1227
590	1247
591	625
591	735
591	1259
591	1378
592	744
592	888
592	934
592	1009
592	1086
592	1182
592	1416
593	644
593	812
593	840
593	874
593	972
593	1026
593	1079
593	1206
593	1336
594	607
594	659
594	1256
594	1290
594	1514
597	645
597	772
597	785
597	1283
597	1341
603	820
603	1000
603	1391
604	697
604	773
604	1327
604	1418
605	841
607	659
607	1256
607	1290
613	648
613	809
613	945
614	861
614	1108
618	1169
621	1323
622	826
622	928
622	1144
622	1177
622	1305
622	1411
622	1456
623	728
625	735
625	1259
625	1378
628	1041
632	681
632	863
632	906
632	1114
634	657
634	761
634	1514
637	711
637	814
637	1105
637	1185
637	1232
637	1332
637	1341
637	1414
638	865
639	785
639	819
639	864
639	1121
639	1193
639	1261
641	779
641	1075
641	1241
641	1390
641	1461
643	650
643	1259
643	1315
644	780
644	785
644	819
644	864
644	874
644	908
644	1026
644	1161
644	1193
644	1305
644	1410
644	1432
645	785
645	819
645	908
645	1283
645	1419
648	809
648	945
650	1315
653	655
653	1240
654	826
654	908
654	928
654	1027
654	1078
654	1134
654	1144
654	1159
654	1177
654	1262
654	1272
654	1305
654	1342
654	1358
654	1388
654	1411
654	1419
654	1456
655	1240
656	1205
656	1224
657	962
657	1200
659	1256
659	1290
660	1402
662	827
666	1123
666	1288
666	1451
668	808
668	981
670	898
670	1049
670	1499
671	911
673	1211
674	1304
681	787
681	863
681	906
681	1114
681	1125
681	1438
681	1507
682	831
682	1191
682	1351
683	1218
685	955
685	1181
686	841
686	918
688	1082
690	789
690	934
690	950
690	1086
690	1416
695	1045
697	773
697	1327
697	1418
698	800
703	803
703	997
703	1243
704	941
706	1278
710	1130
710	1422
710	1429
711	814
711	1105
711	1166
711	1185
711	1232
711	1332
711	1414
712	1320
714	782
715	1319
716	1510
723	768
723	1360
724	1374
725	1269
730	1168
732	1125
732	1438
733	1444
735	1259
735	1378
737	852
738	1179
738	1189
738	1489
744	1134
756	934
756	958
756	1009
756	1086
761	819
766	986
766	1363
768	1360
772	1283
773	1327
773	1418
775	1179
775	1215
775	1372
775	1373
775	1489
779	1075
779	1241
779	1390
779	1418
779	1461
780	785
780	819
780	864
780	908
780	940
780	1026
780	1161
780	1170
780	1193
780	1230
780	1231
780	1261
780	1305
780	1341
780	1349
780	1410
780	1432
784	1041
785	789
785	819
785	864
785	908
785	940
785	950
785	1026
785	1121
785	1161
785	1170
785	1193
785	1283
785	1305
785	1341
785	1419
785	1424
785	1432
787	863
787	1125
787	1438
787	1507
788	1087
789	819
789	888
789	934
789	950
789	958
789	1009
789	1086
789	1164
789	1182
789	1308
789	1325
789	1367
789	1388
789	1416
789	1454
796	1371
797	829
797	1285
800	953
803	997
803	1243
804	1220
808	811
808	981
809	866
809	990
812	840
812	874
812	972
812	1079
812	1206
814	1105
814	1166
814	1185
814	1232
814	1332
814	1341
814	1414
819	864
819	908
819	950
819	1026
819	1086
819	1121
819	1161
819	1170
819	1182
819	1193
819	1230
819	1231
819	1261
819	1305
819	1341
819	1410
819	1419
819	1454
819	1514
820	1000
820	1391
820	1465
824	1414
826	908
826	1007
826	1078
826	1134
826	1144
826	1159
826	1177
826	1272
826	1305
826	1342
826	1358
826	1411
826	1419
826	1432
826	1456
829	1134
829	1159
829	1285
831	1191
831	1351
840	874
840	972
840	1206
841	918
841	1273
841	1319
842	930
845	962
849	1448
849	1481
851	942
851	1453
854	1193
854	1199
854	1454
857	907
861	1072
861	1108
863	906
863	1114
863	1125
863	1438
863	1507
864	908
864	1007
864	1026
864	1161
864	1170
864	1182
864	1193
864	1230
864	1231
864	1261
864	1305
864	1423
864	1432
866	918
867	1046
873	915
873	1075
873	1085
874	972
874	1079
874	1206
876	915
876	983
876	1075
876	1085
876	1461
877	1127
877	1379
881	975
881	1355
888	934
888	950
888	1009
888	1086
888	1182
888	1416
897	1214
898	1049
898	1499
903	1150
906	1114
906	1125
906	1438
908	949
908	1026
908	1134
908	1144
908	1159
908	1161
908	1178
908	1182
908	1193
908	1230
908	1262
908	1272
908	1279
908	1305
908	1342
908	1358
908	1388
908	1410
908	1411
908	1419
908	1432
908	1456
915	983
915	1075
915	1085
915	1461
918	962
918	1273
920	1158
920	1418
920	1445
926	1445
928	945
928	1071
928	1144
928	1327
928	1411
934	950
934	958
934	1009
934	1086
934	1182
934	1325
934	1388
934	1416
934	1454
940	1026
940	1161
940	1178
940	1305
940	1432
942	1453
945	1071
945	1327
948	1140
948	1377
949	1262
949	1272
949	1419
950	958
950	1009
950	1026
950	1086
950	1134
950	1164
950	1182
950	1308
950	1367
950	1388
950	1416
952	1058
952	1190
955	1181
958	1009
958	1086
958	1164
958	1182
958	1416
961	994
962	1273
962	1319
962	1419
972	1026
972	1079
972	1206
975	1355
976	1353
983	1075
983	1085
983	1461
986	1124
996	1037
996	1199
996	1283
996	1302
997	1243
1000	1391
1002	1006
1005	1514
1006	1445
1007	1305
1009	1086
1009	1182
1009	1416
1012	1298
1012	1304
1012	1316
1015	1088
1015	1175
1015	1502
1023	1219
1026	1079
1026	1134
1026	1161
1026	1170
1026	1182
1026	1193
1026	1230
1026	1261
1026	1262
1026	1305
1026	1410
1026	1419
1026	1432
1027	1055
1027	1078
1027	1134
1027	1159
1027	1272
1027	1305
1027	1342
1027	1411
1027	1419
1027	1424
1027	1432
1027	1501
1045	1283
1045	1305
1045	1432
1049	1499
1051	1150
1051	1298
1051	1304
1051	1316
1058	1190
1059	1393
1061	1129
1068	1071
1071	1327
1072	1108
1072	1225
1075	1085
1075	1241
1075	1390
1075	1418
1075	1461
1078	1134
1078	1144
1078	1159
1078	1177
1078	1272
1078	1305
1078	1342
1078	1358
1078	1411
1078	1456
1083	1273
1085	1461
1086	1164
1086	1182
1086	1325
1086	1388
1086	1416
1086	1454
1103	1298
1103	1304
1105	1185
1105	1232
1105	1332
1105	1414
1117	1123
1117	1288
1117	1451
1119	1123
1119	1451
1121	1193
1123	1288
1123	1451
1125	1438
1125	1507
1130	1422
1130	1429
1134	1144
1134	1159
1134	1161
1134	1177
1134	1182
1134	1262
1134	1272
1134	1279
1134	1305
1134	1342
1134	1358
1134	1388
1134	1411
1134	1419
1134	1432
1134	1456
1140	1341
1140	1377
1144	1159
1144	1177
1144	1262
1144	1272
1144	1305
1144	1342
1144	1358
1144	1411
1144	1419
1144	1456
1148	1183
1153	1320
1155	1510
1158	1418
1158	1445
1159	1177
1159	1262
1159	1272
1159	1305
1159	1342
1159	1358
1159	1411
1159	1419
1159	1432
1159	1456
1161	1170
1161	1193
1161	1230
1161	1260
1161	1261
1161	1279
1161	1305
1161	1341
1161	1410
1161	1423
1161	1432
1161	1484
1164	1416
1165	1270
1170	1193
1170	1230
1170	1261
1170	1305
1170	1410
1170	1424
1170	1474
1175	1502
1177	1272
1177	1305
1177	1342
1177	1358
1177	1411
1177	1456
1178	1305
1179	1189
1179	1215
1179	1372
1179	1373
1179	1489
1182	1193
1182	1305
1182	1367
1182	1388
1182	1410
1182	1416
1182	1432
1185	1232
1185	1332
1185	1414
1189	1489
1191	1351
1193	1230
1193	1261
1193	1305
1193	1410
1193	1419
1193	1432
1199	1302
1199	1325
1199	1454
1205	1224
1206	1336
1215	1372
1215	1373
1215	1489
1222	1505
1227	1247
1230	1279
1230	1305
1230	1341
1230	1342
1230	1410
1230	1419
1232	1332
1232	1341
1232	1414
1241	1390
1241	1418
1241	1461
1245	1280
1256	1290
1259	1378
1261	1305
1261	1410
1262	1272
1262	1305
1262	1342
1262	1358
1262	1388
1262	1419
1262	1432
1272	1305
1272	1342
1272	1358
1272	1388
1272	1411
1272	1419
1272	1432
1273	1319
1279	1305
1279	1342
1279	1423
1279	1432
1283	1359
1288	1451
1298	1304
1304	1316
1305	1342
1305	1358
1305	1388
1305	1410
1305	1411
1305	1419
1305	1423
1305	1432
1305	1456
1305	1514
1312	1385
1317	1321
1319	1327
1320	1445
1325	1388
1325	1416
1325	1454
1327	1418
1332	1414
1341	1377
1341	1410
1341	1414
1342	1358
1342	1411
1342	1419
1342	1456
1358	1411
1358	1419
1358	1432
1367	1416
1372	1373
1372	1489
1373	1489
1383	1473
1388	1416
1388	1419
1388	1454
1390	1461
1410	1432
1411	1419
1411	1432
1411	1456
1411	1484
1416	1454
1418	1445
1419	1432
1419	1456
1419	1484
1422	1429
1438	1507
1448	1481
561	0
1312	0
1385	0
1004	1
296	4
337	4
926	4
1445	4
1059	9
1393	9
850	10
1370	10
62	15
70	15
202	15
266	15
361	15
365	15
382	15
478	15
785	15
819	15
908	15
948	15
1140	15
1193	15
1305	15
1377	15
1432	15
685	18
1181	18
1328	19
1380	20
537	21
104	23
671	23
911	23
680	24
1039	24
1275	24
46	30
63	30
223	30
258	30
421	30
576	30
592	30
690	30
789	30
888	30
934	30
950	30
958	30
996	30
1009	30
1086	30
1182	30
1325	30
1388	30
1416	30
1454	30
112	32
65	35
168	35
208	35
227	35
348	35
375	35
442	35
452	35
531	35
568	35
681	35
863	35
1021	35
1507	35
52	36
62	36
63	36
155	36
199	36
202	36
243	36
258	36
373	36
419	36
478	36
479	36
488	36
493	36
509	36
574	36
644	36
780	36
819	36
864	36
908	36
940	36
1026	36
1161	36
1170	36
1193	36
1230	36
1261	36
1305	36
1410	36
84	39
271	39
333	39
614	39
861	39
1072	39
1108	39
1225	39
406	40
409	40
483	40
591	40
625	40
735	40
1259	40
1378	40
1516	41
62	46
63	46
70	46
140	46
155	46
202	46
223	46
258	46
361	46
373	46
419	46
478	46
509	46
515	46
563	46
574	46
576	46
592	46
639	46
644	46
645	46
780	46
785	46
789	46
819	46
864	46
908	46
934	46
950	46
1026	46
1086	46
1134	46
1170	46
1182	46
1193	46
1305	46
1377	46
1388	46
1410	46
1416	46
1419	46
1432	46
65	47
452	47
681	47
863	47
1507	47
1100	48
272	49
682	49
831	49
1191	49
1351	49
62	52
199	52
202	52
258	52
373	52
419	52
478	52
479	52
488	52
493	52
509	52
574	52
583	52
780	52
813	52
819	52
864	52
1026	52
1161	52
1170	52
1230	52
1261	52
1305	52
818	55
516	60
809	60
818	61
845	61
63	62
94	62
155	62
199	62
202	62
243	62
361	62
373	62
382	62
419	62
478	62
493	62
509	62
574	62
644	62
780	62
785	62
819	62
864	62
908	62
1026	62
1134	62
1161	62
1170	62
1178	62
1182	62
1193	62
1230	62
1272	62
1279	62
1305	62
1388	62
1410	62
1432	62
155	63
223	63
243	63
258	63
361	63
373	63
411	63
419	63
478	63
574	63
576	63
644	63
780	63
785	63
819	63
864	63
908	63
996	63
1026	63
1134	63
1161	63
1170	63
1182	63
1193	63
1305	63
1341	63
1388	63
1410	63
1419	63
1432	63
146	64
97	65
168	65
187	65
208	65
227	65
348	65
375	65
442	65
452	65
556	65
568	65
681	65
787	65
863	65
906	65
1125	65
1438	65
1507	65
670	66
898	66
1049	66
1499	66
258	70
266	70
365	70
411	70
948	70
1140	70
1377	70
1346	73
994	76
156	78
884	78
1268	78
202	79
713	79
111	80
331	80
820	80
271	84
333	84
614	84
861	84
1072	84
1108	84
397	88
558	88
796	88
99	91
1291	93
382	94
574	94
654	94
908	94
1078	94
1134	94
1144	94
1159	94
1262	94
1305	94
1358	94
1419	94
1432	94
290	96
339	96
417	96
637	96
711	96
814	96
824	96
1105	96
1166	96
1185	96
1232	96
1332	96
1341	96
1414	96
208	97
375	97
568	97
1507	97
911	104
1457	108
331	111
350	111
603	111
820	111
1000	111
1391	111
821	112
454	113
536	114
296	118
328	118
474	118
480	118
523	118
873	118
876	118
915	118
1085	118
1150	118
170	121
177	121
410	121
491	121
653	121
655	121
1240	121
358	122
1056	122
269	126
273	127
1222	127
1505	127
627	130
261	131
468	131
641	131
779	131
1075	131
1241	131
1390	131
1461	131
416	136
576	138
497	140
515	140
531	140
597	140
645	140
785	140
1045	140
1121	140
1134	140
1283	140
1419	140
512	143
1134	143
1144	143
1159	143
1177	143
1411	143
1015	147
178	149
222	149
364	149
650	149
398	150
328	151
480	151
564	151
876	151
915	151
983	151
1075	151
1085	151
1461	151
1039	153
199	155
202	155
223	155
258	155
361	155
373	155
419	155
478	155
493	155
509	155
574	155
639	155
644	155
780	155
785	155
819	155
864	155
908	155
940	155
1026	155
1161	155
1170	155
1182	155
1193	155
1230	155
1231	155
1305	155
1341	155
1349	155
1410	155
1423	155
884	156
1445	162
227	168
348	168
375	168
442	168
452	168
531	168
681	168
863	168
1021	168
1507	168
410	170
491	170
653	170
655	170
1240	170
1152	174
457	176
759	176
410	177
491	177
653	177
655	177
1240	177
207	178
222	178
364	178
409	178
643	178
650	178
1315	178
703	182
803	182
997	182
1243	182
1432	185
760	186
681	187
787	187
863	187
1125	187
1438	187
1507	187
597	191
849	191
1222	191
1448	191
1481	191
672	192
1188	193
946	194
1006	197
202	199
243	199
258	199
269	199
361	199
373	199
419	199
478	199
479	199
488	199
509	199
574	199
579	199
780	199
785	199
819	199
864	199
908	199
996	199
1026	199
1144	199
1161	199
1170	199
1177	199
1230	199
1261	199
1305	199
1349	199
1388	199
1410	199
1419	199
1432	199
1474	199
710	200
1130	200
1422	200
1429	200
1004	201
243	202
258	202
361	202
373	202
399	202
419	202
478	202
479	202
488	202
493	202
509	202
574	202
579	202
644	202
695	202
780	202
785	202
819	202
864	202
908	202
1026	202
1134	202
1161	202
1170	202
1177	202
1193	202
1230	202
1262	202
1272	202
1279	202
1305	202
1349	202
1358	202
1410	202
1411	202
1432	202
309	205
312	205
556	205
662	205
681	205
827	205
863	205
222	207
364	207
409	207
643	207
650	207
1315	207
348	208
375	208
452	208
568	208
681	208
787	208
863	208
1125	208
1438	208
1507	208
370	211
578	212
594	212
607	212
659	212
1256	212
1290	212
1514	212
866	213
504	214
508	214
798	214
364	222
409	222
643	222
650	222
706	222
1278	222
1315	222
258	223
421	223
576	223
592	223
789	223
888	223
934	223
950	223
1086	223
1182	223
1367	223
1388	223
1416	223
348	227
531	227
863	227
1507	227
749	229
1016	229
1292	232
664	236
1141	236
361	243
373	243
382	243
419	243
478	243
509	243
574	243
644	243
780	243
819	243
864	243
908	243
1026	243
1134	243
1159	243
1161	243
1193	243
1230	243
1262	243
1279	243
1305	243
1410	243
1432	243
1287	244
741	247
738	252
1179	252
1189	252
361	258
373	258
419	258
421	258
478	258
488	258
509	258
515	258
563	258
574	258
576	258
592	258
639	258
645	258
780	258
785	258
789	258
819	258
864	258
908	258
934	258
950	258
996	258
1026	258
1037	258
1086	258
1121	258
1161	258
1170	258
1182	258
1193	258
1199	258
1230	258
1261	258
1305	258
1325	258
1367	258
1388	258
1410	258
1416	258
1419	258
1432	258
1454	258
1514	258
641	261
779	261
1061	262
1129	262
382	265
455	265
512	265
574	265
654	265
826	265
1078	265
1134	265
1144	265
1159	265
1272	265
1342	265
1358	265
1456	265
948	266
1140	266
509	269
579	269
622	269
654	269
826	269
908	269
928	269
1144	269
1177	269
1305	269
1411	269
1456	269
333	271
614	271
861	271
1072	271
1108	271
682	272
831	272
1191	272
1351	272
523	273
1222	273
1505	273
683	276
1218	276
353	285
1117	285
1119	285
1123	285
1288	285
1451	285
339	290
637	290
711	290
814	290
1105	290
1166	290
1185	290
1232	290
1332	290
1414	290
472	295
723	295
768	295
1360	295
337	296
424	296
458	296
553	296
920	296
926	296
1002	296
1006	296
1158	296
1418	296
1445	296
499	298
581	298
885	298
894	298
796	299
710	300
411	301
881	301
975	301
1355	301
695	306
1079	306
312	309
556	309
662	309
827	309
432	311
484	311
556	312
662	312
681	312
827	312
990	313
1403	313
1345	317
1163	319
1508	324
593	327
812	327
840	327
874	327
972	327
1079	327
1206	327
480	328
564	328
873	328
876	328
915	328
983	328
1075	328
1085	328
1461	328
1471	330
350	331
603	331
820	331
1000	331
1391	331
1465	331
614	333
861	333
1072	333
1108	333
1225	333
477	335
553	337
926	337
1002	337
1006	337
1445	337
637	339
711	339
814	339
1105	339
1185	339
1232	339
1332	339
1414	339
391	341
553	341
666	341
360	345
452	345
632	345
863	345
906	345
375	348
442	348
452	348
531	348
681	348
863	348
1507	348
603	350
820	350
1391	350
666	353
1117	353
1123	353
1288	353
1451	353
400	355
690	355
1086	355
1416	355
1056	358
871	359
452	360
515	360
520	360
632	360
681	360
863	360
906	360
1114	360
1438	360
373	361
478	361
509	361
574	361
644	361
780	361
785	361
819	361
864	361
908	361
940	361
1026	361
1161	361
1193	361
1305	361
1419	361
409	364
643	364
650	364
1315	364
948	365
1140	365
1341	365
1377	365
497	366
1459	370
1471	370
382	373
419	373
478	373
479	373
488	373
493	373
509	373
574	373
639	373
644	373
780	373
785	373
819	373
864	373
908	373
940	373
1007	373
1026	373
1134	373
1159	373
1161	373
1170	373
1177	373
1178	373
1193	373
1230	373
1261	373
1272	373
1305	373
1410	373
1411	373
1432	373
442	375
452	375
568	375
681	375
787	375
863	375
1125	375
1507	375
656	377
1205	377
1287	380
455	382
512	382
531	382
654	382
826	382
829	382
908	382
950	382
1027	382
1078	382
1134	382
1144	382
1159	382
1177	382
1272	382
1305	382
1342	382
1358	382
1388	382
1411	382
1419	382
1432	382
1456	382
507	383
525	383
1023	383
1219	383
952	388
1058	388
1190	388
553	391
666	391
558	397
1371	397
1305	399
1484	399
690	400
1086	400
1416	400
903	401
1150	401
794	404
409	406
483	406
591	406
625	406
735	406
1259	406
1378	406
1084	407
725	408
1269	408
643	409
650	409
1259	409
1315	409
491	410
653	410
655	410
1240	410
881	411
975	411
1140	411
1355	411
439	414
1332	417
1414	417
478	419
479	419
488	419
509	419
574	419
583	419
644	419
780	419
785	419
819	419
864	419
908	419
940	419
1026	419
1161	419
1170	419
1193	419
1230	419
1261	419
1305	419
1349	419
1410	419
1432	419
576	421
592	421
690	421
789	421
888	421
934	421
950	421
958	421
1009	421
1086	421
1182	421
1416	421
1454	421
458	424
920	424
1418	424
1445	424
640	431
514	436
940	437
965	439
531	442
681	442
863	442
1507	442
902	445
486	447
1154	447
489	449
1298	449
1304	449
515	452
520	452
556	452
568	452
632	452
681	452
787	452
863	452
906	452
1114	452
1125	452
1438	452
1507	452
512	455
579	455
654	455
826	455
1027	455
1078	455
1134	455
1144	455
1159	455
1177	455
1272	455
1305	455
1342	455
1358	455
1411	455
1419	455
1456	455
759	457
920	458
1158	458
1418	458
1445	458
922	461
641	468
779	468
1075	468
1241	468
1390	468
1461	468
945	472
523	474
963	475
1212	476
969	477
488	478
493	478
509	478
574	478
644	478
780	478
785	478
819	478
864	478
908	478
940	478
996	478
1026	478
1161	478
1170	478
1193	478
1230	478
1231	478
1261	478
1279	478
1305	478
1341	478
1410	478
1423	478
1432	478
488	479
493	479
509	479
532	479
574	479
583	479
780	479
836	479
1026	479
1170	479
1261	479
523	480
564	480
873	480
876	480
915	480
983	480
1075	480
1085	480
1150	480
1461	480
591	483
625	483
735	483
1259	483
1378	483
1154	486
509	488
780	488
1026	488
1170	488
1230	488
1231	488
1261	488
539	489
549	489
576	489
1012	489
1051	489
1103	489
1298	489
1304	489
1316	489
653	491
655	491
1240	491
509	493
574	493
583	493
644	493
780	493
819	493
864	493
990	493
1161	493
1305	493
531	497
597	497
645	497
728	497
785	497
1067	497
1283	497
581	499
885	499
894	499
508	504
798	504
977	506
525	507
1023	507
1219	507
798	508
574	509
583	509
639	509
644	509
654	509
780	509
785	509
819	509
864	509
908	509
990	509
1007	509
1026	509
1161	509
1170	509
1177	509
1193	509
1230	509
1231	509
1261	509
1305	509
1388	509
1410	509
1411	509
1432	509
579	512
654	512
826	512
1078	512
1134	512
1144	512
1159	512
1177	512
1272	512
1305	512
1342	512
1358	512
1411	512
1419	512
1456	512
520	515
531	515
681	515
785	515
863	515
906	515
950	515
1182	515
1207	515
1305	515
1367	515
1419	515
1394	518
681	520
863	520
906	520
1114	520
873	523
1023	525
1219	525
592	529
934	529
563	531
597	531
645	531
1045	531
1134	531
1283	531
1494	531
1507	531
765	536
1293	537
600	538
549	539
1012	539
1051	539
1298	539
1304	539
1316	539
1005	541
1514	541
1088	548
1012	549
1051	549
1298	549
1304	549
1316	549
926	553
1002	553
1006	553
1445	553
662	556
681	556
827	556
863	556
1472	556
1507	556
1010	557
1371	558
780	559
819	559
864	559
1312	561
1385	561
1134	563
1199	563
1305	563
876	564
915	564
983	564
1075	564
1085	564
1461	564
681	568
863	568
1507	568
639	574
644	574
780	574
785	574
819	574
864	574
908	574
940	574
996	574
1026	574
1134	574
1159	574
1161	574
1170	574
1178	574
1182	574
1193	574
1230	574
1261	574
1305	574
1341	574
1349	574
1410	574
1411	574
1419	574
1423	574
1432	574
789	576
934	576
950	576
958	576
959	576
1009	576
1086	576
1134	576
1182	576
1298	576
1304	576
1305	576
1388	576
1416	576
594	578
607	578
659	578
1256	578
1290	578
622	579
654	579
826	579
908	579
928	579
1078	579
1134	579
1144	579
1159	579
1177	579
1272	579
1305	579
1342	579
1358	579
1411	579
1419	579
1456	579
780	583
1261	583
793	590
1227	590
1247	590
625	591
735	591
1259	591
1378	591
744	592
888	592
934	592
1009	592
1086	592
1182	592
1416	592
644	593
812	593
840	593
874	593
972	593
1026	593
1079	593
1206	593
1336	593
607	594
659	594
1256	594
1290	594
1514	594
645	597
772	597
785	597
1283	597
1341	597
820	603
1000	603
1391	603
697	604
773	604
1327	604
1418	604
841	605
659	607
1256	607
1290	607
648	613
809	613
945	613
861	614
1108	614
1169	618
1323	621
826	622
928	622
1144	622
1177	622
1305	622
1411	622
1456	622
728	623
735	625
1259	625
1378	625
1041	628
681	632
863	632
906	632
1114	632
657	634
761	634
1514	634
711	637
814	637
1105	637
1185	637
1232	637
1332	637
1341	637
1414	637
865	638
785	639
819	639
864	639
1121	639
1193	639
1261	639
779	641
1075	641
1241	641
1390	641
1461	641
650	643
1259	643
1315	643
780	644
785	644
819	644
864	644
874	644
908	644
1026	644
1161	644
1193	644
1305	644
1410	644
1432	644
785	645
819	645
908	645
1283	645
1419	645
809	648
945	648
1315	650
655	653
1240	653
826	654
908	654
928	654
1027	654
1078	654
1134	654
1144	654
1159	654
1177	654
1262	654
1272	654
1305	654
1342	654
1358	654
1388	654
1411	654
1419	654
1456	654
1240	655
1205	656
1224	656
962	657
1200	657
1256	659
1290	659
1402	660
827	662
1123	666
1288	666
1451	666
808	668
981	668
898	670
1049	670
1499	670
911	671
1211	673
1304	674
787	681
863	681
906	681
1114	681
1125	681
1438	681
1507	681
831	682
1191	682
1351	682
1218	683
955	685
1181	685
841	686
918	686
1082	688
789	690
934	690
950	690
1086	690
1416	690
1045	695
773	697
1327	697
1418	697
800	698
803	703
997	703
1243	703
941	704
1278	706
1130	710
1422	710
1429	710
814	711
1105	711
1166	711
1185	711
1232	711
1332	711
1414	711
1320	712
782	714
1319	715
1510	716
768	723
1360	723
1374	724
1269	725
1168	730
1125	732
1438	732
1444	733
1259	735
1378	735
852	737
1179	738
1189	738
1489	738
1134	744
934	756
958	756
1009	756
1086	756
819	761
986	766
1363	766
1360	768
1283	772
1327	773
1418	773
1179	775
1215	775
1372	775
1373	775
1489	775
1075	779
1241	779
1390	779
1418	779
1461	779
785	780
819	780
864	780
908	780
940	780
1026	780
1161	780
1170	780
1193	780
1230	780
1231	780
1261	780
1305	780
1341	780
1349	780
1410	780
1432	780
1041	784
789	785
819	785
864	785
908	785
940	785
950	785
1026	785
1121	785
1161	785
1170	785
1193	785
1283	785
1305	785
1341	785
1419	785
1424	785
1432	785
863	787
1125	787
1438	787
1507	787
1087	788
819	789
888	789
934	789
950	789
958	789
1009	789
1086	789
1164	789
1182	789
1308	789
1325	789
1367	789
1388	789
1416	789
1454	789
1371	796
829	797
1285	797
953	800
997	803
1243	803
1220	804
811	808
981	808
866	809
990	809
840	812
874	812
972	812
1079	812
1206	812
1105	814
1166	814
1185	814
1232	814
1332	814
1341	814
1414	814
864	819
908	819
950	819
1026	819
1086	819
1121	819
1161	819
1170	819
1182	819
1193	819
1230	819
1231	819
1261	819
1305	819
1341	819
1410	819
1419	819
1454	819
1514	819
1000	820
1391	820
1465	820
1414	824
908	826
1007	826
1078	826
1134	826
1144	826
1159	826
1177	826
1272	826
1305	826
1342	826
1358	826
1411	826
1419	826
1432	826
1456	826
1134	829
1159	829
1285	829
1191	831
1351	831
874	840
972	840
1206	840
918	841
1273	841
1319	841
930	842
962	845
1448	849
1481	849
942	851
1453	851
1193	854
1199	854
1454	854
907	857
1072	861
1108	861
906	863
1114	863
1125	863
1438	863
1507	863
908	864
1007	864
1026	864
1161	864
1170	864
1182	864
1193	864
1230	864
1231	864
1261	864
1305	864
1423	864
1432	864
918	866
1046	867
915	873
1075	873
1085	873
972	874
1079	874
1206	874
915	876
983	876
1075	876
1085	876
1461	876
1127	877
1379	877
975	881
1355	881
934	888
950	888
1009	888
1086	888
1182	888
1416	888
1214	897
1049	898
1499	898
1150	903
1114	906
1125	906
1438	906
949	908
1026	908
1134	908
1144	908
1159	908
1161	908
1178	908
1182	908
1193	908
1230	908
1262	908
1272	908
1279	908
1305	908
1342	908
1358	908
1388	908
1410	908
1411	908
1419	908
1432	908
1456	908
983	915
1075	915
1085	915
1461	915
962	918
1273	918
1158	920
1418	920
1445	920
1445	926
945	928
1071	928
1144	928
1327	928
1411	928
950	934
958	934
1009	934
1086	934
1182	934
1325	934
1388	934
1416	934
1454	934
1026	940
1161	940
1178	940
1305	940
1432	940
1453	942
1071	945
1327	945
1140	948
1377	948
1262	949
1272	949
1419	949
958	950
1009	950
1026	950
1086	950
1134	950
1164	950
1182	950
1308	950
1367	950
1388	950
1416	950
1058	952
1190	952
1181	955
1009	958
1086	958
1164	958
1182	958
1416	958
994	961
1273	962
1319	962
1419	962
1026	972
1079	972
1206	972
1355	975
1353	976
1075	983
1085	983
1461	983
1124	986
1037	996
1199	996
1283	996
1302	996
1243	997
1391	1000
1006	1002
1514	1005
1445	1006
1305	1007
1086	1009
1182	1009
1416	1009
1298	1012
1304	1012
1316	1012
1088	1015
1175	1015
1502	1015
1219	1023
1079	1026
1134	1026
1161	1026
1170	1026
1182	1026
1193	1026
1230	1026
1261	1026
1262	1026
1305	1026
1410	1026
1419	1026
1432	1026
1055	1027
1078	1027
1134	1027
1159	1027
1272	1027
1305	1027
1342	1027
1411	1027
1419	1027
1424	1027
1432	1027
1501	1027
1283	1045
1305	1045
1432	1045
1499	1049
1150	1051
1298	1051
1304	1051
1316	1051
1190	1058
1393	1059
1129	1061
1071	1068
1327	1071
1108	1072
1225	1072
1085	1075
1241	1075
1390	1075
1418	1075
1461	1075
1134	1078
1144	1078
1159	1078
1177	1078
1272	1078
1305	1078
1342	1078
1358	1078
1411	1078
1456	1078
1273	1083
1461	1085
1164	1086
1182	1086
1325	1086
1388	1086
1416	1086
1454	1086
1298	1103
1304	1103
1185	1105
1232	1105
1332	1105
1414	1105
1123	1117
1288	1117
1451	1117
1123	1119
1451	1119
1193	1121
1288	1123
1451	1123
1438	1125
1507	1125
1422	1130
1429	1130
1144	1134
1159	1134
1161	1134
1177	1134
1182	1134
1262	1134
1272	1134
1279	1134
1305	1134
1342	1134
1358	1134
1388	1134
1411	1134
1419	1134
1432	1134
1456	1134
1341	1140
1377	1140
1159	1144
1177	1144
1262	1144
1272	1144
1305	1144
1342	1144
1358	1144
1411	1144
1419	1144
1456	1144
1183	1148
1320	1153
1510	1155
1418	1158
1445	1158
1177	1159
1262	1159
1272	1159
1305	1159
1342	1159
1358	1159
1411	1159
1419	1159
1432	1159
1456	1159
1170	1161
1193	1161
1230	1161
1260	1161
1261	1161
1279	1161
1305	1161
1341	1161
1410	1161
1423	1161
1432	1161
1484	1161
1416	1164
1270	1165
1193	1170
1230	1170
1261	1170
1305	1170
1410	1170
1424	1170
1474	1170
1502	1175
1272	1177
1305	1177
1342	1177
1358	1177
1411	1177
1456	1177
1305	1178
1189	1179
1215	1179
1372	1179
1373	1179
1489	1179
1193	1182
1305	1182
1367	1182
1388	1182
1410	1182
1416	1182
1432	1182
1232	1185
1332	1185
1414	1185
1489	1189
1351	1191
1230	1193
1261	1193
1305	1193
1410	1193
1419	1193
1432	1193
1302	1199
1325	1199
1454	1199
1224	1205
1336	1206
1372	1215
1373	1215
1489	1215
1505	1222
1247	1227
1279	1230
1305	1230
1341	1230
1342	1230
1410	1230
1419	1230
1332	1232
1341	1232
1414	1232
1390	1241
1418	1241
1461	1241
1280	1245
1290	1256
1378	1259
1305	1261
1410	1261
1272	1262
1305	1262
1342	1262
1358	1262
1388	1262
1419	1262
1432	1262
1305	1272
1342	1272
1358	1272
1388	1272
1411	1272
1419	1272
1432	1272
1319	1273
1305	1279
1342	1279
1423	1279
1432	1279
1359	1283
1451	1288
1304	1298
1316	1304
1342	1305
1358	1305
1388	1305
1410	1305
1411	1305
1419	1305
1423	1305
1432	1305
1456	1305
1514	1305
1385	1312
1321	1317
1327	1319
1445	1320
1388	1325
1416	1325
1454	1325
1418	1327
1414	1332
1377	1341
1410	1341
1414	1341
1358	1342
1411	1342
1419	1342
1456	1342
1411	1358
1419	1358
1432	1358
1416	1367
1373	1372
1489	1372
1489	1373
1473	1383
1416	1388
1419	1388
1454	1388
1461	1390
1432	1410
1419	1411
1432	1411
1456	1411
1484	1411
1454	1416
1445	1418
1432	1419
1456	1419
1484	1419
1429	1422
1507	1438
1481	1448
