0	370
0	471
0	536
3	17
3	675
5	32
5	90
5	103
5	136
5	185
5	256
5	639
5	669
5	736
5	777
5	806
6	590
8	579
9	62
9	191
9	379
10	383
10	696
10	718
12	586
13	591
15	52
15	58
15	71
15	80
15	90
15	115
15	122
15	222
15	325
15	390
15	428
15	500
15	527
15	533
15	559
15	615
15	618
15	663
15	707
15	744
15	795
15	810
16	56
16	731
17	675
19	178
19	233
19	316
19	430
19	572
19	770
20	30
20	32
20	76
20	101
20	103
20	104
20	124
20	179
20	256
20	257
20	264
20	265
20	283
20	354
20	360
20	434
20	479
20	556
20	576
20	588
20	625
20	632
20	651
20	669
20	722
20	736
20	815
23	82
23	139
23	157
23	166
23	171
23	190
23	340
23	422
23	477
23	548
23	573
23	582
23	624
23	683
23	689
23	745
25	672
28	279
28	636
28	792
30	32
30	101
30	103
30	104
30	179
30	256
30	257
30	264
30	265
30	354
30	434
30	453
30	479
30	576
30	588
30	625
30	651
30	722
30	736
31	292
31	456
31	471
32	45
32	52
32	76
32	101
32	103
32	104
32	124
32	179
32	185
32	256
32	264
32	265
32	354
32	360
32	434
32	479
32	495
32	576
32	588
32	625
32	632
32	636
32	651
32	661
32	663
32	669
32	716
32	721
32	722
32	736
32	806
32	811
32	815
35	498
35	589
35	842
36	504
36	831
38	346
38	350
38	377
38	626
38	629
38	816
39	256
39	361
39	554
39	736
43	303
45	90
45	130
45	367
45	499
45	636
45	642
45	649
45	736
45	798
45	806
45	808
45	815
46	814
47	59
47	150
47	174
47	175
47	285
47	330
47	339
47	401
47	454
47	455
47	476
47	623
47	654
47	694
47	700
47	747
47	753
47	780
50	793
52	58
52	76
52	90
52	99
52	104
52	115
52	179
52	185
52	264
52	265
52	311
52	338
52	357
52	479
52	527
52	538
52	554
52	559
52	586
52	588
52	616
52	625
52	632
52	651
52	663
52	669
52	673
52	722
52	736
52	744
52	753
52	788
52	798
54	597
55	334
56	458
56	731
57	152
57	286
57	407
57	482
57	485
57	558
57	614
57	708
57	755
57	769
58	90
58	99
58	115
58	325
58	473
58	615
58	618
58	663
58	669
58	673
58	810
59	150
59	174
59	175
59	285
59	330
59	339
59	401
59	454
59	455
59	476
59	623
59	694
59	700
59	747
59	780
61	193
61	492
61	738
62	191
62	379
67	200
71	90
71	115
71	122
71	222
71	325
71	500
71	521
71	527
71	618
71	636
71	663
71	695
71	810
73	209
74	407
74	485
74	558
74	601
74	614
76	90
76	101
76	103
76	104
76	115
76	179
76	185
76	256
76	264
76	265
76	283
76	354
76	357
76	360
76	434
76	479
76	554
76	576
76	588
76	625
76	632
76	651
76	663
76	669
76	693
76	722
76	736
76	753
76	759
76	815
80	90
80	115
80	222
80	390
80	423
80	428
80	500
80	527
80	533
80	615
80	618
80	653
80	663
80	744
80	795
80	810
82	139
82	157
82	166
82	171
82	182
82	190
82	340
82	422
82	477
82	548
82	573
82	582
82	624
82	683
82	745
83	138
83	391
83	461
83	514
83	551
83	702
83	792
85	170
85	366
85	368
85	749
86	718
87	152
87	225
87	243
87	797
90	103
90	104
90	115
90	130
90	222
90	264
90	325
90	428
90	499
90	500
90	521
90	527
90	533
90	588
90	615
90	618
90	636
90	639
90	649
90	651
90	663
90	695
90	716
90	736
90	771
90	795
90	798
90	806
90	810
91	362
91	806
96	259
96	427
97	106
97	686
99	305
99	311
99	473
99	673
100	787
101	103
101	104
101	124
101	138
101	179
101	185
101	256
101	257
101	264
101	318
101	354
101	434
101	479
101	554
101	559
101	576
101	588
101	625
101	632
101	642
101	651
101	660
101	722
101	736
101	759
101	798
101	806
101	811
101	815
101	828
102	179
103	104
103	124
103	179
103	185
103	256
103	257
103	264
103	265
103	318
103	354
103	360
103	361
103	392
103	434
103	478
103	479
103	554
103	576
103	588
103	625
103	632
103	636
103	651
103	660
103	669
103	716
103	721
103	722
103	736
103	759
103	792
103	806
103	811
103	815
104	179
104	185
104	232
104	256
104	257
104	264
104	265
104	283
104	304
104	354
104	357
104	360
104	434
104	479
104	554
104	576
104	588
104	625
104	632
104	651
104	669
104	722
104	736
104	753
104	788
104	798
104	815
105	141
105	386
105	587
105	643
109	317
109	327
109	709
109	849
113	292
113	464
113	768
114	158
114	260
114	399
114	690
114	778
115	222
115	325
115	428
115	500
115	527
115	615
115	618
115	663
115	695
115	707
115	771
115	795
115	810
116	417
116	739
116	755
116	756
116	758
116	835
116	850
118	696
121	375
121	521
123	378
123	451
123	549
124	179
124	185
124	256
124	360
124	434
124	479
124	495
124	554
124	576
124	588
124	625
124	632
124	636
124	649
124	651
124	669
124	721
124	722
124	736
124	806
124	811
130	241
130	279
130	318
130	367
130	478
130	495
130	499
130	503
130	541
130	636
130	642
130	649
130	716
130	736
130	792
130	798
130	808
131	637
136	639
138	264
138	275
138	318
138	367
138	391
138	461
138	495
138	514
138	642
138	660
138	702
138	736
138	792
138	808
138	815
139	157
139	166
139	171
139	182
139	190
139	340
139	422
139	477
139	548
139	573
139	582
139	624
139	683
139	745
141	386
141	587
141	643
144	433
144	681
144	756
144	774
144	775
144	820
144	835
147	555
149	434
149	632
150	174
150	175
150	285
150	330
150	339
150	401
150	454
150	455
150	476
150	623
150	654
150	694
150	700
150	747
150	780
152	225
152	243
152	300
152	769
152	797
154	216
154	487
154	545
154	765
154	814
154	820
155	267
155	392
155	761
156	159
156	302
157	166
157	171
157	182
157	190
157	340
157	422
157	477
157	548
157	573
157	582
157	624
157	683
157	689
157	745
158	260
158	399
158	690
158	778
159	302
160	208
160	555
160	786
162	652
163	733
164	475
165	645
165	846
166	171
166	182
166	190
166	340
166	422
166	477
166	548
166	573
166	582
166	624
166	683
166	745
168	483
168	542
168	834
170	366
170	368
170	749
171	182
171	190
171	340
171	422
171	477
171	548
171	573
171	582
171	624
171	683
171	689
171	745
173	255
174	175
174	285
174	330
174	339
174	401
174	454
174	455
174	476
174	623
174	694
174	700
174	747
174	780
175	285
175	330
175	339
175	401
175	454
175	455
175	476
175	623
175	694
175	700
175	747
175	780
177	325
177	703
178	233
178	316
178	430
178	770
179	185
179	256
179	257
179	264
179	354
179	434
179	479
179	554
179	576
179	588
179	625
179	632
179	651
179	711
179	722
179	736
179	759
179	798
179	811
179	815
182	477
182	573
182	582
184	504
184	809
184	831
185	256
185	264
185	283
185	354
185	360
185	361
185	434
185	479
185	554
185	576
185	588
185	625
185	632
185	651
185	669
185	722
185	736
185	798
185	811
185	815
190	340
190	422
190	477
190	573
190	582
190	683
190	689
190	745
191	379
193	492
193	738
195	675
199	522
203	435
203	528
203	596
204	728
205	300
205	377
205	664
205	823
206	363
208	555
208	786
211	390
211	615
211	795
214	444
215	613
216	487
216	545
216	639
216	765
216	814
218	248
222	325
222	390
222	428
222	500
222	527
222	533
222	615
222	618
222	663
222	795
222	810
223	298
223	464
223	537
223	741
225	243
225	797
232	571
232	625
233	430
234	350
235	501
236	701
241	251
241	279
241	318
241	367
241	391
241	461
241	478
241	499
241	503
241	577
241	636
241	642
241	649
241	660
241	716
241	722
241	736
241	792
241	798
241	808
243	797
246	511
249	292
251	367
251	499
251	636
251	642
251	649
251	736
251	792
253	292
253	464
253	522
256	264
256	265
256	283
256	354
256	360
256	361
256	434
256	479
256	554
256	556
256	559
256	576
256	588
256	625
256	632
256	651
256	669
256	693
256	721
256	722
256	736
256	753
256	806
256	811
256	815
257	265
257	434
257	466
257	576
257	625
257	632
257	722
260	399
260	690
260	778
262	568
262	591
262	732
263	416
264	265
264	304
264	318
264	354
264	360
264	361
264	367
264	434
264	479
264	551
264	559
264	576
264	588
264	625
264	632
264	642
264	651
264	660
264	663
264	716
264	722
264	736
264	753
264	792
264	811
264	815
265	338
265	360
265	434
265	479
265	555
265	588
265	625
265	632
265	651
265	722
265	736
265	815
266	301
266	706
267	761
269	496
273	547
274	287
274	539
274	684
275	387
275	625
275	736
279	318
279	367
279	391
279	461
279	478
279	499
279	503
279	541
279	636
279	642
279	649
279	660
279	716
279	722
279	736
279	792
279	798
279	808
283	354
283	434
283	479
283	632
283	669
283	736
285	330
285	339
285	401
285	454
285	455
285	476
285	623
285	694
285	700
285	747
285	753
285	780
286	407
286	482
286	769
287	539
287	684
290	325
292	464
292	522
292	742
298	820
299	733
300	664
300	823
301	307
301	706
301	756
301	758
301	797
302	827
303	773
304	434
304	479
304	722
305	636
305	673
305	736
307	706
311	638
316	430
316	770
316	809
317	327
317	709
318	367
318	391
318	461
318	495
318	499
318	514
318	636
318	642
318	649
318	660
318	702
318	716
318	722
318	736
318	792
318	798
318	808
318	815
321	592
321	647
322	840
325	500
325	615
325	625
325	663
325	703
325	795
325	810
327	709
327	849
330	397
330	401
330	454
330	455
330	476
330	623
330	694
330	747
330	780
337	641
337	790
338	510
339	401
339	454
339	455
339	476
339	623
339	694
339	700
339	747
340	422
340	477
340	548
340	573
340	582
340	624
340	683
344	522
346	366
346	377
346	626
346	629
346	816
350	602
350	629
354	360
354	434
354	479
354	554
354	576
354	588
354	625
354	632
354	651
354	669
354	722
354	736
354	806
354	811
354	815
357	479
357	554
357	632
357	669
360	434
360	479
360	483
360	576
360	588
360	625
360	632
360	651
360	669
360	722
360	736
360	806
360	811
361	367
361	479
361	559
361	625
361	636
361	651
361	702
361	722
361	736
361	792
361	806
361	815
361	849
363	522
365	520
366	368
366	749
367	391
367	461
367	478
367	495
367	499
367	503
367	514
367	541
367	577
367	632
367	636
367	642
367	649
367	660
367	716
367	722
367	736
367	792
367	798
367	808
368	749
370	536
370	674
375	521
375	695
377	629
377	816
377	823
378	451
378	549
381	756
381	758
381	774
381	820
383	696
385	760
386	587
386	643
388	530
390	428
390	500
390	527
390	615
390	795
390	810
391	461
391	495
391	499
391	503
391	514
391	636
391	642
391	649
391	660
391	702
391	716
391	722
391	736
391	792
391	808
392	570
392	586
392	761
394	448
399	690
399	778
401	454
401	455
401	476
401	623
401	654
401	694
401	700
401	747
401	780
404	481
404	741
407	482
407	485
407	558
407	601
407	614
407	769
413	465
413	659
417	739
417	755
417	758
417	835
417	850
420	720
422	477
422	548
422	573
422	582
422	624
422	683
422	745
423	428
423	533
423	615
426	616
428	500
428	527
428	533
428	615
428	618
428	663
428	795
428	810
429	801
430	572
430	770
431	650
433	681
433	756
433	774
433	775
433	820
433	835
434	479
434	554
434	576
434	588
434	625
434	632
434	651
434	669
434	693
434	722
434	736
434	753
434	759
434	806
434	811
434	815
435	528
435	596
448	529
451	549
454	455
454	476
454	623
454	654
454	694
454	700
454	747
454	753
454	780
455	476
455	623
455	654
455	694
455	700
455	747
455	780
458	731
461	495
461	499
461	565
461	636
461	642
461	649
461	660
461	702
461	716
461	736
461	792
461	798
461	806
461	808
461	815
464	514
465	659
471	536
473	669
473	673
476	623
476	694
476	700
476	747
476	753
476	780
477	548
477	573
477	582
477	624
477	683
478	495
478	499
478	526
478	541
478	636
478	642
478	649
478	716
478	722
478	736
478	792
478	798
478	808
479	554
479	565
479	576
479	588
479	625
479	632
479	651
479	663
479	669
479	693
479	722
479	736
479	806
479	811
479	815
481	741
482	558
482	614
482	769
483	542
483	834
485	558
485	601
485	614
487	545
487	765
487	814
488	552
488	630
490	585
492	738
495	499
495	541
495	636
495	642
495	649
495	660
495	702
495	716
495	722
495	736
495	792
495	798
495	806
498	589
498	842
499	503
499	514
499	541
499	636
499	642
499	649
499	660
499	716
499	722
499	736
499	792
499	798
499	806
499	808
500	527
500	533
500	615
500	663
500	795
500	810
503	577
503	632
503	636
503	642
503	649
503	716
503	736
503	792
503	808
504	809
504	831
514	522
514	642
514	702
514	792
521	527
521	636
521	695
521	736
526	716
526	798
527	533
527	576
527	615
527	618
527	636
527	653
527	663
527	771
527	795
527	810
528	596
533	615
533	618
533	653
533	663
533	795
533	810
536	717
536	741
536	798
539	684
541	636
541	642
541	649
541	716
541	722
541	736
541	792
541	808
542	576
542	834
543	554
545	765
545	814
548	573
548	582
548	624
548	683
551	702
551	722
551	736
551	792
551	815
552	630
554	576
554	588
554	625
554	632
554	651
554	663
554	669
554	711
554	722
554	811
554	815
556	625
558	601
558	614
559	583
559	616
559	625
559	673
559	724
559	815
560	796
565	722
565	736
568	732
570	586
570	636
570	669
570	798
570	806
573	582
573	624
573	683
573	689
573	745
576	588
576	625
576	632
576	636
576	651
576	663
576	669
576	722
576	736
576	798
576	806
576	811
576	815
577	594
577	632
577	636
577	649
577	716
577	722
577	736
577	792
577	798
577	806
577	808
578	624
578	683
582	624
582	683
586	724
586	736
586	806
587	643
588	625
588	632
588	636
588	651
588	663
588	669
588	721
588	722
588	736
588	753
588	806
588	811
588	815
589	842
591	732
592	647
601	614
602	629
612	717
615	618
615	653
615	663
615	744
615	795
615	810
616	849
618	653
618	663
618	707
618	795
618	810
623	694
623	700
623	747
624	683
625	632
625	651
625	663
625	669
625	693
625	722
625	736
625	806
625	811
626	629
626	816
629	816
632	636
632	642
632	651
632	669
632	693
632	716
632	722
632	736
632	753
632	759
632	792
632	798
632	806
632	811
632	815
633	697
633	705
636	642
636	649
636	651
636	660
636	663
636	695
636	716
636	721
636	722
636	736
636	792
636	798
636	806
636	808
636	811
638	781
639	753
639	777
641	790
642	649
642	660
642	702
642	716
642	722
642	736
642	792
642	798
642	808
642	815
645	846
648	789
649	660
649	716
649	722
649	736
649	792
649	798
649	806
649	808
649	811
651	669
651	711
651	721
651	722
651	736
651	753
651	806
651	811
651	815
651	832
653	795
660	716
660	722
660	736
660	792
660	808
661	722
661	736
663	669
663	736
663	771
663	788
663	795
663	806
663	810
664	823
669	722
669	736
669	798
669	806
673	744
680	710
681	756
681	758
681	774
681	775
681	820
681	835
683	689
683	745
686	844
690	778
691	719
691	757
694	700
694	747
694	753
694	780
697	705
697	823
699	797
700	747
702	722
702	736
702	792
702	798
702	815
705	823
706	756
706	758
706	797
707	810
711	722
716	722
716	736
716	792
716	798
716	806
716	808
717	741
719	757
721	722
721	736
721	806
722	736
722	792
722	798
722	806
722	808
722	811
722	815
722	828
736	792
736	798
736	806
736	808
736	811
736	815
736	849
739	755
739	756
739	758
739	769
739	835
739	850
744	795
747	780
748	809
753	777
753	788
753	815
755	756
755	758
755	835
755	850
756	758
756	774
756	775
756	820
756	835
756	850
758	774
758	775
758	797
758	820
758	835
758	850
765	814
770	809
771	795
774	775
774	820
774	835
775	820
775	835
792	798
792	806
792	808
792	815
792	832
795	810
798	806
798	808
798	815
798	832
806	808
806	811
809	831
810	836
811	832
818	824
820	835
835	850
370	0
471	0
536	0
17	3
675	3
32	5
90	5
103	5
136	5
185	5
256	5
639	5
669	5
736	5
777	5
806	5
590	6
579	8
62	9
191	9
379	9
383	10
696	10
718	10
586	12
591	13
52	15
58	15
71	15
80	15
90	15
115	15
122	15
222	15
325	15
390	15
428	15
500	15
527	15
533	15
559	15
615	15
618	15
663	15
707	15
744	15
795	15
810	15
56	16
731	16
675	17
178	19
233	19
316	19
430	19
572	19
770	19
30	20
32	20
76	20
101	20
103	20
104	20
124	20
179	20
256	20
257	20
264	20
265	20
283	20
354	20
360	20
434	20
479	20
556	20
576	20
588	20
625	20
632	20
651	20
669	20
722	20
736	20
815	20
82	23
139	23
157	23
166	23
171	23
190	23
340	23
422	23
477	23
548	23
573	23
582	23
624	23
683	23
689	23
745	23
672	25
279	28
636	28
792	28
32	30
101	30
103	30
104	30
179	30
256	30
257	30
264	30
265	30
354	30
434	30
453	30
479	30
576	30
588	30
625	30
651	30
722	30
736	30
292	31
456	31
471	31
45	32
52	32
76	32
101	32
103	32
104	32
124	32
179	32
185	32
256	32
264	32
265	32
354	32
360	32
434	32
479	32
495	32
576	32
588	32
625	32
632	32
636	32
651	32
661	32
663	32
669	32
716	32
721	32
722	32
736	32
806	32
811	32
815	32
498	35
589	35
842	35
504	36
831	36
346	38
350	38
377	38
626	38
629	38
816	38
256	39
361	39
554	39
736	39
303	43
90	45
130	45
367	45
499	45
636	45
642	45
649	45
736	45
798	45
806	45
808	45
815	45
814	46
59	47
150	47
174	47
175	47
285	47
330	47
339	47
401	47
454	47
455	47
476	47
623	47
654	47
694	47
700	47
747	47
753	47
780	47
793	50
58	52
76	52
90	52
99	52
104	52
115	52
179	52
185	52
264	52
265	52
311	52
338	52
357	52
479	52
527	52
538	52
554	52
559	52
586	52
588	52
616	52
625	52
632	52
651	52
663	52
669	52
673	52
722	52
736	52
744	52
753	52
788	52
798	52
597	54
334	55
458	56
731	56
152	57
286	57
407	57
482	57
485	57
558	57
614	57
708	57
755	57
769	57
90	58
99	58
115	58
325	58
473	58
615	58
618	58
663	58
669	58
673	58
810	58
150	59
174	59
175	59
285	59
330	59
339	59
401	59
454	59
455	59
476	59
623	59
694	59
700	59
747	59
780	59
193	61
492	61
738	61
191	62
379	62
200	67
90	71
115	71
122	71
222	71
325	71
500	71
521	71
527	71
618	71
636	71
663	71
695	71
810	71
209	73
407	74
485	74
558	74
601	74
614	74
90	76
101	76
103	76
104	76
115	76
179	76
185	76
256	76
264	76
265	76
283	76
354	76
357	76
360	76
434	76
479	76
554	76
576	76
588	76
625	76
632	76
651	76
663	76
669	76
693	76
722	76
736	76
753	76
759	76
815	76
90	80
115	80
222	80
390	80
423	80
428	80
500	80
527	80
533	80
615	80
618	80
653	80
663	80
744	80
795	80
810	80
139	82
157	82
166	82
171	82
182	82
190	82
340	82
422	82
477	82
548	82
573	82
582	82
624	82
683	82
745	82
138	83
391	83
461	83
514	83
551	83
702	83
792	83
170	85
366	85
368	85
749	85
718	86
152	87
225	87
243	87
797	87
103	90
104	90
115	90
130	90
222	90
264	90
325	90
428	90
499	90
500	90
521	90
527	90
533	90
588	90
615	90
618	90
636	90
639	90
649	90
651	90
663	90
695	90
716	90
736	90
771	90
795	90
798	90
806	90
810	90
362	91
806	91
259	96
427	96
106	97
686	97
305	99
311	99
473	99
673	99
787	100
103	101
104	101
124	101
138	101
179	101
185	101
256	101
257	101
264	101
318	101
354	101
434	101
479	101
554	101
559	101
576	101
588	101
625	101
632	101
642	101
651	101
660	101
722	101
736	101
759	101
798	101
806	101
811	101
815	101
828	101
179	102
104	103
124	103
179	103
185	103
256	103
257	103
264	103
265	103
318	103
354	103
360	103
361	103
392	103
434	103
478	103
479	103
554	103
576	103
588	103
625	103
632	103
636	103
651	103
660	103
669	103
716	103
721	103
722	103
736	103
759	103
792	103
806	103
811	103
815	103
179	104
185	104
232	104
256	104
257	104
264	104
265	104
283	104
304	104
354	104
357	104
360	104
434	104
479	104
554	104
576	104
588	104
625	104
632	104
651	104
669	104
722	104
736	104
753	104
788	104
798	104
815	104
141	105
386	105
587	105
643	105
317	109
327	109
709	109
849	109
292	113
464	113
768	113
158	114
260	114
399	114
690	114
778	114
222	115
325	115
428	115
500	115
527	115
615	115
618	115
663	115
695	115
707	115
771	115
795	115
810	115
417	116
739	116
755	116
756	116
758	116
835	116
850	116
696	118
375	121
521	121
378	123
451	123
549	123
179	124
185	124
256	124
360	124
434	124
479	124
495	124
554	124
576	124
588	124
625	124
632	124
636	124
649	124
651	124
669	124
721	124
722	124
736	124
806	124
811	124
241	130
279	130
318	130
367	130
478	130
495	130
499	130
503	130
541	130
636	130
642	130
649	130
716	130
736	130
792	130
798	130
808	130
637	131
639	136
264	138
275	138
318	138
367	138
391	138
461	138
495	138
514	138
642	138
660	138
702	138
736	138
792	138
808	138
815	138
157	139
166	139
171	139
182	139
190	139
340	139
422	139
477	139
548	139
573	139
582	139
624	139
683	139
745	139
386	141
587	141
643	141
433	144
681	144
756	144
774	144
775	144
820	144
835	144
555	147
434	149
632	149
174	150
175	150
285	150
330	150
339	150
401	150
454	150
455	150
476	150
623	150
654	150
694	150
700	150
747	150
780	150
225	152
243	152
300	152
769	152
797	152
216	154
487	154
545	154
765	154
814	154
820	154
267	155
392	155
761	155
159	156
302	156
166	157
171	157
182	157
190	157
340	157
422	157
477	157
548	157
573	157
582	157
624	157
683	157
689	157
745	157
260	158
399	158
690	158
778	158
302	159
208	160
555	160
786	160
652	162
733	163
475	164
645	165
846	165
171	166
182	166
190	166
340	166
422	166
477	166
548	166
573	166
582	166
624	166
683	166
745	166
483	168
542	168
834	168
366	170
368	170
749	170
182	171
190	171
340	171
422	171
477	171
548	171
573	171
582	171
624	171
683	171
689	171
745	171
255	173
175	174
285	174
330	174
339	174
401	174
454	174
455	174
476	174
623	174
694	174
700	174
747	174
780	174
285	175
330	175
339	175
401	175
454	175
455	175
476	175
623	175
694	175
700	175
747	175
780	175
325	177
703	177
233	178
316	178
430	178
770	178
185	179
256	179
257	179
264	179
354	179
434	179
479	179
554	179
576	179
588	179
625	179
632	179
651	179
711	179
722	179
736	179
759	179
798	179
811	179
815	179
477	182
573	182
582	182
504	184
809	184
831	184
256	185
264	185
283	185
354	185
360	185
361	185
434	185
479	185
554	185
576	185
588	185
625	185
632	185
651	185
669	185
722	185
736	185
798	185
811	185
815	185
340	190
422	190
477	190
573	190
582	190
683	190
689	190
745	190
379	191
492	193
738	193
675	195
522	199
435	203
528	203
596	203
728	204
300	205
377	205
664	205
823	205
363	206
555	208
786	208
390	211
615	211
795	211
444	214
613	215
487	216
545	216
639	216
765	216
814	216
248	218
325	222
390	222
428	222
500	222
527	222
533	222
615	222
618	222
663	222
795	222
810	222
298	223
464	223
537	223
741	223
243	225
797	225
571	232
625	232
430	233
350	234
501	235
701	236
251	241
279	241
318	241
367	241
391	241
461	241
478	241
499	241
503	241
577	241
636	241
642	241
649	241
660	241
716	241
722	241
736	241
792	241
798	241
808	241
797	243
511	246
292	249
367	251
499	251
636	251
642	251
649	251
736	251
792	251
292	253
464	253
522	253
264	256
265	256
283	256
354	256
360	256
361	256
434	256
479	256
554	256
556	256
559	256
576	256
588	256
625	256
632	256
651	256
669	256
693	256
721	256
722	256
736	256
753	256
806	256
811	256
815	256
265	257
434	257
466	257
576	257
625	257
632	257
722	257
399	260
690	260
778	260
568	262
591	262
732	262
416	263
265	264
304	264
318	264
354	264
360	264
361	264
367	264
434	264
479	264
551	264
559	264
576	264
588	264
625	264
632	264
642	264
651	264
660	264
663	264
716	264
722	264
736	264
753	264
792	264
811	264
815	264
338	265
360	265
434	265
479	265
555	265
588	265
625	265
632	265
651	265
722	265
736	265
815	265
301	266
706	266
761	267
496	269
547	273
287	274
539	274
684	274
387	275
625	275
736	275
318	279
367	279
391	279
461	279
478	279
499	279
503	279
541	279
636	279
642	279
649	279
660	279
716	279
722	279
736	279
792	279
798	279
808	279
354	283
434	283
479	283
632	283
669	283
736	283
330	285
339	285
401	285
454	285
455	285
476	285
623	285
694	285
700	285
747	285
753	285
780	285
407	286
482	286
769	286
539	287
684	287
325	290
464	292
522	292
742	292
820	298
733	299
664	300
823	300
307	301
706	301
756	301
758	301
797	301
827	302
773	303
434	304
479	304
722	304
636	305
673	305
736	305
706	307
638	311
430	316
770	316
809	316
327	317
709	317
367	318
391	318
461	318
495	318
499	318
514	318
636	318
642	318
649	318
660	318
702	318
716	318
722	318
736	318
792	318
798	318
808	318
815	318
592	321
647	321
840	322
500	325
615	325
625	325
663	325
703	325
795	325
810	325
709	327
849	327
397	330
401	330
454	330
455	330
476	330
623	330
694	330
747	330
780	330
641	337
790	337
510	338
401	339
454	339
455	339
476	339
623	339
694	339
700	339
747	339
422	340
477	340
548	340
573	340
582	340
624	340
683	340
522	344
366	346
377	346
626	346
629	346
816	346
602	350
629	350
360	354
434	354
479	354
554	354
576	354
588	354
625	354
632	354
651	354
669	354
722	354
736	354
806	354
811	354
815	354
479	357
554	357
632	357
669	357
434	360
479	360
483	360
576	360
588	360
625	360
632	360
651	360
669	360
722	360
736	360
806	360
811	360
367	361
479	361
559	361
625	361
636	361
651	361
702	361
722	361
736	361
792	361
806	361
815	361
849	361
522	363
520	365
368	366
749	366
391	367
461	367
478	367
495	367
499	367
503	367
514	367
541	367
577	367
632	367
636	367
642	367
649	367
660	367
716	367
722	367
736	367
792	367
798	367
808	367
749	368
536	370
674	370
521	375
695	375
629	377
816	377
823	377
451	378
549	378
756	381
758	381
774	381
820	381
696	383
760	385
587	386
643	386
530	388
428	390
500	390
527	390
615	390
795	390
810	390
461	391
495	391
499	391
503	391
514	391
636	391
642	391
649	391
660	391
702	391
716	391
722	391
736	391
792	391
808	391
570	392
586	392
761	392
448	394
690	399
778	399
454	401
455	401
476	401
623	401
654	401
694	401
700	401
747	401
780	401
481	404
741	404
482	407
485	407
558	407
601	407
614	407
769	407
465	413
659	413
739	417
755	417
758	417
835	417
850	417
720	420
477	422
548	422
573	422
582	422
624	422
683	422
745	422
428	423
533	423
615	423
616	426
500	428
527	428
533	428
615	428
618	428
663	428
795	428
810	428
801	429
572	430
770	430
650	431
681	433
756	433
774	433
775	433
820	433
835	433
479	434
554	434
576	434
588	434
625	434
632	434
651	434
669	434
693	434
722	434
736	434
753	434
759	434
806	434
811	434
815	434
528	435
596	435
529	448
549	451
455	454
476	454
623	454
654	454
694	454
700	454
747	454
753	454
780	454
476	455
623	455
654	455
694	455
700	455
747	455
780	455
731	458
495	461
499	461
565	461
636	461
642	461
649	461
660	461
702	461
716	461
736	461
792	461
798	461
806	461
808	461
815	461
514	464
659	465
536	471
669	473
673	473
623	476
694	476
700	476
747	476
753	476
780	476
548	477
573	477
582	477
624	477
683	477
495	478
499	478
526	478
541	478
636	478
642	478
649	478
716	478
722	478
736	478
792	478
798	478
808	478
554	479
565	479
576	479
588	479
625	479
632	479
651	479
663	479
669	479
693	479
722	479
736	479
806	479
811	479
815	479
741	481
558	482
614	482
769	482
542	483
834	483
558	485
601	485
614	485
545	487
765	487
814	487
552	488
630	488
585	490
738	492
499	495
541	495
636	495
642	495
649	495
660	495
702	495
716	495
722	495
736	495
792	495
798	495
806	495
589	498
842	498
503	499
514	499
541	499
636	499
642	499
649	499
660	499
716	499
722	499
736	499
792	499
798	499
806	499
808	499
527	500
533	500
615	500
663	500
795	500
810	500
577	503
632	503
636	503
642	503
649	503
716	503
736	503
792	503
808	503
809	504
831	504
522	514
642	514
702	514
792	514
527	521
636	521
695	521
736	521
716	526
798	526
533	527
576	527
615	527
618	527
636	527
653	527
663	527
771	527
795	527
810	527
596	528
615	533
618	533
653	533
663	533
795	533
810	533
717	536
741	536
798	536
684	539
636	541
642	541
649	541
716	541
722	541
736	541
792	541
808	541
576	542
834	542
554	543
765	545
814	545
573	548
582	548
624	548
683	548
702	551
722	551
736	551
792	551
815	551
630	552
576	554
588	554
625	554
632	554
651	554
663	554
669	554
711	554
722	554
811	554
815	554
625	556
601	558
614	558
583	559
616	559
625	559
673	559
724	559
815	559
796	560
722	565
736	565
732	568
586	570
636	570
669	570
798	570
806	570
582	573
624	573
683	573
689	573
745	573
588	576
625	576
632	576
636	576
651	576
663	576
669	576
722	576
736	576
798	576
806	576
811	576
815	576
594	577
632	577
636	577
649	577
716	577
722	577
736	577
792	577
798	577
806	577
808	577
624	578
683	578
624	582
683	582
724	586
736	586
806	586
643	587
625	588
632	588
636	588
651	588
663	588
669	588
721	588
722	588
736	588
753	588
806	588
811	588
815	588
842	589
732	591
647	592
614	601
629	602
717	612
618	615
653	615
663	615
744	615
795	615
810	615
849	616
653	618
663	618
707	618
795	618
810	618
694	623
700	623
747	623
683	624
632	625
651	625
663	625
669	625
693	625
722	625
736	625
806	625
811	625
629	626
816	626
816	629
636	632
642	632
651	632
669	632
693	632
716	632
722	632
736	632
753	632
759	632
792	632
798	632
806	632
811	632
815	632
697	633
705	633
642	636
649	636
651	636
660	636
663	636
695	636
716	636
721	636
722	636
736	636
792	636
798	636
806	636
808	636
811	636
781	638
753	639
777	639
790	641
649	642
660	642
702	642
716	642
722	642
736	642
792	642
798	642
808	642
815	642
846	645
789	648
660	649
716	649
722	649
736	649
792	649
798	649
806	649
808	649
811	649
669	651
711	651
721	651
722	651
736	651
753	651
806	651
811	651
815	651
832	651
795	653
716	660
722	660
736	660
792	660
808	660
722	661
736	661
669	663
736	663
771	663
788	663
795	663
806	663
810	663
823	664
722	669
736	669
798	669
806	669
744	673
710	680
756	681
758	681
774	681
775	681
820	681
835	681
689	683
745	683
844	686
778	690
719	691
757	691
700	694
747	694
753	694
780	694
705	697
823	697
797	699
747	700
722	702
736	702
792	702
798	702
815	702
823	705
756	706
758	706
797	706
810	707
722	711
722	716
736	716
792	716
798	716
806	716
808	716
741	717
757	719
722	721
736	721
806	721
736	722
792	722
798	722
806	722
808	722
811	722
815	722
828	722
792	736
798	736
806	736
808	736
811	736
815	736
849	736
755	739
756	739
758	739
769	739
835	739
850	739
795	744
780	747
809	748
777	753
788	753
815	753
756	755
758	755
835	755
850	755
758	756
774	756
775	756
820	756
835	756
850	756
774	758
775	758
797	758
820	758
835	758
850	758
814	765
809	770
795	771
775	774
820	774
835	774
820	775
835	775
798	792
806	792
808	792
815	792
832	792
810	795
806	798
808	798
815	798
832	798
808	806
811	806
831	809
836	810
832	811
824	818
835	820
850	835
