3699	398
3699	2635
137	703
137	2070
2896	3780
358	4148
358	652
358	3253
3399	3916
1239	1601
1239	4073
3863	1355
3863	718
3863	1036
3863	3184
2976	3710
91	2466
91	2493
2718	728
2718	4447
45	1964
45	3734
2994	206
2994	3780
1398	3415
1398	2335
1398	328
1398	3129
1398	1385
1398	4212
1398	1948
1398	540
1398	4127
1398	3023
1398	3390
1398	826
1398	1901
1398	2217
1398	1718
1398	3145
3434	206
3434	4193
1822	3695
1822	206
1638	343
1638	102
1638	2493
1638	4253
1655	2466
1655	2651
1655	2988
1655	3780
3588	2466
1346	2566
2524	3674
2524	206
472	1538
891	561
891	1325
891	856
891	1878
891	1547
471	1412
471	2469
471	507
728	3208
728	3762
728	4358
728	4243
728	62
728	2646
728	865
728	4306
728	2597
728	3978
728	2086
728	2585
728	3436
3392	4003
3555	4003
1215	1380
1215	3412
793	2023
1131	1269
1131	4079
2144	1269
1412	4087
2958	3362
2958	3827
2958	3148
2958	1013
2958	2378
3415	2952
3415	4526
2174	4185
2174	3289
2174	1063
2174	3503
2174	3998
679	4185
679	2366
679	102
679	1063
679	4674
679	3734
679	3437
679	3998
3628	4381
3628	488
3628	4379
3628	249
3628	2533
3628	2051
3628	4552
4494	2420
4494	1613
4494	2039
4494	3502
4494	1156
4494	4533
4494	1144
4494	2051
4494	313
4494	4527
364	3303
364	249
364	1269
4080	3690
1478	2837
1407	2872
1407	3236
1841	2584
337	2566
337	2913
337	250
337	1800
337	4231
337	1033
294	1789
294	813
1581	2646
1172	2499
1172	911
1172	3940
4664	1315
4664	2274
4664	1121
2973	817
2973	4216
2973	2952
2973	2584
2973	2071
2973	1441
2973	144
2973	1355
2973	1692
817	4216
817	2952
817	2071
817	1441
817	144
4216	2952
4216	2584
4216	2071
4216	1441
4216	144
2952	2584
2952	2071
2952	3312
2952	3724
2860	343
343	3461
343	4433
343	561
343	4568
343	3208
343	749
343	2527
343	1523
343	3589
343	173
343	2206
343	2208
343	3379
343	1851
343	2102
343	1190
343	2919
343	1419
343	1220
343	1033
343	2375
343	3748
3461	4433
3461	1732
3461	3101
3461	4105
3461	1121
3461	4193
3461	1399
4433	2397
2671	4523
2671	3002
2671	1618
2671	3992
2671	230
2671	3734
4523	3002
4523	3692
4523	4645
4523	458
4523	3023
4523	3139
4523	162
2142	1326
2142	2845
3264	1070
198	1712
287	206
2575	3880
2575	356
2575	561
2575	3427
2575	776
3880	356
3880	561
3880	2030
3880	252
3880	718
3880	1620
356	561
356	3427
356	3299
356	3236
356	3061
356	3621
499	429
499	3212
3866	4313
3866	249
3866	544
3866	2533
690	649
690	24
690	2090
690	3813
690	3086
649	2090
649	739
649	1692
2341	553
1260	3039
3377	3319
3377	885
3319	3257
3319	885
3607	1852
3607	921
1022	759
1022	4314
370	1269
370	1179
370	4067
1615	1712
561	2278
561	335
561	3119
561	2208
561	4429
561	3427
561	14
561	2835
561	59
561	4225
561	1033
561	718
561	1954
561	3734
561	4193
2335	1385
2335	4212
2335	896
2335	540
2335	2351
2939	726
3372	407
805	1231
805	1539
805	1308
805	875
805	386
805	2803
3431	62
3431	458
3431	567
3431	4070
3431	1554
3431	59
3431	4121
3431	3024
3431	1788
2362	87
2362	2551
2362	2166
2362	1801
2362	3488
3599	413
3599	3791
1732	2658
1732	856
2606	744
2606	2805
2606	3101
607	3272
607	3456
2996	3644
4598	3695
4598	2124
4598	652
4598	828
4568	1600
4568	1745
4568	900
4669	1600
4669	1863
4669	3657
269	1933
269	1269
269	4411
3208	1600
3208	749
3208	4607
3208	2805
3208	1745
3208	770
3208	2566
3208	1966
3208	3767
3208	246
3208	4663
3208	1279
3208	3728
3208	1309
3208	2254
3208	1898
3208	1948
3208	865
3208	2301
3208	1749
3208	2318
3208	900
3208	2772
3208	3357
3208	921
3208	388
3208	460
3208	2604
3208	2865
3208	2957
3208	3436
3208	4443
659	2617
1026	3351
2407	157
2407	2030
4532	157
4532	2536
542	157
542	2536
1019	3306
1019	157
1019	2536
1019	4381
1019	2578
3306	157
3306	2536
3306	2578
157	2536
157	4381
157	950
157	2578
157	973
2536	4381
2536	950
2536	2578
2536	3236
2536	973
4381	4475
4381	1286
4381	3556
950	2578
2567	1930
2567	2420
2567	199
2567	507
1840	2935
1840	249
4135	875
766	249
2106	2557
2106	206
2557	2060
2287	847
2287	81
2287	3427
2287	1044
2287	1689
2287	3145
2348	4384
2348	4429
2348	3427
2348	1954
1343	3992
2136	2138
2136	2454
2136	2208
2136	3362
2136	3734
2136	2395
50	1269
328	1762
328	2389
328	1901
328	807
1332	1562
1332	4596
2793	811
2793	1791
2793	1043
2793	3504
2793	375
2793	1091
2793	4120
4182	2767
4182	3236
1885	718
2315	2146
2315	3734
2315	3318
2315	3175
2315	1709
2315	3662
803	3623
803	4554
803	117
803	3818
803	733
803	167
803	3798
803	16
803	3236
803	1653
803	1901
1451	3734
1451	548
3623	4040
2837	2844
596	3707
596	4363
596	1369
721	476
3894	1328
3894	921
4384	2366
4384	4657
1348	3524
1348	206
1348	2070
1348	2493
1348	2989
4655	2030
4655	2569
4655	1601
4655	86
4655	3926
4655	1943
4046	691
1596	2245
2640	2199
422	4618
422	2188
422	1270
3129	3477
3129	2842
3129	3166
3129	1472
4254	625
4254	3957
4254	4571
4254	1847
4254	4064
4254	1901
4254	2532
4254	2633
4254	2957
3159	3379
3159	1901
3159	185
3159	2633
1684	413
3549	4429
1336	2030
1336	1035
2030	2569
2030	4404
2030	780
2030	1436
2030	1629
2030	3251
2030	3119
2030	1475
2030	2402
2030	1380
2030	2256
2030	2767
2030	1639
2030	3427
2030	495
2030	4240
2030	647
2030	3312
2030	2424
2030	1486
2030	1606
2030	4436
2030	1561
2030	2306
2030	86
2030	4365
2030	1050
2030	2981
2030	3929
2030	551
2030	2232
2030	1631
2030	677
2030	762
2030	970
2030	1743
2030	1927
2030	2339
2030	2384
2030	2869
2030	2922
2030	2960
2030	3344
2030	3532
2030	3662
2030	4073
2030	4510
2030	2703
1055	3379
1762	1259
1762	2140
1762	4584
1762	3895
1241	4476
2569	2137
2569	1262
2137	672
2137	409
2137	329
2137	438
2137	13
2137	241
2137	425
4404	1171
4404	173
4404	1764
4404	3519
4404	3734
3554	2342
3554	4064
1682	969
4457	606
4457	3334
4457	2007
4457	1063
4457	3785
4457	1349
4457	3734
4457	3437
4457	1788
2485	1767
2485	3466
2485	969
2485	2254
2485	2638
1767	4336
1767	3823
1767	1800
4485	457
4551	1119
4551	625
4551	227
4551	3175
2221	1551
2221	1607
2221	2355
2221	3832
2221	786
2221	3023
2221	1567
2221	4193
2221	3384
2221	601
2221	1270
2221	4205
465	2023
465	1380
465	206
465	3827
465	718
3040	3184
3040	3680
2023	3486
2023	4505
2023	1967
2023	1966
2023	1981
2023	3289
2023	3647
2023	1511
2023	1403
2023	718
2023	2989
2023	3432
2023	2223
2023	1980
2023	2609
2584	2071
2584	1441
2584	144
2584	1027
2584	1013
1551	4618
1551	1528
1551	4429
1551	814
2071	1441
2071	144
2071	4618
2071	1171
2071	1337
2071	388
1441	144
672	2566
672	1259
672	4584
672	1325
672	1071
672	4354
672	3611
857	4504
857	4047
1009	2642
1370	979
1607	4289
1607	3427
1607	1851
1607	647
1607	2632
1607	3175
1607	162
1607	3547
3345	770
3345	2129
3345	541
3345	1027
3345	1369
3345	3734
3345	3662
553	770
553	1168
553	3140
553	99
553	1578
553	2979
553	2596
553	4488
553	1567
553	4047
553	1734
553	601
553	3184
553	500
553	3891
553	4035
1562	4020
1562	550
1562	1554
1562	652
1562	1619
1562	138
1562	1288
1562	3659
3466	4336
3466	1800
3466	979
3466	589
1618	1792
1618	2067
1340	2138
1340	4074
1340	1476
1340	4058
1340	4269
1340	366
392	3533
392	2366
392	814
392	1269
392	2993
918	2194
918	250
1224	3039
1224	3502
1224	4379
1224	3456
1224	4533
1224	3105
1224	949
1224	1144
1224	2051
1224	2239
3737	1971
193	2039
193	425
2052	1930
2052	4266
2052	2420
2052	1887
2052	488
2052	3283
2052	969
2052	452
2052	249
2052	2687
2052	2533
2052	949
3486	2529
4289	1207
4289	1396
749	3101
2390	2461
4535	1288
2138	4074
2138	1476
2138	4058
2138	4020
2138	1010
2138	3467
2138	81
2138	3692
2138	2554
2138	816
2138	3942
2138	1206
2138	900
2138	445
2138	3299
2138	3793
2138	1107
2138	3023
2138	2200
2138	3843
2138	3024
2138	3916
2138	2651
2138	1619
2138	1337
2138	1747
2138	1986
2138	1788
2138	2340
2138	1272
2138	2633
2138	4403
4074	1476
4074	4058
4074	4020
4074	1010
4074	4475
4074	2200
4074	2351
4074	3916
4074	1619
4074	1337
4074	1747
4074	3659
4074	239
1476	4058
1476	4020
1476	1010
1476	2200
1476	3916
1476	1619
1476	1337
1476	1747
1476	3659
4058	4257
4058	4020
4058	3467
4058	3843
4058	4500
4058	1619
4058	1288
4058	1877
275	4618
275	663
275	3487
275	4090
275	1171
275	66
275	4334
4618	3695
4618	1027
4618	2779
4618	183
4618	1959
4618	3867
1792	2067
2964	3524
2964	2476
2964	1213
2964	1554
2964	2070
2964	1379
2964	4603
2964	1050
2964	388
2964	2642
3487	4358
3487	1097
3487	2389
3487	979
37	2389
37	4231
37	2842
37	3641
37	4334
252	3290
252	847
252	3228
252	3530
252	4295
252	1171
252	139
252	173
252	1364
252	3427
252	1222
252	1863
252	1512
252	877
252	3488
252	352
252	2124
252	2763
252	1419
252	1771
252	1730
252	2858
252	3316
252	3429
252	4049
252	2703
3290	2716
3290	3619
3290	3816
3290	2632
2716	4645
3762	4306
3762	2597
3762	314
4607	3126
4607	1579
4607	4674
4607	2895
4607	2223
4607	1980
4607	4277
3622	1594
3622	2416
3622	2895
3622	2223
3622	3184
3912	2438
1659	632
1659	2515
1659	2456
3847	3690
732	1365
1930	3690
1930	2420
1930	4041
1930	1887
1930	488
1930	4379
1930	3283
1930	2570
1930	2275
1930	249
1930	1561
1930	2687
1930	4391
1930	2533
1930	551
1930	65
1930	507
1930	1502
1930	2051
1930	3915
1930	4552
1930	4310
1930	313
2740	2872
4422	1505
4422	867
1605	273
2194	66
2194	1907
2707	4339
2707	881
4257	2527
2527	2074
2527	1282
2527	2493
2527	113
847	1609
847	4269
847	1375
847	2245
847	2646
847	4500
847	1269
847	247
847	1121
847	4248
847	487
847	3780
847	2823
847	3710
1977	3175
1977	2585
3873	2180
3873	2305
3690	1613
3690	2039
3690	4041
3690	1234
3690	249
4107	1851
1809	3662
2603	4336
3769	3931
3769	1731
3769	4031
3769	1814
3769	4087
3769	3734
3769	2268
523	1981
523	1068
523	1291
523	4105
523	4240
523	709
523	1597
523	1369
523	2060
523	3930
523	2751
523	608
523	774
868	1933
868	711
868	2786
4554	4061
3190	3509
3190	662
3190	1282
3190	736
3190	1650
3405	3793
3405	2493
3405	3816
3405	233
3405	2858
4336	442
4336	250
4336	969
4336	1800
4460	865
4460	3843
4460	598
4460	3916
2025	1709
3199	3758
3199	551
4020	4128
4020	4605
4020	652
4020	1619
4020	3253
4020	1939
1725	3734
1976	2585
1167	4041
1167	413
1167	580
1167	249
1167	2901
1167	2848
4456	1804
3524	4269
3524	4128
3524	1488
3524	2424
3524	2989
3524	1379
3524	4666
3524	289
3524	3437
3524	4335
1098	1484
3781	2146
704	2070
704	4666
704	2642
704	3211
2474	3101
2474	2016
744	2805
744	1745
744	2566
744	881
744	2772
2805	881
2805	1001
2805	277
2558	4536
2258	2491
1745	4565
1745	3139
1745	2772
1745	2223
1745	1524
1745	2321
1745	4564
2904	2668
4612	4646
4612	2190
4612	1532
1729	4646
1729	2190
1729	3895
1729	1033
1729	1567
1729	4354
1729	2614
770	99
2762	3055
2762	890
2074	2206
2074	1851
2074	1261
2074	4620
2074	2375
2074	605
4169	3098
4169	1380
4169	632
4169	1579
4169	1871
4024	884
4024	4475
4024	2366
4024	102
4024	1020
4024	3703
4024	1598
4024	3379
4024	239
4185	875
329	3101
2149	3175
2149	403
3522	1981
2629	550
2629	1567
4090	139
4090	3692
4090	99
4090	4481
4090	3942
4090	4332
4090	1540
4090	979
4090	1954
4090	1986
4090	963
4090	2576
4090	2378
4090	162
1938	786
1938	4537
1938	2161
2566	1238
2566	4243
2566	1234
2566	1279
2566	640
2566	249
2566	1289
2566	3432
2566	4064
2566	1671
2566	325
2566	381
2566	449
2566	670
2566	776
2566	1187
2566	1272
2566	2957
4358	1097
4358	93
4358	3734
1097	1962
1097	3734
923	4195
2975	1270
3931	2998
3931	4017
3931	1731
3931	4031
3931	1814
3931	4087
3931	3734
1039	2783
1197	2646
1355	4667
1355	658
1355	3635
1355	4177
1355	4604
1355	4500
1355	3734
1355	2189
1355	4244
799	3384
2734	4284
2734	4121
2734	128
780	58
1967	927
779	1288
1069	102
2118	1601
2118	3101
2343	632
2343	2651
2343	3734
2343	1788
396	3793
396	3012
396	2113
4667	4244
24	44
24	4431
3550	1173
3550	1058
3789	1382
3789	3240
312	1965
335	2351
2784	1369
2784	3432
4550	1385
4550	4212
4550	3843
4550	3916
4550	3734
2726	1567
2700	3767
2700	2803
2700	1986
884	4064
3098	1579
3098	3734
1168	3767
1168	2487
1168	14
1168	2183
1168	2466
1168	3291
1168	522
1074	1121
2044	3817
80	1121
80	3734
80	1258
80	4373
3187	841
49	1610
49	3477
159	2424
3052	856
2423	86
309	3734
1352	1304
1436	2129
1436	541
1436	3403
188	3765
4	2632
3767	3289
3767	3692
3767	1416
3767	4326
3767	3942
3767	550
3767	4042
3767	1723
3767	1107
3767	3023
3767	2803
3767	4332
3767	2981
3767	2378
3767	1266
3767	4234
4142	2493
4142	3816
4142	233
2602	2530
2420	488
2420	3502
2420	4379
2420	2148
2420	249
2420	2687
2420	2533
2420	949
2420	551
2420	2051
2420	4552
1818	4386
1818	4398
1818	3581
1818	2089
1818	2653
1818	2541
4386	4398
4386	3581
4386	2089
4386	2653
4398	3581
4398	2089
3581	2089
3581	3137
1613	2039
1613	56
1613	4041
1613	1887
1613	488
1613	3502
1613	3283
1613	722
1613	249
1613	1156
1613	4488
1613	4665
1613	2192
1613	3179
1613	2687
1613	2533
1613	949
1613	218
1613	551
1613	705
1613	1502
1613	2051
2935	1405
1405	488
1405	9
1405	2687
1405	313
1405	4536
2938	4041
2938	1400
2938	3283
2938	2428
2938	1156
2938	44
2938	4446
2938	4527
760	313
759	4041
2078	4012
2078	3023
2078	1169
2078	2179
1385	4212
1385	2351
1385	1004
1385	3675
2039	488
2039	249
3065	3994
3065	2556
1798	794
1798	3826
2397	206
2397	2466
2397	3780
2397	1013
2951	1567
1469	3502
3251	3105
3251	426
3251	608
2092	3456
2092	3236
2092	4086
3343	3298
3343	2275
56	1760
4041	3502
4041	4379
4041	1810
4041	580
4041	4192
4041	4533
4041	949
4041	218
4041	2848
4041	551
4041	1144
4041	2051
4041	313
4041	4527
1505	2861
1505	249
1887	3298
1887	3502
1887	4379
1887	462
1887	2872
1887	1156
1887	2890
1887	4533
1887	218
1887	551
1887	66
1887	1144
1887	2051
1887	2844
1887	1205
1887	313
1887	4527
3298	488
3298	3283
3298	249
3298	2687
3298	4499
3298	2877
3298	313
4212	2351
4212	1004
4212	3675
4212	3250
4212	931
4212	2011
3928	3949
3928	366
1010	896
1010	3566
1010	577
1010	3942
1010	2803
1010	525
1010	2426
1010	3897
1733	1789
1733	814
2454	2846
2454	2956
2454	1863
2454	2124
2454	652
2454	3253
2454	1806
2454	1081
3055	3128
3055	1786
3055	4269
3055	3692
3055	1614
3055	445
3055	1107
3055	3023
3055	2803
3055	4332
3055	795
3055	2576
3055	3766
3055	1266
3055	3278
3112	4005
246	2070
246	2999
2389	102
2389	4339
2389	1033
2389	3734
2389	4193
2389	1155
3382	2410
3382	3236
3382	880
3382	646
3369	1219
3369	880
3369	3058
4576	3734
1247	249
488	3502
488	4379
488	1810
488	2435
488	413
488	580
488	2829
488	2872
488	1080
488	1506
488	1156
488	2890
488	2733
488	4533
488	949
488	218
488	3930
488	2848
488	551
488	1144
488	2051
488	2239
488	313
488	4527
3589	2368
3589	3067
3589	2395
3589	880
3589	3058
3589	3212
1400	334
1400	4379
1400	3945
1400	2848
1400	313
1400	4527
1400	2703
1140	4674
3643	81
3643	1577
3643	3916
2213	1138
2213	507
904	1036
3360	4086
812	2946
812	1898
812	1337
3695	1315
3695	1244
3695	4269
3695	758
3695	3493
3695	826
3695	2173
3695	990
3695	3584
2861	4467
3039	3366
3039	3384
3039	66
3039	1399
3039	2822
3039	1205
2741	1119
429	3734
1016	1579
334	1220
334	4081
1322	1080
1322	2274
1322	1269
116	1220
116	3682
3693	3236
1815	1863
1815	601
836	58
836	2229
311	1964
3530	2366
3949	4512
3949	4582
3949	4163
3949	4012
3949	321
3949	152
3949	652
3949	3773
3949	1964
3949	374
3949	520
180	3285
180	1269
4512	3285
4512	4295
4512	1325
4512	1964
4512	374
4512	4354
4512	1547
3502	4379
3502	3283
3502	2570
3502	249
3502	2568
3502	2901
3502	1169
3502	2687
3502	2533
3502	4499
3502	2848
3502	551
3502	1612
3502	2051
3502	2844
3502	4552
1382	1468
1382	2491
421	834
421	3295
421	3734
421	3787
4224	886
4224	2909
4224	2444
886	2444
1610	1422
1610	3692
1610	4382
1610	2308
1610	578
1610	1286
1610	691
1422	1282
1422	859
1422	2918
1422	578
4125	206
4308	2366
52	3734
1315	3379
1315	2466
1315	1366
1315	3166
1315	4099
1315	1621
2469	66
3533	702
3533	1556
3533	875
3533	1547
3533	1943
694	66
1981	2633
1981	3547
442	3379
442	718
442	2122
442	1634
3707	1726
3707	1716
3707	885
3314	1716
2210	3145
1246	4646
2945	3379
2945	3236
702	875
1292	1571
1292	3379
1292	875
1292	3734
1292	1902
1304	3813
1304	1567
4390	632
1378	3953
1378	3734
1378	594
2085	4416
2085	1954
2085	1337
1119	4128
1119	249
1119	3175
1919	2895
1933	1219
1933	2845
1933	3235
1933	3166
1933	4193
1933	1916
1219	4305
1219	47
1219	3619
3953	4339
4646	4475
4646	206
4646	16
4646	3784
4646	3291
2090	4379
2090	2848
2090	1907
2090	2178
2090	3662
4379	3283
4379	3775
4379	2570
4379	2319
4379	2275
4379	249
4379	2901
4379	2687
4379	2533
4379	949
4379	1144
4379	1411
4379	1502
4379	2051
4379	2877
4379	3820
4379	3915
4379	4552
4379	313
4379	4527
2792	1567
4026	3023
262	206
262	3780
262	3212
802	1519
802	1627
4366	2189
4366	2393
3283	3353
3283	2432
3283	2435
3283	413
3283	2872
3283	1156
3283	2890
3283	4533
3283	949
3283	218
3283	2848
3283	551
3283	705
3283	1144
3283	2051
3283	2844
3283	3820
3283	313
3283	4527
811	375
4172	4160
4172	2498
4172	3519
4172	691
1428	1936
1428	4064
1428	921
1428	1266
1789	4500
1789	1619
1789	1821
1601	278
1601	4243
1601	62
1601	4333
1601	2007
1601	2204
1601	4463
1601	4440
1601	2152
1601	2765
1601	1269
1601	4138
1601	86
1601	1337
1601	4279
1601	2378
1601	5
1601	1852
1601	921
1601	723
1601	2080
1601	2156
1601	4277
1601	1943
3481	1943
2304	1043
2304	3504
2304	4477
1388	1267
3075	4504
3075	440
3075	3641
4295	1847
4295	4064
2579	3992
3608	4663
3608	522
278	2146
4165	1110
4165	647
4165	3023
4165	1982
4165	1262
4417	1027
1810	4488
1810	2533
1810	3097
87	4057
87	4248
87	407
87	1270
4057	4248
4057	407
2551	3827
2551	3291
369	3986
1134	1269
1134	3734
1248	3734
3303	3033
3303	249
3303	2687
3303	1144
3303	3857
3303	4527
462	81
462	3101
462	3179
2499	911
2499	2895
1244	1232
1244	3444
1244	3538
1244	2255
1244	2801
1609	2766
1609	247
1609	487
1609	3547
341	3236
834	3295
834	1190
834	652
834	3734
3033	2661
3033	4339
3033	1169
4003	1380
4003	1556
4003	3379
4003	3390
4475	2846
4475	1171
4475	173
4475	1416
4475	4326
4475	1611
4475	1546
4475	1206
4475	1723
4475	124
4475	127
4475	2835
4475	1282
4475	2351
4475	2765
4475	4665
4475	2016
4475	2546
4475	2675
4475	4278
4475	2609
3367	4269
3477	4504
3477	1898
3477	623
3477	1282
3477	3166
3477	4047
4269	4671
4269	247
4269	1536
4269	2107
273	662
273	206
273	1901
2846	2487
2846	3379
2846	1749
2846	4047
2846	861
2846	3641
2846	2736
4504	979
4504	2845
4504	3166
4504	4047
4504	2272
82	3951
82	3916
896	3992
896	2646
896	3951
896	3827
896	407
896	1270
81	3992
81	366
81	1644
81	4382
81	2779
81	3414
81	3793
81	3951
81	1107
81	4673
81	4121
81	3710
3923	3101
3923	2779
4243	3272
4243	1000
4243	86
4243	3734
4243	1943
1234	249
1234	4527
1456	1269
1372	3348
3833	3261
3833	507
3353	1502
2432	2051
2432	3527
1171	206
1171	3148
1171	1033
1171	4061
1171	3556
2270	3379
1255	3734
2950	998
3619	4429
3619	14
3619	1567
3619	1954
2913	1279
2913	540
2913	1627
1279	540
2089	2653
2089	3379
2314	3456
2314	3439
2314	3235
139	206
139	3780
3161	1110
3161	1954
2108	1594
2108	623
2108	1337
2108	3734
2108	3212
3289	3998
3289	3212
2514	2355
2514	3444
2514	885
3119	1964
250	969
250	2547
250	1269
3992	2166
3992	4481
3992	3960
3992	161
3992	3587
1577	540
3674	4671
3674	3635
3674	720
3674	431
3674	1289
3674	2765
3674	86
3674	2375
3674	4657
4115	2366
3958	3456
3958	700
2946	1426
1426	366
1426	3916
2006	3162
3728	2146
3728	3734
173	2487
173	3542
173	1554
173	3173
173	2651
173	1954
173	699
280	3668
280	3444
2129	541
2129	869
2129	1369
2129	3582
2757	74
2847	1606
4151	3465
4151	3734
232	2733
232	3739
2245	1325
2245	990
2245	3387
4425	424
366	2998
366	4382
366	540
366	3414
366	3163
366	2750
366	1442
366	3916
2476	1050
2476	3109
1108	2848
631	2124
3564	3379
3564	1594
3564	1749
3564	2865
3564	4624
1644	2779
1644	1325
4415	3379
4415	1594
4415	1749
4415	1337
2298	3567
2298	3501
454	3740
454	1489
3393	1699
3775	2848
2206	1380
2206	3519
2206	519
625	1566
625	4148
625	652
2697	2486
1791	375
1138	2720
1099	1269
3692	458
3692	1027
3692	1653
3692	3813
3692	2375
3692	3986
3692	1270
3692	3212
4645	86
4645	1446
2402	4178
458	1309
458	1614
458	2439
458	4416
458	4636
458	658
458	550
458	4632
458	3024
458	1081
458	3198
458	2786
458	1076
458	1270
758	2366
758	206
2653	1636
2570	551
2570	1144
2570	3675
2570	3568
2570	4527
2646	1749
2646	3734
2646	4278
3566	2188
4160	4339
4160	1262
1110	276
1110	431
4128	1080
4128	3253
3672	2711
577	4596
577	1788
1416	1027
2727	2301
2727	2679
2727	1712
2727	3879
2727	1286
2711	3101
2711	1712
2884	3101
1380	2477
1380	1512
1114	2668
1764	3734
1764	251
1764	2191
1539	230
1539	386
2366	102
2366	1020
2366	3703
2366	4145
2366	2148
2366	1190
2366	4436
2366	3615
2366	1619
2366	3166
2366	4335
2366	1226
2366	2143
2366	3803
2366	734
102	1020
102	3703
102	2148
102	4042
102	1715
102	3543
102	2070
102	2906
102	4177
102	3813
102	2989
102	3394
102	4556
102	4354
102	58
102	3986
102	4061
102	1604
1020	3703
1020	3543
1020	2070
1020	2989
1020	3644
1020	2914
1020	2376
3703	3543
3703	206
4326	3984
4326	206
4326	4339
4326	880
4326	4441
4326	4377
4585	4382
606	2007
606	2574
606	2989
606	1379
606	4666
606	3437
606	1547
606	1788
606	791
606	3110
2267	1579
2267	3635
2267	1194
644	3212
3893	3236
3361	1771
1528	1369
2590	1567
2590	4571
2590	3413
773	4341
773	4481
773	4187
773	3942
773	550
773	2803
773	4332
773	1986
773	3338
773	4234
413	249
413	2687
413	3682
413	1502
2166	3951
2166	2466
2166	3784
2166	2651
2998	2036
2998	2940
3864	1934
3864	1802
3864	2380
315	2488
541	869
541	1324
541	1369
2694	249
2694	4552
580	249
580	1318
580	1502
2742	883
2742	3379
3823	628
3823	885
3823	2189
4565	2547
4565	1749
4565	3543
4565	1269
969	2638
969	1800
969	586
969	979
969	1095
969	2060
969	3734
969	573
969	615
969	634
969	670
969	1272
969	1376
969	1773
969	2853
969	2856
1614	1058
1614	3503
1614	1337
4005	2208
4005	445
4005	2493
4005	2191
600	206
3841	1464
9	4500
9	3491
3920	2829
3323	4601
4145	1418
2956	1033
276	59
276	4047
276	283
3101	2565
3101	2529
3101	2428
3101	2692
3101	2882
3101	2488
3101	4604
3101	4002
3101	1606
3101	2035
3101	2060
3101	374
3101	2966
3101	2687
3101	2611
3101	3691
3101	265
3101	325
3101	468
3101	476
3101	2316
3101	2083
3101	2337
3101	2421
3101	2505
3101	2556
3101	2844
3101	2954
3101	2970
3101	3073
3101	3103
3101	3565
3430	4012
3430	2208
3430	152
3430	374
4582	4012
4582	152
4582	374
4163	4012
4163	152
4163	598
4163	374
4163	3318
4163	3657
4012	321
4012	1578
4012	152
4012	3773
4012	1964
4012	374
4012	520
4012	3734
4012	1071
4012	1547
4012	2375
321	3379
321	1173
321	152
321	1325
321	1964
321	374
4291	3591
1751	4271
1751	2051
1872	1027
1872	3734
1872	1547
2565	3826
2208	1259
2208	1190
2208	3432
2208	927
2208	4466
3957	1916
2254	2529
2254	1369
2254	3221
2146	4352
2146	835
2146	3598
2146	979
2146	2937
2146	2632
2146	388
4450	1942
4450	3435
4450	1222
3295	3667
3295	3734
2554	1027
2554	3827
2554	3212
3756	2150
1488	2625
1488	3942
1942	861
230	100
230	283
4429	1190
4429	431
4429	1954
4429	2842
4671	1948
3465	4448
3465	3653
3465	1282
4448	4674
2829	249
2872	249
2872	1880
2872	2394
3130	2306
1529	798
1529	4198
243	1027
243	86
243	1943
2724	1878
2724	4032
2617	2983
2190	560
2190	376
1557	3515
4382	2909
4382	1325
1259	2140
1259	4584
1259	3895
4166	3503
4166	3780
4246	4594
3976	2012
3976	3122
2612	2746
2612	900
2612	3832
2612	39
2612	877
2612	3390
2612	2580
2612	4609
2562	249
2439	1270
1598	3895
1598	3235
3509	662
3509	3784
3509	1013
996	1898
1898	987
1898	3460
1898	3456
1898	632
1898	3882
1898	2688
1898	1561
1898	2181
1898	2520
1898	2530
1898	247
1898	4193
3123	2301
3730	816
3730	974
3730	3364
3730	3224
816	2301
974	2301
3364	2301
3364	113
2056	152
2056	1257
2320	2301
2320	1914
4333	3379
4333	1805
987	4593
1934	104
1934	3937
3818	2842
2767	86
2767	1943
3633	1785
3633	1954
1364	662
1364	3437
662	1349
662	1592
662	2223
3030	4337
928	3236
2802	2989
571	632
571	1116
571	3184
3420	4438
1673	2660
1673	3242
1639	3379
1639	2156
4156	3379
4156	4105
4156	875
4156	1749
4156	3916
2308	3998
2625	3163
2625	4335
1027	703
1027	3942
1027	1206
1027	3023
1027	2803
1027	4665
1027	1267
1027	3511
1027	3610
3348	3235
1948	1699
1948	4556
1948	1878
3427	152
3427	1811
3427	2232
3427	3145
1556	875
1556	1116
1556	2180
3334	861
2007	1063
2007	3534
2007	2574
2007	2989
2007	3734
2007	3437
2007	3110
4416	3023
4416	1270
4416	595
2779	3240
2779	852
2779	3444
2779	3998
2779	921
2779	2642
2779	734
567	3291
3240	3235
852	2368
852	544
3618	3954
1965	55
1965	4391
1965	199
1965	2051
3272	3456
3272	4549
2148	249
2148	3061
865	1470
865	84
865	420
865	1325
865	4023
865	227
865	1964
865	1878
865	1547
865	2223
865	1081
865	2503
2983	507
540	3163
540	1442
540	4500
540	598
703	4187
703	550
703	440
703	2576
703	3198
1080	249
1080	4391
1080	2239
1628	3734
4481	2803
4481	1986
4481	2505
3126	3236
2529	844
2529	4231
2529	3784
2529	1369
2529	2940
2529	1533
2529	2223
1726	844
1726	4231
1726	1369
1726	2940
4070	3951
4187	1308
4187	3236
4187	2803
4187	1986
4187	3212
4636	3236
3942	1337
3942	3212
550	4262
550	1785
550	1554
550	3024
550	1337
550	1878
550	3986
550	1270
4262	4632
4019	3379
2140	4584
2140	2909
2140	3895
2140	1878
4584	1325
4584	841
4584	1878
1063	93
1063	2241
1063	3212
3414	1442
3729	1852
3785	3843
3785	3437
3785	861
1546	2803
1546	1986
1308	1206
1308	1271
1308	2803
2301	3379
2301	1594
2301	1749
2301	2318
2301	850
2487	4278
14	1190
14	2493
14	3450
1206	2803
844	881
3379	57
3379	2318
3379	632
3379	1838
3379	3312
3379	4021
3379	4153
3379	3023
3379	4276
3379	4665
3379	2546
3379	1121
3379	1592
3379	3744
3379	3734
3379	2845
3379	2455
3379	1718
3379	885
3379	3250
3379	153
3379	342
3379	185
3379	277
3379	284
3379	391
3379	931
3379	1301
3379	1777
3379	2107
3379	2552
3379	2614
3379	2932
3379	3122
3379	3196
3379	3218
3379	3494
3379	4077
3379	3739
3379	3820
3379	3834
3379	3903
3379	3995
3379	4075
3379	4656
3379	4028
2610	1532
2610	875
2610	1594
2610	1749
2610	632
2610	1540
1532	875
1532	1594
1532	3456
1532	1749
1532	632
1532	1799
1532	1540
4105	2318
4105	4670
4105	128
4105	1537
4105	3734
4105	3546
4105	829
4105	2438
4105	2614
4105	2789
4105	4656
875	632
875	3519
875	4665
875	1269
875	3734
875	3662
1594	1749
1594	632
1594	3312
1594	3734
1594	2845
1594	3010
1594	3657
3456	3439
3456	1592
3456	3929
3456	4007
3456	3568
1749	632
1749	3444
1749	1592
1749	3734
1749	2845
1749	1050
1749	3010
1749	2614
57	1537
57	3734
2318	3010
2318	1147
2318	2614
632	814
632	1540
632	446
1578	152
1578	374
1578	3611
4653	152
4653	374
2661	1335
2608	1301
1491	1506
4424	3433
1800	807
1506	249
1506	612
2430	1429
4648	2034
3156	1954
72	1811
2275	722
2275	1632
2275	3261
2275	1540
2275	3450
2275	551
2275	66
2275	1144
722	1632
722	2848
722	551
722	1144
1632	1144
4471	3954
4231	3073
1207	3308
2746	900
2746	3832
2746	39
2746	877
2746	3390
2746	3734
2746	1689
2746	4609
1381	3278
64	346
452	1190
452	3086
452	2051
2368	544
2368	515
2368	3166
900	39
900	3390
900	652
316	3175
640	3236
2150	1844
2150	717
2150	3018
1820	1567
1820	3734
2909	218
2979	3780
2979	4321
445	2241
1042	66
4149	44
814	3734
190	3734
1326	2842
1326	2592
1326	723
1326	3436
1326	4265
4438	3236
3515	3192
3515	791
2310	3236
2310	1939
2310	2386
495	2051
2778	1567
3534	3682
3534	3517
2289	736
2465	3773
3888	1838
104	3086
104	1567
3366	3945
1579	3945
1579	651
3945	980
3945	2231
3945	4087
3945	2706
2066	2236
980	3491
1851	3493
1851	127
1851	1282
1851	3291
1851	3508
4013	2424
3493	206
3493	1325
3493	2375
3832	39
3832	877
3832	3390
3832	2580
3832	4609
78	3236
725	3734
3667	3843
3667	3916
3667	3930
3913	1844
491	249
249	1156
249	612
249	2202
249	4533
249	3179
249	2901
249	949
249	3930
249	2848
249	551
249	66
249	1144
249	405
249	507
249	1502
249	2316
249	2051
249	2239
249	2844
249	3802
249	313
249	4527
1245	3136
1723	3984
1723	4339
1723	1567
1723	1954
1723	880
1723	4377
124	4500
124	60
124	2375
124	2229
124	2817
3984	1680
4240	4193
4240	2384
1313	3444
1313	807
1203	206
1156	3105
1156	2687
1156	2533
1156	3929
1156	2844
1156	3569
1156	1205
1156	3739
21	66
612	199
3035	3734
3299	3951
3299	1619
3299	4249
3793	2600
3793	1788
2890	2533
2890	2848
2890	66
2890	2051
2890	4552
2890	313
3758	300
3895	2600
3895	1471
3895	1071
3895	4064
3895	2378
3895	921
377	300
1677	300
300	94
300	1982
94	1964
3635	1033
3635	2351
3635	3791
1617	825
1995	647
647	2124
647	4436
647	4040
647	1787
647	3175
786	1811
1065	1399
1190	1567
1190	979
1190	398
3567	3179
4605	2274
4605	1453
4605	1468
4605	4064
4605	3780
2274	4153
2274	1468
2274	4571
2274	3184
1453	3312
1453	4225
1453	2306
1453	1468
1453	3787
1453	2378
1453	388
3940	3312
3940	1468
3312	1763
3312	4153
3312	1468
3312	1915
3312	3184
3312	1576
3312	2421
3312	3152
3312	4624
1763	4225
1763	1468
1763	3780
1763	4061
2183	86
1222	1567
1222	3734
3571	1883
2424	2812
2424	859
2424	1712
2424	1379
2424	3978
2424	289
2424	520
2424	1901
1213	856
909	4500
1713	2989
1713	289
2574	3773
2574	1379
2574	4666
2574	3437
2574	856
2574	3110
1554	2070
1554	4666
1554	440
1554	2642
206	2070
206	826
206	1712
206	2989
206	1379
206	4666
206	289
206	1001
206	589
206	637
2070	2989
2070	1050
1905	4100
1905	3444
1905	3734
135	3954
3954	3444
3954	1339
3954	2161
581	3734
3719	313
3951	1619
16	3946
16	1547
39	877
39	3474
39	3390
39	2580
39	4609
544	856
127	3784
127	242
127	782
4189	2153
4189	1954
2835	3338
2835	1959
1107	2803
1107	1337
1107	1986
1107	1878
4153	1173
4482	1270
3023	4674
3023	1369
3023	4477
4432	4533
1883	3734
1883	4403
1511	3291
1511	519
4674	2466
4674	1954
4674	4571
4674	3734
4674	2642
1439	3773
2202	1296
2202	1502
2202	2844
623	1269
623	4047
623	522
623	942
3489	4339
3489	1173
3489	2478
3489	3827
3489	652
4339	3215
4339	3131
4339	1901
4339	148
4339	519
4339	1257
4339	1501
4339	3680
1173	1455
1173	1220
1173	4225
1173	1058
1173	652
1173	3226
1173	1033
1173	1915
1173	1325
1173	1619
1173	4556
1173	2222
1173	4413
1349	736
1349	2493
1349	3816
1349	233
1349	1033
1349	2000
2466	2153
2466	1403
2466	2632
2466	2375
2466	977
2466	3511
2656	3236
3784	2919
3784	1033
3784	1567
3784	1369
3784	3432
3784	515
3784	1183
3784	1013
3784	2378
1282	3273
1282	1586
1282	59
1282	4148
1282	1033
1282	3734
1282	3517
1282	589
1282	3145
1282	4503
3273	59
3273	3827
1586	2609
736	3086
2899	798
3754	3236
3754	856
3668	161
3668	3744
882	979
882	4278
882	1183
1583	4225
3067	791
3402	3843
3402	3916
3402	480
1519	3250
1519	2255
648	3724
3139	2063
3139	1912
3081	859
3081	1121
3081	2922
877	3390
877	2580
877	4609
2919	798
59	3827
59	3518
59	1267
2493	3816
2493	233
2493	3173
2493	3734
3816	233
3816	431
3816	1419
3816	1033
3816	2918
3816	3511
233	3659
833	2906
2595	4064
2200	1160
2200	2008
107	4656
1102	3734
3236	4031
3236	4365
3236	2375
3236	705
3236	4205
3236	426
3236	1200
3236	1711
3236	1907
3236	2283
3236	3211
3236	3278
3236	3791
3236	3857
3236	4198
3236	3268
3236	4349
3236	2968
3444	885
3444	4442
1393	856
1393	2395
485	3518
1914	3518
4124	3226
4177	1121
2854	4284
2854	2803
4389	1954
4389	856
3390	247
3390	2937
3390	1547
3519	2966
3519	734
3518	1730
431	3291
431	3734
431	4193
431	347
431	1162
431	825
1261	3291
1801	1269
3173	283
3173	699
352	705
4578	3175
152	4138
152	3773
152	1964
152	520
152	1071
152	4354
152	3250
2488	4284
2488	290
2488	4670
2488	2530
2488	867
2488	351
2488	40
2488	878
4284	290
4284	4670
4148	2124
4148	2377
4148	290
4148	652
4148	4670
4148	856
4148	113
2124	2377
2124	290
2124	1806
2124	1663
2377	290
2377	652
290	2679
290	652
290	4121
290	1262
765	4121
2679	2763
2679	4673
2679	4670
2679	4121
2763	4121
4673	4121
3843	240
3843	598
3843	3538
3843	3916
3843	3437
2803	795
2803	1337
2803	1986
2803	3986
2803	1236
2803	1317
2803	3212
2803	4234
1051	3941
1419	1455
1419	1220
1419	4225
1419	1058
1419	1033
1419	2249
1419	113
1455	1220
1455	4225
1455	1058
1455	1033
1455	2545
1220	1033
1220	1008
4225	1058
4225	1033
4225	113
4225	927
1058	1033
1058	1325
1058	3780
1058	3184
652	4670
652	3773
652	374
652	856
652	3797
4670	4121
4121	1442
3148	1258
3148	1516
3148	2008
3148	3100
1033	1567
1033	1269
1033	3503
1033	1954
1033	4047
1033	113
1033	1521
1033	3556
711	4000
4332	1270
4332	3212
4017	1731
4017	1814
1731	4031
1731	1814
1731	4087
1731	3734
4031	1814
4031	3734
1442	3341
1442	3131
1442	3916
1442	4248
3882	325
1561	66
1561	1502
2530	58
3960	161
700	1567
4040	1540
4040	1811
2306	835
943	3734
835	979
4500	718
4500	1878
4500	375
4500	405
240	3916
598	3538
598	3916
598	885
2733	2687
2733	4552
826	1001
1597	3734
4533	2687
4533	2533
4533	949
2351	3349
2351	1004
2351	3496
3538	3916
3538	3026
4488	3086
2020	3475
2020	507
1000	3644
1217	785
1921	1788
869	1324
1324	2073
4276	3662
3501	298
1468	1367
192	183
2682	199
2859	199
2196	1954
3871	2844
1109	3086
1109	4086
3813	3086
3813	1567
3813	859
3813	298
3086	1567
3086	2171
3086	2895
3086	1954
3086	4086
4665	2192
4665	859
4665	2895
4665	2016
2192	859
2192	2895
1567	2171
1567	1540
1567	4047
1567	2632
1567	3450
1567	3727
1366	1612
1366	3794
1403	1620
1403	3734
1403	4193
1403	1036
3179	2687
3179	794
3179	2237
3105	705
3105	2660
3105	44
859	578
859	1286
2895	2016
2895	2568
2895	2722
1540	825
3215	2989
3215	3437
1269	675
1269	283
1269	58
1269	4499
1269	1536
1269	1396
1269	1671
1269	362
1269	926
1269	1137
1269	1243
1269	1267
1269	1429
1269	1828
1269	1892
1269	4214
1269	4268
1269	4318
1269	4322
1269	4476
1269	4496
1269	4624
2035	378
2035	58
2035	2580
2766	247
2766	487
2766	2099
2766	3547
2105	4522
2016	2421
3131	3152
4138	3773
4138	1071
4138	3611
2568	2051
2568	3662
420	227
420	1547
420	2585
2241	1337
2241	1811
2241	1788
2241	1860
4036	277
4036	3995
4036	998
4647	3437
2668	3734
2668	185
2668	525
2668	2189
2668	2307
378	58
2918	3734
128	347
2188	3839
247	487
247	3734
247	628
247	3198
247	1194
247	2552
247	3547
3024	3659
3024	3998
3024	1270
3916	3734
3916	3359
3916	522
3916	885
3773	374
3773	3611
3773	1878
3773	1687
3773	1748
2342	4354
3445	3175
3598	1954
3615	3636
1044	589
1814	4087
1814	3734
1770	375
979	4278
979	1183
979	398
979	828
979	1576
979	2382
979	3158
979	3826
3503	2008
86	861
86	3145
86	2922
86	3532
86	3706
86	4510
86	1943
2651	3734
2651	2340
2225	507
1954	2989
1954	4571
1954	2842
1954	2375
1954	3016
1954	3153
1954	4198
1369	881
1369	3432
1369	2597
1369	2223
1369	3998
3937	3432
1712	2989
1712	1379
1712	3437
1712	3110
2989	1379
2989	4666
2989	2842
2989	3437
2989	1890
2989	3411
2901	17
2901	357
4571	4047
3291	3680
1121	3734
1121	347
1121	3659
1121	589
1121	524
1379	3437
1379	3110
4666	4603
4666	3734
4666	3437
4666	3990
784	4248
784	3734
3868	407
4248	407
407	1915
407	4335
2894	4657
2894	1752
4324	2521
487	3547
4603	1050
4603	2642
1057	1612
3845	3734
3845	3590
2842	3166
2842	667
2842	2223
881	2772
881	3734
881	2223
3432	2223
3432	3018
1327	460
2048	4244
2060	961
2060	927
2060	2977
1941	2375
3602	371
3602	2055
3978	832
3978	3657
1298	3915
4455	890
1325	4023
1325	4064
1325	841
1325	1878
1325	494
1325	1547
1325	4413
1325	4178
1325	2611
4023	227
4023	2916
4023	856
1337	3734
1337	1986
1337	283
1337	1788
1337	1270
227	2916
227	374
227	856
227	1547
227	3508
227	3250
2916	1547
1964	374
1964	375
1964	1257
1964	2283
1964	2339
374	520
374	1071
374	4354
374	3611
374	1547
374	3250
520	3611
2937	3734
1537	4300
1537	734
1537	2161
2966	418
440	4596
440	3437
440	1788
2687	949
2687	551
2687	2051
2687	2844
2687	313
2687	4527
611	2662
611	4596
3734	3437
3734	2249
3734	1811
3734	1771
3734	1950
3734	1001
3734	1078
3734	717
3734	2545
3734	277
3734	804
3734	1210
3734	1674
3734	2421
3734	2467
3734	2585
3734	3037
3734	3152
3734	3511
3734	4388
3734	4597
3734	3547
2662	4596
4596	4480
4596	4234
2845	2503
946	1270
1986	2576
2222	4047
2222	4413
1071	4354
4354	3611
3611	3132
3475	2067
3235	3929
3235	970
3235	1361
3235	3278
4064	3116
4064	388
4064	2307
4064	2449
3166	807
3166	4099
2507	4193
2507	1746
2533	551
2533	1144
2533	507
2533	2051
2533	2239
2533	313
4193	807
807	667
4047	3826
792	2883
3437	1788
3437	3110
3437	2642
108	1396
108	981
3384	4278
3384	1671
3384	1183
3384	3527
3780	3450
3780	1788
3780	1001
3780	519
3780	637
3780	825
2444	2375
2444	1788
861	283
283	583
283	3184
283	2284
949	2848
949	1144
949	2051
949	3915
949	4527
995	2932
58	2580
823	1144
1050	2642
856	3258
856	841
856	3318
856	1878
856	1547
856	3332
856	885
856	921
856	4616
3258	3318
3258	1878
3258	494
841	3318
841	1878
841	3349
841	1547
3318	1878
3318	3349
3318	1547
3318	3512
1878	494
1878	3349
1878	1547
1878	3512
494	1547
494	3332
494	2632
1547	3512
1547	1730
1547	4198
218	551
218	3641
218	1502
1006	3511
1663	3662
4499	2848
4499	1144
4499	4527
4522	825
1771	3680
2223	3239
2223	4524
2375	1788
2375	113
2375	519
2375	2356
2375	2642
1788	1270
1788	3212
2380	3691
2380	3491
2380	2321
4178	2611
2751	4656
3691	3491
3691	3682
3491	2468
3659	4377
2491	3766
298	3755
2395	2858
2848	1144
2848	17
2848	1502
2848	2051
4235	66
785	3537
3998	4431
1001	3175
1043	375
3504	375
375	1091
375	4120
375	2532
1078	2378
384	3074
551	239
551	4387
551	1117
551	2051
551	4552
551	4527
3308	1396
1286	44
1286	2609
1286	4496
1804	2378
170	2585
705	1636
66	1971
66	2823
66	2722
66	3278
113	2722
3766	2642
3198	1270
1036	4486
1076	1270
1270	1757
1270	1516
1270	2373
1270	2609
1147	1524
1147	3657
3634	162
4112	3192
4112	2722
1704	2421
3175	460
3175	2604
1980	1671
1980	2660
1980	4337
4278	1671
4278	1183
1671	1183
2858	2021
242	3060
4099	1839
4099	3794
1939	2386
3192	791
2386	4234
4657	3012
4657	1310
1768	3540
880	3058
4296	1937
1144	3915
4061	774
1013	213
2378	3061
2378	4511
17	2239
1852	3662
3250	342
921	388
921	3662
70	1707
148	4092
158	2327
207	1420
297	2438
360	2776
371	3278
388	2189
460	2303
466	3072
468	507
480	3401
507	4575
507	3527
519	4403
535	1821
535	2157
548	1956
548	2051
608	4552
613	691
618	2604
693	1262
726	4638
828	2161
927	3995
931	1120
977	2189
978	4310
1011	1262
1047	1777
1115	2327
1117	313
1146	4527
1243	2968
1318	2609
1329	2356
1402	3147
1418	4569
1446	3870
1502	2051
1502	2877
1502	4527
1507	2373
1612	3794
1612	3821
1612	1621
1616	3496
1636	4157
1662	4552
1674	4403
1692	2339
1717	3652
1756	2921
1854	1943
1927	2770
1947	2131
2021	3794
2021	4510
2051	3915
2051	4552
2051	313
2051	4527
2059	3738
2073	3791
3794	4552
3794	3821
3794	1621
2229	2968
2239	4552
2456	3662
2505	1943
2614	3657
2686	3662
2790	2903
2790	3061
2844	4552
2922	1943
2970	3662
3061	3527
3100	3662
3239	4569
3239	4656
3277	3662
3590	3791
1205	4527
3680	3826
3680	4403
3748	4244
3915	4527
4552	4527
4510	1943
398	3699
2635	3699
703	137
2070	137
3780	2896
4148	358
652	358
3253	358
3916	3399
1601	1239
4073	1239
1355	3863
718	3863
1036	3863
3184	3863
3710	2976
2466	91
2493	91
728	2718
4447	2718
1964	45
3734	45
206	2994
3780	2994
3415	1398
2335	1398
328	1398
3129	1398
1385	1398
4212	1398
1948	1398
540	1398
4127	1398
3023	1398
3390	1398
826	1398
1901	1398
2217	1398
1718	1398
3145	1398
206	3434
4193	3434
3695	1822
206	1822
343	1638
102	1638
2493	1638
4253	1638
2466	1655
2651	1655
2988	1655
3780	1655
2466	3588
2566	1346
3674	2524
206	2524
1538	472
561	891
1325	891
856	891
1878	891
1547	891
1412	471
2469	471
507	471
3208	728
3762	728
4358	728
4243	728
62	728
2646	728
865	728
4306	728
2597	728
3978	728
2086	728
2585	728
3436	728
4003	3392
4003	3555
1380	1215
3412	1215
2023	793
1269	1131
4079	1131
1269	2144
4087	1412
3362	2958
3827	2958
3148	2958
1013	2958
2378	2958
2952	3415
4526	3415
4185	2174
3289	2174
1063	2174
3503	2174
3998	2174
4185	679
2366	679
102	679
1063	679
4674	679
3734	679
3437	679
3998	679
4381	3628
488	3628
4379	3628
249	3628
2533	3628
2051	3628
4552	3628
2420	4494
1613	4494
2039	4494
3502	4494
1156	4494
4533	4494
1144	4494
2051	4494
313	4494
4527	4494
3303	364
249	364
1269	364
3690	4080
2837	1478
2872	1407
3236	1407
2584	1841
2566	337
2913	337
250	337
1800	337
4231	337
1033	337
1789	294
813	294
2646	1581
2499	1172
911	1172
3940	1172
1315	4664
2274	4664
1121	4664
817	2973
4216	2973
2952	2973
2584	2973
2071	2973
1441	2973
144	2973
1355	2973
1692	2973
4216	817
2952	817
2071	817
1441	817
144	817
2952	4216
2584	4216
2071	4216
1441	4216
144	4216
2584	2952
2071	2952
3312	2952
3724	2952
343	2860
3461	343
4433	343
561	343
4568	343
3208	343
749	343
2527	343
1523	343
3589	343
173	343
2206	343
2208	343
3379	343
1851	343
2102	343
1190	343
2919	343
1419	343
1220	343
1033	343
2375	343
3748	343
4433	3461
1732	3461
3101	3461
4105	3461
1121	3461
4193	3461
1399	3461
2397	4433
4523	2671
3002	2671
1618	2671
3992	2671
230	2671
3734	2671
3002	4523
3692	4523
4645	4523
458	4523
3023	4523
3139	4523
162	4523
1326	2142
2845	2142
1070	3264
1712	198
206	287
3880	2575
356	2575
561	2575
3427	2575
776	2575
356	3880
561	3880
2030	3880
252	3880
718	3880
1620	3880
561	356
3427	356
3299	356
3236	356
3061	356
3621	356
429	499
3212	499
4313	3866
249	3866
544	3866
2533	3866
649	690
24	690
2090	690
3813	690
3086	690
2090	649
739	649
1692	649
553	2341
3039	1260
3319	3377
885	3377
3257	3319
885	3319
1852	3607
921	3607
759	1022
4314	1022
1269	370
1179	370
4067	370
1712	1615
2278	561
335	561
3119	561
2208	561
4429	561
3427	561
14	561
2835	561
59	561
4225	561
1033	561
718	561
1954	561
3734	561
4193	561
1385	2335
4212	2335
896	2335
540	2335
2351	2335
726	2939
407	3372
1231	805
1539	805
1308	805
875	805
386	805
2803	805
62	3431
458	3431
567	3431
4070	3431
1554	3431
59	3431
4121	3431
3024	3431
1788	3431
87	2362
2551	2362
2166	2362
1801	2362
3488	2362
413	3599
3791	3599
2658	1732
856	1732
744	2606
2805	2606
3101	2606
3272	607
3456	607
3644	2996
3695	4598
2124	4598
652	4598
828	4598
1600	4568
1745	4568
900	4568
1600	4669
1863	4669
3657	4669
1933	269
1269	269
4411	269
1600	3208
749	3208
4607	3208
2805	3208
1745	3208
770	3208
2566	3208
1966	3208
3767	3208
246	3208
4663	3208
1279	3208
3728	3208
1309	3208
2254	3208
1898	3208
1948	3208
865	3208
2301	3208
1749	3208
2318	3208
900	3208
2772	3208
3357	3208
921	3208
388	3208
460	3208
2604	3208
2865	3208
2957	3208
3436	3208
4443	3208
2617	659
3351	1026
157	2407
2030	2407
157	4532
2536	4532
157	542
2536	542
3306	1019
157	1019
2536	1019
4381	1019
2578	1019
157	3306
2536	3306
2578	3306
2536	157
4381	157
950	157
2578	157
973	157
4381	2536
950	2536
2578	2536
3236	2536
973	2536
4475	4381
1286	4381
3556	4381
2578	950
1930	2567
2420	2567
199	2567
507	2567
2935	1840
249	1840
875	4135
249	766
2557	2106
206	2106
2060	2557
847	2287
81	2287
3427	2287
1044	2287
1689	2287
3145	2287
4384	2348
4429	2348
3427	2348
1954	2348
3992	1343
2138	2136
2454	2136
2208	2136
3362	2136
3734	2136
2395	2136
1269	50
1762	328
2389	328
1901	328
807	328
1562	1332
4596	1332
811	2793
1791	2793
1043	2793
3504	2793
375	2793
1091	2793
4120	2793
2767	4182
3236	4182
718	1885
2146	2315
3734	2315
3318	2315
3175	2315
1709	2315
3662	2315
3623	803
4554	803
117	803
3818	803
733	803
167	803
3798	803
16	803
3236	803
1653	803
1901	803
3734	1451
548	1451
4040	3623
2844	2837
3707	596
4363	596
1369	596
476	721
1328	3894
921	3894
2366	4384
4657	4384
3524	1348
206	1348
2070	1348
2493	1348
2989	1348
2030	4655
2569	4655
1601	4655
86	4655
3926	4655
1943	4655
691	4046
2245	1596
2199	2640
4618	422
2188	422
1270	422
3477	3129
2842	3129
3166	3129
1472	3129
625	4254
3957	4254
4571	4254
1847	4254
4064	4254
1901	4254
2532	4254
2633	4254
2957	4254
3379	3159
1901	3159
185	3159
2633	3159
413	1684
4429	3549
2030	1336
1035	1336
2569	2030
4404	2030
780	2030
1436	2030
1629	2030
3251	2030
3119	2030
1475	2030
2402	2030
1380	2030
2256	2030
2767	2030
1639	2030
3427	2030
495	2030
4240	2030
647	2030
3312	2030
2424	2030
1486	2030
1606	2030
4436	2030
1561	2030
2306	2030
86	2030
4365	2030
1050	2030
2981	2030
3929	2030
551	2030
2232	2030
1631	2030
677	2030
762	2030
970	2030
1743	2030
1927	2030
2339	2030
2384	2030
2869	2030
2922	2030
2960	2030
3344	2030
3532	2030
3662	2030
4073	2030
4510	2030
2703	2030
3379	1055
1259	1762
2140	1762
4584	1762
3895	1762
4476	1241
2137	2569
1262	2569
672	2137
409	2137
329	2137
438	2137
13	2137
241	2137
425	2137
1171	4404
173	4404
1764	4404
3519	4404
3734	4404
2342	3554
4064	3554
969	1682
606	4457
3334	4457
2007	4457
1063	4457
3785	4457
1349	4457
3734	4457
3437	4457
1788	4457
1767	2485
3466	2485
969	2485
2254	2485
2638	2485
4336	1767
3823	1767
1800	1767
457	4485
1119	4551
625	4551
227	4551
3175	4551
1551	2221
1607	2221
2355	2221
3832	2221
786	2221
3023	2221
1567	2221
4193	2221
3384	2221
601	2221
1270	2221
4205	2221
2023	465
1380	465
206	465
3827	465
718	465
3184	3040
3680	3040
3486	2023
4505	2023
1967	2023
1966	2023
1981	2023
3289	2023
3647	2023
1511	2023
1403	2023
718	2023
2989	2023
3432	2023
2223	2023
1980	2023
2609	2023
2071	2584
1441	2584
144	2584
1027	2584
1013	2584
4618	1551
1528	1551
4429	1551
814	1551
1441	2071
144	2071
4618	2071
1171	2071
1337	2071
388	2071
144	1441
2566	672
1259	672
4584	672
1325	672
1071	672
4354	672
3611	672
4504	857
4047	857
2642	1009
979	1370
4289	1607
3427	1607
1851	1607
647	1607
2632	1607
3175	1607
162	1607
3547	1607
770	3345
2129	3345
541	3345
1027	3345
1369	3345
3734	3345
3662	3345
770	553
1168	553
3140	553
99	553
1578	553
2979	553
2596	553
4488	553
1567	553
4047	553
1734	553
601	553
3184	553
500	553
3891	553
4035	553
4020	1562
550	1562
1554	1562
652	1562
1619	1562
138	1562
1288	1562
3659	1562
4336	3466
1800	3466
979	3466
589	3466
1792	1618
2067	1618
2138	1340
4074	1340
1476	1340
4058	1340
4269	1340
366	1340
3533	392
2366	392
814	392
1269	392
2993	392
2194	918
250	918
3039	1224
3502	1224
4379	1224
3456	1224
4533	1224
3105	1224
949	1224
1144	1224
2051	1224
2239	1224
1971	3737
2039	193
425	193
1930	2052
4266	2052
2420	2052
1887	2052
488	2052
3283	2052
969	2052
452	2052
249	2052
2687	2052
2533	2052
949	2052
2529	3486
1207	4289
1396	4289
3101	749
2461	2390
1288	4535
4074	2138
1476	2138
4058	2138
4020	2138
1010	2138
3467	2138
81	2138
3692	2138
2554	2138
816	2138
3942	2138
1206	2138
900	2138
445	2138
3299	2138
3793	2138
1107	2138
3023	2138
2200	2138
3843	2138
3024	2138
3916	2138
2651	2138
1619	2138
1337	2138
1747	2138
1986	2138
1788	2138
2340	2138
1272	2138
2633	2138
4403	2138
1476	4074
4058	4074
4020	4074
1010	4074
4475	4074
2200	4074
2351	4074
3916	4074
1619	4074
1337	4074
1747	4074
3659	4074
239	4074
4058	1476
4020	1476
1010	1476
2200	1476
3916	1476
1619	1476
1337	1476
1747	1476
3659	1476
4257	4058
4020	4058
3467	4058
3843	4058
4500	4058
1619	4058
1288	4058
1877	4058
4618	275
663	275
3487	275
4090	275
1171	275
66	275
4334	275
3695	4618
1027	4618
2779	4618
183	4618
1959	4618
3867	4618
2067	1792
3524	2964
2476	2964
1213	2964
1554	2964
2070	2964
1379	2964
4603	2964
1050	2964
388	2964
2642	2964
4358	3487
1097	3487
2389	3487
979	3487
2389	37
4231	37
2842	37
3641	37
4334	37
3290	252
847	252
3228	252
3530	252
4295	252
1171	252
139	252
173	252
1364	252
3427	252
1222	252
1863	252
1512	252
877	252
3488	252
352	252
2124	252
2763	252
1419	252
1771	252
1730	252
2858	252
3316	252
3429	252
4049	252
2703	252
2716	3290
3619	3290
3816	3290
2632	3290
4645	2716
4306	3762
2597	3762
314	3762
3126	4607
1579	4607
4674	4607
2895	4607
2223	4607
1980	4607
4277	4607
1594	3622
2416	3622
2895	3622
2223	3622
3184	3622
2438	3912
632	1659
2515	1659
2456	1659
3690	3847
1365	732
3690	1930
2420	1930
4041	1930
1887	1930
488	1930
4379	1930
3283	1930
2570	1930
2275	1930
249	1930
1561	1930
2687	1930
4391	1930
2533	1930
551	1930
65	1930
507	1930
1502	1930
2051	1930
3915	1930
4552	1930
4310	1930
313	1930
2872	2740
1505	4422
867	4422
273	1605
66	2194
1907	2194
4339	2707
881	2707
2527	4257
2074	2527
1282	2527
2493	2527
113	2527
1609	847
4269	847
1375	847
2245	847
2646	847
4500	847
1269	847
247	847
1121	847
4248	847
487	847
3780	847
2823	847
3710	847
3175	1977
2585	1977
2180	3873
2305	3873
1613	3690
2039	3690
4041	3690
1234	3690
249	3690
1851	4107
3662	1809
4336	2603
3931	3769
1731	3769
4031	3769
1814	3769
4087	3769
3734	3769
2268	3769
1981	523
1068	523
1291	523
4105	523
4240	523
709	523
1597	523
1369	523
2060	523
3930	523
2751	523
608	523
774	523
1933	868
711	868
2786	868
4061	4554
3509	3190
662	3190
1282	3190
736	3190
1650	3190
3793	3405
2493	3405
3816	3405
233	3405
2858	3405
442	4336
250	4336
969	4336
1800	4336
865	4460
3843	4460
598	4460
3916	4460
1709	2025
3758	3199
551	3199
4128	4020
4605	4020
652	4020
1619	4020
3253	4020
1939	4020
3734	1725
2585	1976
4041	1167
413	1167
580	1167
249	1167
2901	1167
2848	1167
1804	4456
4269	3524
4128	3524
1488	3524
2424	3524
2989	3524
1379	3524
4666	3524
289	3524
3437	3524
4335	3524
1484	1098
2146	3781
2070	704
4666	704
2642	704
3211	704
3101	2474
2016	2474
2805	744
1745	744
2566	744
881	744
2772	744
881	2805
1001	2805
277	2805
4536	2558
2491	2258
4565	1745
3139	1745
2772	1745
2223	1745
1524	1745
2321	1745
4564	1745
2668	2904
4646	4612
2190	4612
1532	4612
4646	1729
2190	1729
3895	1729
1033	1729
1567	1729
4354	1729
2614	1729
99	770
3055	2762
890	2762
2206	2074
1851	2074
1261	2074
4620	2074
2375	2074
605	2074
3098	4169
1380	4169
632	4169
1579	4169
1871	4169
884	4024
4475	4024
2366	4024
102	4024
1020	4024
3703	4024
1598	4024
3379	4024
239	4024
875	4185
3101	329
3175	2149
403	2149
1981	3522
550	2629
1567	2629
139	4090
3692	4090
99	4090
4481	4090
3942	4090
4332	4090
1540	4090
979	4090
1954	4090
1986	4090
963	4090
2576	4090
2378	4090
162	4090
786	1938
4537	1938
2161	1938
1238	2566
4243	2566
1234	2566
1279	2566
640	2566
249	2566
1289	2566
3432	2566
4064	2566
1671	2566
325	2566
381	2566
449	2566
670	2566
776	2566
1187	2566
1272	2566
2957	2566
1097	4358
93	4358
3734	4358
1962	1097
3734	1097
4195	923
1270	2975
2998	3931
4017	3931
1731	3931
4031	3931
1814	3931
4087	3931
3734	3931
2783	1039
2646	1197
4667	1355
658	1355
3635	1355
4177	1355
4604	1355
4500	1355
3734	1355
2189	1355
4244	1355
3384	799
4284	2734
4121	2734
128	2734
58	780
927	1967
1288	779
102	1069
1601	2118
3101	2118
632	2343
2651	2343
3734	2343
1788	2343
3793	396
3012	396
2113	396
4244	4667
44	24
4431	24
1173	3550
1058	3550
1382	3789
3240	3789
1965	312
2351	335
1369	2784
3432	2784
1385	4550
4212	4550
3843	4550
3916	4550
3734	4550
1567	2726
3767	2700
2803	2700
1986	2700
4064	884
1579	3098
3734	3098
3767	1168
2487	1168
14	1168
2183	1168
2466	1168
3291	1168
522	1168
1121	1074
3817	2044
1121	80
3734	80
1258	80
4373	80
841	3187
1610	49
3477	49
2424	159
856	3052
86	2423
3734	309
1304	1352
2129	1436
541	1436
3403	1436
3765	188
2632	4
3289	3767
3692	3767
1416	3767
4326	3767
3942	3767
550	3767
4042	3767
1723	3767
1107	3767
3023	3767
2803	3767
4332	3767
2981	3767
2378	3767
1266	3767
4234	3767
2493	4142
3816	4142
233	4142
2530	2602
488	2420
3502	2420
4379	2420
2148	2420
249	2420
2687	2420
2533	2420
949	2420
551	2420
2051	2420
4552	2420
4386	1818
4398	1818
3581	1818
2089	1818
2653	1818
2541	1818
4398	4386
3581	4386
2089	4386
2653	4386
3581	4398
2089	4398
2089	3581
3137	3581
2039	1613
56	1613
4041	1613
1887	1613
488	1613
3502	1613
3283	1613
722	1613
249	1613
1156	1613
4488	1613
4665	1613
2192	1613
3179	1613
2687	1613
2533	1613
949	1613
218	1613
551	1613
705	1613
1502	1613
2051	1613
1405	2935
488	1405
9	1405
2687	1405
313	1405
4536	1405
4041	2938
1400	2938
3283	2938
2428	2938
1156	2938
44	2938
4446	2938
4527	2938
313	760
4041	759
4012	2078
3023	2078
1169	2078
2179	2078
4212	1385
2351	1385
1004	1385
3675	1385
488	2039
249	2039
3994	3065
2556	3065
794	1798
3826	1798
206	2397
2466	2397
3780	2397
1013	2397
1567	2951
3502	1469
3105	3251
426	3251
608	3251
3456	2092
3236	2092
4086	2092
3298	3343
2275	3343
1760	56
3502	4041
4379	4041
1810	4041
580	4041
4192	4041
4533	4041
949	4041
218	4041
2848	4041
551	4041
1144	4041
2051	4041
313	4041
4527	4041
2861	1505
249	1505
3298	1887
3502	1887
4379	1887
462	1887
2872	1887
1156	1887
2890	1887
4533	1887
218	1887
551	1887
66	1887
1144	1887
2051	1887
2844	1887
1205	1887
313	1887
4527	1887
488	3298
3283	3298
249	3298
2687	3298
4499	3298
2877	3298
313	3298
2351	4212
1004	4212
3675	4212
3250	4212
931	4212
2011	4212
3949	3928
366	3928
896	1010
3566	1010
577	1010
3942	1010
2803	1010
525	1010
2426	1010
3897	1010
1789	1733
814	1733
2846	2454
2956	2454
1863	2454
2124	2454
652	2454
3253	2454
1806	2454
1081	2454
3128	3055
1786	3055
4269	3055
3692	3055
1614	3055
445	3055
1107	3055
3023	3055
2803	3055
4332	3055
795	3055
2576	3055
3766	3055
1266	3055
3278	3055
4005	3112
2070	246
2999	246
102	2389
4339	2389
1033	2389
3734	2389
4193	2389
1155	2389
2410	3382
3236	3382
880	3382
646	3382
1219	3369
880	3369
3058	3369
3734	4576
249	1247
3502	488
4379	488
1810	488
2435	488
413	488
580	488
2829	488
2872	488
1080	488
1506	488
1156	488
2890	488
2733	488
4533	488
949	488
218	488
3930	488
2848	488
551	488
1144	488
2051	488
2239	488
313	488
4527	488
2368	3589
3067	3589
2395	3589
880	3589
3058	3589
3212	3589
334	1400
4379	1400
3945	1400
2848	1400
313	1400
4527	1400
2703	1400
4674	1140
81	3643
1577	3643
3916	3643
1138	2213
507	2213
1036	904
4086	3360
2946	812
1898	812
1337	812
1315	3695
1244	3695
4269	3695
758	3695
3493	3695
826	3695
2173	3695
990	3695
3584	3695
4467	2861
3366	3039
3384	3039
66	3039
1399	3039
2822	3039
1205	3039
1119	2741
3734	429
1579	1016
1220	334
4081	334
1080	1322
2274	1322
1269	1322
1220	116
3682	116
3236	3693
1863	1815
601	1815
58	836
2229	836
1964	311
2366	3530
4512	3949
4582	3949
4163	3949
4012	3949
321	3949
152	3949
652	3949
3773	3949
1964	3949
374	3949
520	3949
3285	180
1269	180
3285	4512
4295	4512
1325	4512
1964	4512
374	4512
4354	4512
1547	4512
4379	3502
3283	3502
2570	3502
249	3502
2568	3502
2901	3502
1169	3502
2687	3502
2533	3502
4499	3502
2848	3502
551	3502
1612	3502
2051	3502
2844	3502
4552	3502
1468	1382
2491	1382
834	421
3295	421
3734	421
3787	421
886	4224
2909	4224
2444	4224
2444	886
1422	1610
3692	1610
4382	1610
2308	1610
578	1610
1286	1610
691	1610
1282	1422
859	1422
2918	1422
578	1422
206	4125
2366	4308
3734	52
3379	1315
2466	1315
1366	1315
3166	1315
4099	1315
1621	1315
66	2469
702	3533
1556	3533
875	3533
1547	3533
1943	3533
66	694
2633	1981
3547	1981
3379	442
718	442
2122	442
1634	442
1726	3707
1716	3707
885	3707
1716	3314
3145	2210
4646	1246
3379	2945
3236	2945
875	702
1571	1292
3379	1292
875	1292
3734	1292
1902	1292
3813	1304
1567	1304
632	4390
3953	1378
3734	1378
594	1378
4416	2085
1954	2085
1337	2085
4128	1119
249	1119
3175	1119
2895	1919
1219	1933
2845	1933
3235	1933
3166	1933
4193	1933
1916	1933
4305	1219
47	1219
3619	1219
4339	3953
4475	4646
206	4646
16	4646
3784	4646
3291	4646
4379	2090
2848	2090
1907	2090
2178	2090
3662	2090
3283	4379
3775	4379
2570	4379
2319	4379
2275	4379
249	4379
2901	4379
2687	4379
2533	4379
949	4379
1144	4379
1411	4379
1502	4379
2051	4379
2877	4379
3820	4379
3915	4379
4552	4379
313	4379
4527	4379
1567	2792
3023	4026
206	262
3780	262
3212	262
1519	802
1627	802
2189	4366
2393	4366
3353	3283
2432	3283
2435	3283
413	3283
2872	3283
1156	3283
2890	3283
4533	3283
949	3283
218	3283
2848	3283
551	3283
705	3283
1144	3283
2051	3283
2844	3283
3820	3283
313	3283
4527	3283
375	811
4160	4172
2498	4172
3519	4172
691	4172
1936	1428
4064	1428
921	1428
1266	1428
4500	1789
1619	1789
1821	1789
278	1601
4243	1601
62	1601
4333	1601
2007	1601
2204	1601
4463	1601
4440	1601
2152	1601
2765	1601
1269	1601
4138	1601
86	1601
1337	1601
4279	1601
2378	1601
5	1601
1852	1601
921	1601
723	1601
2080	1601
2156	1601
4277	1601
1943	1601
1943	3481
1043	2304
3504	2304
4477	2304
1267	1388
4504	3075
440	3075
3641	3075
1847	4295
4064	4295
3992	2579
4663	3608
522	3608
2146	278
1110	4165
647	4165
3023	4165
1982	4165
1262	4165
1027	4417
4488	1810
2533	1810
3097	1810
4057	87
4248	87
407	87
1270	87
4248	4057
407	4057
3827	2551
3291	2551
3986	369
1269	1134
3734	1134
3734	1248
3033	3303
249	3303
2687	3303
1144	3303
3857	3303
4527	3303
81	462
3101	462
3179	462
911	2499
2895	2499
1232	1244
3444	1244
3538	1244
2255	1244
2801	1244
2766	1609
247	1609
487	1609
3547	1609
3236	341
3295	834
1190	834
652	834
3734	834
2661	3033
4339	3033
1169	3033
1380	4003
1556	4003
3379	4003
3390	4003
2846	4475
1171	4475
173	4475
1416	4475
4326	4475
1611	4475
1546	4475
1206	4475
1723	4475
124	4475
127	4475
2835	4475
1282	4475
2351	4475
2765	4475
4665	4475
2016	4475
2546	4475
2675	4475
4278	4475
2609	4475
4269	3367
4504	3477
1898	3477
623	3477
1282	3477
3166	3477
4047	3477
4671	4269
247	4269
1536	4269
2107	4269
662	273
206	273
1901	273
2487	2846
3379	2846
1749	2846
4047	2846
861	2846
3641	2846
2736	2846
979	4504
2845	4504
3166	4504
4047	4504
2272	4504
3951	82
3916	82
3992	896
2646	896
3951	896
3827	896
407	896
1270	896
3992	81
366	81
1644	81
4382	81
2779	81
3414	81
3793	81
3951	81
1107	81
4673	81
4121	81
3710	81
3101	3923
2779	3923
3272	4243
1000	4243
86	4243
3734	4243
1943	4243
249	1234
4527	1234
1269	1456
3348	1372
3261	3833
507	3833
1502	3353
2051	2432
3527	2432
206	1171
3148	1171
1033	1171
4061	1171
3556	1171
3379	2270
3734	1255
998	2950
4429	3619
14	3619
1567	3619
1954	3619
1279	2913
540	2913
1627	2913
540	1279
2653	2089
3379	2089
3456	2314
3439	2314
3235	2314
206	139
3780	139
1110	3161
1954	3161
1594	2108
623	2108
1337	2108
3734	2108
3212	2108
3998	3289
3212	3289
2355	2514
3444	2514
885	2514
1964	3119
969	250
2547	250
1269	250
2166	3992
4481	3992
3960	3992
161	3992
3587	3992
540	1577
4671	3674
3635	3674
720	3674
431	3674
1289	3674
2765	3674
86	3674
2375	3674
4657	3674
2366	4115
3456	3958
700	3958
1426	2946
366	1426
3916	1426
3162	2006
2146	3728
3734	3728
2487	173
3542	173
1554	173
3173	173
2651	173
1954	173
699	173
3668	280
3444	280
541	2129
869	2129
1369	2129
3582	2129
74	2757
1606	2847
3465	4151
3734	4151
2733	232
3739	232
1325	2245
990	2245
3387	2245
424	4425
2998	366
4382	366
540	366
3414	366
3163	366
2750	366
1442	366
3916	366
1050	2476
3109	2476
2848	1108
2124	631
3379	3564
1594	3564
1749	3564
2865	3564
4624	3564
2779	1644
1325	1644
3379	4415
1594	4415
1749	4415
1337	4415
3567	2298
3501	2298
3740	454
1489	454
1699	3393
2848	3775
1380	2206
3519	2206
519	2206
1566	625
4148	625
652	625
2486	2697
375	1791
2720	1138
1269	1099
458	3692
1027	3692
1653	3692
3813	3692
2375	3692
3986	3692
1270	3692
3212	3692
86	4645
1446	4645
4178	2402
1309	458
1614	458
2439	458
4416	458
4636	458
658	458
550	458
4632	458
3024	458
1081	458
3198	458
2786	458
1076	458
1270	458
2366	758
206	758
1636	2653
551	2570
1144	2570
3675	2570
3568	2570
4527	2570
1749	2646
3734	2646
4278	2646
2188	3566
4339	4160
1262	4160
276	1110
431	1110
1080	4128
3253	4128
2711	3672
4596	577
1788	577
1027	1416
2301	2727
2679	2727
1712	2727
3879	2727
1286	2727
3101	2711
1712	2711
3101	2884
2477	1380
1512	1380
2668	1114
3734	1764
251	1764
2191	1764
230	1539
386	1539
102	2366
1020	2366
3703	2366
4145	2366
2148	2366
1190	2366
4436	2366
3615	2366
1619	2366
3166	2366
4335	2366
1226	2366
2143	2366
3803	2366
734	2366
1020	102
3703	102
2148	102
4042	102
1715	102
3543	102
2070	102
2906	102
4177	102
3813	102
2989	102
3394	102
4556	102
4354	102
58	102
3986	102
4061	102
1604	102
3703	1020
3543	1020
2070	1020
2989	1020
3644	1020
2914	1020
2376	1020
3543	3703
206	3703
3984	4326
206	4326
4339	4326
880	4326
4441	4326
4377	4326
4382	4585
2007	606
2574	606
2989	606
1379	606
4666	606
3437	606
1547	606
1788	606
791	606
3110	606
1579	2267
3635	2267
1194	2267
3212	644
3236	3893
1771	3361
1369	1528
1567	2590
4571	2590
3413	2590
4341	773
4481	773
4187	773
3942	773
550	773
2803	773
4332	773
1986	773
3338	773
4234	773
249	413
2687	413
3682	413
1502	413
3951	2166
2466	2166
3784	2166
2651	2166
2036	2998
2940	2998
1934	3864
1802	3864
2380	3864
2488	315
869	541
1324	541
1369	541
249	2694
4552	2694
249	580
1318	580
1502	580
883	2742
3379	2742
628	3823
885	3823
2189	3823
2547	4565
1749	4565
3543	4565
1269	4565
2638	969
1800	969
586	969
979	969
1095	969
2060	969
3734	969
573	969
615	969
634	969
670	969
1272	969
1376	969
1773	969
2853	969
2856	969
1058	1614
3503	1614
1337	1614
2208	4005
445	4005
2493	4005
2191	4005
206	600
1464	3841
4500	9
3491	9
2829	3920
4601	3323
1418	4145
1033	2956
59	276
4047	276
283	276
2565	3101
2529	3101
2428	3101
2692	3101
2882	3101
2488	3101
4604	3101
4002	3101
1606	3101
2035	3101
2060	3101
374	3101
2966	3101
2687	3101
2611	3101
3691	3101
265	3101
325	3101
468	3101
476	3101
2316	3101
2083	3101
2337	3101
2421	3101
2505	3101
2556	3101
2844	3101
2954	3101
2970	3101
3073	3101
3103	3101
3565	3101
4012	3430
2208	3430
152	3430
374	3430
4012	4582
152	4582
374	4582
4012	4163
152	4163
598	4163
374	4163
3318	4163
3657	4163
321	4012
1578	4012
152	4012
3773	4012
1964	4012
374	4012
520	4012
3734	4012
1071	4012
1547	4012
2375	4012
3379	321
1173	321
152	321
1325	321
1964	321
374	321
3591	4291
4271	1751
2051	1751
1027	1872
3734	1872
1547	1872
3826	2565
1259	2208
1190	2208
3432	2208
927	2208
4466	2208
1916	3957
2529	2254
1369	2254
3221	2254
4352	2146
835	2146
3598	2146
979	2146
2937	2146
2632	2146
388	2146
1942	4450
3435	4450
1222	4450
3667	3295
3734	3295
1027	2554
3827	2554
3212	2554
2150	3756
2625	1488
3942	1488
861	1942
100	230
283	230
1190	4429
431	4429
1954	4429
2842	4429
1948	4671
4448	3465
3653	3465
1282	3465
4674	4448
249	2829
249	2872
1880	2872
2394	2872
2306	3130
798	1529
4198	1529
1027	243
86	243
1943	243
1878	2724
4032	2724
2983	2617
560	2190
376	2190
3515	1557
2909	4382
1325	4382
2140	1259
4584	1259
3895	1259
3503	4166
3780	4166
4594	4246
2012	3976
3122	3976
2746	2612
900	2612
3832	2612
39	2612
877	2612
3390	2612
2580	2612
4609	2612
249	2562
1270	2439
3895	1598
3235	1598
662	3509
3784	3509
1013	3509
1898	996
987	1898
3460	1898
3456	1898
632	1898
3882	1898
2688	1898
1561	1898
2181	1898
2520	1898
2530	1898
247	1898
4193	1898
2301	3123
816	3730
974	3730
3364	3730
3224	3730
2301	816
2301	974
2301	3364
113	3364
152	2056
1257	2056
2301	2320
1914	2320
3379	4333
1805	4333
4593	987
104	1934
3937	1934
2842	3818
86	2767
1943	2767
1785	3633
1954	3633
662	1364
3437	1364
1349	662
1592	662
2223	662
4337	3030
3236	928
2989	2802
632	571
1116	571
3184	571
4438	3420
2660	1673
3242	1673
3379	1639
2156	1639
3379	4156
4105	4156
875	4156
1749	4156
3916	4156
3998	2308
3163	2625
4335	2625
703	1027
3942	1027
1206	1027
3023	1027
2803	1027
4665	1027
1267	1027
3511	1027
3610	1027
3235	3348
1699	1948
4556	1948
1878	1948
152	3427
1811	3427
2232	3427
3145	3427
875	1556
1116	1556
2180	1556
861	3334
1063	2007
3534	2007
2574	2007
2989	2007
3734	2007
3437	2007
3110	2007
3023	4416
1270	4416
595	4416
3240	2779
852	2779
3444	2779
3998	2779
921	2779
2642	2779
734	2779
3291	567
3235	3240
2368	852
544	852
3954	3618
55	1965
4391	1965
199	1965
2051	1965
3456	3272
4549	3272
249	2148
3061	2148
1470	865
84	865
420	865
1325	865
4023	865
227	865
1964	865
1878	865
1547	865
2223	865
1081	865
2503	865
507	2983
3163	540
1442	540
4500	540
598	540
4187	703
550	703
440	703
2576	703
3198	703
249	1080
4391	1080
2239	1080
3734	1628
2803	4481
1986	4481
2505	4481
3236	3126
844	2529
4231	2529
3784	2529
1369	2529
2940	2529
1533	2529
2223	2529
844	1726
4231	1726
1369	1726
2940	1726
3951	4070
1308	4187
3236	4187
2803	4187
1986	4187
3212	4187
3236	4636
1337	3942
3212	3942
4262	550
1785	550
1554	550
3024	550
1337	550
1878	550
3986	550
1270	550
4632	4262
3379	4019
4584	2140
2909	2140
3895	2140
1878	2140
1325	4584
841	4584
1878	4584
93	1063
2241	1063
3212	1063
1442	3414
1852	3729
3843	3785
3437	3785
861	3785
2803	1546
1986	1546
1206	1308
1271	1308
2803	1308
3379	2301
1594	2301
1749	2301
2318	2301
850	2301
4278	2487
1190	14
2493	14
3450	14
2803	1206
881	844
57	3379
2318	3379
632	3379
1838	3379
3312	3379
4021	3379
4153	3379
3023	3379
4276	3379
4665	3379
2546	3379
1121	3379
1592	3379
3744	3379
3734	3379
2845	3379
2455	3379
1718	3379
885	3379
3250	3379
153	3379
342	3379
185	3379
277	3379
284	3379
391	3379
931	3379
1301	3379
1777	3379
2107	3379
2552	3379
2614	3379
2932	3379
3122	3379
3196	3379
3218	3379
3494	3379
4077	3379
3739	3379
3820	3379
3834	3379
3903	3379
3995	3379
4075	3379
4656	3379
4028	3379
1532	2610
875	2610
1594	2610
1749	2610
632	2610
1540	2610
875	1532
1594	1532
3456	1532
1749	1532
632	1532
1799	1532
1540	1532
2318	4105
4670	4105
128	4105
1537	4105
3734	4105
3546	4105
829	4105
2438	4105
2614	4105
2789	4105
4656	4105
632	875
3519	875
4665	875
1269	875
3734	875
3662	875
1749	1594
632	1594
3312	1594
3734	1594
2845	1594
3010	1594
3657	1594
3439	3456
1592	3456
3929	3456
4007	3456
3568	3456
632	1749
3444	1749
1592	1749
3734	1749
2845	1749
1050	1749
3010	1749
2614	1749
1537	57
3734	57
3010	2318
1147	2318
2614	2318
814	632
1540	632
446	632
152	1578
374	1578
3611	1578
152	4653
374	4653
1335	2661
1301	2608
1506	1491
3433	4424
807	1800
249	1506
612	1506
1429	2430
2034	4648
1954	3156
1811	72
722	2275
1632	2275
3261	2275
1540	2275
3450	2275
551	2275
66	2275
1144	2275
1632	722
2848	722
551	722
1144	722
1144	1632
3954	4471
3073	4231
3308	1207
900	2746
3832	2746
39	2746
877	2746
3390	2746
3734	2746
1689	2746
4609	2746
3278	1381
346	64
1190	452
3086	452
2051	452
544	2368
515	2368
3166	2368
39	900
3390	900
652	900
3175	316
3236	640
1844	2150
717	2150
3018	2150
1567	1820
3734	1820
218	2909
3780	2979
4321	2979
2241	445
66	1042
44	4149
3734	814
3734	190
2842	1326
2592	1326
723	1326
3436	1326
4265	1326
3236	4438
3192	3515
791	3515
3236	2310
1939	2310
2386	2310
2051	495
1567	2778
3682	3534
3517	3534
736	2289
3773	2465
1838	3888
3086	104
1567	104
3945	3366
3945	1579
651	1579
980	3945
2231	3945
4087	3945
2706	3945
2236	2066
3491	980
3493	1851
127	1851
1282	1851
3291	1851
3508	1851
2424	4013
206	3493
1325	3493
2375	3493
39	3832
877	3832
3390	3832
2580	3832
4609	3832
3236	78
3734	725
3843	3667
3916	3667
3930	3667
1844	3913
249	491
1156	249
612	249
2202	249
4533	249
3179	249
2901	249
949	249
3930	249
2848	249
551	249
66	249
1144	249
405	249
507	249
1502	249
2316	249
2051	249
2239	249
2844	249
3802	249
313	249
4527	249
3136	1245
3984	1723
4339	1723
1567	1723
1954	1723
880	1723
4377	1723
4500	124
60	124
2375	124
2229	124
2817	124
1680	3984
4193	4240
2384	4240
3444	1313
807	1313
206	1203
3105	1156
2687	1156
2533	1156
3929	1156
2844	1156
3569	1156
1205	1156
3739	1156
66	21
199	612
3734	3035
3951	3299
1619	3299
4249	3299
2600	3793
1788	3793
2533	2890
2848	2890
66	2890
2051	2890
4552	2890
313	2890
300	3758
2600	3895
1471	3895
1071	3895
4064	3895
2378	3895
921	3895
300	377
300	1677
94	300
1982	300
1964	94
1033	3635
2351	3635
3791	3635
825	1617
647	1995
2124	647
4436	647
4040	647
1787	647
3175	647
1811	786
1399	1065
1567	1190
979	1190
398	1190
3179	3567
2274	4605
1453	4605
1468	4605
4064	4605
3780	4605
4153	2274
1468	2274
4571	2274
3184	2274
3312	1453
4225	1453
2306	1453
1468	1453
3787	1453
2378	1453
388	1453
3312	3940
1468	3940
1763	3312
4153	3312
1468	3312
1915	3312
3184	3312
1576	3312
2421	3312
3152	3312
4624	3312
4225	1763
1468	1763
3780	1763
4061	1763
86	2183
1567	1222
3734	1222
1883	3571
2812	2424
859	2424
1712	2424
1379	2424
3978	2424
289	2424
520	2424
1901	2424
856	1213
4500	909
2989	1713
289	1713
3773	2574
1379	2574
4666	2574
3437	2574
856	2574
3110	2574
2070	1554
4666	1554
440	1554
2642	1554
2070	206
826	206
1712	206
2989	206
1379	206
4666	206
289	206
1001	206
589	206
637	206
2989	2070
1050	2070
4100	1905
3444	1905
3734	1905
3954	135
3444	3954
1339	3954
2161	3954
3734	581
313	3719
1619	3951
3946	16
1547	16
877	39
3474	39
3390	39
2580	39
4609	39
856	544
3784	127
242	127
782	127
2153	4189
1954	4189
3338	2835
1959	2835
2803	1107
1337	1107
1986	1107
1878	1107
1173	4153
1270	4482
4674	3023
1369	3023
4477	3023
4533	4432
3734	1883
4403	1883
3291	1511
519	1511
2466	4674
1954	4674
4571	4674
3734	4674
2642	4674
3773	1439
1296	2202
1502	2202
2844	2202
1269	623
4047	623
522	623
942	623
4339	3489
1173	3489
2478	3489
3827	3489
652	3489
3215	4339
3131	4339
1901	4339
148	4339
519	4339
1257	4339
1501	4339
3680	4339
1455	1173
1220	1173
4225	1173
1058	1173
652	1173
3226	1173
1033	1173
1915	1173
1325	1173
1619	1173
4556	1173
2222	1173
4413	1173
736	1349
2493	1349
3816	1349
233	1349
1033	1349
2000	1349
2153	2466
1403	2466
2632	2466
2375	2466
977	2466
3511	2466
3236	2656
2919	3784
1033	3784
1567	3784
1369	3784
3432	3784
515	3784
1183	3784
1013	3784
2378	3784
3273	1282
1586	1282
59	1282
4148	1282
1033	1282
3734	1282
3517	1282
589	1282
3145	1282
4503	1282
59	3273
3827	3273
2609	1586
3086	736
798	2899
3236	3754
856	3754
161	3668
3744	3668
979	882
4278	882
1183	882
4225	1583
791	3067
3843	3402
3916	3402
480	3402
3250	1519
2255	1519
3724	648
2063	3139
1912	3139
859	3081
1121	3081
2922	3081
3390	877
2580	877
4609	877
798	2919
3827	59
3518	59
1267	59
3816	2493
233	2493
3173	2493
3734	2493
233	3816
431	3816
1419	3816
1033	3816
2918	3816
3511	3816
3659	233
2906	833
4064	2595
1160	2200
2008	2200
4656	107
3734	1102
4031	3236
4365	3236
2375	3236
705	3236
4205	3236
426	3236
1200	3236
1711	3236
1907	3236
2283	3236
3211	3236
3278	3236
3791	3236
3857	3236
4198	3236
3268	3236
4349	3236
2968	3236
885	3444
4442	3444
856	1393
2395	1393
3518	485
3518	1914
3226	4124
1121	4177
4284	2854
2803	2854
1954	4389
856	4389
247	3390
2937	3390
1547	3390
2966	3519
734	3519
1730	3518
3291	431
3734	431
4193	431
347	431
1162	431
825	431
3291	1261
1269	1801
283	3173
699	3173
705	352
3175	4578
4138	152
3773	152
1964	152
520	152
1071	152
4354	152
3250	152
4284	2488
290	2488
4670	2488
2530	2488
867	2488
351	2488
40	2488
878	2488
290	4284
4670	4284
2124	4148
2377	4148
290	4148
652	4148
4670	4148
856	4148
113	4148
2377	2124
290	2124
1806	2124
1663	2124
290	2377
652	2377
2679	290
652	290
4121	290
1262	290
4121	765
2763	2679
4673	2679
4670	2679
4121	2679
4121	2763
4121	4673
240	3843
598	3843
3538	3843
3916	3843
3437	3843
795	2803
1337	2803
1986	2803
3986	2803
1236	2803
1317	2803
3212	2803
4234	2803
3941	1051
1455	1419
1220	1419
4225	1419
1058	1419
1033	1419
2249	1419
113	1419
1220	1455
4225	1455
1058	1455
1033	1455
2545	1455
1033	1220
1008	1220
1058	4225
1033	4225
113	4225
927	4225
1033	1058
1325	1058
3780	1058
3184	1058
4670	652
3773	652
374	652
856	652
3797	652
4121	4670
1442	4121
1258	3148
1516	3148
2008	3148
3100	3148
1567	1033
1269	1033
3503	1033
1954	1033
4047	1033
113	1033
1521	1033
3556	1033
4000	711
1270	4332
3212	4332
1731	4017
1814	4017
4031	1731
1814	1731
4087	1731
3734	1731
1814	4031
3734	4031
3341	1442
3131	1442
3916	1442
4248	1442
325	3882
66	1561
1502	1561
58	2530
161	3960
1567	700
1540	4040
1811	4040
835	2306
3734	943
979	835
718	4500
1878	4500
375	4500
405	4500
3916	240
3538	598
3916	598
885	598
2687	2733
4552	2733
1001	826
3734	1597
2687	4533
2533	4533
949	4533
3349	2351
1004	2351
3496	2351
3916	3538
3026	3538
3086	4488
3475	2020
507	2020
3644	1000
785	1217
1788	1921
1324	869
2073	1324
3662	4276
298	3501
1367	1468
183	192
199	2682
199	2859
1954	2196
2844	3871
3086	1109
4086	1109
3086	3813
1567	3813
859	3813
298	3813
1567	3086
2171	3086
2895	3086
1954	3086
4086	3086
2192	4665
859	4665
2895	4665
2016	4665
859	2192
2895	2192
2171	1567
1540	1567
4047	1567
2632	1567
3450	1567
3727	1567
1612	1366
3794	1366
1620	1403
3734	1403
4193	1403
1036	1403
2687	3179
794	3179
2237	3179
705	3105
2660	3105
44	3105
578	859
1286	859
2016	2895
2568	2895
2722	2895
825	1540
2989	3215
3437	3215
675	1269
283	1269
58	1269
4499	1269
1536	1269
1396	1269
1671	1269
362	1269
926	1269
1137	1269
1243	1269
1267	1269
1429	1269
1828	1269
1892	1269
4214	1269
4268	1269
4318	1269
4322	1269
4476	1269
4496	1269
4624	1269
378	2035
58	2035
2580	2035
247	2766
487	2766
2099	2766
3547	2766
4522	2105
2421	2016
3152	3131
3773	4138
1071	4138
3611	4138
2051	2568
3662	2568
227	420
1547	420
2585	420
1337	2241
1811	2241
1788	2241
1860	2241
277	4036
3995	4036
998	4036
3437	4647
3734	2668
185	2668
525	2668
2189	2668
2307	2668
58	378
3734	2918
347	128
3839	2188
487	247
3734	247
628	247
3198	247
1194	247
2552	247
3547	247
3659	3024
3998	3024
1270	3024
3734	3916
3359	3916
522	3916
885	3916
374	3773
3611	3773
1878	3773
1687	3773
1748	3773
4354	2342
3175	3445
1954	3598
3636	3615
589	1044
4087	1814
3734	1814
375	1770
4278	979
1183	979
398	979
828	979
1576	979
2382	979
3158	979
3826	979
2008	3503
861	86
3145	86
2922	86
3532	86
3706	86
4510	86
1943	86
3734	2651
2340	2651
507	2225
2989	1954
4571	1954
2842	1954
2375	1954
3016	1954
3153	1954
4198	1954
881	1369
3432	1369
2597	1369
2223	1369
3998	1369
3432	3937
2989	1712
1379	1712
3437	1712
3110	1712
1379	2989
4666	2989
2842	2989
3437	2989
1890	2989
3411	2989
17	2901
357	2901
4047	4571
3680	3291
3734	1121
347	1121
3659	1121
589	1121
524	1121
3437	1379
3110	1379
4603	4666
3734	4666
3437	4666
3990	4666
4248	784
3734	784
407	3868
407	4248
1915	407
4335	407
4657	2894
1752	2894
2521	4324
3547	487
1050	4603
2642	4603
1612	1057
3734	3845
3590	3845
3166	2842
667	2842
2223	2842
2772	881
3734	881
2223	881
2223	3432
3018	3432
460	1327
4244	2048
961	2060
927	2060
2977	2060
2375	1941
371	3602
2055	3602
832	3978
3657	3978
3915	1298
890	4455
4023	1325
4064	1325
841	1325
1878	1325
494	1325
1547	1325
4413	1325
4178	1325
2611	1325
227	4023
2916	4023
856	4023
3734	1337
1986	1337
283	1337
1788	1337
1270	1337
2916	227
374	227
856	227
1547	227
3508	227
3250	227
1547	2916
374	1964
375	1964
1257	1964
2283	1964
2339	1964
520	374
1071	374
4354	374
3611	374
1547	374
3250	374
3611	520
3734	2937
4300	1537
734	1537
2161	1537
418	2966
4596	440
3437	440
1788	440
949	2687
551	2687
2051	2687
2844	2687
313	2687
4527	2687
2662	611
4596	611
3437	3734
2249	3734
1811	3734
1771	3734
1950	3734
1001	3734
1078	3734
717	3734
2545	3734
277	3734
804	3734
1210	3734
1674	3734
2421	3734
2467	3734
2585	3734
3037	3734
3152	3734
3511	3734
4388	3734
4597	3734
3547	3734
4596	2662
4480	4596
4234	4596
2503	2845
1270	946
2576	1986
4047	2222
4413	2222
4354	1071
3611	4354
3132	3611
2067	3475
3929	3235
970	3235
1361	3235
3278	3235
3116	4064
388	4064
2307	4064
2449	4064
807	3166
4099	3166
4193	2507
1746	2507
551	2533
1144	2533
507	2533
2051	2533
2239	2533
313	2533
807	4193
667	807
3826	4047
2883	792
1788	3437
3110	3437
2642	3437
1396	108
981	108
4278	3384
1671	3384
1183	3384
3527	3384
3450	3780
1788	3780
1001	3780
519	3780
637	3780
825	3780
2375	2444
1788	2444
283	861
583	283
3184	283
2284	283
2848	949
1144	949
2051	949
3915	949
4527	949
2932	995
2580	58
1144	823
2642	1050
3258	856
841	856
3318	856
1878	856
1547	856
3332	856
885	856
921	856
4616	856
3318	3258
1878	3258
494	3258
3318	841
1878	841
3349	841
1547	841
1878	3318
3349	3318
1547	3318
3512	3318
494	1878
3349	1878
1547	1878
3512	1878
1547	494
3332	494
2632	494
3512	1547
1730	1547
4198	1547
551	218
3641	218
1502	218
3511	1006
3662	1663
2848	4499
1144	4499
4527	4499
825	4522
3680	1771
3239	2223
4524	2223
1788	2375
113	2375
519	2375
2356	2375
2642	2375
1270	1788
3212	1788
3691	2380
3491	2380
2321	2380
2611	4178
4656	2751
3491	3691
3682	3691
2468	3491
4377	3659
3766	2491
3755	298
2858	2395
1144	2848
17	2848
1502	2848
2051	2848
66	4235
3537	785
4431	3998
3175	1001
375	1043
375	3504
1091	375
4120	375
2532	375
2378	1078
3074	384
239	551
4387	551
1117	551
2051	551
4552	551
4527	551
1396	3308
44	1286
2609	1286
4496	1286
2378	1804
2585	170
1636	705
1971	66
2823	66
2722	66
3278	66
2722	113
2642	3766
1270	3198
4486	1036
1270	1076
1757	1270
1516	1270
2373	1270
2609	1270
1524	1147
3657	1147
162	3634
3192	4112
2722	4112
2421	1704
460	3175
2604	3175
1671	1980
2660	1980
4337	1980
1671	4278
1183	4278
1183	1671
2021	2858
3060	242
1839	4099
3794	4099
2386	1939
791	3192
4234	2386
3012	4657
1310	4657
3540	1768
3058	880
1937	4296
3915	1144
774	4061
213	1013
3061	2378
4511	2378
2239	17
3662	1852
342	3250
388	921
3662	921
1707	70
4092	148
2327	158
1420	207
2438	297
2776	360
3278	371
2189	388
2303	460
3072	466
507	468
3401	480
4575	507
3527	507
4403	519
1821	535
2157	535
1956	548
2051	548
4552	608
691	613
2604	618
1262	693
4638	726
2161	828
3995	927
1120	931
2189	977
4310	978
1262	1011
1777	1047
2327	1115
313	1117
4527	1146
2968	1243
2609	1318
2356	1329
3147	1402
4569	1418
3870	1446
2051	1502
2877	1502
4527	1502
2373	1507
3794	1612
3821	1612
1621	1612
3496	1616
4157	1636
4552	1662
4403	1674
2339	1692
3652	1717
2921	1756
1943	1854
2770	1927
2131	1947
3794	2021
4510	2021
3915	2051
4552	2051
313	2051
4527	2051
3738	2059
3791	2073
4552	3794
3821	3794
1621	3794
2968	2229
4552	2239
3662	2456
1943	2505
3657	2614
3662	2686
2903	2790
3061	2790
4552	2844
1943	2922
3662	2970
3527	3061
3662	3100
4569	3239
4656	3239
3662	3277
3791	3590
4527	1205
3826	3680
4403	3680
4244	3748
4527	3915
4527	4552
1943	4510
