0	353
0	370
0	536
1	8
1	293
1	579
4	812
5	32
5	37
5	103
5	185
5	186
5	198
5	271
5	439
5	457
5	621
5	639
5	669
5	777
5	806
6	590
8	293
8	579
10	696
10	718
12	586
13	591
15	52
15	71
15	80
15	172
15	222
15	315
15	323
15	325
15	390
15	491
15	500
15	515
15	524
15	533
15	567
15	615
15	618
15	663
15	737
15	744
15	784
15	810
15	838
15	839
16	56
16	731
17	369
17	675
18	776
19	34
19	107
19	178
19	233
19	316
19	384
19	430
19	770
25	134
25	672
28	176
28	279
28	807
30	32
30	101
30	103
30	179
30	192
30	220
30	257
30	264
30	265
30	354
30	434
30	453
30	457
30	575
30	576
30	593
30	651
30	692
30	722
30	737
31	292
31	456
32	45
32	52
32	76
32	101
32	103
32	179
32	185
32	192
32	198
32	220
32	264
32	265
32	354
32	360
32	434
32	439
32	457
32	575
32	576
32	593
32	632
32	651
32	663
32	669
32	692
32	722
32	737
32	791
32	806
32	811
32	815
34	107
34	178
34	233
34	302
34	316
34	384
34	430
34	504
34	770
34	809
35	498
35	842
37	186
37	216
37	621
37	639
37	737
37	777
37	788
37	814
38	146
38	350
38	377
38	626
38	816
39	192
39	361
39	554
41	103
45	198
45	271
45	367
45	593
45	608
45	642
45	713
45	766
45	784
45	798
45	806
45	815
47	59
47	150
47	174
47	175
47	219
47	285
47	313
47	339
47	355
47	401
47	454
47	455
47	460
47	476
47	622
47	623
47	694
47	700
47	780
47	794
49	117
49	817
51	463
52	76
52	99
52	179
52	185
52	192
52	220
52	264
52	265
52	311
52	315
52	439
52	457
52	524
52	538
52	554
52	575
52	586
52	593
52	616
52	632
52	651
52	663
52	669
52	673
52	692
52	722
52	737
52	744
52	788
52	791
52	798
54	597
54	822
55	334
55	561
56	458
56	731
57	79
57	258
57	286
57	482
57	485
57	614
57	708
57	755
57	769
59	150
59	174
59	175
59	285
59	313
59	339
59	355
59	401
59	454
59	455
59	460
59	476
59	622
59	623
59	694
59	700
59	780
59	794
60	170
60	368
60	679
60	723
60	749
62	191
62	379
62	463
63	138
65	347
65	805
71	222
71	325
71	500
71	521
71	524
71	618
71	663
71	695
71	810
71	839
74	79
74	258
74	485
74	601
74	605
74	614
76	101
76	103
76	179
76	185
76	192
76	220
76	264
76	265
76	271
76	283
76	354
76	360
76	434
76	439
76	457
76	519
76	554
76	575
76	576
76	593
76	632
76	651
76	663
76	669
76	692
76	693
76	722
76	737
76	759
76	791
76	799
76	815
77	109
77	317
77	327
77	336
77	372
77	678
77	729
79	258
79	485
79	601
79	605
79	614
80	172
80	222
80	315
80	323
80	390
80	423
80	491
80	500
80	515
80	524
80	533
80	567
80	615
80	618
80	653
80	663
80	744
80	810
80	838
80	839
83	138
83	345
83	391
83	512
83	514
83	670
83	702
83	821
86	718
87	225
87	243
87	797
94	516
96	259
97	329
97	598
97	686
98	523
99	220
99	305
99	311
99	673
99	737
101	103
101	138
101	179
101	185
101	192
101	220
101	257
101	264
101	271
101	354
101	434
101	439
101	457
101	554
101	576
101	593
101	632
101	642
101	651
101	692
101	722
101	737
101	759
101	791
101	798
101	806
101	811
101	815
103	179
103	185
103	192
103	210
103	220
103	257
103	264
103	265
103	271
103	354
103	360
103	361
103	392
103	434
103	439
103	457
103	478
103	554
103	575
103	576
103	593
103	632
103	651
103	669
103	692
103	713
103	722
103	737
103	759
103	766
103	791
103	806
103	811
103	815
105	141
105	386
105	643
107	178
107	316
107	384
107	770
107	809
108	443
108	447
109	317
109	327
109	336
109	372
109	678
109	729
109	849
110	276
114	229
114	260
114	399
114	690
116	129
116	474
116	486
116	666
116	739
116	755
116	756
116	758
116	835
118	696
120	145
121	375
121	521
127	217
129	474
129	486
129	666
129	739
129	755
129	758
134	672
135	198
135	279
135	367
135	503
135	608
135	642
135	766
135	821
137	718
138	264
138	345
138	367
138	391
138	514
138	642
138	670
138	702
138	815
138	821
139	166
139	171
139	190
139	422
139	477
139	484
139	497
139	548
139	573
139	604
139	624
139	683
139	745
140	286
140	686
140	769
140	844
141	386
141	643
146	350
146	602
146	626
146	816
147	555
149	434
149	632
150	174
150	175
150	285
150	313
150	339
150	355
150	401
150	454
150	455
150	476
150	622
150	623
150	694
150	700
150	780
150	794
154	216
154	312
154	545
154	765
154	814
155	267
155	392
155	609
160	437
160	450
160	555
160	786
161	408
166	171
166	190
166	422
166	477
166	484
166	497
166	548
166	573
166	604
166	624
166	683
166	745
170	368
170	679
170	723
170	749
171	190
171	422
171	477
171	484
171	497
171	548
171	573
171	604
171	624
171	683
171	745
172	181
172	222
172	315
172	323
172	390
172	423
172	491
172	500
172	515
172	524
172	533
172	567
172	615
172	618
172	653
172	663
172	744
172	810
172	838
172	839
174	175
174	285
174	313
174	339
174	355
174	401
174	454
174	455
174	476
174	622
174	623
174	694
174	700
174	780
174	794
175	285
175	313
175	339
175	355
175	401
175	454
175	455
175	476
175	622
175	623
175	694
175	700
175	780
175	794
176	807
177	325
177	703
178	233
178	316
178	384
178	430
178	770
179	185
179	192
179	220
179	257
179	264
179	271
179	354
179	434
179	439
179	457
179	554
179	575
179	576
179	593
179	632
179	651
179	692
179	722
179	737
179	759
179	798
179	811
179	815
181	323
181	390
181	615
185	192
185	264
185	271
185	283
185	354
185	360
185	361
185	434
185	439
185	457
185	519
185	554
185	575
185	576
185	593
185	632
185	651
185	669
185	722
185	737
185	798
185	811
185	815
186	621
186	639
186	777
190	422
190	477
190	484
190	497
190	573
190	604
190	683
190	745
191	379
191	463
192	198
192	220
192	257
192	264
192	265
192	271
192	354
192	360
192	434
192	439
192	457
192	519
192	556
192	565
192	575
192	576
192	593
192	632
192	651
192	669
192	692
192	722
192	737
192	791
192	806
192	811
192	815
193	331
193	492
193	595
193	738
195	369
195	675
198	264
198	271
198	279
198	367
198	462
198	503
198	506
198	521
198	541
198	577
198	593
198	608
198	632
198	642
198	722
198	766
198	784
198	798
198	806
198	811
198	821
205	377
205	823
206	363
206	452
206	603
210	264
210	361
210	815
210	832
214	444
216	312
216	531
216	545
216	621
216	639
216	765
216	814
219	285
219	794
220	257
220	264
220	271
220	354
220	360
220	434
220	439
220	457
220	519
220	554
220	575
220	576
220	593
220	632
220	651
220	669
220	692
220	722
220	737
220	759
220	791
220	806
220	815
221	398
222	315
222	323
222	325
222	390
222	491
222	500
222	515
222	524
222	533
222	567
222	615
222	618
222	663
222	737
222	810
222	838
222	839
225	243
225	797
226	421
226	606
229	690
231	325
232	519
233	384
233	430
234	350
235	501
236	701
239	268
239	282
239	329
239	724
243	797
245	406
250	605
250	699
253	292
253	464
253	522
255	540
257	265
257	434
257	466
257	576
257	632
257	722
258	286
258	482
258	485
258	601
258	605
258	614
258	769
260	399
260	690
263	416
264	265
264	271
264	304
264	354
264	360
264	361
264	367
264	434
264	439
264	457
264	519
264	575
264	576
264	593
264	632
264	642
264	651
264	663
264	722
264	737
264	811
264	815
264	821
265	271
265	360
265	434
265	457
265	555
265	575
265	593
265	632
265	651
265	722
265	815
267	609
268	329
268	439
268	521
268	724
269	496
270	307
270	393
270	706
270	756
270	758
270	797
271	279
271	354
271	360
271	434
271	439
271	457
271	506
271	570
271	575
271	576
271	586
271	593
271	632
271	651
271	663
271	669
271	692
271	713
271	722
271	737
271	806
271	811
271	815
274	287
274	684
279	367
279	391
279	478
279	503
279	506
279	541
279	608
279	642
279	722
279	766
279	784
279	798
279	821
282	328
282	384
282	439
282	504
282	618
282	663
282	737
282	771
282	798
283	354
283	434
283	457
283	575
283	593
283	632
283	669
285	313
285	339
285	355
285	401
285	454
285	455
285	460
285	476
285	622
285	623
285	694
285	700
285	780
285	794
286	482
286	769
287	684
290	325
290	515
290	524
292	402
292	464
292	522
292	742
293	579
293	730
299	733
302	384
302	827
303	773
304	434
304	457
304	722
305	673
307	393
307	706
310	528
310	596
310	667
312	545
312	765
312	814
313	339
313	355
313	401
313	454
313	455
313	460
313	476
313	622
313	623
313	694
313	700
313	780
313	794
315	323
315	395
315	515
315	524
315	533
315	567
315	615
315	618
315	663
315	735
315	737
315	810
315	839
316	384
316	430
316	770
316	809
317	327
317	336
317	372
317	678
317	729
321	647
323	390
323	500
323	515
323	524
323	533
323	615
323	618
323	663
323	810
323	839
325	491
325	500
325	515
325	524
325	567
325	615
325	663
325	703
325	737
325	810
325	839
327	336
327	372
327	678
327	729
327	849
329	439
329	724
331	492
331	595
331	738
334	561
336	372
336	678
336	729
339	355
339	401
339	454
339	455
339	460
339	476
339	622
339	623
339	694
339	700
339	794
345	391
345	514
345	642
345	670
345	702
345	821
347	418
347	805
350	602
353	370
353	426
353	849
354	360
354	434
354	439
354	457
354	554
354	575
354	576
354	593
354	632
354	651
354	669
354	722
354	737
354	791
354	806
354	811
354	815
355	401
355	454
355	455
355	476
355	622
355	623
355	694
355	700
355	780
355	794
356	480
360	434
360	439
360	457
360	575
360	576
360	593
360	632
360	651
360	669
360	722
360	737
360	791
360	806
360	811
361	367
361	651
361	702
361	722
361	737
361	806
361	815
361	849
362	762
363	452
363	522
365	520
367	391
367	478
367	503
367	506
367	514
367	541
367	577
367	608
367	632
367	642
367	670
367	713
367	722
367	766
367	784
367	798
367	821
368	679
368	723
368	749
369	675
370	536
372	678
372	729
373	391
373	514
373	670
373	702
375	521
375	695
377	816
377	823
379	463
381	756
381	758
381	774
384	430
384	504
384	770
384	809
385	760
386	643
390	500
390	515
390	524
390	615
390	810
390	838
390	839
391	503
391	506
391	514
391	608
391	642
391	670
391	702
391	722
391	766
391	821
392	570
392	586
393	706
393	756
393	758
393	797
394	448
395	568
395	591
395	726
395	735
399	690
401	454
401	455
401	476
401	622
401	623
401	694
401	700
401	780
401	794
402	742
403	436
404	481
404	741
413	465
413	659
418	805
422	477
422	484
422	497
422	548
422	573
422	604
422	624
422	683
422	745
423	515
423	533
423	567
423	615
426	457
426	616
430	770
433	449
433	681
433	756
433	774
433	835
434	439
434	457
434	519
434	554
434	575
434	576
434	593
434	632
434	651
434	669
434	692
434	693
434	722
434	737
434	759
434	791
434	806
434	811
434	815
437	450
437	786
438	490
439	457
439	519
439	521
439	554
439	575
439	576
439	581
439	593
439	616
439	632
439	651
439	669
439	722
439	724
439	737
439	788
439	798
439	800
439	806
442	714
443	447
445	462
448	529
449	681
449	756
449	758
449	774
449	835
450	786
452	555
454	455
454	476
454	622
454	623
454	694
454	700
454	780
454	794
455	476
455	622
455	623
455	694
455	700
455	780
455	794
457	554
457	575
457	576
457	593
457	615
457	616
457	632
457	651
457	663
457	669
457	692
457	693
457	722
457	737
457	791
457	798
457	811
457	849
458	731
460	780
460	794
462	784
463	576
463	609
463	676
463	750
464	514
464	603
465	659
474	486
474	666
474	739
474	755
474	758
474	835
476	622
476	623
476	694
476	700
476	780
476	794
477	484
477	497
477	548
477	573
477	604
477	624
477	683
478	506
478	526
478	541
478	608
478	642
478	722
478	766
478	798
481	741
482	605
482	614
482	769
484	497
484	548
484	573
484	604
484	624
484	683
485	601
485	605
485	614
486	666
486	739
486	755
486	756
486	758
486	835
488	552
488	630
491	500
491	515
491	524
491	567
491	615
491	618
491	663
491	737
491	839
492	595
492	738
497	548
497	573
497	604
497	624
497	683
497	745
498	842
500	515
500	524
500	533
500	567
500	615
500	663
500	810
500	838
500	839
503	506
503	577
503	608
503	632
503	642
503	766
503	784
504	809
506	577
506	608
506	642
506	713
506	722
506	766
506	798
506	806
506	821
509	536
509	717
512	702
512	722
514	522
514	603
514	642
514	670
514	702
515	524
515	533
515	567
515	615
515	618
515	663
515	744
515	810
515	836
515	838
515	839
519	576
519	593
519	632
519	651
519	722
519	737
519	806
519	815
521	695
522	603
524	533
524	567
524	615
524	618
524	663
524	737
524	744
524	771
524	810
524	838
524	839
526	713
526	798
528	596
528	667
533	567
533	615
533	618
533	653
533	663
533	810
533	838
533	839
536	717
536	741
536	798
537	656
541	608
541	642
541	722
541	784
545	765
545	814
546	763
548	573
548	604
548	624
548	683
552	630
554	575
554	576
554	593
554	632
554	651
554	663
554	669
554	692
554	722
554	791
554	811
554	815
564	849
565	575
565	722
567	615
567	663
567	810
567	838
567	839
568	726
568	735
570	586
570	593
570	669
570	798
570	806
573	604
573	624
573	683
573	745
575	576
575	593
575	632
575	651
575	669
575	692
575	722
575	737
575	791
575	806
575	811
576	593
576	609
576	632
576	651
576	663
576	669
576	692
576	713
576	722
576	737
576	791
576	798
576	806
576	811
576	815
577	608
577	632
577	722
577	798
577	800
577	806
578	624
578	683
581	737
583	737
586	724
586	806
591	726
591	735
593	632
593	642
593	651
593	669
593	692
593	713
593	722
593	737
593	759
593	791
593	799
593	806
593	811
593	815
595	738
596	667
597	822
600	603
601	605
601	614
604	624
604	683
604	745
605	614
605	699
605	797
608	642
608	722
608	766
608	784
608	821
610	633
610	705
610	823
611	719
615	618
615	653
615	663
615	737
615	744
615	810
615	838
615	839
616	737
616	849
618	653
618	663
618	737
618	810
618	838
618	839
621	639
621	777
621	788
622	623
622	694
622	780
622	794
623	694
623	700
623	794
624	683
626	816
632	642
632	651
632	669
632	692
632	693
632	713
632	722
632	737
632	759
632	791
632	798
632	806
632	811
632	815
633	705
639	777
641	790
642	670
642	702
642	713
642	722
642	766
642	784
642	798
642	815
642	821
646	742
651	669
651	692
651	722
651	737
651	791
651	799
651	806
651	811
651	815
651	832
653	838
653	839
663	669
663	737
663	771
663	788
663	791
663	806
663	810
663	838
663	839
666	739
666	755
666	756
666	758
666	835
669	692
669	722
669	737
669	791
669	798
669	806
670	702
670	821
673	734
673	744
676	750
678	729
679	723
679	749
681	756
681	758
681	774
681	835
683	745
686	844
692	722
692	737
692	791
692	798
692	815
694	700
694	780
694	794
699	797
700	794
702	722
702	798
702	815
702	821
705	823
706	756
706	758
706	797
713	722
713	766
713	784
713	798
713	806
717	741
719	743
719	757
722	737
722	784
722	791
722	798
722	799
722	806
722	811
722	815
722	821
723	749
726	735
737	771
737	788
737	791
737	798
737	806
737	810
737	811
737	815
737	839
739	755
739	756
739	758
739	769
739	835
755	756
755	758
755	835
756	758
756	774
756	835
758	774
758	797
758	835
765	814
766	784
766	798
766	806
770	809
771	838
774	835
780	794
784	806
791	806
798	806
798	815
798	821
798	832
799	815
806	811
810	836
810	838
810	839
811	832
815	821
818	824
838	839
353	0
370	0
536	0
8	1
293	1
579	1
812	4
32	5
37	5
103	5
185	5
186	5
198	5
271	5
439	5
457	5
621	5
639	5
669	5
777	5
806	5
590	6
293	8
579	8
696	10
718	10
586	12
591	13
52	15
71	15
80	15
172	15
222	15
315	15
323	15
325	15
390	15
491	15
500	15
515	15
524	15
533	15
567	15
615	15
618	15
663	15
737	15
744	15
784	15
810	15
838	15
839	15
56	16
731	16
369	17
675	17
776	18
34	19
107	19
178	19
233	19
316	19
384	19
430	19
770	19
134	25
672	25
176	28
279	28
807	28
32	30
101	30
103	30
179	30
192	30
220	30
257	30
264	30
265	30
354	30
434	30
453	30
457	30
575	30
576	30
593	30
651	30
692	30
722	30
737	30
292	31
456	31
45	32
52	32
76	32
101	32
103	32
179	32
185	32
192	32
198	32
220	32
264	32
265	32
354	32
360	32
434	32
439	32
457	32
575	32
576	32
593	32
632	32
651	32
663	32
669	32
692	32
722	32
737	32
791	32
806	32
811	32
815	32
107	34
178	34
233	34
302	34
316	34
384	34
430	34
504	34
770	34
809	34
498	35
842	35
186	37
216	37
621	37
639	37
737	37
777	37
788	37
814	37
146	38
350	38
377	38
626	38
816	38
192	39
361	39
554	39
103	41
198	45
271	45
367	45
593	45
608	45
642	45
713	45
766	45
784	45
798	45
806	45
815	45
59	47
150	47
174	47
175	47
219	47
285	47
313	47
339	47
355	47
401	47
454	47
455	47
460	47
476	47
622	47
623	47
694	47
700	47
780	47
794	47
117	49
817	49
463	51
76	52
99	52
179	52
185	52
192	52
220	52
264	52
265	52
311	52
315	52
439	52
457	52
524	52
538	52
554	52
575	52
586	52
593	52
616	52
632	52
651	52
663	52
669	52
673	52
692	52
722	52
737	52
744	52
788	52
791	52
798	52
597	54
822	54
334	55
561	55
458	56
731	56
79	57
258	57
286	57
482	57
485	57
614	57
708	57
755	57
769	57
150	59
174	59
175	59
285	59
313	59
339	59
355	59
401	59
454	59
455	59
460	59
476	59
622	59
623	59
694	59
700	59
780	59
794	59
170	60
368	60
679	60
723	60
749	60
191	62
379	62
463	62
138	63
347	65
805	65
222	71
325	71
500	71
521	71
524	71
618	71
663	71
695	71
810	71
839	71
79	74
258	74
485	74
601	74
605	74
614	74
101	76
103	76
179	76
185	76
192	76
220	76
264	76
265	76
271	76
283	76
354	76
360	76
434	76
439	76
457	76
519	76
554	76
575	76
576	76
593	76
632	76
651	76
663	76
669	76
692	76
693	76
722	76
737	76
759	76
791	76
799	76
815	76
109	77
317	77
327	77
336	77
372	77
678	77
729	77
258	79
485	79
601	79
605	79
614	79
172	80
222	80
315	80
323	80
390	80
423	80
491	80
500	80
515	80
524	80
533	80
567	80
615	80
618	80
653	80
663	80
744	80
810	80
838	80
839	80
138	83
345	83
391	83
512	83
514	83
670	83
702	83
821	83
718	86
225	87
243	87
797	87
516	94
259	96
329	97
598	97
686	97
523	98
220	99
305	99
311	99
673	99
737	99
103	101
138	101
179	101
185	101
192	101
220	101
257	101
264	101
271	101
354	101
434	101
439	101
457	101
554	101
576	101
593	101
632	101
642	101
651	101
692	101
722	101
737	101
759	101
791	101
798	101
806	101
811	101
815	101
179	103
185	103
192	103
210	103
220	103
257	103
264	103
265	103
271	103
354	103
360	103
361	103
392	103
434	103
439	103
457	103
478	103
554	103
575	103
576	103
593	103
632	103
651	103
669	103
692	103
713	103
722	103
737	103
759	103
766	103
791	103
806	103
811	103
815	103
141	105
386	105
643	105
178	107
316	107
384	107
770	107
809	107
443	108
447	108
317	109
327	109
336	109
372	109
678	109
729	109
849	109
276	110
229	114
260	114
399	114
690	114
129	116
474	116
486	116
666	116
739	116
755	116
756	116
758	116
835	116
696	118
145	120
375	121
521	121
217	127
474	129
486	129
666	129
739	129
755	129
758	129
672	134
198	135
279	135
367	135
503	135
608	135
642	135
766	135
821	135
718	137
264	138
345	138
367	138
391	138
514	138
642	138
670	138
702	138
815	138
821	138
166	139
171	139
190	139
422	139
477	139
484	139
497	139
548	139
573	139
604	139
624	139
683	139
745	139
286	140
686	140
769	140
844	140
386	141
643	141
350	146
602	146
626	146
816	146
555	147
434	149
632	149
174	150
175	150
285	150
313	150
339	150
355	150
401	150
454	150
455	150
476	150
622	150
623	150
694	150
700	150
780	150
794	150
216	154
312	154
545	154
765	154
814	154
267	155
392	155
609	155
437	160
450	160
555	160
786	160
408	161
171	166
190	166
422	166
477	166
484	166
497	166
548	166
573	166
604	166
624	166
683	166
745	166
368	170
679	170
723	170
749	170
190	171
422	171
477	171
484	171
497	171
548	171
573	171
604	171
624	171
683	171
745	171
181	172
222	172
315	172
323	172
390	172
423	172
491	172
500	172
515	172
524	172
533	172
567	172
615	172
618	172
653	172
663	172
744	172
810	172
838	172
839	172
175	174
285	174
313	174
339	174
355	174
401	174
454	174
455	174
476	174
622	174
623	174
694	174
700	174
780	174
794	174
285	175
313	175
339	175
355	175
401	175
454	175
455	175
476	175
622	175
623	175
694	175
700	175
780	175
794	175
807	176
325	177
703	177
233	178
316	178
384	178
430	178
770	178
185	179
192	179
220	179
257	179
264	179
271	179
354	179
434	179
439	179
457	179
554	179
575	179
576	179
593	179
632	179
651	179
692	179
722	179
737	179
759	179
798	179
811	179
815	179
323	181
390	181
615	181
192	185
264	185
271	185
283	185
354	185
360	185
361	185
434	185
439	185
457	185
519	185
554	185
575	185
576	185
593	185
632	185
651	185
669	185
722	185
737	185
798	185
811	185
815	185
621	186
639	186
777	186
422	190
477	190
484	190
497	190
573	190
604	190
683	190
745	190
379	191
463	191
198	192
220	192
257	192
264	192
265	192
271	192
354	192
360	192
434	192
439	192
457	192
519	192
556	192
565	192
575	192
576	192
593	192
632	192
651	192
669	192
692	192
722	192
737	192
791	192
806	192
811	192
815	192
331	193
492	193
595	193
738	193
369	195
675	195
264	198
271	198
279	198
367	198
462	198
503	198
506	198
521	198
541	198
577	198
593	198
608	198
632	198
642	198
722	198
766	198
784	198
798	198
806	198
811	198
821	198
377	205
823	205
363	206
452	206
603	206
264	210
361	210
815	210
832	210
444	214
312	216
531	216
545	216
621	216
639	216
765	216
814	216
285	219
794	219
257	220
264	220
271	220
354	220
360	220
434	220
439	220
457	220
519	220
554	220
575	220
576	220
593	220
632	220
651	220
669	220
692	220
722	220
737	220
759	220
791	220
806	220
815	220
398	221
315	222
323	222
325	222
390	222
491	222
500	222
515	222
524	222
533	222
567	222
615	222
618	222
663	222
737	222
810	222
838	222
839	222
243	225
797	225
421	226
606	226
690	229
325	231
519	232
384	233
430	233
350	234
501	235
701	236
268	239
282	239
329	239
724	239
797	243
406	245
605	250
699	250
292	253
464	253
522	253
540	255
265	257
434	257
466	257
576	257
632	257
722	257
286	258
482	258
485	258
601	258
605	258
614	258
769	258
399	260
690	260
416	263
265	264
271	264
304	264
354	264
360	264
361	264
367	264
434	264
439	264
457	264
519	264
575	264
576	264
593	264
632	264
642	264
651	264
663	264
722	264
737	264
811	264
815	264
821	264
271	265
360	265
434	265
457	265
555	265
575	265
593	265
632	265
651	265
722	265
815	265
609	267
329	268
439	268
521	268
724	268
496	269
307	270
393	270
706	270
756	270
758	270
797	270
279	271
354	271
360	271
434	271
439	271
457	271
506	271
570	271
575	271
576	271
586	271
593	271
632	271
651	271
663	271
669	271
692	271
713	271
722	271
737	271
806	271
811	271
815	271
287	274
684	274
367	279
391	279
478	279
503	279
506	279
541	279
608	279
642	279
722	279
766	279
784	279
798	279
821	279
328	282
384	282
439	282
504	282
618	282
663	282
737	282
771	282
798	282
354	283
434	283
457	283
575	283
593	283
632	283
669	283
313	285
339	285
355	285
401	285
454	285
455	285
460	285
476	285
622	285
623	285
694	285
700	285
780	285
794	285
482	286
769	286
684	287
325	290
515	290
524	290
402	292
464	292
522	292
742	292
579	293
730	293
733	299
384	302
827	302
773	303
434	304
457	304
722	304
673	305
393	307
706	307
528	310
596	310
667	310
545	312
765	312
814	312
339	313
355	313
401	313
454	313
455	313
460	313
476	313
622	313
623	313
694	313
700	313
780	313
794	313
323	315
395	315
515	315
524	315
533	315
567	315
615	315
618	315
663	315
735	315
737	315
810	315
839	315
384	316
430	316
770	316
809	316
327	317
336	317
372	317
678	317
729	317
647	321
390	323
500	323
515	323
524	323
533	323
615	323
618	323
663	323
810	323
839	323
491	325
500	325
515	325
524	325
567	325
615	325
663	325
703	325
737	325
810	325
839	325
336	327
372	327
678	327
729	327
849	327
439	329
724	329
492	331
595	331
738	331
561	334
372	336
678	336
729	336
355	339
401	339
454	339
455	339
460	339
476	339
622	339
623	339
694	339
700	339
794	339
391	345
514	345
642	345
670	345
702	345
821	345
418	347
805	347
602	350
370	353
426	353
849	353
360	354
434	354
439	354
457	354
554	354
575	354
576	354
593	354
632	354
651	354
669	354
722	354
737	354
791	354
806	354
811	354
815	354
401	355
454	355
455	355
476	355
622	355
623	355
694	355
700	355
780	355
794	355
480	356
434	360
439	360
457	360
575	360
576	360
593	360
632	360
651	360
669	360
722	360
737	360
791	360
806	360
811	360
367	361
651	361
702	361
722	361
737	361
806	361
815	361
849	361
762	362
452	363
522	363
520	365
391	367
478	367
503	367
506	367
514	367
541	367
577	367
608	367
632	367
642	367
670	367
713	367
722	367
766	367
784	367
798	367
821	367
679	368
723	368
749	368
675	369
536	370
678	372
729	372
391	373
514	373
670	373
702	373
521	375
695	375
816	377
823	377
463	379
756	381
758	381
774	381
430	384
504	384
770	384
809	384
760	385
643	386
500	390
515	390
524	390
615	390
810	390
838	390
839	390
503	391
506	391
514	391
608	391
642	391
670	391
702	391
722	391
766	391
821	391
570	392
586	392
706	393
756	393
758	393
797	393
448	394
568	395
591	395
726	395
735	395
690	399
454	401
455	401
476	401
622	401
623	401
694	401
700	401
780	401
794	401
742	402
436	403
481	404
741	404
465	413
659	413
805	418
477	422
484	422
497	422
548	422
573	422
604	422
624	422
683	422
745	422
515	423
533	423
567	423
615	423
457	426
616	426
770	430
449	433
681	433
756	433
774	433
835	433
439	434
457	434
519	434
554	434
575	434
576	434
593	434
632	434
651	434
669	434
692	434
693	434
722	434
737	434
759	434
791	434
806	434
811	434
815	434
450	437
786	437
490	438
457	439
519	439
521	439
554	439
575	439
576	439
581	439
593	439
616	439
632	439
651	439
669	439
722	439
724	439
737	439
788	439
798	439
800	439
806	439
714	442
447	443
462	445
529	448
681	449
756	449
758	449
774	449
835	449
786	450
555	452
455	454
476	454
622	454
623	454
694	454
700	454
780	454
794	454
476	455
622	455
623	455
694	455
700	455
780	455
794	455
554	457
575	457
576	457
593	457
615	457
616	457
632	457
651	457
663	457
669	457
692	457
693	457
722	457
737	457
791	457
798	457
811	457
849	457
731	458
780	460
794	460
784	462
576	463
609	463
676	463
750	463
514	464
603	464
659	465
486	474
666	474
739	474
755	474
758	474
835	474
622	476
623	476
694	476
700	476
780	476
794	476
484	477
497	477
548	477
573	477
604	477
624	477
683	477
506	478
526	478
541	478
608	478
642	478
722	478
766	478
798	478
741	481
605	482
614	482
769	482
497	484
548	484
573	484
604	484
624	484
683	484
601	485
605	485
614	485
666	486
739	486
755	486
756	486
758	486
835	486
552	488
630	488
500	491
515	491
524	491
567	491
615	491
618	491
663	491
737	491
839	491
595	492
738	492
548	497
573	497
604	497
624	497
683	497
745	497
842	498
515	500
524	500
533	500
567	500
615	500
663	500
810	500
838	500
839	500
506	503
577	503
608	503
632	503
642	503
766	503
784	503
809	504
577	506
608	506
642	506
713	506
722	506
766	506
798	506
806	506
821	506
536	509
717	509
702	512
722	512
522	514
603	514
642	514
670	514
702	514
524	515
533	515
567	515
615	515
618	515
663	515
744	515
810	515
836	515
838	515
839	515
576	519
593	519
632	519
651	519
722	519
737	519
806	519
815	519
695	521
603	522
533	524
567	524
615	524
618	524
663	524
737	524
744	524
771	524
810	524
838	524
839	524
713	526
798	526
596	528
667	528
567	533
615	533
618	533
653	533
663	533
810	533
838	533
839	533
717	536
741	536
798	536
656	537
608	541
642	541
722	541
784	541
765	545
814	545
763	546
573	548
604	548
624	548
683	548
630	552
575	554
576	554
593	554
632	554
651	554
663	554
669	554
692	554
722	554
791	554
811	554
815	554
849	564
575	565
722	565
615	567
663	567
810	567
838	567
839	567
726	568
735	568
586	570
593	570
669	570
798	570
806	570
604	573
624	573
683	573
745	573
576	575
593	575
632	575
651	575
669	575
692	575
722	575
737	575
791	575
806	575
811	575
593	576
609	576
632	576
651	576
663	576
669	576
692	576
713	576
722	576
737	576
791	576
798	576
806	576
811	576
815	576
608	577
632	577
722	577
798	577
800	577
806	577
624	578
683	578
737	581
737	583
724	586
806	586
726	591
735	591
632	593
642	593
651	593
669	593
692	593
713	593
722	593
737	593
759	593
791	593
799	593
806	593
811	593
815	593
738	595
667	596
822	597
603	600
605	601
614	601
624	604
683	604
745	604
614	605
699	605
797	605
642	608
722	608
766	608
784	608
821	608
633	610
705	610
823	610
719	611
618	615
653	615
663	615
737	615
744	615
810	615
838	615
839	615
737	616
849	616
653	618
663	618
737	618
810	618
838	618
839	618
639	621
777	621
788	621
623	622
694	622
780	622
794	622
694	623
700	623
794	623
683	624
816	626
642	632
651	632
669	632
692	632
693	632
713	632
722	632
737	632
759	632
791	632
798	632
806	632
811	632
815	632
705	633
777	639
790	641
670	642
702	642
713	642
722	642
766	642
784	642
798	642
815	642
821	642
742	646
669	651
692	651
722	651
737	651
791	651
799	651
806	651
811	651
815	651
832	651
838	653
839	653
669	663
737	663
771	663
788	663
791	663
806	663
810	663
838	663
839	663
739	666
755	666
756	666
758	666
835	666
692	669
722	669
737	669
791	669
798	669
806	669
702	670
821	670
734	673
744	673
750	676
729	678
723	679
749	679
756	681
758	681
774	681
835	681
745	683
844	686
722	692
737	692
791	692
798	692
815	692
700	694
780	694
794	694
797	699
794	700
722	702
798	702
815	702
821	702
823	705
756	706
758	706
797	706
722	713
766	713
784	713
798	713
806	713
741	717
743	719
757	719
737	722
784	722
791	722
798	722
799	722
806	722
811	722
815	722
821	722
749	723
735	726
771	737
788	737
791	737
798	737
806	737
810	737
811	737
815	737
839	737
755	739
756	739
758	739
769	739
835	739
756	755
758	755
835	755
758	756
774	756
835	756
774	758
797	758
835	758
814	765
784	766
798	766
806	766
809	770
838	771
835	774
794	780
806	784
806	791
806	798
815	798
821	798
832	798
815	799
811	806
836	810
838	810
839	810
832	811
821	815
824	818
839	838
