3844	730
3844	3154
3844	3734
3844	3296
3699	1769
3699	3049
137	937
137	2070
2649	3230
2655	4074
3399	3916
3399	1559
2526	2030
2526	643
2526	1269
4209	2641
4209	4207
4209	3230
4209	4161
526	561
526	2490
526	991
526	3674
526	3427
526	2183
526	4302
526	86
526	3779
526	522
526	2100
526	2243
526	1943
3863	2489
91	2493
91	3389
3115	3737
3115	4034
3115	276
3115	1347
3115	3389
3115	3918
3115	3080
2994	2511
2994	206
2994	4651
2994	3780
1075	4045
1075	2071
1075	672
1075	396
1075	4512
1075	1150
1075	4518
1075	4012
1075	865
1075	1325
1075	4023
1075	1032
1075	227
1075	374
1075	1878
1075	326
1075	1547
1075	3520
1075	2017
3434	206
4132	4612
4132	1158
4132	181
4132	473
4132	4571
4132	1559
4132	4596
4132	3520
4132	3296
4132	931
1638	102
1638	2493
1638	4253
1701	206
3974	1432
3974	49
3974	4212
3974	3687
3974	334
3974	1466
3974	4012
3974	4382
3974	4070
3974	853
3974	859
3974	569
3974	3308
1655	620
1655	1314
1655	2988
1655	3780
898	2511
898	4347
898	3296
898	110
3555	4003
1215	368
1215	189
1215	1380
1215	3412
793	145
793	2023
793	3389
1131	1269
1131	4079
1412	4087
4045	3920
2958	1530
2958	3827
2958	3389
2958	2047
679	4185
679	2366
679	102
679	3734
679	3998
4053	4160
4053	2021
4307	1951
4307	3230
3704	2489
3704	3308
3628	4381
3628	488
3628	4379
3628	2533
3628	295
3628	1082
4080	3690
3757	1775
1478	2978
1478	3909
4008	1481
4008	1480
337	2913
337	250
337	1800
337	4231
337	1033
294	1789
294	813
294	1888
1581	2646
354	3875
354	2511
546	3721
546	2973
546	2952
546	2584
546	2071
546	1441
3721	2973
3721	2584
3721	2071
3721	1441
3721	2047
2973	2952
2973	2584
2973	2071
2973	1441
2973	4011
2973	1692
2952	2584
2952	2071
2952	3312
2952	3724
404	4472
404	1540
404	962
2860	2511
4433	2397
2671	1618
2671	3992
2671	230
2671	3577
2671	3734
95	1150
3264	3230
4675	3670
4675	1414
4675	488
4675	982
4675	4464
4675	4643
3172	2575
3172	3880
3172	356
3172	561
3172	2490
3172	2511
3172	4297
2575	3880
2575	356
2575	561
2575	2490
2575	2667
2575	3427
3880	356
3880	561
3880	2490
3880	2030
3880	3214
356	561
356	2490
356	2667
356	3427
356	3578
356	3299
356	3236
356	3621
3866	544
3866	2533
3866	295
649	739
649	1692
3952	296
3952	3734
3377	862
3377	885
862	553
4016	2458
1018	529
4360	1786
4360	1602
4360	2767
4360	4595
4360	2728
1022	759
1022	4314
824	7
824	3477
824	2003
824	2458
824	1282
824	4500
2042	3564
2042	2511
2042	4454
2042	1286
2042	2445
561	2490
561	194
561	3799
561	2489
561	330
561	3214
561	335
561	3655
561	2208
561	4429
561	2667
561	3427
561	755
561	2835
561	2164
561	1033
561	874
561	1954
561	3734
2490	3427
2490	3896
2490	4595
2335	1385
2335	4212
2335	1640
2335	172
2335	897
2335	896
2335	540
2335	842
2335	2017
4679	3592
4680	1797
4680	1167
4680	1613
4680	760
4680	7
4680	4590
4680	295
4680	3003
619	2030
619	1977
619	1809
619	4561
619	3283
619	2385
619	4005
619	1477
619	2615
619	3635
619	2237
619	1049
619	1062
619	2083
619	2819
619	3995
619	4029
3431	1772
3431	62
3431	458
3431	4070
3431	4297
3431	1347
3431	4121
3431	2334
3431	4400
3431	1888
4072	296
2712	296
607	3154
607	3272
607	3456
972	3154
972	3296
972	1535
4309	1559
4669	1600
4669	1750
4669	1863
3208	1600
3208	3396
3208	3500
3208	749
3208	1750
3208	3365
3208	1745
3208	3767
3208	246
3208	1640
3208	843
3208	1309
3208	2254
3208	4207
3208	865
3208	4454
3208	3650
3208	1025
3208	2301
3208	1749
3208	2318
3208	4154
3208	2363
3208	30
3208	4651
3208	3660
3208	2098
3208	2299
3208	1559
3208	3296
3208	962
3208	3279
3208	388
3208	2459
3208	2957
3208	3436
3208	4443
1432	3778
1432	3900
1432	1607
1432	1338
1432	161
1432	1445
1432	2020
1432	3046
1432	3292
629	296
629	4454
629	1445
629	2299
3778	2458
3855	140
3855	2030
3855	4156
3830	157
3830	2536
3830	672
4532	157
4532	2536
4532	2511
542	157
542	2536
3306	157
3306	4548
3306	2536
3306	2578
157	4548
157	2536
157	194
157	4381
157	950
157	2578
157	683
157	1
4548	2536
4548	4595
2536	194
2536	4381
2536	950
2536	2578
2536	683
2536	1
2536	3236
2536	3828
194	1640
194	1347
194	2493
194	2098
194	3389
194	3975
4381	1286
4381	3556
950	2578
2567	1414
2567	2420
2567	199
2567	507
140	2111
140	4107
140	2944
3396	2189
3396	3627
3670	1224
3670	2420
3670	488
3670	4379
3670	3283
3670	1897
3670	2363
3670	2121
3670	2687
3670	1045
3670	2533
3670	551
3670	295
3670	1502
3670	313
2219	1193
2219	296
766	295
2106	206
2287	847
2287	1229
2287	4011
2287	81
2287	2667
2287	3427
2287	1044
2287	1689
2287	3145
2287	642
2287	2243
2136	2454
2136	1314
2136	3154
2136	2208
2136	3734
2136	4595
2136	2395
2136	4474
2136	2047
2136	3663
3195	2110
3195	1045
3195	3780
1332	3638
1332	3742
1332	4596
1332	3975
2111	4665
2111	2895
2111	873
2111	66
2111	804
2295	4304
2479	3345
2479	3589
2479	1555
2479	3775
2479	3296
4182	2767
4182	3236
4182	2974
951	553
951	1772
951	458
951	1309
951	504
1885	569
1214	1453
1214	3308
3900	2955
3900	1194
2509	553
2509	1049
2315	3742
2315	3734
2315	3318
2315	3296
2315	3175
2315	3230
2315	3662
2460	3101
156	719
3799	3129
3799	296
3799	3053
3799	430
3799	2667
3799	3427
3799	4127
3799	4651
3799	3328
3770	1314
3770	130
145	3053
145	3650
145	1901
145	1335
145	3328
3623	296
3623	2211
3623	4040
596	3707
596	947
596	3962
596	4179
596	1369
596	4595
2887	390
2887	2035
2887	4427
2887	2580
4384	2366
4384	3222
3967	3677
3967	3638
3967	2803
1386	2938
1386	488
1386	1504
1769	4207
4046	691
498	3147
508	3500
508	2070
422	2512
422	296
422	4618
422	2511
422	2098
422	4595
2512	296
492	1191
492	35
492	2035
3129	296
3129	3477
3129	3166
4254	4056
4254	625
4254	4066
4254	4571
4254	1847
4254	4064
4254	1901
4254	1535
4254	3279
4254	2633
4254	2957
4254	3908
3159	1901
3159	2633
1684	413
3549	4429
1336	2030
2030	2569
2030	4404
2030	1436
2030	1629
2030	3251
2030	1229
2030	2510
2030	1475
2030	843
2030	1380
2030	2767
2030	1639
2030	2667
2030	3427
2030	4454
2030	3650
2030	2363
2030	4240
2030	647
2030	3312
2030	1135
2030	4599
2030	320
2030	1486
2030	1606
2030	1832
2030	2955
2030	86
2030	2383
2030	4365
2030	1050
2030	551
2030	2232
2030	656
2030	677
2030	762
2030	1373
2030	1927
2030	2045
2030	2339
2030	2384
2030	2960
2030	3662
2030	4073
2030	4164
2030	4510
3805	296
2537	2064
4238	4015
4238	1225
4238	2779
3814	672
3814	529
3814	1729
3814	1259
3814	2140
3814	4584
3814	3895
3814	1071
3814	4595
1193	191
1193	3539
1193	2420
1193	7
1193	488
1193	1400
1193	4010
1193	4379
1193	3283
1193	2363
1193	2121
1193	2687
1193	2533
1193	4499
1193	66
1193	295
1193	507
1193	1502
1193	1925
1193	2045
1193	3150
1193	4157
2569	2137
2569	960
2569	1262
2569	2243
2137	672
2137	409
2137	329
2137	318
2137	306
2137	122
4404	3154
4404	1764
4404	3519
4404	3734
4404	3296
4404	1373
3280	3374
3280	1605
3280	2511
3280	3734
3280	3626
2485	3466
2485	969
2485	2254
2485	2638
2485	4437
4485	457
4485	2471
1797	982
1797	580
1797	3998
1344	2078
2221	1551
2221	1607
2221	2355
2221	2495
2221	838
2221	3832
2221	786
2221	2955
2221	2833
2221	326
2221	4205
2221	122
2282	1551
2282	1607
2282	838
2282	786
2282	1349
2282	2833
2282	326
2282	4205
2282	122
2489	1551
2489	1607
2489	838
2489	3832
2489	2833
2489	326
2360	3368
2500	2023
2500	4336
2500	427
2500	1952
2500	1044
2500	893
2500	1500
2500	1957
2500	4094
2500	3328
2023	4505
2023	1967
2023	1981
2023	960
2023	1647
2023	427
2023	1511
2023	271
2023	3432
2023	2223
2023	1980
2023	2609
63	1729
63	3296
63	685
2584	2071
2584	1441
1551	296
1551	4618
1551	2644
1551	1528
1551	2294
1551	4429
1551	814
4085	4595
2071	1441
2071	4618
2071	388
3120	2277
3120	4504
3120	3668
3120	3444
3120	3882
3120	271
3120	138
3120	348
3120	2838
1441	2867
1441	2511
296	3345
296	193
296	4618
296	663
296	37
296	4554
296	4056
296	2264
296	4612
296	1729
296	4469
296	4659
296	1436
296	246
296	2389
296	1229
296	2211
296	3643
296	29
296	430
296	4167
296	2510
296	1428
296	509
296	278
296	2195
296	822
296	2511
296	2064
296	1849
296	4439
296	1625
296	22
296	2902
296	243
296	1598
296	2667
296	733
296	57
296	3297
296	2034
296	1250
296	2150
296	814
296	2598
296	3984
296	1112
296	3439
296	2484
296	2812
296	1021
296	4546
296	1952
296	4040
296	1030
296	2016
296	2826
296	2934
296	899
296	4179
296	2940
296	1912
296	3274
296	1537
296	2879
296	3825
296	842
296	3013
296	3349
296	1806
296	1837
296	3210
296	2134
296	2576
296	752
296	4093
296	26
296	558
296	1236
296	1335
296	1450
296	1681
296	2337
296	2480
296	2800
296	3018
296	3095
296	3196
296	3637
296	3939
296	3963
296	4079
296	3268
296	3848
296	1877
296	939
4015	3858
4015	2277
4015	620
4015	2726
4015	1010
4015	3529
4015	1640
4015	577
4015	606
4015	3101
4015	3793
4015	3173
4015	1921
4015	3389
4015	2444
4015	3296
4015	1500
4015	1277
4015	83
4015	558
4015	825
4015	3663
771	4011
771	3773
771	2226
672	529
672	1259
672	4584
672	1559
672	1325
672	1071
672	4354
672	3611
857	2463
857	4504
857	4047
529	4011
529	1259
529	2140
529	4584
529	3895
529	4500
529	1071
529	4354
529	3611
529	1878
529	3349
529	1547
529	4116
3053	2389
3053	1981
3053	960
3053	3962
3053	648
3053	3997
3053	1901
3091	330
330	2228
1607	4289
1607	2549
1607	3427
1607	647
1607	687
1607	3175
1607	162
1607	3708
1607	1957
1607	1023
1607	3547
1607	3328
3345	2129
3345	3154
3345	541
3345	1369
3345	41
3345	3734
3345	3662
3204	4020
3204	323
3204	1646
3204	4595
553	668
553	3140
553	1724
553	755
553	2596
553	3679
553	4047
553	2226
553	500
553	1164
553	3891
553	4035
3500	2964
3500	1881
3500	3559
3500	3859
3500	30
3500	2070
3500	2701
3500	1050
3466	4336
3466	1800
1618	2024
1618	2182
1618	4400
1618	302
1618	971
1618	2067
1340	4074
1340	4269
1340	366
1340	2745
392	2366
392	814
392	1347
392	1269
392	2299
918	250
1224	191
1224	3502
1224	4379
1224	982
1224	3456
1224	4533
1224	3105
1224	949
1224	958
1224	1925
1224	2239
3737	2003
182	130
182	2533
4289	1207
4505	3859
1191	3962
1191	3236
1191	41
1191	3436
749	1640
749	3101
3849	3230
4074	4020
4074	1010
4074	2211
4074	1530
4074	692
4074	3916
2978	2458
2978	3444
4618	3695
4618	2779
4618	1294
4618	2226
4618	1959
2964	430
2964	318
2964	30
2964	2070
2964	1379
2964	2701
2964	1050
2964	388
37	2389
37	4231
37	3641
3217	3236
3217	2104
3217	1871
3217	3627
3217	4273
48	4208
3762	4306
3762	2597
2866	3214
2866	2277
2866	1610
2866	2510
2866	1644
2866	1844
2866	2919
2866	3236
2866	3389
2866	3296
2866	1599
1630	1750
1630	2895
1750	3365
1750	1417
1750	1749
1750	4154
1750	2895
1750	4292
1750	962
1750	1397
1463	1749
1463	3236
3301	3796
3885	3337
3885	3046
3885	3175
119	3389
119	3227
119	4571
119	3296
3912	3337
3912	2834
3847	3690
1414	512
1414	4101
1414	488
1414	3575
1414	3283
1414	1810
1414	2901
1414	2121
1414	3057
1414	295
1414	958
1414	2316
1414	4083
2740	2872
4453	1253
3342	4116
2831	2511
1605	592
592	969
2707	881
847	620
847	2510
847	1609
847	2195
847	4269
847	1375
847	2245
847	2646
847	4500
847	3389
847	1269
847	247
847	487
847	3780
847	3296
847	2823
1977	2511
1977	3175
1977	2585
2463	2846
2463	4504
2463	3843
3873	2504
3873	1559
3873	2305
3873	3732
3690	1613
3690	7
3690	295
4107	323
1809	3662
3214	692
3214	41
3214	283
4050	1681
3858	4012
3858	3635
3858	152
3858	1559
3858	374
2603	4336
191	1167
191	2420
191	7
191	488
191	3575
191	3502
191	4379
191	3283
191	1897
191	775
191	2890
191	1951
191	2121
191	2687
191	2533
191	551
191	17
191	295
191	958
191	1502
191	3624
3365	3895
3365	711
3769	3931
3769	936
3769	1731
3769	1814
3769	4087
3769	3734
3769	2268
523	1781
523	1981
523	960
523	4240
523	1597
523	1369
523	3930
523	2751
523	3328
3380	189
3380	3170
3380	3577
3380	1253
3380	3175
3380	1262
3380	4009
4554	1724
4336	442
4336	250
4336	969
4336	1800
3181	250
3199	3758
3199	551
4020	2549
4020	2511
4020	2182
4020	4605
4020	2680
4020	1646
4020	1939
1014	2271
1725	3734
3539	4379
3539	413
3539	2890
3539	1526
3539	4062
3539	66
3539	1925
2639	1674
1976	2585
1167	982
1167	413
1167	580
1167	1951
1167	2901
512	982
512	1218
1881	30
1881	2070
1881	1690
417	1262
2474	3101
2474	2016
4056	3086
4056	4595
1061	1380
1061	1812
2277	1729
2277	280
2277	282
2277	1844
2277	3668
2277	2292
2277	3389
1781	1640
1781	2164
1781	3389
1781	3227
1781	3734
1781	3296
1781	2047
4078	3965
744	1745
744	1496
744	881
3300	4229
2263	2409
3829	4064
1745	4565
1745	3577
1745	292
1745	2223
1745	1524
1745	2321
2904	2511
4612	1532
1729	3895
1729	1033
1729	4354
1729	685
1729	2614
563	3677
563	3638
563	2803
4410	102
2762	3055
2762	2003
2762	890
2054	2343
4024	668
4024	1154
4024	2366
4024	102
4024	3222
4024	1295
4024	2458
4024	1598
4469	3101
4469	1349
12	3843
329	3101
2149	3175
3522	1981
3522	960
3522	4009
668	1154
668	2366
668	102
668	1598
668	3895
668	859
668	1269
668	3175
2629	550
1938	786
1938	4537
1938	2161
4358	92
4358	3734
4358	3296
4528	3046
4528	1925
3931	3106
3931	2002
3931	2808
3931	4017
3931	936
3931	1731
3931	1814
3931	4087
3931	3734
2244	2070
1197	2646
1197	4651
2228	3101
4034	897
4034	1530
4034	3677
4034	3638
4034	1546
4034	2803
4034	879
4034	1573
2734	4121
1967	927
932	1455
779	3057
2343	3734
4659	396
4659	81
4659	3793
396	3560
396	2511
396	3793
4667	719
4667	962
4667	4244
938	2938
938	413
938	4590
938	4432
24	4431
3789	1382
3789	3225
3789	1572
4545	3529
4545	2458
4545	1366
4545	1397
620	849
620	4530
620	190
620	3424
620	1349
620	4437
620	3056
620	4278
620	2047
620	769
620	1391
335	4011
2784	683
2784	2064
2784	1369
2784	3432
2784	1216
4550	1385
4550	4212
4550	650
4550	3843
4550	3916
4550	3734
4550	2017
1158	1385
2504	1382
2504	3595
2504	4293
2504	1363
2504	3989
2726	3708
2044	3817
2044	3230
80	3734
80	1258
80	4373
49	1610
49	3477
49	3577
2423	86
225	4011
4101	2469
4101	1897
4101	1951
3228	549
223	2511
1436	2129
1436	541
1436	3403
1629	2511
1230	969
1154	1229
1154	102
1154	2458
1154	133
1154	130
1154	2937
1154	3734
1154	3296
1154	4244
121	3951
121	4437
121	3779
121	3975
4	3296
3499	2374
3840	2226
3767	4357
3767	4323
3767	2511
3767	3692
3767	4326
3767	550
3767	1723
3767	2803
3767	4332
3767	1266
3767	1023
4357	2478
4142	2493
4142	3816
2420	488
2420	3502
2420	4379
2420	982
2420	2148
2420	1504
2420	2121
2420	2687
2420	2533
2420	949
2420	1868
2420	551
2420	295
2420	958
2420	3624
1818	3581
1818	2089
1818	3650
1818	2541
3581	2089
3581	3137
1123	1269
1127	2511
1127	1794
1127	3615
1613	56
1613	7
1613	488
1613	3502
1613	3283
1613	2363
1613	4665
1613	692
1613	3179
1613	2121
1613	2687
1613	2533
1613	949
1613	218
1613	551
1613	295
1613	1502
2935	1405
2935	295
2935	4009
1405	488
1405	2687
1405	295
1405	313
1405	4536
2938	1400
2938	3283
2938	2543
2938	1025
2938	2120
2938	2428
2938	160
2938	2276
2938	295
2938	4083
760	313
3655	2064
3655	4454
3655	86
3655	1369
3655	881
1864	3881
2078	3687
2078	4012
2078	1496
2078	1169
2078	2179
368	2057
368	3692
368	458
368	4070
368	658
368	550
368	504
368	3921
368	4332
368	3011
368	1719
368	2833
368	3780
368	83
1772	3692
1772	458
1772	504
1772	2203
669	4117
1385	4212
1385	2017
1385	3675
4345	206
4345	4651
4345	4343
4345	3780
1798	1889
1798	794
1798	3826
2397	206
2397	3780
1469	3502
3251	4614
3251	3105
3251	3389
3251	426
2092	2271
2092	3456
2092	3236
2092	3654
3343	3298
3343	3149
3343	504
56	7
56	2511
7	3149
7	4379
7	3560
7	580
7	2363
7	1951
7	313
4561	4643
3298	488
3298	3283
3298	2121
3298	2687
3298	4499
3298	295
3298	313
4212	2017
4212	3675
4212	3250
4212	931
4212	2759
4212	2011
1007	569
1007	933
1010	896
1010	3566
1010	577
1010	504
1010	2803
1010	1023
2454	2846
2454	1863
2454	1952
2454	4595
2454	1806
2454	1957
3055	1786
3055	4269
3055	3692
3055	2803
3055	4332
3055	2582
3055	2879
3055	2576
3055	26
3055	1266
3055	3278
2116	3312
3112	4005
4052	2511
4052	3465
246	2070
246	2999
246	1637
246	855
246	4572
246	3317
3529	4011
3529	4005
3529	2048
3529	3296
572	1559
3687	2613
3687	2685
3687	1652
3687	3477
3687	2909
3687	2785
3687	3173
3687	302
3687	768
2389	102
2389	1033
2389	3734
2389	1155
2613	4012
2613	4121
3178	3154
3178	3734
3178	3296
3551	1806
3551	519
1247	4010
488	3502
488	4010
488	3934
488	4379
488	982
488	1810
488	2014
488	2435
488	1889
488	413
488	580
488	2872
488	1080
488	2363
488	2890
488	4066
488	4533
488	949
488	218
488	3930
488	1868
488	4643
488	551
488	2436
488	958
488	1925
488	2045
488	2239
488	313
484	2276
484	1502
3589	3638
3589	1264
3589	2395
3589	3046
3589	110
1400	334
1400	4379
1400	3945
1400	3337
1400	2363
1400	1868
1400	4643
1400	1925
1400	2045
1400	313
4606	863
4606	897
1961	4595
1961	3296
1229	430
1229	2528
2163	2511
2163	2361
2163	3105
1140	1559
2211	1815
2211	896
2211	582
2211	550
2211	935
2211	3800
2211	3916
2211	2444
2211	3448
3643	81
3643	3916
3149	334
3149	775
3149	4651
3149	4393
3149	859
2213	507
812	2946
812	4437
812	1559
812	3296
812	751
3695	1315
3695	863
3695	4269
3695	758
3695	2227
3695	3389
3695	962
3695	2737
3695	990
3695	3584
3232	1314
3232	3638
3232	2150
3232	2289
3232	3236
3232	2803
3232	1236
2861	478
2861	295
2741	478
2867	571
429	3734
429	4595
429	3009
1016	1579
1972	2511
3507	2121
334	4010
334	1220
4525	4651
4525	3561
35	846
35	1952
35	1860
29	430
181	1965
430	4539
430	1889
430	3817
430	1326
430	1708
430	2252
430	2648
430	2761
430	3637
92	1598
92	3633
92	1264
92	3166
92	807
92	667
92	1507
1786	661
4631	1269
3693	3236
1815	1863
1654	3734
1654	1688
311	838
2941	982
2941	2271
4167	200
4167	1314
4167	3951
179	4025
3949	4512
3949	4012
3949	321
3949	986
3949	1481
3949	152
3949	3773
3949	1739
3949	374
3949	520
180	1269
740	4011
4512	1325
4512	1739
4512	374
4512	4354
4512	4595
4512	1547
1225	1094
2774	982
2774	295
2774	1502
2010	577
2010	2458
2010	230
2010	3596
2010	1556
2010	550
2010	3638
2010	3793
2010	4332
2010	1500
2010	2576
2010	83
3576	3227
3502	4379
3502	982
3502	3283
3502	2363
3502	2901
3502	2121
3502	1169
3502	2687
3502	2533
3502	4499
3502	4643
3502	551
3502	295
3502	1612
3502	2045
3502	3624
3502	2844
3502	3150
4010	3283
4010	2301
4010	3635
4010	3548
4010	4533
4010	295
4010	313
3934	66
3934	2844
1382	1468
3639	4297
3639	4595
1223	4224
1223	102
1223	3827
1223	4017
1223	3432
1223	2444
1223	3296
4224	3796
4224	2909
4224	2444
4224	3230
1610	1422
1610	2024
1610	4011
1610	3692
1610	3837
1610	282
1610	4382
1610	2308
1610	1347
1610	1286
1610	691
1422	1347
1422	1282
1422	859
937	3477
937	4504
937	1728
937	206
937	2701
1150	4352
1150	865
1150	1325
1150	4354
1150	1878
1150	326
1150	1547
1150	3520
719	4614
719	661
719	2383
719	4275
719	1194
719	1584
719	1612
719	1795
4125	206
1176	4676
1176	2384
4308	2366
710	3130
710	4567
52	3734
1315	1366
1315	3166
1315	1397
1315	1621
1315	2753
1315	3080
2469	66
2024	2182
1981	960
1981	2633
1981	3547
1981	3328
960	1825
960	2633
960	3547
960	3328
442	3442
442	991
442	919
442	685
442	2122
442	122
3442	4437
3442	122
3707	1726
3707	3038
3707	885
2210	3145
200	1246
200	1314
200	807
1246	1314
1246	3259
846	2511
3249	1094
1151	4595
1314	3580
1314	1428
1314	2064
1314	2302
1314	2612
1314	1546
1314	2746
1314	39
1314	4276
1314	2719
1314	86
1314	3978
1314	2444
1314	2580
1314	4168
1314	1418
1314	2018
1314	4203
1314	4609
3580	4347
3580	3259
3580	1066
1292	3734
1292	1902
2374	1428
1235	1601
1235	1094
1235	3734
1304	2057
1304	2294
676	3432
676	4595
1378	3734
1378	594
2410	4454
1219	4305
1219	1555
1219	1647
1219	3619
4305	1555
1555	687
1833	1080
1833	1082
4379	982
4379	3283
4379	1522
4379	3775
4379	2319
4379	2363
4379	661
4379	304
4379	2901
4379	2121
4379	2687
4379	2533
4379	949
4379	1868
4379	69
4379	295
4379	1411
4379	1502
4379	1925
4379	3150
4379	3915
4379	313
982	3283
982	1897
982	3566
982	1889
982	1080
982	2363
982	2890
982	1951
982	1504
982	4533
982	1269
982	4259
982	2121
982	2687
982	2533
982	949
982	551
982	17
982	295
982	1502
982	2045
982	3624
982	3915
982	313
2685	2667
2685	3427
2685	2070
2685	609
2588	1408
1128	1640
2510	4011
2510	81
2510	1724
2510	3635
2510	2226
2510	402
262	206
262	3780
1679	4651
3283	2271
3283	2014
3283	3353
3283	2435
3283	413
3283	2872
3283	3337
3283	2890
3283	4533
3283	949
3283	218
3283	1868
3283	4643
3283	551
3283	2436
3283	295
3283	958
3283	1925
3283	2045
3283	2844
3283	313
3106	2511
3106	3154
3106	2498
3106	986
3106	4156
3106	2301
3106	1209
3106	3144
3106	57
3106	3577
3106	3519
3106	1537
3106	3734
3106	691
3106	734
3106	2161
1428	4064
1428	1266
1789	4500
1601	278
1601	390
1601	62
1601	4333
1601	2152
1601	2765
1601	1269
1601	86
1601	4279
1601	1253
1601	1852
1601	2080
1601	2156
1601	4277
1601	1943
2271	1810
2271	2895
2271	1775
4464	478
4464	794
4464	1387
4464	295
1647	276
1647	1282
1647	4040
1647	3389
1647	3296
2304	1043
2304	3504
1388	2721
1388	1267
1388	2031
4539	986
1640	2779
1640	1202
1640	3456
1640	1185
1640	3577
1640	2765
1640	4581
1640	4064
1640	3640
1640	4449
1640	1023
1640	2735
3560	2646
3560	282
3560	3677
3560	3638
3560	2803
3560	3734
3560	3296
4323	390
4323	3578
4323	4297
2579	3992
3608	947
3608	1900
3608	522
947	1528
947	2529
947	3962
947	844
947	3432
764	788
764	3734
764	1547
549	2511
549	2366
549	3222
549	2879
3495	102
4518	865
4518	4023
4518	227
4518	842
4417	4437
172	897
172	896
172	2646
172	3227
172	899
172	1094
172	522
1810	2533
1810	295
1810	1925
1810	3097
4057	897
369	3986
1248	3734
462	81
462	2511
462	3101
462	3179
863	986
863	2120
863	3734
863	2814
863	3318
863	3296
189	2458
189	3650
189	4627
189	1802
189	914
956	3230
4222	1269
2499	2409
2499	2895
849	206
1252	1347
1252	4473
1609	2195
1609	2766
1609	247
1609	487
1609	3547
2195	2766
2195	247
2195	487
2195	3547
4676	3734
4676	3296
1195	3154
1195	3734
1195	3296
341	3236
834	1190
834	3734
1037	643
1037	3734
3595	388
4003	1380
4003	1556
4003	1496
4011	3619
4011	2354
4011	3656
4011	1952
4011	2226
4011	2858
4011	3713
2948	3619
2948	2226
3477	4504
3477	1282
3477	4071
3477	3166
3477	4047
3559	606
3559	30
3559	1379
3559	4666
4269	2458
4269	4671
4269	1646
4269	247
2644	3692
390	4605
390	3951
390	1455
390	1220
390	1033
2846	1749
2846	4047
2846	3641
4044	3078
4044	3144
4044	3312
4044	3577
4044	3734
4044	3296
220	3734
220	3296
478	3236
478	661
478	2325
4504	3166
4504	4047
4504	2272
897	896
897	1644
897	2779
897	3951
897	4673
897	4121
897	3227
897	1559
897	3046
82	687
82	3951
82	504
82	4437
82	3916
896	3992
896	2646
896	3951
896	3827
896	2164
896	3227
81	3992
81	366
81	1644
81	4382
81	2779
81	3793
81	3951
81	2098
81	4673
81	4121
81	3918
81	2745
81	1694
81	1705
81	3975
3923	3101
3923	2779
1590	3101
1456	1269
3353	1502
991	3837
991	3984
991	4062
991	110
2435	3230
2435	295
1255	3734
3619	4429
3619	1954
3753	2511
2913	540
2913	1627
3161	1110
3161	3227
3161	1954
3161	2047
79	3998
2108	3154
2108	1594
2108	3734
2514	2355
2514	3444
2514	885
2355	2511
2355	3230
2549	3222
2549	1295
2549	3606
250	969
250	2547
250	1025
250	1269
2057	458
2057	504
2057	535
683	969
683	1726
683	10
822	3992
3992	3806
3992	3577
3992	161
3992	4285
3992	976
3992	3207
3992	3587
3992	3904
3674	4671
3674	3635
3674	935
3674	431
3674	1289
3674	2765
3674	86
4115	2366
2006	3162
966	2533
280	3668
280	3444
3970	3444
2129	541
2129	869
2129	1369
2129	3582
2847	1606
2847	1312
1218	4578
1218	1289
3796	4017
3796	1731
232	4595
2245	3424
2245	1325
2245	990
366	4382
366	540
366	3008
366	3163
366	501
366	1442
366	3916
366	2745
3987	1795
4628	4599
3564	4592
3564	4454
3564	3962
3564	1594
3564	1749
3564	962
2511	2298
2511	2062
2511	4326
2511	737
2511	4429
2511	4671
2511	2902
2511	928
2511	215
2511	1249
2511	4127
2511	3337
2511	964
2511	1951
2511	68
2511	4228
2511	2919
2511	2882
2511	1593
2511	2377
2511	2679
2511	597
2511	1111
2511	4121
2511	3142
2511	3882
2511	864
2511	4040
2511	1030
2511	1635
2511	1217
2511	1690
2511	3105
2511	60
2511	3615
2511	4037
2511	2924
2511	4391
2511	2943
2511	1771
2511	1253
2511	3964
2511	216
2511	1980
2511	3132
2511	3279
2511	3485
2511	2545
2511	54
2511	1852
2511	122
2511	126
2511	148
2511	222
2511	307
2511	416
2511	447
2511	524
2511	573
2511	931
2511	1067
2511	1093
2511	1149
2511	1196
2511	1497
2511	1517
2511	1612
2511	1616
2511	1626
2511	1685
2511	1803
2511	1871
2511	1876
2511	505
2511	2216
2511	1795
2511	2243
2511	2654
2511	2690
2511	2823
2511	2850
2511	2912
2511	3087
2511	3097
2511	3395
2511	3462
2511	3610
2511	3662
2511	3701
2511	3720
2511	3724
2511	3797
2511	3811
2511	3891
2511	3910
2511	3985
2511	4119
2511	4264
2511	4388
2511	4443
2511	4536
2511	4569
2511	4615
2511	4626
2511	2161
1644	2779
1644	1325
3154	3837
3154	2227
3154	2779
3154	1209
3154	1532
3154	3144
3154	1594
3154	1749
3154	57
3154	1222
3154	3577
3154	4437
3154	4546
3154	1051
3154	1597
3154	247
3154	3734
3154	1771
3154	1001
3154	3250
3154	3624
3154	3547
2298	4462
2298	3567
454	3740
427	2779
2064	1849
2064	22
2064	4231
2064	3236
2064	41
2064	3235
2064	4064
2064	10
2064	3473
1849	3962
843	1380
843	3577
843	3011
843	3734
843	3662
625	1566
625	1347
625	1083
62	3296
62	1888
4439	1559
2088	2003
2088	2719
568	969
3692	458
3692	504
3692	1653
3692	2833
3692	3986
3692	1694
4645	86
458	1309
458	658
458	550
458	504
458	4632
458	2833
458	83
458	976
758	2366
758	206
2003	2600
2003	3742
2176	3135
2646	1749
2646	838
2646	3734
2646	3296
2646	962
2646	4278
2788	3197
3566	775
775	2182
775	2501
775	3011
775	1113
4160	1262
1110	276
1110	431
1309	3921
3837	3230
3837	2100
3672	2711
577	3606
577	4596
2624	1033
2624	1954
2624	3975
2495	2808
2495	3662
1530	3101
2062	2070
2062	3519
2711	3101
2884	3101
2884	3230
1380	2477
4367	3175
4367	1692
1114	3911
729	3222
729	4651
2002	1731
2002	3662
1764	3734
1764	251
1539	230
2366	102
2366	3222
2366	1295
2366	2458
2366	4145
2366	2148
2366	2553
2366	1190
2366	340
2366	3615
2366	2701
2366	3166
2366	4335
2366	3309
2366	1226
2366	2876
2366	3803
2366	734
102	3222
102	1295
102	2458
102	2148
102	1728
102	2070
102	2906
102	4177
102	2164
102	855
102	133
102	4556
102	4354
102	3986
102	1604
102	2974
3222	1295
3222	2458
3222	2925
3222	1728
3222	2070
3222	2701
3222	251
1295	2458
1295	1077
1295	943
1295	3916
1295	4179
1295	1379
1295	4197
1295	2730
1295	2132
1295	3087
2458	3893
2458	3896
2458	3842
2458	1728
2458	206
2458	2070
2458	1455
2458	4087
2458	2701
2458	2276
2458	199
2458	1164
2458	1552
2458	1958
2458	1959
2458	2759
2458	2822
2458	3087
2458	3630
4326	3984
4326	206
4326	3389
4326	4377
4585	4382
606	1379
606	4666
606	2701
606	1547
606	791
606	3110
2182	4429
2182	2779
2182	3577
2182	1954
2182	3828
3893	3236
3361	1771
1528	2294
1528	1369
1528	1216
2294	3756
2294	1635
2294	3773
2590	4571
2590	3230
2590	3413
737	1496
737	4121
737	1269
282	3638
282	1546
282	859
282	2576
282	3463
1889	2121
1889	2687
1889	1047
1889	3915
413	2687
413	3682
413	295
413	1502
413	1925
413	3553
582	2104
582	3013
541	869
541	1324
541	1369
2694	295
580	1951
580	68
580	3355
580	295
580	958
580	1502
2742	883
2742	1951
3823	4229
3823	628
3823	885
3823	2189
4565	2547
4565	1749
4565	1269
969	2638
969	1800
969	586
969	1095
969	3734
969	573
969	576
969	615
969	626
969	1196
969	1376
969	1925
969	2091
4005	2208
4005	2493
600	206
3323	4601
3170	2022
4145	1418
4592	1749
1611	3577
1611	348
276	4437
276	4047
276	283
3101	2565
3101	2501
3101	2529
3101	3677
3101	2428
3101	4546
3101	2882
3101	4604
3101	4002
3101	1606
3101	2035
3101	374
3101	2966
3101	2687
3101	962
3101	1083
3101	2586
3101	265
3101	325
3101	2316
3101	2083
3101	2337
3101	2599
3101	2650
3101	2844
3101	2876
3101	2912
3101	3565
3101	3603
3101	3711
3101	3947
3101	4009
3101	4097
3430	4012
3430	2208
3430	152
3430	374
4012	321
4012	473
4012	152
4012	3773
4012	1559
4012	1739
4012	374
4012	520
4012	3734
4012	1071
4012	1547
321	1173
321	152
321	1559
321	1325
321	1739
321	374
321	4595
4412	842
3749	3660
3749	913
2565	3826
3114	3734
2208	1259
2208	1190
2208	1347
2208	3432
2208	927
2794	2667
2794	3427
2254	2529
2254	3606
2254	1369
2254	1559
2254	957
2254	3221
4462	4665
2266	66
4207	3465
4207	1586
4207	501
4207	3296
4207	2125
4207	1418
4207	4491
3756	1666
3756	2150
3756	1188
3756	1094
3756	3296
3141	3173
3141	3993
1488	986
1488	2625
1488	1094
1488	4342
2501	859
2501	218
2501	1286
230	100
230	283
230	1888
840	3236
4206	1954
4206	3230
4429	1190
4429	431
4429	1952
4429	874
4429	1954
3656	687
3656	1282
3656	3660
3656	2164
3656	1033
3656	1954
3656	2222
3656	1705
1544	271
3465	2902
3465	4448
3465	3653
3465	1282
2902	3494
2227	1417
2872	2121
2872	295
2872	2394
1159	4229
243	86
243	1943
4290	3546
2103	1486
1201	507
2724	1878
2724	4032
4359	3230
4359	3411
2617	2983
2543	3296
3956	2808
4382	2909
4382	3008
4382	1325
4382	2745
1259	2140
1259	4584
1259	3895
3976	2012
3976	3122
2612	2746
2612	3832
2612	39
2612	1782
2612	2580
2612	1500
2612	4285
2612	4609
1598	3895
1598	3235
4590	1080
4590	650
4590	192
3596	1728
698	1209
4147	1269
3482	2301
3482	4595
1085	1728
3364	2301
3364	1728
3224	1728
2056	152
987	692
987	962
1934	3937
4304	3197
4304	1397
4304	3663
2571	3638
2571	1175
2767	86
2767	1943
3633	1954
3633	3160
323	4546
323	2766
986	1417
986	2804
986	1532
986	3322
986	3144
986	1594
986	1749
986	2318
986	1665
986	842
3892	853
4629	1269
3030	3230
3030	4337
928	3236
4396	4595
3513	4288
1639	4458
1639	2156
4156	1749
4156	3916
2713	4427
2308	4465
2308	3998
2625	3163
2625	4335
2625	4399
1695	507
3887	504
2667	3427
2667	152
2667	4215
2667	2232
2667	3145
3427	152
3427	4215
3427	2232
3427	3145
1556	3606
4465	3606
3334	3606
2779	852
2779	3650
2779	3444
2779	3998
2779	3963
2779	1023
2779	734
1843	2101
1843	2680
1843	1033
1843	4595
1843	3780
852	544
4642	4595
4642	298
3618	3954
1965	4391
1965	199
3272	1666
3272	3456
3988	1025
865	1470
865	420
865	1325
865	4023
865	227
865	4595
865	1878
865	326
865	1547
865	3520
865	2223
865	2017
865	2503
2983	507
540	3163
540	1442
540	4500
540	2745
1080	4391
1080	2780
1080	1925
1080	2239
1417	2301
1417	3322
1417	1594
1417	3456
1417	1749
1417	3439
1417	3577
1417	3010
1628	3734
1628	3296
4454	4651
4454	3660
4454	2223
3578	4297
3578	4595
3578	3780
3578	3627
3578	3975
3650	3444
3650	3963
1025	3126
1025	3734
3126	3236
1666	3734
1997	4087
1997	388
1997	2585
2529	3962
2529	844
2529	4231
2529	1369
2529	2940
2529	2223
1726	844
1726	4231
1726	1369
1726	2940
1726	842
4070	3951
2875	980
2875	2803
2875	1717
3896	2070
3896	2803
658	504
3677	1546
3677	2098
3677	2803
3677	4332
3677	83
550	3638
550	504
550	3921
550	2833
550	1878
550	3986
3638	1546
3638	3337
3638	4177
3638	2882
3638	2803
3638	1363
3638	2576
3638	4203
2140	4584
2140	2909
2140	3895
2140	3011
2140	1878
2140	1023
4584	1325
4584	1878
4584	326
215	1094
1546	2803
2880	3937
2301	1209
2301	1594
2301	1749
2301	2318
2301	3577
2301	850
318	1050
1209	1532
1209	3144
1209	3389
1209	3734
1209	1204
1209	2161
2427	643
4306	3577
3962	844
3962	1749
3962	1369
3962	2940
3962	881
3962	2597
3962	2223
3962	939
844	881
844	913
2610	1532
2610	1594
2610	1749
2610	1540
2804	1594
2804	1749
1532	1594
1532	3456
1532	1749
1532	3577
1532	1540
1532	1960
3322	3439
3144	1594
3144	1749
3144	57
3144	1496
3144	1537
3144	3734
1594	1749
1594	2471
1594	3312
1594	3577
1594	3734
1594	3010
3456	2363
3456	3439
3456	3577
3456	1496
3456	1592
3456	3296
3456	958
1749	2471
1749	3577
1749	3444
1749	1592
1749	3734
1749	1050
1749	3520
1749	3010
1749	2614
57	1537
57	3734
2318	3010
2318	1147
2318	2614
2471	1540
2471	3496
4653	152
4653	1559
4653	374
2944	3485
2608	1301
1800	807
2215	1180
3297	2034
3297	3328
4110	1632
4110	1479
1632	1479
3261	4595
3261	3150
1331	4595
4231	2666
4231	10
1207	1952
1207	3308
1207	2364
1142	1496
916	4365
2224	3230
2746	3832
2746	39
2746	1782
2746	3734
2746	1689
2746	4609
1381	3278
3605	4595
2992	1269
316	1559
316	3175
1566	4347
3815	4347
1250	4347
1250	717
1250	2337
1250	3018
1250	4322
2150	1844
2150	4347
2150	717
2150	3018
2909	218
1724	1954
1724	110
3909	295
3084	3679
814	3734
1812	3682
190	3734
1326	1559
1326	3436
3515	599
3515	3192
3515	791
975	2753
142	538
4154	3013
2289	736
2465	3773
925	3945
925	1761
4022	4595
1579	3945
1579	838
1579	651
1579	1559
1579	3989
3945	980
3945	2231
3945	4087
2066	838
2066	2236
2723	3842
2428	643
980	3491
3842	1925
838	2236
838	2955
838	1269
3832	39
3832	1782
3832	2580
3832	4609
1481	152
1481	374
324	1635
324	853
473	1169
473	4116
3424	206
3424	2493
3424	3046
3424	957
78	3236
725	3734
3667	3843
3667	3916
3667	3930
238	2824
1844	4347
3337	2363
3337	3105
3337	4259
3337	2121
3337	2533
3337	4643
3337	295
3337	3680
4347	3742
4347	2561
4347	3611
4347	1391
2363	2890
2363	1045
2363	949
2363	218
2363	1868
2363	551
2363	1925
2363	2045
2363	313
412	2045
412	2982
412	3310
964	2226
964	3624
3294	3391
3294	326
1723	3984
1723	3389
1723	1954
1723	3230
1723	4377
2693	3230
3984	1680
3922	3230
3922	3989
4240	2384
1203	206
21	66
612	199
4395	1173
4395	332
3035	3734
4229	507
3299	3951
3299	4249
3793	2600
3793	3606
1185	1286
2890	3806
2890	2121
2890	2533
2890	66
2890	1925
2890	313
3895	2600
3895	1471
3895	1071
3895	4064
3895	685
3635	3660
3635	1033
3635	3046
3635	2047
3635	3975
3635	3663
1617	825
1951	2901
1951	1868
1951	4643
1951	551
1951	17
1951	295
1951	2178
3542	3708
647	687
647	4040
647	1787
647	3368
647	4562
647	3175
647	2047
687	4605
687	1453
687	115
687	3312
687	1763
687	4153
687	1863
687	4040
687	1787
687	874
687	1468
687	3368
687	4562
687	2047
687	3547
687	3328
786	3742
786	4562
786	1957
1065	1399
1077	4595
4458	2719
3259	4276
3259	2797
3259	4377
1066	2719
1190	1094
3567	3179
456	304
4605	2274
4605	1453
4605	2101
4605	1468
4605	4064
4605	3780
4605	306
2274	4153
2274	1468
2274	4571
1453	3312
1453	2101
1453	1468
1453	3787
1453	388
1453	1705
115	2101
115	515
3312	1763
3312	3577
3312	4153
3312	2101
3312	1468
3312	1915
3312	1576
3312	3152
1763	504
1763	2101
1763	1468
1763	3780
2183	86
3806	295
3806	2045
2139	3389
1504	4259
1504	2923
1504	4073
68	218
68	2452
1222	3734
1222	3296
2808	306
2808	83
2808	4372
2808	4661
2808	2541
1728	206
1728	2070
1728	1379
1728	4666
1728	2701
1728	1267
30	2701
30	3734
30	1050
30	3152
206	2070
206	2334
206	1379
206	4666
206	1001
206	2731
206	637
206	3229
2070	2701
2070	1050
1905	4100
1905	3444
1905	3734
3954	3444
3954	2161
4297	2906
4297	4595
4297	3780
2333	4595
3719	3230
3719	313
3577	4006
3577	1033
3577	4332
3577	1468
3577	1719
3577	2561
3577	1325
3577	3734
3577	3998
3577	4204
3577	3250
3577	2100
3577	3292
3577	1023
3577	2735
3443	1996
755	3296
755	204
755	2047
3742	4437
3742	1021
3742	4064
3742	939
39	1782
39	2580
39	4168
39	962
39	4609
544	3997
1276	4437
1276	782
1782	4168
1782	4609
1264	1954
3606	2241
3606	4335
3606	1547
3606	1500
2835	1959
4153	1173
2577	626
4288	496
4288	2337
504	1182
504	1593
504	4632
504	1468
504	4393
504	2833
504	2643
504	3046
504	83
504	976
504	1757
4432	4533
1883	3734
1883	2814
1511	519
344	2047
1135	3105
1135	228
622	942
3489	1173
3489	1347
3489	1338
3489	2478
3489	3827
3489	962
1173	1338
1173	2101
1173	1455
1173	1952
1173	2170
1173	1220
1173	2680
1173	1033
1173	1915
1173	1325
1173	4556
1173	2222
1173	962
1173	2226
1349	736
1349	2493
1349	3816
1349	1033
1347	2101
1347	1952
1347	1033
1347	2222
1347	1083
1347	685
1347	4620
1347	3641
1338	2478
1338	1915
1338	2226
1282	3273
1282	1586
1282	1033
1282	3734
1282	3517
1282	3145
1282	4503
3273	3827
4437	3471
4437	3734
4437	1294
4437	782
4437	1877
1586	2609
736	3086
2899	798
2478	3227
2478	2226
3668	161
882	685
882	268
882	4278
882	1183
1519	3250
1519	2255
648	4651
648	2785
648	3724
4312	3296
4312	4562
538	3720
3441	4407
2919	798
2493	3816
2493	3173
2493	3734
3816	431
3816	1419
3816	1033
3816	444
96	4595
3008	3163
3008	954
3008	1442
3008	2745
833	2906
833	3080
650	4588
4651	3173
4651	1030
4651	1283
4651	2104
4651	4205
4651	126
4651	3328
2785	2737
3726	1001
3959	4595
2906	3080
393	3236
3236	160
3236	569
3236	4179
3236	4365
3236	3918
3236	4205
3236	426
3236	1711
3236	2888
3236	3211
3236	3278
3236	3603
3236	3857
3236	3910
3236	4264
3236	3268
3236	2968
3444	885
320	298
320	1267
4177	899
2098	3679
2098	2803
4546	3734
797	1604
539	885
919	2679
919	122
1496	3545
1496	2530
1496	1662
1496	3624
1496	3603
3519	2966
3519	3080
3519	734
1879	3862
431	2164
431	3197
431	3734
431	347
431	825
2292	3389
2292	3227
2292	4571
2292	3296
2292	4204
2164	1455
2164	4595
2164	3694
4043	3470
3173	4037
3173	283
4578	3175
152	3773
152	1739
152	520
152	1071
152	4354
152	3250
765	4121
3679	4121
2679	2763
2679	4673
2679	4670
2679	4121
2763	4121
4673	4121
4673	3918
3843	3916
3843	3918
3843	2745
2803	1363
2803	3986
2803	1236
2803	1317
1051	643
1051	3941
597	2492
151	751
3135	4275
3135	148
742	1269
2101	1419
2101	1455
2101	1220
2101	2680
2101	1033
2101	1468
2101	1423
1419	1455
1419	1220
1419	2680
1419	1033
1419	2249
1419	1423
1455	1220
1455	2680
1455	1033
1455	2545
1952	2680
1952	1033
1952	515
1952	3780
1952	2699
1220	2680
1220	1033
1220	1008
1220	1423
4670	4121
4121	1442
4121	842
643	2450
643	2912
643	3100
3185	2754
3666	4595
3666	3527
2680	1033
2680	1423
1033	1269
1033	3503
1033	1954
1033	4047
1033	1423
1033	3556
3545	1325
4017	936
4017	1731
4017	1814
936	1731
936	4672
936	1814
936	4087
936	3734
936	83
1731	1814
1731	4087
1731	3734
4632	83
4632	1573
4066	4595
501	1442
501	3743
1442	3916
3882	325
1646	227
902	4244
700	3428
4040	1540
943	3734
874	4500
874	2719
874	3296
874	1286
874	4204
874	3556
874	3826
4500	1878
1597	3734
3011	859
3011	1277
4533	2121
4533	2687
4533	2533
4533	949
4533	295
4533	2045
1445	4562
1445	3046
2765	4562
1635	4562
1635	2429
1635	3473
1635	4075
661	4343
661	2879
661	958
661	1604
661	1612
661	1890
661	2403
661	4001
661	4264
2020	507
1000	3644
869	1324
4276	3662
1468	306
2334	3389
2334	1705
2334	1888
2196	1954
2719	1759
2999	1637
2999	4572
3871	2844
853	1665
853	4498
853	2753
1109	3086
3086	1665
3086	2895
3086	1954
3086	873
3086	1397
4665	692
4665	859
4665	2895
4665	3629
4665	2016
3800	1366
3225	3642
1366	1584
1366	1612
1366	3794
1366	1397
3179	304
3179	2687
3179	794
3179	2237
3179	4517
3179	295
4393	304
4393	3105
4393	4595
4393	66
4393	3025
304	3105
304	3296
304	1925
3105	2730
3105	4567
3105	295
3105	2821
859	1094
859	1286
1665	28
1665	4275
1665	4556
1665	4498
2895	3629
2895	2016
2895	873
2895	3485
133	913
1540	825
3389	2955
3389	60
3389	4383
3389	1078
3389	2731
3389	4278
3389	4205
3389	2609
2955	60
2955	4383
60	4383
4383	283
1269	675
1269	283
1269	10
1269	4499
1269	197
1269	222
1269	301
1269	957
1269	958
1269	1137
1269	1267
1269	1892
1269	2798
1269	4226
1269	4268
1269	4318
1269	4322
1269	4476
1269	4496
2035	4427
2035	2580
2035	3230
2766	247
2766	487
2766	2099
2766	3547
160	1706
420	227
420	1547
420	2585
1515	227
1515	326
2241	1500
2241	1860
4071	2230
4036	3995
271	2943
271	283
1900	789
789	2230
2934	2226
247	899
247	487
247	3734
247	685
247	628
247	1194
247	3547
247	3328
3916	3734
3916	3825
3916	3383
3916	2623
3916	522
3916	885
3773	1094
3773	374
3773	3611
3773	1878
3773	1687
3445	3175
569	899
569	3328
3227	899
3227	685
3227	3508
3227	3328
899	3734
899	3556
899	3328
3598	1954
3615	3636
3615	3663
4672	1888
1814	4087
1814	3734
3997	1604
130	913
3503	2008
86	2383
86	2276
86	3145
86	4510
86	1943
3779	1943
4037	3682
2225	507
1954	4571
1954	1294
1954	3013
1954	1180
1954	3229
1954	3080
3740	3230
1369	881
1369	3432
1369	2597
1369	2223
1369	3998
1369	1759
2940	2888
3937	3432
3937	4273
2901	4082
2901	17
2901	357
4571	4047
4571	1371
4571	2850
1379	2701
1379	3110
4666	2701
4666	3734
4666	3296
2383	1943
784	3734
1094	4354
1094	3611
1094	4064
1094	2226
1094	3409
2894	3230
2894	1143
2894	1752
2121	949
2121	1868
2121	66
2121	1925
2121	2045
2121	2844
2121	313
3418	3845
487	1795
487	3547
1057	2299
1057	1584
1057	1612
1057	1795
1057	2528
1057	2753
3845	3734
3845	3296
3845	3590
4292	3689
1559	4064
1559	798
1559	2134
1559	3046
1559	800
1559	1180
1559	1301
1559	1435
1559	2296
1559	2957
1559	3121
1559	4226
2561	3734
2561	3296
2561	3230
881	3734
881	2223
881	2004
3432	1216
3432	2223
3432	1759
3432	3018
2924	3930
41	3686
41	3038
3686	3038
4581	2988
2048	4244
3978	832
4427	3471
4427	2580
4176	3230
1298	3915
1298	3328
4455	890
1325	4023
1325	1032
1325	4064
1325	4595
1325	1878
1325	494
1325	326
1325	1547
1325	2745
4023	1032
4023	227
4023	2916
4023	4595
227	2916
227	374
227	842
227	326
227	1547
227	3520
227	2017
227	3508
227	3250
2916	1547
2916	2017
1739	374
1739	4354
1739	3611
374	520
374	1071
374	4354
374	3611
374	1547
374	3250
520	3611
2937	3734
2937	3296
1537	4300
1537	734
1537	2161
2966	2912
4556	4595
2687	949
2687	1868
2687	551
2687	958
2687	2844
2687	313
3734	2249
3734	2309
3734	1771
3734	2017
3734	1001
3734	3269
3734	1078
3734	717
3734	1371
3734	2545
3734	804
3734	1674
3734	3624
3734	2467
3734	2585
3734	2888
3734	3037
3734	3152
3734	3627
3734	3908
3734	4388
3734	3547
2662	4596
2814	524
2814	751
2814	2585
4596	4507
4596	4480
946	3296
4400	3269
2879	515
2222	4047
1071	4354
4354	3611
3611	3079
3611	3132
3611	2047
4498	2067
2086	3296
3235	682
3235	1795
3235	3278
4064	3520
4064	3230
4064	388
4064	3229
4064	4009
4064	2518
3166	807
2507	1746
2533	1868
2533	551
2533	507
2533	958
2533	1925
2533	2239
2533	313
1387	1943
807	667
4047	2731
4047	957
4047	3826
108	981
4595	4116
4595	1572
4595	4062
4595	76
4595	336
4595	830
4595	931
4595	1265
4595	1401
4595	1825
4595	1927
4595	1928
4595	2329
4595	3028
4595	3584
4595	4077
4595	3963
4595	3995
4595	4025
4595	4092
4595	4119
4595	1397
3780	1500
3780	1001
3780	519
3780	637
3780	825
2444	1500
3642	1871
283	583
283	83
283	2284
949	1868
949	295
949	1755
949	3915
10	2255
1660	842
2580	4168
4279	1253
1294	3013
842	2017
3013	4009
1050	913
2276	3682
2276	3624
2276	3278
2276	1205
2276	1943
3318	1878
3318	3349
3318	326
3318	1547
3318	3512
3318	3520
1878	494
1878	3349
1878	326
1878	1547
1878	3512
1878	3520
1878	2745
494	326
494	1547
494	3332
326	1547
326	3520
1547	3512
1547	3520
1547	1730
3520	388
3160	2325
218	551
218	3641
218	1502
218	3150
218	3993
3296	1771
3296	2027
3296	717
3296	4204
3296	1371
3296	2927
3296	166
3296	524
3296	1411
3296	1957
3296	2099
3296	3624
3296	2753
962	2223
962	2780
962	1612
962	1680
264	1688
264	4116
264	4328
1688	4116
685	3046
685	268
685	1183
685	4232
685	3145
685	3828
4620	2047
1771	3680
1253	2609
2125	610
1572	3175
1868	4337
1868	69
1868	295
1868	1502
1868	3624
1868	3569
2751	3918
2751	4656
3918	3517
298	3755
2395	4474
2395	2858
2395	3663
4474	2047
4474	3009
4643	295
4643	1502
4643	3109
4235	66
2017	2011
3998	4431
2340	3230
1001	3175
1827	2100
3269	4478
551	295
551	701
551	958
551	2045
551	3150
2731	798
2731	1286
2731	2226
2731	2047
1286	83
1286	2609
1286	4496
1286	1397
2226	3854
2226	4370
2226	3826
2226	3975
1284	927
1689	4491
170	2585
66	295
66	1175
66	2823
66	3278
66	3553
2522	830
1147	1524
599	791
913	782
3175	968
3175	1148
2122	122
4560	1183
4560	4232
1980	3230
1980	4232
1980	4337
268	3230
268	4232
4278	3230
4278	1183
4278	4232
3230	4232
3230	3279
3230	186
3230	691
3230	716
3230	2080
3230	2268
3230	2747
3230	2819
3230	3158
3230	3211
3230	3245
3230	3694
3230	3939
1183	4232
2858	2021
4134	4082
1939	4082
3192	791
3192	3561
1535	3485
2758	752
2758	2011
2758	3080
752	3080
2436	295
4205	4204
17	2239
42	558
1852	3662
3250	342
69	1502
122	1795
148	4092
158	2327
186	2047
197	2031
207	1420
219	2285
236	1335
295	701
295	958
295	1925
295	2045
295	1795
295	2452
295	2824
295	2844
295	3553
295	313
295	4536
317	507
361	3448
371	3278
388	2189
388	3627
402	727
2047	3708
2047	3680
2047	3663
461	3176
480	3401
506	1958
507	4575
507	3527
558	1668
588	1023
594	1196
594	1876
613	691
804	1584
825	1358
825	1957
915	2327
927	3995
931	1120
977	2189
978	4310
983	3400
1011	1262
1011	1694
1073	1262
1155	4025
1164	3328
1175	2031
1196	3049
1399	1925
1399	3155
1418	2162
1418	4569
1507	2373
1584	1612
1584	2021
1584	1795
1584	3821
1584	1397
1584	1621
1584	2753
1584	3663
1599	2817
1612	3794
1612	1795
1612	3821
1612	1397
1612	1621
1612	2753
1612	3663
1612	3080
1616	3496
1681	4123
1692	2339
1854	1943
1925	1956
1927	2770
1947	2131
1947	3853
2004	3662
2021	3794
2021	4510
2031	3680
2031	3826
2045	3150
2059	3738
2100	3665
3794	1795
3794	3624
3794	3821
3794	1397
3794	1621
3794	2753
3794	3663
3794	3080
505	2392
2189	3627
2229	2968
1795	3624
1795	1397
3624	2844
3624	1205
2456	3662
2633	3328
2844	2870
2915	3278
3037	3229
3100	3662
3277	3662
3680	3826
3797	4009
4510	1397
4510	1943
2753	3663
1023	2735
3547	3328
730	3844
3154	3844
3734	3844
3296	3844
1769	3699
3049	3699
937	137
2070	137
3230	2649
4074	2655
3916	3399
1559	3399
2030	2526
643	2526
1269	2526
2641	4209
4207	4209
3230	4209
4161	4209
561	526
2490	526
991	526
3674	526
3427	526
2183	526
4302	526
86	526
3779	526
522	526
2100	526
2243	526
1943	526
2489	3863
2493	91
3389	91
3737	3115
4034	3115
276	3115
1347	3115
3389	3115
3918	3115
3080	3115
2511	2994
206	2994
4651	2994
3780	2994
4045	1075
2071	1075
672	1075
396	1075
4512	1075
1150	1075
4518	1075
4012	1075
865	1075
1325	1075
4023	1075
1032	1075
227	1075
374	1075
1878	1075
326	1075
1547	1075
3520	1075
2017	1075
206	3434
4612	4132
1158	4132
181	4132
473	4132
4571	4132
1559	4132
4596	4132
3520	4132
3296	4132
931	4132
102	1638
2493	1638
4253	1638
206	1701
1432	3974
49	3974
4212	3974
3687	3974
334	3974
1466	3974
4012	3974
4382	3974
4070	3974
853	3974
859	3974
569	3974
3308	3974
620	1655
1314	1655
2988	1655
3780	1655
2511	898
4347	898
3296	898
110	898
4003	3555
368	1215
189	1215
1380	1215
3412	1215
145	793
2023	793
3389	793
1269	1131
4079	1131
4087	1412
3920	4045
1530	2958
3827	2958
3389	2958
2047	2958
4185	679
2366	679
102	679
3734	679
3998	679
4160	4053
2021	4053
1951	4307
3230	4307
2489	3704
3308	3704
4381	3628
488	3628
4379	3628
2533	3628
295	3628
1082	3628
3690	4080
1775	3757
2978	1478
3909	1478
1481	4008
1480	4008
2913	337
250	337
1800	337
4231	337
1033	337
1789	294
813	294
1888	294
2646	1581
3875	354
2511	354
3721	546
2973	546
2952	546
2584	546
2071	546
1441	546
2973	3721
2584	3721
2071	3721
1441	3721
2047	3721
2952	2973
2584	2973
2071	2973
1441	2973
4011	2973
1692	2973
2584	2952
2071	2952
3312	2952
3724	2952
4472	404
1540	404
962	404
2511	2860
2397	4433
1618	2671
3992	2671
230	2671
3577	2671
3734	2671
1150	95
3230	3264
3670	4675
1414	4675
488	4675
982	4675
4464	4675
4643	4675
2575	3172
3880	3172
356	3172
561	3172
2490	3172
2511	3172
4297	3172
3880	2575
356	2575
561	2575
2490	2575
2667	2575
3427	2575
356	3880
561	3880
2490	3880
2030	3880
3214	3880
561	356
2490	356
2667	356
3427	356
3578	356
3299	356
3236	356
3621	356
544	3866
2533	3866
295	3866
739	649
1692	649
296	3952
3734	3952
862	3377
885	3377
553	862
2458	4016
529	1018
1786	4360
1602	4360
2767	4360
4595	4360
2728	4360
759	1022
4314	1022
7	824
3477	824
2003	824
2458	824
1282	824
4500	824
3564	2042
2511	2042
4454	2042
1286	2042
2445	2042
2490	561
194	561
3799	561
2489	561
330	561
3214	561
335	561
3655	561
2208	561
4429	561
2667	561
3427	561
755	561
2835	561
2164	561
1033	561
874	561
1954	561
3734	561
3427	2490
3896	2490
4595	2490
1385	2335
4212	2335
1640	2335
172	2335
897	2335
896	2335
540	2335
842	2335
2017	2335
3592	4679
1797	4680
1167	4680
1613	4680
760	4680
7	4680
4590	4680
295	4680
3003	4680
2030	619
1977	619
1809	619
4561	619
3283	619
2385	619
4005	619
1477	619
2615	619
3635	619
2237	619
1049	619
1062	619
2083	619
2819	619
3995	619
4029	619
1772	3431
62	3431
458	3431
4070	3431
4297	3431
1347	3431
4121	3431
2334	3431
4400	3431
1888	3431
296	4072
296	2712
3154	607
3272	607
3456	607
3154	972
3296	972
1535	972
1559	4309
1600	4669
1750	4669
1863	4669
1600	3208
3396	3208
3500	3208
749	3208
1750	3208
3365	3208
1745	3208
3767	3208
246	3208
1640	3208
843	3208
1309	3208
2254	3208
4207	3208
865	3208
4454	3208
3650	3208
1025	3208
2301	3208
1749	3208
2318	3208
4154	3208
2363	3208
30	3208
4651	3208
3660	3208
2098	3208
2299	3208
1559	3208
3296	3208
962	3208
3279	3208
388	3208
2459	3208
2957	3208
3436	3208
4443	3208
3778	1432
3900	1432
1607	1432
1338	1432
161	1432
1445	1432
2020	1432
3046	1432
3292	1432
296	629
4454	629
1445	629
2299	629
2458	3778
140	3855
2030	3855
4156	3855
157	3830
2536	3830
672	3830
157	4532
2536	4532
2511	4532
157	542
2536	542
157	3306
4548	3306
2536	3306
2578	3306
4548	157
2536	157
194	157
4381	157
950	157
2578	157
683	157
1	157
2536	4548
4595	4548
194	2536
4381	2536
950	2536
2578	2536
683	2536
1	2536
3236	2536
3828	2536
1640	194
1347	194
2493	194
2098	194
3389	194
3975	194
1286	4381
3556	4381
2578	950
1414	2567
2420	2567
199	2567
507	2567
2111	140
4107	140
2944	140
2189	3396
3627	3396
1224	3670
2420	3670
488	3670
4379	3670
3283	3670
1897	3670
2363	3670
2121	3670
2687	3670
1045	3670
2533	3670
551	3670
295	3670
1502	3670
313	3670
1193	2219
296	2219
295	766
206	2106
847	2287
1229	2287
4011	2287
81	2287
2667	2287
3427	2287
1044	2287
1689	2287
3145	2287
642	2287
2243	2287
2454	2136
1314	2136
3154	2136
2208	2136
3734	2136
4595	2136
2395	2136
4474	2136
2047	2136
3663	2136
2110	3195
1045	3195
3780	3195
3638	1332
3742	1332
4596	1332
3975	1332
4665	2111
2895	2111
873	2111
66	2111
804	2111
4304	2295
3345	2479
3589	2479
1555	2479
3775	2479
3296	2479
2767	4182
3236	4182
2974	4182
553	951
1772	951
458	951
1309	951
504	951
569	1885
1453	1214
3308	1214
2955	3900
1194	3900
553	2509
1049	2509
3742	2315
3734	2315
3318	2315
3296	2315
3175	2315
3230	2315
3662	2315
3101	2460
719	156
3129	3799
296	3799
3053	3799
430	3799
2667	3799
3427	3799
4127	3799
4651	3799
3328	3799
1314	3770
130	3770
3053	145
3650	145
1901	145
1335	145
3328	145
296	3623
2211	3623
4040	3623
3707	596
947	596
3962	596
4179	596
1369	596
4595	596
390	2887
2035	2887
4427	2887
2580	2887
2366	4384
3222	4384
3677	3967
3638	3967
2803	3967
2938	1386
488	1386
1504	1386
4207	1769
691	4046
3147	498
3500	508
2070	508
2512	422
296	422
4618	422
2511	422
2098	422
4595	422
296	2512
1191	492
35	492
2035	492
296	3129
3477	3129
3166	3129
4056	4254
625	4254
4066	4254
4571	4254
1847	4254
4064	4254
1901	4254
1535	4254
3279	4254
2633	4254
2957	4254
3908	4254
1901	3159
2633	3159
413	1684
4429	3549
2030	1336
2569	2030
4404	2030
1436	2030
1629	2030
3251	2030
1229	2030
2510	2030
1475	2030
843	2030
1380	2030
2767	2030
1639	2030
2667	2030
3427	2030
4454	2030
3650	2030
2363	2030
4240	2030
647	2030
3312	2030
1135	2030
4599	2030
320	2030
1486	2030
1606	2030
1832	2030
2955	2030
86	2030
2383	2030
4365	2030
1050	2030
551	2030
2232	2030
656	2030
677	2030
762	2030
1373	2030
1927	2030
2045	2030
2339	2030
2384	2030
2960	2030
3662	2030
4073	2030
4164	2030
4510	2030
296	3805
2064	2537
4015	4238
1225	4238
2779	4238
672	3814
529	3814
1729	3814
1259	3814
2140	3814
4584	3814
3895	3814
1071	3814
4595	3814
191	1193
3539	1193
2420	1193
7	1193
488	1193
1400	1193
4010	1193
4379	1193
3283	1193
2363	1193
2121	1193
2687	1193
2533	1193
4499	1193
66	1193
295	1193
507	1193
1502	1193
1925	1193
2045	1193
3150	1193
4157	1193
2137	2569
960	2569
1262	2569
2243	2569
672	2137
409	2137
329	2137
318	2137
306	2137
122	2137
3154	4404
1764	4404
3519	4404
3734	4404
3296	4404
1373	4404
3374	3280
1605	3280
2511	3280
3734	3280
3626	3280
3466	2485
969	2485
2254	2485
2638	2485
4437	2485
457	4485
2471	4485
982	1797
580	1797
3998	1797
2078	1344
1551	2221
1607	2221
2355	2221
2495	2221
838	2221
3832	2221
786	2221
2955	2221
2833	2221
326	2221
4205	2221
122	2221
1551	2282
1607	2282
838	2282
786	2282
1349	2282
2833	2282
326	2282
4205	2282
122	2282
1551	2489
1607	2489
838	2489
3832	2489
2833	2489
326	2489
3368	2360
2023	2500
4336	2500
427	2500
1952	2500
1044	2500
893	2500
1500	2500
1957	2500
4094	2500
3328	2500
4505	2023
1967	2023
1981	2023
960	2023
1647	2023
427	2023
1511	2023
271	2023
3432	2023
2223	2023
1980	2023
2609	2023
1729	63
3296	63
685	63
2071	2584
1441	2584
296	1551
4618	1551
2644	1551
1528	1551
2294	1551
4429	1551
814	1551
4595	4085
1441	2071
4618	2071
388	2071
2277	3120
4504	3120
3668	3120
3444	3120
3882	3120
271	3120
138	3120
348	3120
2838	3120
2867	1441
2511	1441
3345	296
193	296
4618	296
663	296
37	296
4554	296
4056	296
2264	296
4612	296
1729	296
4469	296
4659	296
1436	296
246	296
2389	296
1229	296
2211	296
3643	296
29	296
430	296
4167	296
2510	296
1428	296
509	296
278	296
2195	296
822	296
2511	296
2064	296
1849	296
4439	296
1625	296
22	296
2902	296
243	296
1598	296
2667	296
733	296
57	296
3297	296
2034	296
1250	296
2150	296
814	296
2598	296
3984	296
1112	296
3439	296
2484	296
2812	296
1021	296
4546	296
1952	296
4040	296
1030	296
2016	296
2826	296
2934	296
899	296
4179	296
2940	296
1912	296
3274	296
1537	296
2879	296
3825	296
842	296
3013	296
3349	296
1806	296
1837	296
3210	296
2134	296
2576	296
752	296
4093	296
26	296
558	296
1236	296
1335	296
1450	296
1681	296
2337	296
2480	296
2800	296
3018	296
3095	296
3196	296
3637	296
3939	296
3963	296
4079	296
3268	296
3848	296
1877	296
939	296
3858	4015
2277	4015
620	4015
2726	4015
1010	4015
3529	4015
1640	4015
577	4015
606	4015
3101	4015
3793	4015
3173	4015
1921	4015
3389	4015
2444	4015
3296	4015
1500	4015
1277	4015
83	4015
558	4015
825	4015
3663	4015
4011	771
3773	771
2226	771
529	672
1259	672
4584	672
1559	672
1325	672
1071	672
4354	672
3611	672
2463	857
4504	857
4047	857
4011	529
1259	529
2140	529
4584	529
3895	529
4500	529
1071	529
4354	529
3611	529
1878	529
3349	529
1547	529
4116	529
2389	3053
1981	3053
960	3053
3962	3053
648	3053
3997	3053
1901	3053
330	3091
2228	330
4289	1607
2549	1607
3427	1607
647	1607
687	1607
3175	1607
162	1607
3708	1607
1957	1607
1023	1607
3547	1607
3328	1607
2129	3345
3154	3345
541	3345
1369	3345
41	3345
3734	3345
3662	3345
4020	3204
323	3204
1646	3204
4595	3204
668	553
3140	553
1724	553
755	553
2596	553
3679	553
4047	553
2226	553
500	553
1164	553
3891	553
4035	553
2964	3500
1881	3500
3559	3500
3859	3500
30	3500
2070	3500
2701	3500
1050	3500
4336	3466
1800	3466
2024	1618
2182	1618
4400	1618
302	1618
971	1618
2067	1618
4074	1340
4269	1340
366	1340
2745	1340
2366	392
814	392
1347	392
1269	392
2299	392
250	918
191	1224
3502	1224
4379	1224
982	1224
3456	1224
4533	1224
3105	1224
949	1224
958	1224
1925	1224
2239	1224
2003	3737
130	182
2533	182
1207	4289
3859	4505
3962	1191
3236	1191
41	1191
3436	1191
1640	749
3101	749
3230	3849
4020	4074
1010	4074
2211	4074
1530	4074
692	4074
3916	4074
2458	2978
3444	2978
3695	4618
2779	4618
1294	4618
2226	4618
1959	4618
430	2964
318	2964
30	2964
2070	2964
1379	2964
2701	2964
1050	2964
388	2964
2389	37
4231	37
3641	37
3236	3217
2104	3217
1871	3217
3627	3217
4273	3217
4208	48
4306	3762
2597	3762
3214	2866
2277	2866
1610	2866
2510	2866
1644	2866
1844	2866
2919	2866
3236	2866
3389	2866
3296	2866
1599	2866
1750	1630
2895	1630
3365	1750
1417	1750
1749	1750
4154	1750
2895	1750
4292	1750
962	1750
1397	1750
1749	1463
3236	1463
3796	3301
3337	3885
3046	3885
3175	3885
3389	119
3227	119
4571	119
3296	119
3337	3912
2834	3912
3690	3847
512	1414
4101	1414
488	1414
3575	1414
3283	1414
1810	1414
2901	1414
2121	1414
3057	1414
295	1414
958	1414
2316	1414
4083	1414
2872	2740
1253	4453
4116	3342
2511	2831
592	1605
969	592
881	2707
620	847
2510	847
1609	847
2195	847
4269	847
1375	847
2245	847
2646	847
4500	847
3389	847
1269	847
247	847
487	847
3780	847
3296	847
2823	847
2511	1977
3175	1977
2585	1977
2846	2463
4504	2463
3843	2463
2504	3873
1559	3873
2305	3873
3732	3873
1613	3690
7	3690
295	3690
323	4107
3662	1809
692	3214
41	3214
283	3214
1681	4050
4012	3858
3635	3858
152	3858
1559	3858
374	3858
4336	2603
1167	191
2420	191
7	191
488	191
3575	191
3502	191
4379	191
3283	191
1897	191
775	191
2890	191
1951	191
2121	191
2687	191
2533	191
551	191
17	191
295	191
958	191
1502	191
3624	191
3895	3365
711	3365
3931	3769
936	3769
1731	3769
1814	3769
4087	3769
3734	3769
2268	3769
1781	523
1981	523
960	523
4240	523
1597	523
1369	523
3930	523
2751	523
3328	523
189	3380
3170	3380
3577	3380
1253	3380
3175	3380
1262	3380
4009	3380
1724	4554
442	4336
250	4336
969	4336
1800	4336
250	3181
3758	3199
551	3199
2549	4020
2511	4020
2182	4020
4605	4020
2680	4020
1646	4020
1939	4020
2271	1014
3734	1725
4379	3539
413	3539
2890	3539
1526	3539
4062	3539
66	3539
1925	3539
1674	2639
2585	1976
982	1167
413	1167
580	1167
1951	1167
2901	1167
982	512
1218	512
30	1881
2070	1881
1690	1881
1262	417
3101	2474
2016	2474
3086	4056
4595	4056
1380	1061
1812	1061
1729	2277
280	2277
282	2277
1844	2277
3668	2277
2292	2277
3389	2277
1640	1781
2164	1781
3389	1781
3227	1781
3734	1781
3296	1781
2047	1781
3965	4078
1745	744
1496	744
881	744
4229	3300
2409	2263
4064	3829
4565	1745
3577	1745
292	1745
2223	1745
1524	1745
2321	1745
2511	2904
1532	4612
3895	1729
1033	1729
4354	1729
685	1729
2614	1729
3677	563
3638	563
2803	563
102	4410
3055	2762
2003	2762
890	2762
2343	2054
668	4024
1154	4024
2366	4024
102	4024
3222	4024
1295	4024
2458	4024
1598	4024
3101	4469
1349	4469
3843	12
3101	329
3175	2149
1981	3522
960	3522
4009	3522
1154	668
2366	668
102	668
1598	668
3895	668
859	668
1269	668
3175	668
550	2629
786	1938
4537	1938
2161	1938
92	4358
3734	4358
3296	4358
3046	4528
1925	4528
3106	3931
2002	3931
2808	3931
4017	3931
936	3931
1731	3931
1814	3931
4087	3931
3734	3931
2070	2244
2646	1197
4651	1197
3101	2228
897	4034
1530	4034
3677	4034
3638	4034
1546	4034
2803	4034
879	4034
1573	4034
4121	2734
927	1967
1455	932
3057	779
3734	2343
396	4659
81	4659
3793	4659
3560	396
2511	396
3793	396
719	4667
962	4667
4244	4667
2938	938
413	938
4590	938
4432	938
4431	24
1382	3789
3225	3789
1572	3789
3529	4545
2458	4545
1366	4545
1397	4545
849	620
4530	620
190	620
3424	620
1349	620
4437	620
3056	620
4278	620
2047	620
769	620
1391	620
4011	335
683	2784
2064	2784
1369	2784
3432	2784
1216	2784
1385	4550
4212	4550
650	4550
3843	4550
3916	4550
3734	4550
2017	4550
1385	1158
1382	2504
3595	2504
4293	2504
1363	2504
3989	2504
3708	2726
3817	2044
3230	2044
3734	80
1258	80
4373	80
1610	49
3477	49
3577	49
86	2423
4011	225
2469	4101
1897	4101
1951	4101
549	3228
2511	223
2129	1436
541	1436
3403	1436
2511	1629
969	1230
1229	1154
102	1154
2458	1154
133	1154
130	1154
2937	1154
3734	1154
3296	1154
4244	1154
3951	121
4437	121
3779	121
3975	121
3296	4
2374	3499
2226	3840
4357	3767
4323	3767
2511	3767
3692	3767
4326	3767
550	3767
1723	3767
2803	3767
4332	3767
1266	3767
1023	3767
2478	4357
2493	4142
3816	4142
488	2420
3502	2420
4379	2420
982	2420
2148	2420
1504	2420
2121	2420
2687	2420
2533	2420
949	2420
1868	2420
551	2420
295	2420
958	2420
3624	2420
3581	1818
2089	1818
3650	1818
2541	1818
2089	3581
3137	3581
1269	1123
2511	1127
1794	1127
3615	1127
56	1613
7	1613
488	1613
3502	1613
3283	1613
2363	1613
4665	1613
692	1613
3179	1613
2121	1613
2687	1613
2533	1613
949	1613
218	1613
551	1613
295	1613
1502	1613
1405	2935
295	2935
4009	2935
488	1405
2687	1405
295	1405
313	1405
4536	1405
1400	2938
3283	2938
2543	2938
1025	2938
2120	2938
2428	2938
160	2938
2276	2938
295	2938
4083	2938
313	760
2064	3655
4454	3655
86	3655
1369	3655
881	3655
3881	1864
3687	2078
4012	2078
1496	2078
1169	2078
2179	2078
2057	368
3692	368
458	368
4070	368
658	368
550	368
504	368
3921	368
4332	368
3011	368
1719	368
2833	368
3780	368
83	368
3692	1772
458	1772
504	1772
2203	1772
4117	669
4212	1385
2017	1385
3675	1385
206	4345
4651	4345
4343	4345
3780	4345
1889	1798
794	1798
3826	1798
206	2397
3780	2397
3502	1469
4614	3251
3105	3251
3389	3251
426	3251
2271	2092
3456	2092
3236	2092
3654	2092
3298	3343
3149	3343
504	3343
7	56
2511	56
3149	7
4379	7
3560	7
580	7
2363	7
1951	7
313	7
4643	4561
488	3298
3283	3298
2121	3298
2687	3298
4499	3298
295	3298
313	3298
2017	4212
3675	4212
3250	4212
931	4212
2759	4212
2011	4212
569	1007
933	1007
896	1010
3566	1010
577	1010
504	1010
2803	1010
1023	1010
2846	2454
1863	2454
1952	2454
4595	2454
1806	2454
1957	2454
1786	3055
4269	3055
3692	3055
2803	3055
4332	3055
2582	3055
2879	3055
2576	3055
26	3055
1266	3055
3278	3055
3312	2116
4005	3112
2511	4052
3465	4052
2070	246
2999	246
1637	246
855	246
4572	246
3317	246
4011	3529
4005	3529
2048	3529
3296	3529
1559	572
2613	3687
2685	3687
1652	3687
3477	3687
2909	3687
2785	3687
3173	3687
302	3687
768	3687
102	2389
1033	2389
3734	2389
1155	2389
4012	2613
4121	2613
3154	3178
3734	3178
3296	3178
1806	3551
519	3551
4010	1247
3502	488
4010	488
3934	488
4379	488
982	488
1810	488
2014	488
2435	488
1889	488
413	488
580	488
2872	488
1080	488
2363	488
2890	488
4066	488
4533	488
949	488
218	488
3930	488
1868	488
4643	488
551	488
2436	488
958	488
1925	488
2045	488
2239	488
313	488
2276	484
1502	484
3638	3589
1264	3589
2395	3589
3046	3589
110	3589
334	1400
4379	1400
3945	1400
3337	1400
2363	1400
1868	1400
4643	1400
1925	1400
2045	1400
313	1400
863	4606
897	4606
4595	1961
3296	1961
430	1229
2528	1229
2511	2163
2361	2163
3105	2163
1559	1140
1815	2211
896	2211
582	2211
550	2211
935	2211
3800	2211
3916	2211
2444	2211
3448	2211
81	3643
3916	3643
334	3149
775	3149
4651	3149
4393	3149
859	3149
507	2213
2946	812
4437	812
1559	812
3296	812
751	812
1315	3695
863	3695
4269	3695
758	3695
2227	3695
3389	3695
962	3695
2737	3695
990	3695
3584	3695
1314	3232
3638	3232
2150	3232
2289	3232
3236	3232
2803	3232
1236	3232
478	2861
295	2861
478	2741
571	2867
3734	429
4595	429
3009	429
1579	1016
2511	1972
2121	3507
4010	334
1220	334
4651	4525
3561	4525
846	35
1952	35
1860	35
430	29
1965	181
4539	430
1889	430
3817	430
1326	430
1708	430
2252	430
2648	430
2761	430
3637	430
1598	92
3633	92
1264	92
3166	92
807	92
667	92
1507	92
661	1786
1269	4631
3236	3693
1863	1815
3734	1654
1688	1654
838	311
982	2941
2271	2941
200	4167
1314	4167
3951	4167
4025	179
4512	3949
4012	3949
321	3949
986	3949
1481	3949
152	3949
3773	3949
1739	3949
374	3949
520	3949
1269	180
4011	740
1325	4512
1739	4512
374	4512
4354	4512
4595	4512
1547	4512
1094	1225
982	2774
295	2774
1502	2774
577	2010
2458	2010
230	2010
3596	2010
1556	2010
550	2010
3638	2010
3793	2010
4332	2010
1500	2010
2576	2010
83	2010
3227	3576
4379	3502
982	3502
3283	3502
2363	3502
2901	3502
2121	3502
1169	3502
2687	3502
2533	3502
4499	3502
4643	3502
551	3502
295	3502
1612	3502
2045	3502
3624	3502
2844	3502
3150	3502
3283	4010
2301	4010
3635	4010
3548	4010
4533	4010
295	4010
313	4010
66	3934
2844	3934
1468	1382
4297	3639
4595	3639
4224	1223
102	1223
3827	1223
4017	1223
3432	1223
2444	1223
3296	1223
3796	4224
2909	4224
2444	4224
3230	4224
1422	1610
2024	1610
4011	1610
3692	1610
3837	1610
282	1610
4382	1610
2308	1610
1347	1610
1286	1610
691	1610
1347	1422
1282	1422
859	1422
3477	937
4504	937
1728	937
206	937
2701	937
4352	1150
865	1150
1325	1150
4354	1150
1878	1150
326	1150
1547	1150
3520	1150
4614	719
661	719
2383	719
4275	719
1194	719
1584	719
1612	719
1795	719
206	4125
4676	1176
2384	1176
2366	4308
3130	710
4567	710
3734	52
1366	1315
3166	1315
1397	1315
1621	1315
2753	1315
3080	1315
66	2469
2182	2024
960	1981
2633	1981
3547	1981
3328	1981
1825	960
2633	960
3547	960
3328	960
3442	442
991	442
919	442
685	442
2122	442
122	442
4437	3442
122	3442
1726	3707
3038	3707
885	3707
3145	2210
1246	200
1314	200
807	200
1314	1246
3259	1246
2511	846
1094	3249
4595	1151
3580	1314
1428	1314
2064	1314
2302	1314
2612	1314
1546	1314
2746	1314
39	1314
4276	1314
2719	1314
86	1314
3978	1314
2444	1314
2580	1314
4168	1314
1418	1314
2018	1314
4203	1314
4609	1314
4347	3580
3259	3580
1066	3580
3734	1292
1902	1292
1428	2374
1601	1235
1094	1235
3734	1235
2057	1304
2294	1304
3432	676
4595	676
3734	1378
594	1378
4454	2410
4305	1219
1555	1219
1647	1219
3619	1219
1555	4305
687	1555
1080	1833
1082	1833
982	4379
3283	4379
1522	4379
3775	4379
2319	4379
2363	4379
661	4379
304	4379
2901	4379
2121	4379
2687	4379
2533	4379
949	4379
1868	4379
69	4379
295	4379
1411	4379
1502	4379
1925	4379
3150	4379
3915	4379
313	4379
3283	982
1897	982
3566	982
1889	982
1080	982
2363	982
2890	982
1951	982
1504	982
4533	982
1269	982
4259	982
2121	982
2687	982
2533	982
949	982
551	982
17	982
295	982
1502	982
2045	982
3624	982
3915	982
313	982
2667	2685
3427	2685
2070	2685
609	2685
1408	2588
1640	1128
4011	2510
81	2510
1724	2510
3635	2510
2226	2510
402	2510
206	262
3780	262
4651	1679
2271	3283
2014	3283
3353	3283
2435	3283
413	3283
2872	3283
3337	3283
2890	3283
4533	3283
949	3283
218	3283
1868	3283
4643	3283
551	3283
2436	3283
295	3283
958	3283
1925	3283
2045	3283
2844	3283
313	3283
2511	3106
3154	3106
2498	3106
986	3106
4156	3106
2301	3106
1209	3106
3144	3106
57	3106
3577	3106
3519	3106
1537	3106
3734	3106
691	3106
734	3106
2161	3106
4064	1428
1266	1428
4500	1789
278	1601
390	1601
62	1601
4333	1601
2152	1601
2765	1601
1269	1601
86	1601
4279	1601
1253	1601
1852	1601
2080	1601
2156	1601
4277	1601
1943	1601
1810	2271
2895	2271
1775	2271
478	4464
794	4464
1387	4464
295	4464
276	1647
1282	1647
4040	1647
3389	1647
3296	1647
1043	2304
3504	2304
2721	1388
1267	1388
2031	1388
986	4539
2779	1640
1202	1640
3456	1640
1185	1640
3577	1640
2765	1640
4581	1640
4064	1640
3640	1640
4449	1640
1023	1640
2735	1640
2646	3560
282	3560
3677	3560
3638	3560
2803	3560
3734	3560
3296	3560
390	4323
3578	4323
4297	4323
3992	2579
947	3608
1900	3608
522	3608
1528	947
2529	947
3962	947
844	947
3432	947
788	764
3734	764
1547	764
2511	549
2366	549
3222	549
2879	549
102	3495
865	4518
4023	4518
227	4518
842	4518
4437	4417
897	172
896	172
2646	172
3227	172
899	172
1094	172
522	172
2533	1810
295	1810
1925	1810
3097	1810
897	4057
3986	369
3734	1248
81	462
2511	462
3101	462
3179	462
986	863
2120	863
3734	863
2814	863
3318	863
3296	863
2458	189
3650	189
4627	189
1802	189
914	189
3230	956
1269	4222
2409	2499
2895	2499
206	849
1347	1252
4473	1252
2195	1609
2766	1609
247	1609
487	1609
3547	1609
2766	2195
247	2195
487	2195
3547	2195
3734	4676
3296	4676
3154	1195
3734	1195
3296	1195
3236	341
1190	834
3734	834
643	1037
3734	1037
388	3595
1380	4003
1556	4003
1496	4003
3619	4011
2354	4011
3656	4011
1952	4011
2226	4011
2858	4011
3713	4011
3619	2948
2226	2948
4504	3477
1282	3477
4071	3477
3166	3477
4047	3477
606	3559
30	3559
1379	3559
4666	3559
2458	4269
4671	4269
1646	4269
247	4269
3692	2644
4605	390
3951	390
1455	390
1220	390
1033	390
1749	2846
4047	2846
3641	2846
3078	4044
3144	4044
3312	4044
3577	4044
3734	4044
3296	4044
3734	220
3296	220
3236	478
661	478
2325	478
3166	4504
4047	4504
2272	4504
896	897
1644	897
2779	897
3951	897
4673	897
4121	897
3227	897
1559	897
3046	897
687	82
3951	82
504	82
4437	82
3916	82
3992	896
2646	896
3951	896
3827	896
2164	896
3227	896
3992	81
366	81
1644	81
4382	81
2779	81
3793	81
3951	81
2098	81
4673	81
4121	81
3918	81
2745	81
1694	81
1705	81
3975	81
3101	3923
2779	3923
3101	1590
1269	1456
1502	3353
3837	991
3984	991
4062	991
110	991
3230	2435
295	2435
3734	1255
4429	3619
1954	3619
2511	3753
540	2913
1627	2913
1110	3161
3227	3161
1954	3161
2047	3161
3998	79
3154	2108
1594	2108
3734	2108
2355	2514
3444	2514
885	2514
2511	2355
3230	2355
3222	2549
1295	2549
3606	2549
969	250
2547	250
1025	250
1269	250
458	2057
504	2057
535	2057
969	683
1726	683
10	683
3992	822
3806	3992
3577	3992
161	3992
4285	3992
976	3992
3207	3992
3587	3992
3904	3992
4671	3674
3635	3674
935	3674
431	3674
1289	3674
2765	3674
86	3674
2366	4115
3162	2006
2533	966
3668	280
3444	280
3444	3970
541	2129
869	2129
1369	2129
3582	2129
1606	2847
1312	2847
4578	1218
1289	1218
4017	3796
1731	3796
4595	232
3424	2245
1325	2245
990	2245
4382	366
540	366
3008	366
3163	366
501	366
1442	366
3916	366
2745	366
1795	3987
4599	4628
4592	3564
4454	3564
3962	3564
1594	3564
1749	3564
962	3564
2298	2511
2062	2511
4326	2511
737	2511
4429	2511
4671	2511
2902	2511
928	2511
215	2511
1249	2511
4127	2511
3337	2511
964	2511
1951	2511
68	2511
4228	2511
2919	2511
2882	2511
1593	2511
2377	2511
2679	2511
597	2511
1111	2511
4121	2511
3142	2511
3882	2511
864	2511
4040	2511
1030	2511
1635	2511
1217	2511
1690	2511
3105	2511
60	2511
3615	2511
4037	2511
2924	2511
4391	2511
2943	2511
1771	2511
1253	2511
3964	2511
216	2511
1980	2511
3132	2511
3279	2511
3485	2511
2545	2511
54	2511
1852	2511
122	2511
126	2511
148	2511
222	2511
307	2511
416	2511
447	2511
524	2511
573	2511
931	2511
1067	2511
1093	2511
1149	2511
1196	2511
1497	2511
1517	2511
1612	2511
1616	2511
1626	2511
1685	2511
1803	2511
1871	2511
1876	2511
505	2511
2216	2511
1795	2511
2243	2511
2654	2511
2690	2511
2823	2511
2850	2511
2912	2511
3087	2511
3097	2511
3395	2511
3462	2511
3610	2511
3662	2511
3701	2511
3720	2511
3724	2511
3797	2511
3811	2511
3891	2511
3910	2511
3985	2511
4119	2511
4264	2511
4388	2511
4443	2511
4536	2511
4569	2511
4615	2511
4626	2511
2161	2511
2779	1644
1325	1644
3837	3154
2227	3154
2779	3154
1209	3154
1532	3154
3144	3154
1594	3154
1749	3154
57	3154
1222	3154
3577	3154
4437	3154
4546	3154
1051	3154
1597	3154
247	3154
3734	3154
1771	3154
1001	3154
3250	3154
3624	3154
3547	3154
4462	2298
3567	2298
3740	454
2779	427
1849	2064
22	2064
4231	2064
3236	2064
41	2064
3235	2064
4064	2064
10	2064
3473	2064
3962	1849
1380	843
3577	843
3011	843
3734	843
3662	843
1566	625
1347	625
1083	625
3296	62
1888	62
1559	4439
2003	2088
2719	2088
969	568
458	3692
504	3692
1653	3692
2833	3692
3986	3692
1694	3692
86	4645
1309	458
658	458
550	458
504	458
4632	458
2833	458
83	458
976	458
2366	758
206	758
2600	2003
3742	2003
3135	2176
1749	2646
838	2646
3734	2646
3296	2646
962	2646
4278	2646
3197	2788
775	3566
2182	775
2501	775
3011	775
1113	775
1262	4160
276	1110
431	1110
3921	1309
3230	3837
2100	3837
2711	3672
3606	577
4596	577
1033	2624
1954	2624
3975	2624
2808	2495
3662	2495
3101	1530
2070	2062
3519	2062
3101	2711
3101	2884
3230	2884
2477	1380
3175	4367
1692	4367
3911	1114
3222	729
4651	729
1731	2002
3662	2002
3734	1764
251	1764
230	1539
102	2366
3222	2366
1295	2366
2458	2366
4145	2366
2148	2366
2553	2366
1190	2366
340	2366
3615	2366
2701	2366
3166	2366
4335	2366
3309	2366
1226	2366
2876	2366
3803	2366
734	2366
3222	102
1295	102
2458	102
2148	102
1728	102
2070	102
2906	102
4177	102
2164	102
855	102
133	102
4556	102
4354	102
3986	102
1604	102
2974	102
1295	3222
2458	3222
2925	3222
1728	3222
2070	3222
2701	3222
251	3222
2458	1295
1077	1295
943	1295
3916	1295
4179	1295
1379	1295
4197	1295
2730	1295
2132	1295
3087	1295
3893	2458
3896	2458
3842	2458
1728	2458
206	2458
2070	2458
1455	2458
4087	2458
2701	2458
2276	2458
199	2458
1164	2458
1552	2458
1958	2458
1959	2458
2759	2458
2822	2458
3087	2458
3630	2458
3984	4326
206	4326
3389	4326
4377	4326
4382	4585
1379	606
4666	606
2701	606
1547	606
791	606
3110	606
4429	2182
2779	2182
3577	2182
1954	2182
3828	2182
3236	3893
1771	3361
2294	1528
1369	1528
1216	1528
3756	2294
1635	2294
3773	2294
4571	2590
3230	2590
3413	2590
1496	737
4121	737
1269	737
3638	282
1546	282
859	282
2576	282
3463	282
2121	1889
2687	1889
1047	1889
3915	1889
2687	413
3682	413
295	413
1502	413
1925	413
3553	413
2104	582
3013	582
869	541
1324	541
1369	541
295	2694
1951	580
68	580
3355	580
295	580
958	580
1502	580
883	2742
1951	2742
4229	3823
628	3823
885	3823
2189	3823
2547	4565
1749	4565
1269	4565
2638	969
1800	969
586	969
1095	969
3734	969
573	969
576	969
615	969
626	969
1196	969
1376	969
1925	969
2091	969
2208	4005
2493	4005
206	600
4601	3323
2022	3170
1418	4145
1749	4592
3577	1611
348	1611
4437	276
4047	276
283	276
2565	3101
2501	3101
2529	3101
3677	3101
2428	3101
4546	3101
2882	3101
4604	3101
4002	3101
1606	3101
2035	3101
374	3101
2966	3101
2687	3101
962	3101
1083	3101
2586	3101
265	3101
325	3101
2316	3101
2083	3101
2337	3101
2599	3101
2650	3101
2844	3101
2876	3101
2912	3101
3565	3101
3603	3101
3711	3101
3947	3101
4009	3101
4097	3101
4012	3430
2208	3430
152	3430
374	3430
321	4012
473	4012
152	4012
3773	4012
1559	4012
1739	4012
374	4012
520	4012
3734	4012
1071	4012
1547	4012
1173	321
152	321
1559	321
1325	321
1739	321
374	321
4595	321
842	4412
3660	3749
913	3749
3826	2565
3734	3114
1259	2208
1190	2208
1347	2208
3432	2208
927	2208
2667	2794
3427	2794
2529	2254
3606	2254
1369	2254
1559	2254
957	2254
3221	2254
4665	4462
66	2266
3465	4207
1586	4207
501	4207
3296	4207
2125	4207
1418	4207
4491	4207
1666	3756
2150	3756
1188	3756
1094	3756
3296	3756
3173	3141
3993	3141
986	1488
2625	1488
1094	1488
4342	1488
859	2501
218	2501
1286	2501
100	230
283	230
1888	230
3236	840
1954	4206
3230	4206
1190	4429
431	4429
1952	4429
874	4429
1954	4429
687	3656
1282	3656
3660	3656
2164	3656
1033	3656
1954	3656
2222	3656
1705	3656
271	1544
2902	3465
4448	3465
3653	3465
1282	3465
3494	2902
1417	2227
2121	2872
295	2872
2394	2872
4229	1159
86	243
1943	243
3546	4290
1486	2103
507	1201
1878	2724
4032	2724
3230	4359
3411	4359
2983	2617
3296	2543
2808	3956
2909	4382
3008	4382
1325	4382
2745	4382
2140	1259
4584	1259
3895	1259
2012	3976
3122	3976
2746	2612
3832	2612
39	2612
1782	2612
2580	2612
1500	2612
4285	2612
4609	2612
3895	1598
3235	1598
1080	4590
650	4590
192	4590
1728	3596
1209	698
1269	4147
2301	3482
4595	3482
1728	1085
2301	3364
1728	3364
1728	3224
152	2056
692	987
962	987
3937	1934
3197	4304
1397	4304
3663	4304
3638	2571
1175	2571
86	2767
1943	2767
1954	3633
3160	3633
4546	323
2766	323
1417	986
2804	986
1532	986
3322	986
3144	986
1594	986
1749	986
2318	986
1665	986
842	986
853	3892
1269	4629
3230	3030
4337	3030
3236	928
4595	4396
4288	3513
4458	1639
2156	1639
1749	4156
3916	4156
4427	2713
4465	2308
3998	2308
3163	2625
4335	2625
4399	2625
507	1695
504	3887
3427	2667
152	2667
4215	2667
2232	2667
3145	2667
152	3427
4215	3427
2232	3427
3145	3427
3606	1556
3606	4465
3606	3334
852	2779
3650	2779
3444	2779
3998	2779
3963	2779
1023	2779
734	2779
2101	1843
2680	1843
1033	1843
4595	1843
3780	1843
544	852
4595	4642
298	4642
3954	3618
4391	1965
199	1965
1666	3272
3456	3272
1025	3988
1470	865
420	865
1325	865
4023	865
227	865
4595	865
1878	865
326	865
1547	865
3520	865
2223	865
2017	865
2503	865
507	2983
3163	540
1442	540
4500	540
2745	540
4391	1080
2780	1080
1925	1080
2239	1080
2301	1417
3322	1417
1594	1417
3456	1417
1749	1417
3439	1417
3577	1417
3010	1417
3734	1628
3296	1628
4651	4454
3660	4454
2223	4454
4297	3578
4595	3578
3780	3578
3627	3578
3975	3578
3444	3650
3963	3650
3126	1025
3734	1025
3236	3126
3734	1666
4087	1997
388	1997
2585	1997
3962	2529
844	2529
4231	2529
1369	2529
2940	2529
2223	2529
844	1726
4231	1726
1369	1726
2940	1726
842	1726
3951	4070
980	2875
2803	2875
1717	2875
2070	3896
2803	3896
504	658
1546	3677
2098	3677
2803	3677
4332	3677
83	3677
3638	550
504	550
3921	550
2833	550
1878	550
3986	550
1546	3638
3337	3638
4177	3638
2882	3638
2803	3638
1363	3638
2576	3638
4203	3638
4584	2140
2909	2140
3895	2140
3011	2140
1878	2140
1023	2140
1325	4584
1878	4584
326	4584
1094	215
2803	1546
3937	2880
1209	2301
1594	2301
1749	2301
2318	2301
3577	2301
850	2301
1050	318
1532	1209
3144	1209
3389	1209
3734	1209
1204	1209
2161	1209
643	2427
3577	4306
844	3962
1749	3962
1369	3962
2940	3962
881	3962
2597	3962
2223	3962
939	3962
881	844
913	844
1532	2610
1594	2610
1749	2610
1540	2610
1594	2804
1749	2804
1594	1532
3456	1532
1749	1532
3577	1532
1540	1532
1960	1532
3439	3322
1594	3144
1749	3144
57	3144
1496	3144
1537	3144
3734	3144
1749	1594
2471	1594
3312	1594
3577	1594
3734	1594
3010	1594
2363	3456
3439	3456
3577	3456
1496	3456
1592	3456
3296	3456
958	3456
2471	1749
3577	1749
3444	1749
1592	1749
3734	1749
1050	1749
3520	1749
3010	1749
2614	1749
1537	57
3734	57
3010	2318
1147	2318
2614	2318
1540	2471
3496	2471
152	4653
1559	4653
374	4653
3485	2944
1301	2608
807	1800
1180	2215
2034	3297
3328	3297
1632	4110
1479	4110
1479	1632
4595	3261
3150	3261
4595	1331
2666	4231
10	4231
1952	1207
3308	1207
2364	1207
1496	1142
4365	916
3230	2224
3832	2746
39	2746
1782	2746
3734	2746
1689	2746
4609	2746
3278	1381
4595	3605
1269	2992
1559	316
3175	316
4347	1566
4347	3815
4347	1250
717	1250
2337	1250
3018	1250
4322	1250
1844	2150
4347	2150
717	2150
3018	2150
218	2909
1954	1724
110	1724
295	3909
3679	3084
3734	814
3682	1812
3734	190
1559	1326
3436	1326
599	3515
3192	3515
791	3515
2753	975
538	142
3013	4154
736	2289
3773	2465
3945	925
1761	925
4595	4022
3945	1579
838	1579
651	1579
1559	1579
3989	1579
980	3945
2231	3945
4087	3945
838	2066
2236	2066
3842	2723
643	2428
3491	980
1925	3842
2236	838
2955	838
1269	838
39	3832
1782	3832
2580	3832
4609	3832
152	1481
374	1481
1635	324
853	324
1169	473
4116	473
206	3424
2493	3424
3046	3424
957	3424
3236	78
3734	725
3843	3667
3916	3667
3930	3667
2824	238
4347	1844
2363	3337
3105	3337
4259	3337
2121	3337
2533	3337
4643	3337
295	3337
3680	3337
3742	4347
2561	4347
3611	4347
1391	4347
2890	2363
1045	2363
949	2363
218	2363
1868	2363
551	2363
1925	2363
2045	2363
313	2363
2045	412
2982	412
3310	412
2226	964
3624	964
3391	3294
326	3294
3984	1723
3389	1723
1954	1723
3230	1723
4377	1723
3230	2693
1680	3984
3230	3922
3989	3922
2384	4240
206	1203
66	21
199	612
1173	4395
332	4395
3734	3035
507	4229
3951	3299
4249	3299
2600	3793
3606	3793
1286	1185
3806	2890
2121	2890
2533	2890
66	2890
1925	2890
313	2890
2600	3895
1471	3895
1071	3895
4064	3895
685	3895
3660	3635
1033	3635
3046	3635
2047	3635
3975	3635
3663	3635
825	1617
2901	1951
1868	1951
4643	1951
551	1951
17	1951
295	1951
2178	1951
3708	3542
687	647
4040	647
1787	647
3368	647
4562	647
3175	647
2047	647
4605	687
1453	687
115	687
3312	687
1763	687
4153	687
1863	687
4040	687
1787	687
874	687
1468	687
3368	687
4562	687
2047	687
3547	687
3328	687
3742	786
4562	786
1957	786
1399	1065
4595	1077
2719	4458
4276	3259
2797	3259
4377	3259
2719	1066
1094	1190
3179	3567
304	456
2274	4605
1453	4605
2101	4605
1468	4605
4064	4605
3780	4605
306	4605
4153	2274
1468	2274
4571	2274
3312	1453
2101	1453
1468	1453
3787	1453
388	1453
1705	1453
2101	115
515	115
1763	3312
3577	3312
4153	3312
2101	3312
1468	3312
1915	3312
1576	3312
3152	3312
504	1763
2101	1763
1468	1763
3780	1763
86	2183
295	3806
2045	3806
3389	2139
4259	1504
2923	1504
4073	1504
218	68
2452	68
3734	1222
3296	1222
306	2808
83	2808
4372	2808
4661	2808
2541	2808
206	1728
2070	1728
1379	1728
4666	1728
2701	1728
1267	1728
2701	30
3734	30
1050	30
3152	30
2070	206
2334	206
1379	206
4666	206
1001	206
2731	206
637	206
3229	206
2701	2070
1050	2070
4100	1905
3444	1905
3734	1905
3444	3954
2161	3954
2906	4297
4595	4297
3780	4297
4595	2333
3230	3719
313	3719
4006	3577
1033	3577
4332	3577
1468	3577
1719	3577
2561	3577
1325	3577
3734	3577
3998	3577
4204	3577
3250	3577
2100	3577
3292	3577
1023	3577
2735	3577
1996	3443
3296	755
204	755
2047	755
4437	3742
1021	3742
4064	3742
939	3742
1782	39
2580	39
4168	39
962	39
4609	39
3997	544
4437	1276
782	1276
4168	1782
4609	1782
1954	1264
2241	3606
4335	3606
1547	3606
1500	3606
1959	2835
1173	4153
626	2577
496	4288
2337	4288
1182	504
1593	504
4632	504
1468	504
4393	504
2833	504
2643	504
3046	504
83	504
976	504
1757	504
4533	4432
3734	1883
2814	1883
519	1511
2047	344
3105	1135
228	1135
942	622
1173	3489
1347	3489
1338	3489
2478	3489
3827	3489
962	3489
1338	1173
2101	1173
1455	1173
1952	1173
2170	1173
1220	1173
2680	1173
1033	1173
1915	1173
1325	1173
4556	1173
2222	1173
962	1173
2226	1173
736	1349
2493	1349
3816	1349
1033	1349
2101	1347
1952	1347
1033	1347
2222	1347
1083	1347
685	1347
4620	1347
3641	1347
2478	1338
1915	1338
2226	1338
3273	1282
1586	1282
1033	1282
3734	1282
3517	1282
3145	1282
4503	1282
3827	3273
3471	4437
3734	4437
1294	4437
782	4437
1877	4437
2609	1586
3086	736
798	2899
3227	2478
2226	2478
161	3668
685	882
268	882
4278	882
1183	882
3250	1519
2255	1519
4651	648
2785	648
3724	648
3296	4312
4562	4312
3720	538
4407	3441
798	2919
3816	2493
3173	2493
3734	2493
431	3816
1419	3816
1033	3816
444	3816
4595	96
3163	3008
954	3008
1442	3008
2745	3008
2906	833
3080	833
4588	650
3173	4651
1030	4651
1283	4651
2104	4651
4205	4651
126	4651
3328	4651
2737	2785
1001	3726
4595	3959
3080	2906
3236	393
160	3236
569	3236
4179	3236
4365	3236
3918	3236
4205	3236
426	3236
1711	3236
2888	3236
3211	3236
3278	3236
3603	3236
3857	3236
3910	3236
4264	3236
3268	3236
2968	3236
885	3444
298	320
1267	320
899	4177
3679	2098
2803	2098
3734	4546
1604	797
885	539
2679	919
122	919
3545	1496
2530	1496
1662	1496
3624	1496
3603	1496
2966	3519
3080	3519
734	3519
3862	1879
2164	431
3197	431
3734	431
347	431
825	431
3389	2292
3227	2292
4571	2292
3296	2292
4204	2292
1455	2164
4595	2164
3694	2164
3470	4043
4037	3173
283	3173
3175	4578
3773	152
1739	152
520	152
1071	152
4354	152
3250	152
4121	765
4121	3679
2763	2679
4673	2679
4670	2679
4121	2679
4121	2763
4121	4673
3918	4673
3916	3843
3918	3843
2745	3843
1363	2803
3986	2803
1236	2803
1317	2803
643	1051
3941	1051
2492	597
751	151
4275	3135
148	3135
1269	742
1419	2101
1455	2101
1220	2101
2680	2101
1033	2101
1468	2101
1423	2101
1455	1419
1220	1419
2680	1419
1033	1419
2249	1419
1423	1419
1220	1455
2680	1455
1033	1455
2545	1455
2680	1952
1033	1952
515	1952
3780	1952
2699	1952
2680	1220
1033	1220
1008	1220
1423	1220
4121	4670
1442	4121
842	4121
2450	643
2912	643
3100	643
2754	3185
4595	3666
3527	3666
1033	2680
1423	2680
1269	1033
3503	1033
1954	1033
4047	1033
1423	1033
3556	1033
1325	3545
936	4017
1731	4017
1814	4017
1731	936
4672	936
1814	936
4087	936
3734	936
83	936
1814	1731
4087	1731
3734	1731
83	4632
1573	4632
4595	4066
1442	501
3743	501
3916	1442
325	3882
227	1646
4244	902
3428	700
1540	4040
3734	943
4500	874
2719	874
3296	874
1286	874
4204	874
3556	874
3826	874
1878	4500
3734	1597
859	3011
1277	3011
2121	4533
2687	4533
2533	4533
949	4533
295	4533
2045	4533
4562	1445
3046	1445
4562	2765
4562	1635
2429	1635
3473	1635
4075	1635
4343	661
2879	661
958	661
1604	661
1612	661
1890	661
2403	661
4001	661
4264	661
507	2020
3644	1000
1324	869
3662	4276
306	1468
3389	2334
1705	2334
1888	2334
1954	2196
1759	2719
1637	2999
4572	2999
2844	3871
1665	853
4498	853
2753	853
3086	1109
1665	3086
2895	3086
1954	3086
873	3086
1397	3086
692	4665
859	4665
2895	4665
3629	4665
2016	4665
1366	3800
3642	3225
1584	1366
1612	1366
3794	1366
1397	1366
304	3179
2687	3179
794	3179
2237	3179
4517	3179
295	3179
304	4393
3105	4393
4595	4393
66	4393
3025	4393
3105	304
3296	304
1925	304
2730	3105
4567	3105
295	3105
2821	3105
1094	859
1286	859
28	1665
4275	1665
4556	1665
4498	1665
3629	2895
2016	2895
873	2895
3485	2895
913	133
825	1540
2955	3389
60	3389
4383	3389
1078	3389
2731	3389
4278	3389
4205	3389
2609	3389
60	2955
4383	2955
4383	60
283	4383
675	1269
283	1269
10	1269
4499	1269
197	1269
222	1269
301	1269
957	1269
958	1269
1137	1269
1267	1269
1892	1269
2798	1269
4226	1269
4268	1269
4318	1269
4322	1269
4476	1269
4496	1269
4427	2035
2580	2035
3230	2035
247	2766
487	2766
2099	2766
3547	2766
1706	160
227	420
1547	420
2585	420
227	1515
326	1515
1500	2241
1860	2241
2230	4071
3995	4036
2943	271
283	271
789	1900
2230	789
2226	2934
899	247
487	247
3734	247
685	247
628	247
1194	247
3547	247
3328	247
3734	3916
3825	3916
3383	3916
2623	3916
522	3916
885	3916
1094	3773
374	3773
3611	3773
1878	3773
1687	3773
3175	3445
899	569
3328	569
899	3227
685	3227
3508	3227
3328	3227
3734	899
3556	899
3328	899
1954	3598
3636	3615
3663	3615
1888	4672
4087	1814
3734	1814
1604	3997
913	130
2008	3503
2383	86
2276	86
3145	86
4510	86
1943	86
1943	3779
3682	4037
507	2225
4571	1954
1294	1954
3013	1954
1180	1954
3229	1954
3080	1954
3230	3740
881	1369
3432	1369
2597	1369
2223	1369
3998	1369
1759	1369
2888	2940
3432	3937
4273	3937
4082	2901
17	2901
357	2901
4047	4571
1371	4571
2850	4571
2701	1379
3110	1379
2701	4666
3734	4666
3296	4666
1943	2383
3734	784
4354	1094
3611	1094
4064	1094
2226	1094
3409	1094
3230	2894
1143	2894
1752	2894
949	2121
1868	2121
66	2121
1925	2121
2045	2121
2844	2121
313	2121
3845	3418
1795	487
3547	487
2299	1057
1584	1057
1612	1057
1795	1057
2528	1057
2753	1057
3734	3845
3296	3845
3590	3845
3689	4292
4064	1559
798	1559
2134	1559
3046	1559
800	1559
1180	1559
1301	1559
1435	1559
2296	1559
2957	1559
3121	1559
4226	1559
3734	2561
3296	2561
3230	2561
3734	881
2223	881
2004	881
1216	3432
2223	3432
1759	3432
3018	3432
3930	2924
3686	41
3038	41
3038	3686
2988	4581
4244	2048
832	3978
3471	4427
2580	4427
3230	4176
3915	1298
3328	1298
890	4455
4023	1325
1032	1325
4064	1325
4595	1325
1878	1325
494	1325
326	1325
1547	1325
2745	1325
1032	4023
227	4023
2916	4023
4595	4023
2916	227
374	227
842	227
326	227
1547	227
3520	227
2017	227
3508	227
3250	227
1547	2916
2017	2916
374	1739
4354	1739
3611	1739
520	374
1071	374
4354	374
3611	374
1547	374
3250	374
3611	520
3734	2937
3296	2937
4300	1537
734	1537
2161	1537
2912	2966
4595	4556
949	2687
1868	2687
551	2687
958	2687
2844	2687
313	2687
2249	3734
2309	3734
1771	3734
2017	3734
1001	3734
3269	3734
1078	3734
717	3734
1371	3734
2545	3734
804	3734
1674	3734
3624	3734
2467	3734
2585	3734
2888	3734
3037	3734
3152	3734
3627	3734
3908	3734
4388	3734
3547	3734
4596	2662
524	2814
751	2814
2585	2814
4507	4596
4480	4596
3296	946
3269	4400
515	2879
4047	2222
4354	1071
3611	4354
3079	3611
3132	3611
2047	3611
2067	4498
3296	2086
682	3235
1795	3235
3278	3235
3520	4064
3230	4064
388	4064
3229	4064
4009	4064
2518	4064
807	3166
1746	2507
1868	2533
551	2533
507	2533
958	2533
1925	2533
2239	2533
313	2533
1943	1387
667	807
2731	4047
957	4047
3826	4047
981	108
4116	4595
1572	4595
4062	4595
76	4595
336	4595
830	4595
931	4595
1265	4595
1401	4595
1825	4595
1927	4595
1928	4595
2329	4595
3028	4595
3584	4595
4077	4595
3963	4595
3995	4595
4025	4595
4092	4595
4119	4595
1397	4595
1500	3780
1001	3780
519	3780
637	3780
825	3780
1500	2444
1871	3642
583	283
83	283
2284	283
1868	949
295	949
1755	949
3915	949
2255	10
842	1660
4168	2580
1253	4279
3013	1294
2017	842
4009	3013
913	1050
3682	2276
3624	2276
3278	2276
1205	2276
1943	2276
1878	3318
3349	3318
326	3318
1547	3318
3512	3318
3520	3318
494	1878
3349	1878
326	1878
1547	1878
3512	1878
3520	1878
2745	1878
326	494
1547	494
3332	494
1547	326
3520	326
3512	1547
3520	1547
1730	1547
388	3520
2325	3160
551	218
3641	218
1502	218
3150	218
3993	218
1771	3296
2027	3296
717	3296
4204	3296
1371	3296
2927	3296
166	3296
524	3296
1411	3296
1957	3296
2099	3296
3624	3296
2753	3296
2223	962
2780	962
1612	962
1680	962
1688	264
4116	264
4328	264
4116	1688
3046	685
268	685
1183	685
4232	685
3145	685
3828	685
2047	4620
3680	1771
2609	1253
610	2125
3175	1572
4337	1868
69	1868
295	1868
1502	1868
3624	1868
3569	1868
3918	2751
4656	2751
3517	3918
3755	298
4474	2395
2858	2395
3663	2395
2047	4474
3009	4474
295	4643
1502	4643
3109	4643
66	4235
2011	2017
4431	3998
3230	2340
3175	1001
2100	1827
4478	3269
295	551
701	551
958	551
2045	551
3150	551
798	2731
1286	2731
2226	2731
2047	2731
83	1286
2609	1286
4496	1286
1397	1286
3854	2226
4370	2226
3826	2226
3975	2226
927	1284
4491	1689
2585	170
295	66
1175	66
2823	66
3278	66
3553	66
830	2522
1524	1147
791	599
782	913
968	3175
1148	3175
122	2122
1183	4560
4232	4560
3230	1980
4232	1980
4337	1980
3230	268
4232	268
3230	4278
1183	4278
4232	4278
4232	3230
3279	3230
186	3230
691	3230
716	3230
2080	3230
2268	3230
2747	3230
2819	3230
3158	3230
3211	3230
3245	3230
3694	3230
3939	3230
4232	1183
2021	2858
4082	4134
4082	1939
791	3192
3561	3192
3485	1535
752	2758
2011	2758
3080	2758
3080	752
295	2436
4204	4205
2239	17
558	42
3662	1852
342	3250
1502	69
1795	122
4092	148
2327	158
2047	186
2031	197
1420	207
2285	219
1335	236
701	295
958	295
1925	295
2045	295
1795	295
2452	295
2824	295
2844	295
3553	295
313	295
4536	295
507	317
3448	361
3278	371
2189	388
3627	388
727	402
3708	2047
3680	2047
3663	2047
3176	461
3401	480
1958	506
4575	507
3527	507
1668	558
1023	588
1196	594
1876	594
691	613
1584	804
1358	825
1957	825
2327	915
3995	927
1120	931
2189	977
4310	978
3400	983
1262	1011
1694	1011
1262	1073
4025	1155
3328	1164
2031	1175
3049	1196
1925	1399
3155	1399
2162	1418
4569	1418
2373	1507
1612	1584
2021	1584
1795	1584
3821	1584
1397	1584
1621	1584
2753	1584
3663	1584
2817	1599
3794	1612
1795	1612
3821	1612
1397	1612
1621	1612
2753	1612
3663	1612
3080	1612
3496	1616
4123	1681
2339	1692
1943	1854
1956	1925
2770	1927
2131	1947
3853	1947
3662	2004
3794	2021
4510	2021
3680	2031
3826	2031
3150	2045
3738	2059
3665	2100
1795	3794
3624	3794
3821	3794
1397	3794
1621	3794
2753	3794
3663	3794
3080	3794
2392	505
3627	2189
2968	2229
3624	1795
1397	1795
2844	3624
1205	3624
3662	2456
3328	2633
2870	2844
3278	2915
3229	3037
3662	3100
3662	3277
3826	3680
4009	3797
1397	4510
1943	4510
3663	2753
2735	1023
3328	3547
