0	353
0	370
0	471
0	536
1	8
1	293
1	579
6	590
8	293
8	579
9	51
9	62
9	379
9	463
10	696
10	718
11	314
11	392
11	457
11	586
11	737
13	296
15	26
15	33
15	52
15	71
15	80
15	90
15	115
15	132
15	172
15	189
15	323
15	325
15	390
15	428
15	524
15	527
15	533
15	567
15	627
15	663
15	707
15	737
15	744
15	810
15	819
15	838
15	839
16	56
16	731
17	369
17	688
19	34
19	107
19	178
19	228
19	316
19	384
19	430
19	572
19	770
23	82
23	139
23	157
23	166
23	171
23	190
23	340
23	484
23	548
23	604
23	683
23	745
25	134
25	672
26	32
26	33
26	37
26	52
26	66
26	69
26	71
26	90
26	99
26	103
26	104
26	115
26	132
26	172
26	185
26	189
26	192
26	220
26	256
26	271
26	282
26	288
26	305
26	314
26	325
26	360
26	434
26	439
26	457
26	505
26	507
26	524
26	527
26	554
26	576
26	621
26	625
26	627
26	636
26	657
26	663
26	695
26	722
26	736
26	737
26	798
26	839
28	176
28	636
28	792
30	32
30	53
30	101
30	103
30	104
30	132
30	179
30	192
30	220
30	256
30	257
30	264
30	288
30	314
30	434
30	453
30	457
30	507
30	576
30	625
30	657
30	692
30	712
30	722
30	736
30	737
31	292
31	471
32	33
32	52
32	53
32	101
32	103
32	104
32	179
32	185
32	192
32	198
32	220
32	256
32	264
32	288
32	314
32	360
32	409
32	434
32	439
32	457
32	495
32	505
32	507
32	576
32	625
32	636
32	657
32	661
32	663
32	692
32	721
32	722
32	736
32	737
32	811
32	815
33	52
33	66
33	71
33	90
33	99
33	104
33	115
33	132
33	177
33	185
33	192
33	216
33	220
33	256
33	264
33	271
33	314
33	360
33	409
33	434
33	439
33	457
33	505
33	507
33	554
33	576
33	625
33	627
33	636
33	657
33	663
33	695
33	722
33	736
33	737
33	788
33	798
33	810
34	107
34	178
34	228
34	302
34	316
34	384
34	430
34	504
34	631
34	748
34	770
34	809
36	384
36	504
37	132
37	136
37	216
37	621
37	737
37	788
37	814
37	825
38	146
38	377
38	626
38	629
38	816
39	192
39	256
39	361
39	554
39	736
40	691
40	719
40	743
41	103
43	303
46	814
47	59
47	128
47	150
47	175
47	313
47	355
47	401
47	454
47	455
47	622
47	623
47	654
47	665
47	694
47	700
47	780
47	794
48	116
48	129
48	144
48	307
48	393
48	417
48	433
48	474
48	486
48	666
48	681
48	706
48	755
48	758
48	774
48	775
48	797
48	835
48	848
49	817
50	763
51	463
52	66
52	69
52	90
52	99
52	104
52	115
52	132
52	179
52	185
52	189
52	192
52	220
52	264
52	288
52	314
52	338
52	409
52	439
52	457
52	505
52	507
52	524
52	527
52	554
52	586
52	625
52	657
52	663
52	692
52	712
52	722
52	736
52	737
52	744
52	788
52	798
52	819
53	101
53	103
53	104
53	185
53	192
53	220
53	256
53	257
53	264
53	288
53	314
53	360
53	434
53	457
53	576
53	625
53	657
53	722
53	736
54	822
55	561
56	731
59	128
59	150
59	175
59	313
59	355
59	401
59	454
59	455
59	622
59	623
59	665
59	694
59	700
59	780
59	794
60	170
60	749
60	783
62	379
62	463
64	139
64	157
64	166
64	171
64	604
64	683
65	347
66	69
66	90
66	105
66	132
66	141
66	268
66	282
66	329
66	386
66	505
66	587
66	724
66	788
69	90
69	104
69	268
69	282
69	329
69	439
69	521
69	586
69	628
69	636
69	724
69	737
69	798
70	213
70	478
70	499
70	636
70	642
70	649
70	660
70	792
70	808
71	90
71	115
71	325
71	521
71	524
71	527
71	627
71	636
71	663
71	695
71	810
71	839
73	209
74	79
74	169
74	258
74	485
74	601
74	605
75	696
79	169
79	258
79	485
79	601
79	605
80	90
80	115
80	132
80	172
80	189
80	323
80	390
80	423
80	428
80	524
80	527
80	533
80	567
80	653
80	663
80	744
80	810
80	819
80	838
80	839
81	813
82	139
82	157
82	166
82	171
82	190
82	340
82	484
82	548
82	604
82	683
82	745
90	103
90	104
90	115
90	132
90	172
90	189
90	198
90	264
90	282
90	314
90	323
90	325
90	409
90	428
90	439
90	499
90	505
90	507
90	521
90	524
90	527
90	533
90	567
90	627
90	636
90	649
90	663
90	695
90	736
90	737
90	754
90	771
90	798
90	810
90	838
90	839
91	362
92	425
97	329
97	598
97	686
97	830
99	132
99	220
99	305
99	473
99	737
99	819
101	103
101	104
101	132
101	179
101	185
101	192
101	213
101	220
101	256
101	257
101	264
101	271
101	288
101	314
101	318
101	409
101	434
101	439
101	457
101	505
101	507
101	554
101	576
101	625
101	642
101	657
101	660
101	692
101	712
101	722
101	736
101	737
101	759
101	798
101	811
101	815
101	828
102	179
103	104
103	132
103	179
103	185
103	192
103	220
103	256
103	257
103	264
103	271
103	288
103	314
103	318
103	360
103	361
103	392
103	409
103	434
103	439
103	457
103	478
103	505
103	507
103	554
103	576
103	625
103	636
103	657
103	660
103	692
103	721
103	722
103	736
103	737
103	759
103	792
103	811
103	815
104	132
104	179
104	185
104	192
104	207
104	220
104	232
104	256
104	257
104	264
104	271
104	282
104	288
104	304
104	314
104	360
104	409
104	434
104	439
104	457
104	505
104	507
104	554
104	576
104	625
104	628
104	657
104	692
104	712
104	722
104	736
104	737
104	788
104	798
104	815
105	141
105	386
105	587
105	643
107	178
107	316
107	384
107	631
107	770
107	809
108	443
109	336
109	371
109	372
109	709
109	849
113	292
113	768
114	229
114	260
114	690
115	132
115	172
115	189
115	323
115	325
115	428
115	524
115	527
115	627
115	663
115	695
115	707
115	737
115	771
115	810
115	839
116	129
116	417
116	474
116	486
116	666
116	755
116	758
116	835
116	848
120	145
123	549
125	424
125	727
127	217
127	281
128	150
128	175
128	313
128	355
128	401
128	454
128	455
128	622
128	623
128	665
128	694
128	700
128	780
128	794
129	417
129	474
129	486
129	666
129	755
129	758
132	179
132	185
132	189
132	192
132	220
132	256
132	264
132	282
132	288
132	305
132	314
132	325
132	409
132	434
132	439
132	457
132	505
132	507
132	524
132	527
132	576
132	583
132	625
132	628
132	657
132	663
132	692
132	695
132	712
132	722
132	736
132	737
132	744
132	771
132	788
132	798
132	810
132	811
132	815
132	819
132	839
132	849
134	672
136	621
136	737
136	825
139	157
139	166
139	171
139	190
139	340
139	484
139	548
139	604
139	683
139	745
141	386
141	587
141	643
144	433
144	681
144	774
144	775
144	835
144	848
146	626
146	629
146	816
147	555
149	434
150	175
150	313
150	355
150	401
150	454
150	455
150	622
150	623
150	654
150	665
150	694
150	700
150	780
150	794
152	225
152	243
152	769
152	797
152	813
153	269
153	496
156	159
156	302
157	166
157	171
157	190
157	340
157	484
157	548
157	604
157	683
157	745
159	302
159	384
160	208
160	437
160	555
160	786
163	733
165	645
165	846
166	171
166	190
166	340
166	484
166	548
166	604
166	683
166	745
169	258
169	485
169	601
169	605
170	749
170	783
171	190
171	340
171	484
171	548
171	604
171	683
171	745
172	181
172	189
172	211
172	323
172	390
172	423
172	428
172	524
172	527
172	533
172	567
172	653
172	663
172	744
172	810
172	819
172	838
172	839
173	255
175	313
175	355
175	401
175	454
175	455
175	622
175	623
175	665
175	694
175	700
175	780
175	794
177	325
178	228
178	316
178	384
178	430
178	770
179	185
179	192
179	220
179	256
179	257
179	264
179	271
179	314
179	409
179	434
179	439
179	457
179	505
179	507
179	554
179	576
179	625
179	657
179	692
179	711
179	722
179	736
179	737
179	759
179	798
179	811
179	815
181	211
181	323
181	390
181	428
185	192
185	256
185	264
185	271
185	288
185	314
185	360
185	361
185	409
185	434
185	439
185	457
185	505
185	519
185	554
185	576
185	625
185	722
185	736
185	737
185	798
185	811
185	815
189	290
189	323
189	325
189	390
189	423
189	428
189	524
189	527
189	533
189	567
189	653
189	663
189	737
189	744
189	810
189	819
189	838
189	839
190	340
190	484
190	604
190	683
190	745
192	198
192	213
192	220
192	256
192	257
192	264
192	271
192	288
192	314
192	360
192	409
192	434
192	439
192	457
192	495
192	505
192	507
192	519
192	556
192	565
192	576
192	625
192	636
192	649
192	657
192	660
192	661
192	692
192	712
192	722
192	736
192	737
192	792
192	808
192	811
192	815
193	331
193	492
193	738
195	369
197	727
198	213
198	241
198	264
198	271
198	409
198	461
198	495
198	499
198	503
198	505
198	506
198	507
198	521
198	527
198	541
198	608
198	627
198	636
198	642
198	649
198	660
198	722
198	736
198	754
198	792
198	798
198	808
198	811
198	821
203	310
203	435
203	596
203	667
204	728
205	377
205	664
205	823
206	227
206	452
206	603
208	437
208	555
208	786
211	323
211	390
213	230
213	241
213	251
213	264
213	314
213	318
213	345
213	361
213	461
213	478
213	495
213	499
213	503
213	505
213	506
213	514
213	541
213	551
213	565
213	608
213	636
213	642
213	649
213	660
213	670
213	722
213	736
213	754
213	792
213	798
213	808
213	815
213	821
214	444
216	312
216	487
216	531
216	545
216	621
216	814
216	825
217	281
220	256
220	257
220	264
220	271
220	288
220	314
220	360
220	409
220	434
220	439
220	457
220	505
220	507
220	519
220	554
220	576
220	625
220	657
220	692
220	712
220	722
220	736
220	737
220	759
220	815
225	243
225	797
225	813
226	421
226	606
227	292
227	457
227	553
227	557
227	843
228	316
228	384
228	430
228	572
228	770
229	690
230	345
230	461
230	495
230	551
230	608
230	636
230	642
230	660
230	736
230	792
230	821
231	325
232	519
232	571
232	625
237	321
237	647
239	268
239	282
239	329
239	724
241	251
241	318
241	461
241	478
241	499
241	503
241	506
241	608
241	636
241	642
241	649
241	660
241	722
241	736
241	754
241	792
241	798
241	808
241	821
243	797
243	813
245	406
249	292
250	605
251	499
251	505
251	506
251	636
251	642
251	649
251	736
251	792
251	821
254	286
256	264
256	271
256	288
256	314
256	360
256	361
256	409
256	434
256	439
256	457
256	505
256	507
256	519
256	554
256	556
256	576
256	625
256	657
256	692
256	712
256	721
256	722
256	736
256	737
256	811
256	815
257	314
257	434
257	466
257	507
257	576
257	625
257	657
257	712
257	722
258	286
258	485
258	601
258	605
258	769
260	690
262	395
262	568
262	726
262	735
262	740
264	271
264	288
264	304
264	314
264	318
264	360
264	361
264	409
264	434
264	439
264	457
264	505
264	507
264	519
264	551
264	576
264	625
264	642
264	660
264	663
264	722
264	736
264	737
264	792
264	811
264	815
264	821
266	393
266	706
268	329
268	411
268	439
268	521
268	724
269	496
271	288
271	314
271	318
271	360
271	409
271	434
271	439
271	457
271	495
271	505
271	506
271	507
271	576
271	586
271	625
271	636
271	663
271	692
271	721
271	722
271	736
271	737
271	754
271	792
271	811
271	815
274	287
274	539
275	505
275	625
275	736
282	328
282	384
282	439
282	504
282	527
282	663
282	736
282	737
282	771
282	798
284	782
286	769
287	539
288	314
288	360
288	409
288	434
288	439
288	457
288	461
288	505
288	507
288	554
288	565
288	576
288	625
288	636
288	657
288	712
288	722
288	736
288	737
288	792
288	798
288	815
288	821
290	325
290	524
293	579
293	730
302	384
303	773
304	434
304	457
304	722
305	636
305	736
307	393
307	706
307	848
310	435
310	596
310	667
312	487
312	545
312	814
313	355
313	401
313	454
313	455
313	622
313	623
313	665
313	694
313	700
313	780
313	794
314	360
314	409
314	434
314	439
314	457
314	495
314	505
314	507
314	519
314	554
314	576
314	625
314	636
314	649
314	657
314	661
314	663
314	692
314	712
314	722
314	736
314	737
314	759
314	792
314	798
314	811
314	815
316	384
316	430
316	631
316	770
316	809
318	345
318	461
318	495
318	499
318	505
318	506
318	507
318	514
318	608
318	636
318	642
318	649
318	660
318	670
318	722
318	736
318	754
318	792
318	798
318	808
318	815
318	821
321	647
323	390
323	428
323	524
323	527
323	533
323	663
323	810
323	839
325	524
325	567
325	625
325	663
325	737
325	810
325	839
326	360
326	463
326	542
326	576
326	676
326	750
329	432
329	439
329	724
331	492
331	738
336	371
336	372
336	709
337	641
338	510
340	484
340	548
340	683
343	656
345	461
345	514
345	642
345	660
345	670
345	736
345	792
345	821
347	418
348	490
348	585
352	640
353	370
353	426
353	849
355	401
355	454
355	455
355	622
355	623
355	665
355	694
355	700
355	780
355	794
360	409
360	434
360	439
360	457
360	505
360	507
360	576
360	625
360	722
360	736
360	737
360	811
361	505
361	625
361	636
361	722
361	736
361	737
361	792
361	815
361	849
369	688
370	536
371	372
371	709
372	709
377	629
377	816
377	823
379	463
381	758
381	774
381	848
384	430
384	504
384	631
384	748
384	770
384	809
386	587
386	643
389	661
390	428
390	524
390	527
390	810
390	838
390	839
392	586
393	706
393	758
393	797
393	848
395	472
395	568
395	726
395	735
395	740
401	454
401	455
401	622
401	623
401	654
401	665
401	694
401	700
401	780
401	794
404	481
409	434
409	439
409	457
409	505
409	507
409	527
409	554
409	576
409	583
409	625
409	636
409	657
409	663
409	692
409	721
409	722
409	736
409	737
409	754
409	798
409	815
413	465
413	659
415	812
417	474
417	486
417	666
417	755
417	758
417	835
417	848
420	720
423	428
423	533
423	567
424	727
426	457
428	524
428	527
428	533
428	567
428	663
428	810
428	838
428	839
430	572
430	770
432	724
433	681
433	774
433	775
433	835
433	848
434	439
434	457
434	505
434	507
434	519
434	554
434	576
434	625
434	657
434	692
434	712
434	722
434	736
434	737
434	759
434	811
434	815
435	596
435	667
437	786
438	490
438	585
439	457
439	505
439	507
439	519
439	521
439	527
439	554
439	576
439	581
439	625
439	628
439	657
439	722
439	724
439	736
439	737
439	788
439	798
439	800
441	494
442	714
445	725
452	555
454	455
454	622
454	623
454	654
454	665
454	694
454	700
454	780
454	794
455	622
455	623
455	654
455	665
455	694
455	700
455	780
455	794
457	505
457	507
457	527
457	554
457	576
457	625
457	628
457	657
457	663
457	692
457	712
457	722
457	736
457	737
457	798
457	811
457	819
457	849
461	495
461	499
461	505
461	506
461	565
461	608
461	636
461	642
461	649
461	660
461	670
461	736
461	754
461	792
461	798
461	808
461	815
461	821
463	542
463	576
463	676
463	750
465	659
471	536
472	580
472	735
473	819
474	486
474	666
474	755
474	758
474	835
474	848
478	495
478	499
478	505
478	506
478	507
478	526
478	541
478	608
478	636
478	642
478	649
478	722
478	736
478	754
478	792
478	798
478	808
484	548
484	604
484	683
485	601
485	605
486	666
486	755
486	758
486	835
486	848
487	545
487	814
488	552
488	630
490	585
492	738
495	499
495	505
495	506
495	507
495	541
495	636
495	642
495	649
495	660
495	722
495	736
495	737
495	754
495	792
495	798
495	821
498	685
498	842
499	503
499	505
499	506
499	514
499	541
499	608
499	627
499	636
499	642
499	649
499	660
499	722
499	736
499	754
499	792
499	798
499	808
499	821
503	506
503	608
503	636
503	642
503	649
503	736
503	754
503	792
503	808
504	631
504	809
505	506
505	507
505	526
505	576
505	625
505	636
505	642
505	649
505	661
505	663
505	692
505	721
505	722
505	736
505	737
505	754
505	792
505	798
505	808
505	811
505	815
505	821
506	507
506	608
506	636
506	642
506	649
506	660
506	722
506	736
506	754
506	792
506	798
506	808
506	821
507	526
507	554
507	576
507	625
507	627
507	636
507	642
507	657
507	663
507	692
507	712
507	721
507	722
507	736
507	737
507	754
507	792
507	798
507	811
509	536
514	603
514	642
514	670
514	792
519	576
519	661
519	722
519	736
519	737
519	815
521	527
521	627
521	636
521	640
521	695
521	736
524	527
524	533
524	567
524	663
524	737
524	744
524	771
524	810
524	838
524	839
526	798
527	533
527	567
527	576
527	627
527	636
527	653
527	663
527	737
527	771
527	810
527	838
527	839
532	725
533	567
533	653
533	663
533	810
533	838
533	839
536	798
541	608
541	636
541	642
541	649
541	722
541	736
541	754
541	792
541	808
542	576
542	676
543	554
545	814
548	604
548	683
551	722
551	736
551	792
551	815
552	630
553	557
554	576
554	625
554	663
554	692
554	711
554	722
554	811
554	815
556	625
557	638
557	781
564	849
565	722
565	736
566	735
567	663
567	810
567	838
567	839
568	726
568	735
568	740
576	625
576	636
576	657
576	663
576	692
576	712
576	722
576	736
576	737
576	798
576	811
576	815
578	683
581	737
583	737
586	724
586	736
587	643
596	667
598	830
600	603
601	605
604	683
604	745
605	797
608	627
608	636
608	642
608	649
608	660
608	722
608	736
608	754
608	792
608	808
608	821
621	788
621	825
622	623
622	665
622	694
622	780
622	794
623	665
623	694
623	700
623	794
625	657
625	663
625	692
625	712
625	722
625	736
625	737
625	811
626	629
626	816
627	636
627	649
627	663
627	754
629	816
631	770
631	809
633	697
633	705
636	642
636	649
636	660
636	663
636	695
636	721
636	722
636	736
636	737
636	754
636	792
636	798
636	808
636	811
636	821
638	781
642	649
642	660
642	670
642	722
642	736
642	754
642	792
642	798
642	808
642	815
642	821
645	846
649	660
649	722
649	736
649	754
649	792
649	798
649	808
649	811
649	821
653	838
653	839
657	692
657	712
657	722
657	736
657	737
657	800
657	828
660	670
660	722
660	736
660	754
660	792
660	808
660	821
661	722
661	736
663	736
663	737
663	771
663	788
663	810
663	838
663	839
664	823
665	694
665	780
665	794
666	755
666	758
666	835
666	848
670	736
670	792
670	821
676	750
680	710
681	758
681	774
681	775
681	835
681	848
683	745
685	842
686	844
691	719
691	743
692	721
692	722
692	736
692	737
692	754
692	798
692	815
694	700
694	780
694	794
697	705
697	823
700	794
705	823
706	758
706	797
706	848
707	810
711	722
712	722
712	736
712	737
719	743
721	722
721	736
721	754
722	736
722	737
722	754
722	792
722	798
722	808
722	811
722	815
722	821
722	828
724	767
726	735
726	740
735	740
736	737
736	754
736	792
736	798
736	808
736	811
736	815
736	821
736	849
737	771
737	788
737	798
737	810
737	811
737	815
737	839
744	819
748	809
749	783
754	792
754	798
754	808
754	821
755	758
755	835
755	848
758	774
758	775
758	797
758	835
758	848
770	809
771	838
774	775
774	835
774	848
775	835
775	848
780	794
792	798
792	808
792	815
792	821
797	813
797	848
798	808
798	815
798	821
808	821
810	836
810	838
810	839
815	821
819	839
835	848
838	839
353	0
370	0
471	0
536	0
8	1
293	1
579	1
590	6
293	8
579	8
51	9
62	9
379	9
463	9
696	10
718	10
314	11
392	11
457	11
586	11
737	11
296	13
26	15
33	15
52	15
71	15
80	15
90	15
115	15
132	15
172	15
189	15
323	15
325	15
390	15
428	15
524	15
527	15
533	15
567	15
627	15
663	15
707	15
737	15
744	15
810	15
819	15
838	15
839	15
56	16
731	16
369	17
688	17
34	19
107	19
178	19
228	19
316	19
384	19
430	19
572	19
770	19
82	23
139	23
157	23
166	23
171	23
190	23
340	23
484	23
548	23
604	23
683	23
745	23
134	25
672	25
32	26
33	26
37	26
52	26
66	26
69	26
71	26
90	26
99	26
103	26
104	26
115	26
132	26
172	26
185	26
189	26
192	26
220	26
256	26
271	26
282	26
288	26
305	26
314	26
325	26
360	26
434	26
439	26
457	26
505	26
507	26
524	26
527	26
554	26
576	26
621	26
625	26
627	26
636	26
657	26
663	26
695	26
722	26
736	26
737	26
798	26
839	26
176	28
636	28
792	28
32	30
53	30
101	30
103	30
104	30
132	30
179	30
192	30
220	30
256	30
257	30
264	30
288	30
314	30
434	30
453	30
457	30
507	30
576	30
625	30
657	30
692	30
712	30
722	30
736	30
737	30
292	31
471	31
33	32
52	32
53	32
101	32
103	32
104	32
179	32
185	32
192	32
198	32
220	32
256	32
264	32
288	32
314	32
360	32
409	32
434	32
439	32
457	32
495	32
505	32
507	32
576	32
625	32
636	32
657	32
661	32
663	32
692	32
721	32
722	32
736	32
737	32
811	32
815	32
52	33
66	33
71	33
90	33
99	33
104	33
115	33
132	33
177	33
185	33
192	33
216	33
220	33
256	33
264	33
271	33
314	33
360	33
409	33
434	33
439	33
457	33
505	33
507	33
554	33
576	33
625	33
627	33
636	33
657	33
663	33
695	33
722	33
736	33
737	33
788	33
798	33
810	33
107	34
178	34
228	34
302	34
316	34
384	34
430	34
504	34
631	34
748	34
770	34
809	34
384	36
504	36
132	37
136	37
216	37
621	37
737	37
788	37
814	37
825	37
146	38
377	38
626	38
629	38
816	38
192	39
256	39
361	39
554	39
736	39
691	40
719	40
743	40
103	41
303	43
814	46
59	47
128	47
150	47
175	47
313	47
355	47
401	47
454	47
455	47
622	47
623	47
654	47
665	47
694	47
700	47
780	47
794	47
116	48
129	48
144	48
307	48
393	48
417	48
433	48
474	48
486	48
666	48
681	48
706	48
755	48
758	48
774	48
775	48
797	48
835	48
848	48
817	49
763	50
463	51
66	52
69	52
90	52
99	52
104	52
115	52
132	52
179	52
185	52
189	52
192	52
220	52
264	52
288	52
314	52
338	52
409	52
439	52
457	52
505	52
507	52
524	52
527	52
554	52
586	52
625	52
657	52
663	52
692	52
712	52
722	52
736	52
737	52
744	52
788	52
798	52
819	52
101	53
103	53
104	53
185	53
192	53
220	53
256	53
257	53
264	53
288	53
314	53
360	53
434	53
457	53
576	53
625	53
657	53
722	53
736	53
822	54
561	55
731	56
128	59
150	59
175	59
313	59
355	59
401	59
454	59
455	59
622	59
623	59
665	59
694	59
700	59
780	59
794	59
170	60
749	60
783	60
379	62
463	62
139	64
157	64
166	64
171	64
604	64
683	64
347	65
69	66
90	66
105	66
132	66
141	66
268	66
282	66
329	66
386	66
505	66
587	66
724	66
788	66
90	69
104	69
268	69
282	69
329	69
439	69
521	69
586	69
628	69
636	69
724	69
737	69
798	69
213	70
478	70
499	70
636	70
642	70
649	70
660	70
792	70
808	70
90	71
115	71
325	71
521	71
524	71
527	71
627	71
636	71
663	71
695	71
810	71
839	71
209	73
79	74
169	74
258	74
485	74
601	74
605	74
696	75
169	79
258	79
485	79
601	79
605	79
90	80
115	80
132	80
172	80
189	80
323	80
390	80
423	80
428	80
524	80
527	80
533	80
567	80
653	80
663	80
744	80
810	80
819	80
838	80
839	80
813	81
139	82
157	82
166	82
171	82
190	82
340	82
484	82
548	82
604	82
683	82
745	82
103	90
104	90
115	90
132	90
172	90
189	90
198	90
264	90
282	90
314	90
323	90
325	90
409	90
428	90
439	90
499	90
505	90
507	90
521	90
524	90
527	90
533	90
567	90
627	90
636	90
649	90
663	90
695	90
736	90
737	90
754	90
771	90
798	90
810	90
838	90
839	90
362	91
425	92
329	97
598	97
686	97
830	97
132	99
220	99
305	99
473	99
737	99
819	99
103	101
104	101
132	101
179	101
185	101
192	101
213	101
220	101
256	101
257	101
264	101
271	101
288	101
314	101
318	101
409	101
434	101
439	101
457	101
505	101
507	101
554	101
576	101
625	101
642	101
657	101
660	101
692	101
712	101
722	101
736	101
737	101
759	101
798	101
811	101
815	101
828	101
179	102
104	103
132	103
179	103
185	103
192	103
220	103
256	103
257	103
264	103
271	103
288	103
314	103
318	103
360	103
361	103
392	103
409	103
434	103
439	103
457	103
478	103
505	103
507	103
554	103
576	103
625	103
636	103
657	103
660	103
692	103
721	103
722	103
736	103
737	103
759	103
792	103
811	103
815	103
132	104
179	104
185	104
192	104
207	104
220	104
232	104
256	104
257	104
264	104
271	104
282	104
288	104
304	104
314	104
360	104
409	104
434	104
439	104
457	104
505	104
507	104
554	104
576	104
625	104
628	104
657	104
692	104
712	104
722	104
736	104
737	104
788	104
798	104
815	104
141	105
386	105
587	105
643	105
178	107
316	107
384	107
631	107
770	107
809	107
443	108
336	109
371	109
372	109
709	109
849	109
292	113
768	113
229	114
260	114
690	114
132	115
172	115
189	115
323	115
325	115
428	115
524	115
527	115
627	115
663	115
695	115
707	115
737	115
771	115
810	115
839	115
129	116
417	116
474	116
486	116
666	116
755	116
758	116
835	116
848	116
145	120
549	123
424	125
727	125
217	127
281	127
150	128
175	128
313	128
355	128
401	128
454	128
455	128
622	128
623	128
665	128
694	128
700	128
780	128
794	128
417	129
474	129
486	129
666	129
755	129
758	129
179	132
185	132
189	132
192	132
220	132
256	132
264	132
282	132
288	132
305	132
314	132
325	132
409	132
434	132
439	132
457	132
505	132
507	132
524	132
527	132
576	132
583	132
625	132
628	132
657	132
663	132
692	132
695	132
712	132
722	132
736	132
737	132
744	132
771	132
788	132
798	132
810	132
811	132
815	132
819	132
839	132
849	132
672	134
621	136
737	136
825	136
157	139
166	139
171	139
190	139
340	139
484	139
548	139
604	139
683	139
745	139
386	141
587	141
643	141
433	144
681	144
774	144
775	144
835	144
848	144
626	146
629	146
816	146
555	147
434	149
175	150
313	150
355	150
401	150
454	150
455	150
622	150
623	150
654	150
665	150
694	150
700	150
780	150
794	150
225	152
243	152
769	152
797	152
813	152
269	153
496	153
159	156
302	156
166	157
171	157
190	157
340	157
484	157
548	157
604	157
683	157
745	157
302	159
384	159
208	160
437	160
555	160
786	160
733	163
645	165
846	165
171	166
190	166
340	166
484	166
548	166
604	166
683	166
745	166
258	169
485	169
601	169
605	169
749	170
783	170
190	171
340	171
484	171
548	171
604	171
683	171
745	171
181	172
189	172
211	172
323	172
390	172
423	172
428	172
524	172
527	172
533	172
567	172
653	172
663	172
744	172
810	172
819	172
838	172
839	172
255	173
313	175
355	175
401	175
454	175
455	175
622	175
623	175
665	175
694	175
700	175
780	175
794	175
325	177
228	178
316	178
384	178
430	178
770	178
185	179
192	179
220	179
256	179
257	179
264	179
271	179
314	179
409	179
434	179
439	179
457	179
505	179
507	179
554	179
576	179
625	179
657	179
692	179
711	179
722	179
736	179
737	179
759	179
798	179
811	179
815	179
211	181
323	181
390	181
428	181
192	185
256	185
264	185
271	185
288	185
314	185
360	185
361	185
409	185
434	185
439	185
457	185
505	185
519	185
554	185
576	185
625	185
722	185
736	185
737	185
798	185
811	185
815	185
290	189
323	189
325	189
390	189
423	189
428	189
524	189
527	189
533	189
567	189
653	189
663	189
737	189
744	189
810	189
819	189
838	189
839	189
340	190
484	190
604	190
683	190
745	190
198	192
213	192
220	192
256	192
257	192
264	192
271	192
288	192
314	192
360	192
409	192
434	192
439	192
457	192
495	192
505	192
507	192
519	192
556	192
565	192
576	192
625	192
636	192
649	192
657	192
660	192
661	192
692	192
712	192
722	192
736	192
737	192
792	192
808	192
811	192
815	192
331	193
492	193
738	193
369	195
727	197
213	198
241	198
264	198
271	198
409	198
461	198
495	198
499	198
503	198
505	198
506	198
507	198
521	198
527	198
541	198
608	198
627	198
636	198
642	198
649	198
660	198
722	198
736	198
754	198
792	198
798	198
808	198
811	198
821	198
310	203
435	203
596	203
667	203
728	204
377	205
664	205
823	205
227	206
452	206
603	206
437	208
555	208
786	208
323	211
390	211
230	213
241	213
251	213
264	213
314	213
318	213
345	213
361	213
461	213
478	213
495	213
499	213
503	213
505	213
506	213
514	213
541	213
551	213
565	213
608	213
636	213
642	213
649	213
660	213
670	213
722	213
736	213
754	213
792	213
798	213
808	213
815	213
821	213
444	214
312	216
487	216
531	216
545	216
621	216
814	216
825	216
281	217
256	220
257	220
264	220
271	220
288	220
314	220
360	220
409	220
434	220
439	220
457	220
505	220
507	220
519	220
554	220
576	220
625	220
657	220
692	220
712	220
722	220
736	220
737	220
759	220
815	220
243	225
797	225
813	225
421	226
606	226
292	227
457	227
553	227
557	227
843	227
316	228
384	228
430	228
572	228
770	228
690	229
345	230
461	230
495	230
551	230
608	230
636	230
642	230
660	230
736	230
792	230
821	230
325	231
519	232
571	232
625	232
321	237
647	237
268	239
282	239
329	239
724	239
251	241
318	241
461	241
478	241
499	241
503	241
506	241
608	241
636	241
642	241
649	241
660	241
722	241
736	241
754	241
792	241
798	241
808	241
821	241
797	243
813	243
406	245
292	249
605	250
499	251
505	251
506	251
636	251
642	251
649	251
736	251
792	251
821	251
286	254
264	256
271	256
288	256
314	256
360	256
361	256
409	256
434	256
439	256
457	256
505	256
507	256
519	256
554	256
556	256
576	256
625	256
657	256
692	256
712	256
721	256
722	256
736	256
737	256
811	256
815	256
314	257
434	257
466	257
507	257
576	257
625	257
657	257
712	257
722	257
286	258
485	258
601	258
605	258
769	258
690	260
395	262
568	262
726	262
735	262
740	262
271	264
288	264
304	264
314	264
318	264
360	264
361	264
409	264
434	264
439	264
457	264
505	264
507	264
519	264
551	264
576	264
625	264
642	264
660	264
663	264
722	264
736	264
737	264
792	264
811	264
815	264
821	264
393	266
706	266
329	268
411	268
439	268
521	268
724	268
496	269
288	271
314	271
318	271
360	271
409	271
434	271
439	271
457	271
495	271
505	271
506	271
507	271
576	271
586	271
625	271
636	271
663	271
692	271
721	271
722	271
736	271
737	271
754	271
792	271
811	271
815	271
287	274
539	274
505	275
625	275
736	275
328	282
384	282
439	282
504	282
527	282
663	282
736	282
737	282
771	282
798	282
782	284
769	286
539	287
314	288
360	288
409	288
434	288
439	288
457	288
461	288
505	288
507	288
554	288
565	288
576	288
625	288
636	288
657	288
712	288
722	288
736	288
737	288
792	288
798	288
815	288
821	288
325	290
524	290
579	293
730	293
384	302
773	303
434	304
457	304
722	304
636	305
736	305
393	307
706	307
848	307
435	310
596	310
667	310
487	312
545	312
814	312
355	313
401	313
454	313
455	313
622	313
623	313
665	313
694	313
700	313
780	313
794	313
360	314
409	314
434	314
439	314
457	314
495	314
505	314
507	314
519	314
554	314
576	314
625	314
636	314
649	314
657	314
661	314
663	314
692	314
712	314
722	314
736	314
737	314
759	314
792	314
798	314
811	314
815	314
384	316
430	316
631	316
770	316
809	316
345	318
461	318
495	318
499	318
505	318
506	318
507	318
514	318
608	318
636	318
642	318
649	318
660	318
670	318
722	318
736	318
754	318
792	318
798	318
808	318
815	318
821	318
647	321
390	323
428	323
524	323
527	323
533	323
663	323
810	323
839	323
524	325
567	325
625	325
663	325
737	325
810	325
839	325
360	326
463	326
542	326
576	326
676	326
750	326
432	329
439	329
724	329
492	331
738	331
371	336
372	336
709	336
641	337
510	338
484	340
548	340
683	340
656	343
461	345
514	345
642	345
660	345
670	345
736	345
792	345
821	345
418	347
490	348
585	348
640	352
370	353
426	353
849	353
401	355
454	355
455	355
622	355
623	355
665	355
694	355
700	355
780	355
794	355
409	360
434	360
439	360
457	360
505	360
507	360
576	360
625	360
722	360
736	360
737	360
811	360
505	361
625	361
636	361
722	361
736	361
737	361
792	361
815	361
849	361
688	369
536	370
372	371
709	371
709	372
629	377
816	377
823	377
463	379
758	381
774	381
848	381
430	384
504	384
631	384
748	384
770	384
809	384
587	386
643	386
661	389
428	390
524	390
527	390
810	390
838	390
839	390
586	392
706	393
758	393
797	393
848	393
472	395
568	395
726	395
735	395
740	395
454	401
455	401
622	401
623	401
654	401
665	401
694	401
700	401
780	401
794	401
481	404
434	409
439	409
457	409
505	409
507	409
527	409
554	409
576	409
583	409
625	409
636	409
657	409
663	409
692	409
721	409
722	409
736	409
737	409
754	409
798	409
815	409
465	413
659	413
812	415
474	417
486	417
666	417
755	417
758	417
835	417
848	417
720	420
428	423
533	423
567	423
727	424
457	426
524	428
527	428
533	428
567	428
663	428
810	428
838	428
839	428
572	430
770	430
724	432
681	433
774	433
775	433
835	433
848	433
439	434
457	434
505	434
507	434
519	434
554	434
576	434
625	434
657	434
692	434
712	434
722	434
736	434
737	434
759	434
811	434
815	434
596	435
667	435
786	437
490	438
585	438
457	439
505	439
507	439
519	439
521	439
527	439
554	439
576	439
581	439
625	439
628	439
657	439
722	439
724	439
736	439
737	439
788	439
798	439
800	439
494	441
714	442
725	445
555	452
455	454
622	454
623	454
654	454
665	454
694	454
700	454
780	454
794	454
622	455
623	455
654	455
665	455
694	455
700	455
780	455
794	455
505	457
507	457
527	457
554	457
576	457
625	457
628	457
657	457
663	457
692	457
712	457
722	457
736	457
737	457
798	457
811	457
819	457
849	457
495	461
499	461
505	461
506	461
565	461
608	461
636	461
642	461
649	461
660	461
670	461
736	461
754	461
792	461
798	461
808	461
815	461
821	461
542	463
576	463
676	463
750	463
659	465
536	471
580	472
735	472
819	473
486	474
666	474
755	474
758	474
835	474
848	474
495	478
499	478
505	478
506	478
507	478
526	478
541	478
608	478
636	478
642	478
649	478
722	478
736	478
754	478
792	478
798	478
808	478
548	484
604	484
683	484
601	485
605	485
666	486
755	486
758	486
835	486
848	486
545	487
814	487
552	488
630	488
585	490
738	492
499	495
505	495
506	495
507	495
541	495
636	495
642	495
649	495
660	495
722	495
736	495
737	495
754	495
792	495
798	495
821	495
685	498
842	498
503	499
505	499
506	499
514	499
541	499
608	499
627	499
636	499
642	499
649	499
660	499
722	499
736	499
754	499
792	499
798	499
808	499
821	499
506	503
608	503
636	503
642	503
649	503
736	503
754	503
792	503
808	503
631	504
809	504
506	505
507	505
526	505
576	505
625	505
636	505
642	505
649	505
661	505
663	505
692	505
721	505
722	505
736	505
737	505
754	505
792	505
798	505
808	505
811	505
815	505
821	505
507	506
608	506
636	506
642	506
649	506
660	506
722	506
736	506
754	506
792	506
798	506
808	506
821	506
526	507
554	507
576	507
625	507
627	507
636	507
642	507
657	507
663	507
692	507
712	507
721	507
722	507
736	507
737	507
754	507
792	507
798	507
811	507
536	509
603	514
642	514
670	514
792	514
576	519
661	519
722	519
736	519
737	519
815	519
527	521
627	521
636	521
640	521
695	521
736	521
527	524
533	524
567	524
663	524
737	524
744	524
771	524
810	524
838	524
839	524
798	526
533	527
567	527
576	527
627	527
636	527
653	527
663	527
737	527
771	527
810	527
838	527
839	527
725	532
567	533
653	533
663	533
810	533
838	533
839	533
798	536
608	541
636	541
642	541
649	541
722	541
736	541
754	541
792	541
808	541
576	542
676	542
554	543
814	545
604	548
683	548
722	551
736	551
792	551
815	551
630	552
557	553
576	554
625	554
663	554
692	554
711	554
722	554
811	554
815	554
625	556
638	557
781	557
849	564
722	565
736	565
735	566
663	567
810	567
838	567
839	567
726	568
735	568
740	568
625	576
636	576
657	576
663	576
692	576
712	576
722	576
736	576
737	576
798	576
811	576
815	576
683	578
737	581
737	583
724	586
736	586
643	587
667	596
830	598
603	600
605	601
683	604
745	604
797	605
627	608
636	608
642	608
649	608
660	608
722	608
736	608
754	608
792	608
808	608
821	608
788	621
825	621
623	622
665	622
694	622
780	622
794	622
665	623
694	623
700	623
794	623
657	625
663	625
692	625
712	625
722	625
736	625
737	625
811	625
629	626
816	626
636	627
649	627
663	627
754	627
816	629
770	631
809	631
697	633
705	633
642	636
649	636
660	636
663	636
695	636
721	636
722	636
736	636
737	636
754	636
792	636
798	636
808	636
811	636
821	636
781	638
649	642
660	642
670	642
722	642
736	642
754	642
792	642
798	642
808	642
815	642
821	642
846	645
660	649
722	649
736	649
754	649
792	649
798	649
808	649
811	649
821	649
838	653
839	653
692	657
712	657
722	657
736	657
737	657
800	657
828	657
670	660
722	660
736	660
754	660
792	660
808	660
821	660
722	661
736	661
736	663
737	663
771	663
788	663
810	663
838	663
839	663
823	664
694	665
780	665
794	665
755	666
758	666
835	666
848	666
736	670
792	670
821	670
750	676
710	680
758	681
774	681
775	681
835	681
848	681
745	683
842	685
844	686
719	691
743	691
721	692
722	692
736	692
737	692
754	692
798	692
815	692
700	694
780	694
794	694
705	697
823	697
794	700
823	705
758	706
797	706
848	706
810	707
722	711
722	712
736	712
737	712
743	719
722	721
736	721
754	721
736	722
737	722
754	722
792	722
798	722
808	722
811	722
815	722
821	722
828	722
767	724
735	726
740	726
740	735
737	736
754	736
792	736
798	736
808	736
811	736
815	736
821	736
849	736
771	737
788	737
798	737
810	737
811	737
815	737
839	737
819	744
809	748
783	749
792	754
798	754
808	754
821	754
758	755
835	755
848	755
774	758
775	758
797	758
835	758
848	758
809	770
838	771
775	774
835	774
848	774
835	775
848	775
794	780
798	792
808	792
815	792
821	792
813	797
848	797
808	798
815	798
821	798
821	808
836	810
838	810
839	810
821	815
839	819
848	835
839	838
