0	353
0	370
0	471
1	8
1	293
1	579
2	44
2	772
3	369
3	675
3	688
7	388
8	293
8	579
9	62
9	191
9	379
9	463
10	718
12	586
13	296
13	591
15	26
15	33
15	71
15	90
15	122
15	132
15	167
15	222
15	315
15	323
15	382
15	390
15	428
15	491
15	524
15	527
15	559
15	567
15	615
15	663
15	707
15	737
15	784
15	795
15	810
15	819
15	839
16	56
16	731
19	34
19	107
19	178
19	233
19	316
19	384
19	430
19	572
20	30
20	32
20	33
20	76
20	101
20	103
20	124
20	132
20	179
20	192
20	256
20	257
20	264
20	265
20	277
20	288
20	314
20	409
20	457
20	505
20	519
20	556
20	576
20	588
20	625
20	632
20	651
20	657
20	669
20	712
20	736
20	737
20	791
21	413
21	465
21	659
25	134
26	32
26	33
26	37
26	71
26	76
26	90
26	99
26	103
26	132
26	185
26	192
26	256
26	277
26	282
26	288
26	305
26	314
26	315
26	357
26	439
26	457
26	505
26	524
26	527
26	554
26	576
26	588
26	615
26	625
26	632
26	636
26	657
26	663
26	669
26	736
26	737
26	777
26	791
26	795
26	798
26	839
28	176
28	636
28	807
29	47
29	59
29	95
29	150
29	174
29	175
29	285
29	313
29	330
29	339
29	401
29	454
29	476
29	622
29	623
29	747
30	32
30	101
30	103
30	132
30	179
30	192
30	256
30	257
30	264
30	265
30	277
30	288
30	314
30	453
30	457
30	576
30	588
30	625
30	651
30	657
30	712
30	736
30	737
31	292
31	471
32	33
32	45
32	76
32	101
32	103
32	124
32	179
32	185
32	192
32	198
32	256
32	264
32	265
32	277
32	288
32	314
32	409
32	439
32	457
32	495
32	505
32	576
32	588
32	625
32	632
32	636
32	651
32	657
32	661
32	663
32	669
32	716
32	736
32	737
32	791
33	71
33	76
33	90
33	99
33	124
33	132
33	167
33	177
33	185
33	192
33	256
33	264
33	314
33	315
33	409
33	439
33	457
33	505
33	554
33	559
33	576
33	588
33	625
33	632
33	636
33	651
33	657
33	663
33	669
33	703
33	736
33	737
33	791
33	798
33	810
34	107
34	178
34	233
34	316
34	384
34	430
34	631
34	748
37	132
37	136
37	639
37	737
37	777
37	825
40	719
40	743
40	757
41	103
45	90
45	130
45	198
45	314
45	367
45	499
45	505
45	636
45	642
45	649
45	736
45	766
45	784
45	798
47	59
47	150
47	174
47	175
47	219
47	285
47	313
47	330
47	339
47	401
47	454
47	476
47	622
47	623
47	747
49	117
49	817
54	597
55	180
55	561
56	458
56	731
57	79
57	152
57	169
57	254
57	286
57	407
57	482
57	558
57	614
57	708
57	755
57	769
59	150
59	174
59	175
59	285
59	313
59	330
59	339
59	401
59	454
59	476
59	622
59	623
59	747
60	85
60	170
60	749
60	783
62	191
62	379
62	463
65	347
65	805
67	200
70	213
70	499
70	636
70	642
70	649
70	660
71	90
71	122
71	167
71	222
71	382
71	524
71	527
71	636
71	663
71	810
71	839
74	79
74	169
74	407
74	558
74	601
74	614
76	90
76	101
76	103
76	132
76	179
76	185
76	192
76	256
76	264
76	265
76	277
76	288
76	314
76	357
76	409
76	439
76	457
76	505
76	519
76	554
76	576
76	588
76	619
76	625
76	632
76	651
76	657
76	663
76	669
76	693
76	736
76	737
76	759
76	791
76	799
78	82
78	139
78	166
78	171
78	190
78	340
78	422
78	477
78	484
78	548
78	573
78	624
78	644
78	668
78	745
79	169
79	407
79	558
79	601
79	614
82	139
82	166
82	171
82	182
82	190
82	340
82	422
82	477
82	484
82	548
82	573
82	624
82	644
82	745
83	138
83	213
83	230
83	345
83	391
83	512
83	514
83	821
85	170
85	749
85	783
87	152
87	225
87	797
87	813
90	103
90	130
90	132
90	167
90	198
90	222
90	264
90	282
90	314
90	315
90	323
90	382
90	409
90	428
90	439
90	491
90	499
90	505
90	524
90	527
90	567
90	588
90	615
90	636
90	639
90	649
90	651
90	663
90	716
90	736
90	737
90	754
90	795
90	798
90	810
90	839
94	516
95	150
95	401
97	106
97	329
97	598
97	686
98	523
99	132
99	305
99	673
99	737
99	819
100	787
101	103
101	124
101	132
101	138
101	179
101	185
101	192
101	213
101	256
101	257
101	264
101	277
101	288
101	314
101	318
101	409
101	439
101	457
101	505
101	554
101	559
101	576
101	588
101	625
101	632
101	642
101	651
101	657
101	660
101	712
101	736
101	737
101	759
101	791
101	798
101	828
102	179
103	124
103	132
103	179
103	185
103	192
103	210
103	256
103	257
103	264
103	265
103	277
103	288
103	314
103	318
103	409
103	439
103	457
103	505
103	554
103	576
103	588
103	619
103	625
103	632
103	636
103	651
103	657
103	660
103	669
103	716
103	736
103	737
103	759
103	766
103	791
106	598
107	178
107	316
107	384
107	631
109	317
109	336
109	372
109	709
109	729
111	119
113	292
113	768
114	229
114	260
114	399
114	778
121	375
121	640
124	179
124	185
124	192
124	198
124	256
124	277
124	288
124	314
124	409
124	457
124	495
124	505
124	554
124	576
124	588
124	625
124	632
124	636
124	649
124	651
124	669
124	736
124	737
124	791
125	424
125	727
129	417
129	474
129	486
129	666
129	739
129	755
129	758
130	135
130	198
130	213
130	241
130	318
130	367
130	409
130	495
130	499
130	503
130	505
130	541
130	636
130	642
130	649
130	716
130	736
130	754
130	766
130	784
130	798
131	637
132	179
132	185
132	192
132	222
132	256
132	264
132	277
132	282
132	288
132	305
132	314
132	315
132	357
132	382
132	409
132	439
132	457
132	505
132	524
132	527
132	559
132	570
132	576
132	583
132	588
132	615
132	619
132	625
132	628
132	632
132	651
132	657
132	663
132	669
132	673
132	712
132	736
132	737
132	791
132	795
132	798
132	810
132	819
132	839
135	198
135	213
135	241
135	314
135	367
135	495
135	499
135	503
135	636
135	642
135	649
135	716
135	754
135	766
135	821
136	639
136	737
136	825
138	213
138	230
138	264
138	275
138	277
138	318
138	345
138	367
138	391
138	495
138	505
138	514
138	642
138	660
138	736
138	821
139	166
139	171
139	182
139	190
139	340
139	422
139	477
139	484
139	548
139	573
139	624
139	644
139	745
141	587
141	643
144	433
144	449
144	775
144	835
144	848
146	350
146	602
146	626
149	632
150	174
150	175
150	285
150	313
150	330
150	339
150	401
150	454
150	476
150	622
150	623
150	747
152	225
152	769
152	797
152	813
154	765
155	609
155	761
156	159
159	384
160	208
161	408
164	475
165	846
166	171
166	182
166	190
166	340
166	422
166	477
166	484
166	548
166	573
166	624
166	644
166	668
166	745
167	231
167	382
167	491
167	524
167	663
167	703
167	737
167	795
167	810
167	839
168	326
168	463
168	483
168	542
168	609
168	676
168	834
169	407
169	482
169	558
169	601
169	614
170	749
170	783
171	182
171	190
171	340
171	422
171	477
171	484
171	548
171	573
171	624
171	644
171	745
173	255
174	175
174	285
174	313
174	330
174	339
174	401
174	454
174	476
174	622
174	623
174	747
175	285
175	313
175	330
175	339
175	401
175	454
175	476
175	622
175	623
175	747
176	807
177	703
178	233
178	316
178	384
178	430
179	185
179	192
179	256
179	257
179	264
179	277
179	314
179	409
179	439
179	457
179	505
179	554
179	576
179	588
179	625
179	632
179	651
179	657
179	711
179	736
179	737
179	759
179	798
181	211
181	323
181	390
181	428
181	615
181	795
182	309
182	477
182	484
182	573
182	644
184	282
184	384
185	192
185	256
185	264
185	277
185	288
185	314
185	409
185	439
185	457
185	505
185	519
185	554
185	576
185	588
185	625
185	632
185	651
185	669
185	736
185	737
185	798
190	340
190	422
190	477
190	484
190	573
190	644
190	745
191	379
191	463
192	198
192	213
192	256
192	257
192	264
192	265
192	277
192	288
192	314
192	357
192	409
192	439
192	457
192	495
192	505
192	519
192	556
192	565
192	576
192	588
192	619
192	625
192	632
192	636
192	649
192	651
192	657
192	660
192	661
192	669
192	712
192	716
192	736
192	737
192	791
193	331
193	492
193	595
195	369
195	675
197	727
198	213
198	241
198	264
198	367
198	409
198	495
198	499
198	503
198	505
198	527
198	541
198	577
198	632
198	636
198	642
198	649
198	660
198	716
198	736
198	754
198	766
198	784
198	798
198	821
199	522
203	310
203	435
203	528
203	596
203	667
210	264
210	588
210	736
210	832
211	323
211	390
211	615
211	795
213	230
213	241
213	264
213	314
213	318
213	345
213	367
213	391
213	495
213	499
213	503
213	505
213	514
213	541
213	565
213	577
213	636
213	642
213	649
213	660
213	716
213	736
213	754
213	766
213	784
213	798
213	821
218	248
219	285
219	747
221	398
222	315
222	323
222	382
222	390
222	428
222	491
222	524
222	527
222	567
222	615
222	663
222	737
222	795
222	810
222	819
222	839
223	298
223	741
225	797
225	813
226	421
230	345
230	391
230	495
230	512
230	636
230	642
230	660
230	736
230	821
232	519
232	625
233	384
233	430
234	350
237	321
237	592
238	735
239	282
239	329
239	724
241	318
241	367
241	391
241	499
241	503
241	577
241	636
241	642
241	649
241	660
241	716
241	736
241	754
241	766
241	798
241	821
247	528
254	286
255	540
256	264
256	265
256	277
256	288
256	314
256	409
256	439
256	457
256	505
256	519
256	554
256	556
256	559
256	576
256	588
256	619
256	625
256	632
256	651
256	657
256	669
256	693
256	712
256	736
256	737
256	791
256	799
257	265
257	277
257	314
257	466
257	576
257	625
257	632
257	657
257	712
260	399
260	778
263	416
264	265
264	277
264	288
264	304
264	314
264	318
264	367
264	409
264	439
264	457
264	505
264	519
264	559
264	576
264	588
264	619
264	625
264	632
264	642
264	651
264	660
264	663
264	716
264	736
264	737
264	821
265	277
265	314
265	338
265	457
265	588
265	625
265	632
265	651
265	736
273	547
274	684
275	387
275	505
275	625
275	736
277	288
277	314
277	357
277	367
277	409
277	439
277	457
277	495
277	505
277	554
277	565
277	576
277	588
277	619
277	625
277	632
277	651
277	657
277	660
277	669
277	693
277	712
277	736
277	737
277	791
282	328
282	384
282	439
282	527
282	663
282	736
282	737
282	798
285	313
285	330
285	339
285	401
285	454
285	476
285	622
285	623
285	747
286	407
286	482
286	769
288	314
288	357
288	409
288	439
288	457
288	505
288	554
288	565
288	576
288	588
288	625
288	632
288	636
288	651
288	657
288	669
288	712
288	736
288	737
288	798
288	821
292	402
292	522
292	742
293	579
298	349
301	307
301	335
301	706
301	758
301	797
301	848
303	773
304	457
305	636
305	673
305	736
307	335
307	706
307	848
310	435
310	528
310	596
310	667
313	330
313	339
313	401
313	454
313	476
313	622
313	623
313	747
314	357
314	409
314	439
314	457
314	495
314	505
314	519
314	554
314	559
314	570
314	576
314	588
314	619
314	625
314	632
314	636
314	649
314	651
314	657
314	661
314	663
314	669
314	712
314	736
314	737
314	752
314	759
314	791
314	798
314	799
315	323
315	382
315	428
315	524
315	527
315	534
315	567
315	615
315	636
315	663
315	735
315	736
315	737
315	795
315	810
315	839
316	384
316	430
316	631
317	336
317	372
317	709
317	729
318	345
318	367
318	391
318	495
318	499
318	505
318	514
318	636
318	642
318	649
318	660
318	716
318	736
318	754
318	766
318	784
318	798
318	821
321	592
322	840
323	382
323	390
323	428
323	524
323	527
323	615
323	663
323	795
323	810
323	839
326	463
326	483
326	542
326	576
326	609
326	676
326	750
326	834
329	432
329	439
329	724
330	397
330	401
330	454
330	476
330	622
330	623
330	747
331	492
331	595
335	706
335	758
335	797
335	848
336	372
336	709
336	729
338	510
339	401
339	454
339	476
339	622
339	623
339	747
340	422
340	477
340	484
340	548
340	573
340	624
340	644
344	522
345	391
345	514
345	642
345	660
345	736
345	821
347	418
347	805
348	490
348	585
350	602
353	370
353	426
357	439
357	457
357	554
357	628
357	632
357	669
357	712
357	737
357	752
362	762
367	391
367	495
367	499
367	503
367	505
367	514
367	541
367	577
367	632
367	636
367	642
367	649
367	660
367	716
367	736
367	754
367	766
367	784
367	798
367	821
369	675
369	688
370	674
372	709
372	729
379	463
382	390
382	423
382	428
382	491
382	524
382	527
382	567
382	615
382	653
382	663
382	737
382	795
382	810
382	839
384	430
384	631
384	748
389	661
390	428
390	524
390	527
390	615
390	795
390	810
390	839
391	495
391	499
391	503
391	514
391	636
391	642
391	649
391	660
391	716
391	736
391	754
391	766
391	821
394	448
399	778
401	454
401	476
401	622
401	623
401	747
402	742
404	481
404	741
407	482
407	558
407	601
407	614
407	769
409	439
409	457
409	505
409	527
409	554
409	576
409	583
409	588
409	619
409	625
409	632
409	636
409	651
409	657
409	663
409	669
409	716
409	736
409	737
409	754
409	798
409	799
413	465
413	659
417	474
417	486
417	666
417	739
417	755
417	758
417	835
417	848
418	805
422	477
422	484
422	548
422	573
422	624
422	644
422	745
423	428
423	567
423	615
424	727
426	457
428	524
428	527
428	567
428	615
428	663
428	795
428	810
428	839
430	572
432	724
433	449
433	775
433	835
433	848
435	528
435	596
435	667
438	490
438	585
439	457
439	505
439	519
439	527
439	554
439	576
439	588
439	625
439	628
439	632
439	651
439	657
439	669
439	724
439	736
439	737
439	798
439	800
443	447
445	725
448	529
449	758
449	775
449	835
449	848
454	476
454	622
454	623
454	747
457	505
457	527
457	554
457	576
457	588
457	615
457	619
457	625
457	628
457	632
457	651
457	657
457	663
457	669
457	693
457	712
457	736
457	737
457	791
457	798
457	819
458	731
463	483
463	542
463	576
463	609
463	676
463	750
463	834
465	659
467	751
472	580
472	735
474	486
474	666
474	739
474	755
474	758
474	835
474	848
476	622
476	623
476	747
477	484
477	548
477	573
477	624
477	644
481	741
482	558
482	614
482	769
483	542
483	609
483	676
483	834
484	548
484	573
484	624
484	644
486	666
486	739
486	755
486	758
486	835
486	848
490	585
491	524
491	527
491	567
491	615
491	663
491	737
491	795
491	839
492	595
495	499
495	505
495	541
495	636
495	642
495	649
495	660
495	716
495	736
495	737
495	754
495	798
495	821
498	685
498	842
499	503
499	505
499	514
499	541
499	636
499	642
499	649
499	660
499	716
499	736
499	754
499	766
499	784
499	798
499	821
503	577
503	632
503	636
503	642
503	649
503	716
503	736
503	754
503	766
503	784
505	570
505	576
505	588
505	619
505	625
505	632
505	636
505	642
505	649
505	651
505	661
505	663
505	669
505	716
505	736
505	737
505	754
505	766
505	784
505	791
505	798
505	821
509	717
514	522
514	642
519	576
519	588
519	632
519	651
519	661
519	736
519	737
524	527
524	567
524	615
524	663
524	737
524	795
524	810
524	839
527	567
527	576
527	615
527	636
527	653
527	663
527	737
527	795
527	810
527	839
528	596
528	667
532	725
541	636
541	642
541	649
541	716
541	736
541	754
541	784
542	576
542	609
542	676
542	834
543	554
546	763
548	573
548	624
548	644
554	576
554	588
554	625
554	632
554	651
554	663
554	669
554	711
554	791
556	625
558	601
558	614
559	583
559	625
559	673
559	724
559	737
565	736
566	735
567	615
567	663
567	795
567	810
567	839
568	735
568	740
570	586
570	636
570	669
570	798
573	624
573	644
573	745
576	588
576	609
576	619
576	625
576	632
576	636
576	651
576	657
576	663
576	669
576	712
576	736
576	737
576	791
576	798
577	594
577	632
577	636
577	649
577	716
577	736
577	754
577	798
577	800
583	737
586	724
586	736
587	643
588	619
588	625
588	632
588	636
588	651
588	657
588	663
588	669
588	712
588	736
588	737
588	791
591	735
591	740
596	667
599	635
601	614
607	687
609	761
610	697
615	653
615	663
615	737
615	795
615	810
615	819
615	839
619	625
619	632
619	651
619	669
619	736
619	737
619	791
619	799
622	623
622	747
623	747
624	644
625	632
625	651
625	657
625	663
625	669
625	693
625	712
625	736
625	737
628	669
632	636
632	642
632	651
632	657
632	669
632	693
632	712
632	716
632	736
632	737
632	754
632	759
632	791
632	798
636	642
636	649
636	651
636	660
636	663
636	716
636	736
636	737
636	754
636	766
636	784
636	798
636	821
639	777
639	825
642	649
642	660
642	716
642	736
642	754
642	766
642	784
642	798
642	821
644	745
649	660
649	716
649	736
649	754
649	766
649	784
649	798
649	821
651	657
651	669
651	711
651	712
651	736
651	737
651	791
651	799
651	832
653	795
653	839
657	669
657	712
657	736
657	737
657	791
657	800
657	828
660	716
660	736
660	754
660	766
660	821
661	736
663	669
663	736
663	737
663	791
663	795
663	810
663	839
666	739
666	755
666	758
666	835
666	848
669	712
669	736
669	737
669	791
669	798
673	819
675	688
676	750
676	834
680	710
685	842
686	844
706	758
706	797
706	848
707	810
709	729
712	736
712	737
712	791
716	736
716	754
716	766
716	784
716	798
717	741
719	743
719	757
724	767
735	740
736	737
736	754
736	766
736	784
736	791
736	798
736	799
736	821
737	791
737	795
737	798
737	810
737	839
739	755
739	758
739	769
739	835
739	848
742	813
749	783
754	766
754	784
754	798
754	821
755	758
755	835
755	848
758	775
758	797
758	835
758	848
766	784
766	798
775	835
775	848
777	825
795	810
795	819
795	839
797	813
797	848
798	821
798	832
810	839
819	839
835	848
353	0
370	0
471	0
8	1
293	1
579	1
44	2
772	2
369	3
675	3
688	3
388	7
293	8
579	8
62	9
191	9
379	9
463	9
718	10
586	12
296	13
591	13
26	15
33	15
71	15
90	15
122	15
132	15
167	15
222	15
315	15
323	15
382	15
390	15
428	15
491	15
524	15
527	15
559	15
567	15
615	15
663	15
707	15
737	15
784	15
795	15
810	15
819	15
839	15
56	16
731	16
34	19
107	19
178	19
233	19
316	19
384	19
430	19
572	19
30	20
32	20
33	20
76	20
101	20
103	20
124	20
132	20
179	20
192	20
256	20
257	20
264	20
265	20
277	20
288	20
314	20
409	20
457	20
505	20
519	20
556	20
576	20
588	20
625	20
632	20
651	20
657	20
669	20
712	20
736	20
737	20
791	20
413	21
465	21
659	21
134	25
32	26
33	26
37	26
71	26
76	26
90	26
99	26
103	26
132	26
185	26
192	26
256	26
277	26
282	26
288	26
305	26
314	26
315	26
357	26
439	26
457	26
505	26
524	26
527	26
554	26
576	26
588	26
615	26
625	26
632	26
636	26
657	26
663	26
669	26
736	26
737	26
777	26
791	26
795	26
798	26
839	26
176	28
636	28
807	28
47	29
59	29
95	29
150	29
174	29
175	29
285	29
313	29
330	29
339	29
401	29
454	29
476	29
622	29
623	29
747	29
32	30
101	30
103	30
132	30
179	30
192	30
256	30
257	30
264	30
265	30
277	30
288	30
314	30
453	30
457	30
576	30
588	30
625	30
651	30
657	30
712	30
736	30
737	30
292	31
471	31
33	32
45	32
76	32
101	32
103	32
124	32
179	32
185	32
192	32
198	32
256	32
264	32
265	32
277	32
288	32
314	32
409	32
439	32
457	32
495	32
505	32
576	32
588	32
625	32
632	32
636	32
651	32
657	32
661	32
663	32
669	32
716	32
736	32
737	32
791	32
71	33
76	33
90	33
99	33
124	33
132	33
167	33
177	33
185	33
192	33
256	33
264	33
314	33
315	33
409	33
439	33
457	33
505	33
554	33
559	33
576	33
588	33
625	33
632	33
636	33
651	33
657	33
663	33
669	33
703	33
736	33
737	33
791	33
798	33
810	33
107	34
178	34
233	34
316	34
384	34
430	34
631	34
748	34
132	37
136	37
639	37
737	37
777	37
825	37
719	40
743	40
757	40
103	41
90	45
130	45
198	45
314	45
367	45
499	45
505	45
636	45
642	45
649	45
736	45
766	45
784	45
798	45
59	47
150	47
174	47
175	47
219	47
285	47
313	47
330	47
339	47
401	47
454	47
476	47
622	47
623	47
747	47
117	49
817	49
597	54
180	55
561	55
458	56
731	56
79	57
152	57
169	57
254	57
286	57
407	57
482	57
558	57
614	57
708	57
755	57
769	57
150	59
174	59
175	59
285	59
313	59
330	59
339	59
401	59
454	59
476	59
622	59
623	59
747	59
85	60
170	60
749	60
783	60
191	62
379	62
463	62
347	65
805	65
200	67
213	70
499	70
636	70
642	70
649	70
660	70
90	71
122	71
167	71
222	71
382	71
524	71
527	71
636	71
663	71
810	71
839	71
79	74
169	74
407	74
558	74
601	74
614	74
90	76
101	76
103	76
132	76
179	76
185	76
192	76
256	76
264	76
265	76
277	76
288	76
314	76
357	76
409	76
439	76
457	76
505	76
519	76
554	76
576	76
588	76
619	76
625	76
632	76
651	76
657	76
663	76
669	76
693	76
736	76
737	76
759	76
791	76
799	76
82	78
139	78
166	78
171	78
190	78
340	78
422	78
477	78
484	78
548	78
573	78
624	78
644	78
668	78
745	78
169	79
407	79
558	79
601	79
614	79
139	82
166	82
171	82
182	82
190	82
340	82
422	82
477	82
484	82
548	82
573	82
624	82
644	82
745	82
138	83
213	83
230	83
345	83
391	83
512	83
514	83
821	83
170	85
749	85
783	85
152	87
225	87
797	87
813	87
103	90
130	90
132	90
167	90
198	90
222	90
264	90
282	90
314	90
315	90
323	90
382	90
409	90
428	90
439	90
491	90
499	90
505	90
524	90
527	90
567	90
588	90
615	90
636	90
639	90
649	90
651	90
663	90
716	90
736	90
737	90
754	90
795	90
798	90
810	90
839	90
516	94
150	95
401	95
106	97
329	97
598	97
686	97
523	98
132	99
305	99
673	99
737	99
819	99
787	100
103	101
124	101
132	101
138	101
179	101
185	101
192	101
213	101
256	101
257	101
264	101
277	101
288	101
314	101
318	101
409	101
439	101
457	101
505	101
554	101
559	101
576	101
588	101
625	101
632	101
642	101
651	101
657	101
660	101
712	101
736	101
737	101
759	101
791	101
798	101
828	101
179	102
124	103
132	103
179	103
185	103
192	103
210	103
256	103
257	103
264	103
265	103
277	103
288	103
314	103
318	103
409	103
439	103
457	103
505	103
554	103
576	103
588	103
619	103
625	103
632	103
636	103
651	103
657	103
660	103
669	103
716	103
736	103
737	103
759	103
766	103
791	103
598	106
178	107
316	107
384	107
631	107
317	109
336	109
372	109
709	109
729	109
119	111
292	113
768	113
229	114
260	114
399	114
778	114
375	121
640	121
179	124
185	124
192	124
198	124
256	124
277	124
288	124
314	124
409	124
457	124
495	124
505	124
554	124
576	124
588	124
625	124
632	124
636	124
649	124
651	124
669	124
736	124
737	124
791	124
424	125
727	125
417	129
474	129
486	129
666	129
739	129
755	129
758	129
135	130
198	130
213	130
241	130
318	130
367	130
409	130
495	130
499	130
503	130
505	130
541	130
636	130
642	130
649	130
716	130
736	130
754	130
766	130
784	130
798	130
637	131
179	132
185	132
192	132
222	132
256	132
264	132
277	132
282	132
288	132
305	132
314	132
315	132
357	132
382	132
409	132
439	132
457	132
505	132
524	132
527	132
559	132
570	132
576	132
583	132
588	132
615	132
619	132
625	132
628	132
632	132
651	132
657	132
663	132
669	132
673	132
712	132
736	132
737	132
791	132
795	132
798	132
810	132
819	132
839	132
198	135
213	135
241	135
314	135
367	135
495	135
499	135
503	135
636	135
642	135
649	135
716	135
754	135
766	135
821	135
639	136
737	136
825	136
213	138
230	138
264	138
275	138
277	138
318	138
345	138
367	138
391	138
495	138
505	138
514	138
642	138
660	138
736	138
821	138
166	139
171	139
182	139
190	139
340	139
422	139
477	139
484	139
548	139
573	139
624	139
644	139
745	139
587	141
643	141
433	144
449	144
775	144
835	144
848	144
350	146
602	146
626	146
632	149
174	150
175	150
285	150
313	150
330	150
339	150
401	150
454	150
476	150
622	150
623	150
747	150
225	152
769	152
797	152
813	152
765	154
609	155
761	155
159	156
384	159
208	160
408	161
475	164
846	165
171	166
182	166
190	166
340	166
422	166
477	166
484	166
548	166
573	166
624	166
644	166
668	166
745	166
231	167
382	167
491	167
524	167
663	167
703	167
737	167
795	167
810	167
839	167
326	168
463	168
483	168
542	168
609	168
676	168
834	168
407	169
482	169
558	169
601	169
614	169
749	170
783	170
182	171
190	171
340	171
422	171
477	171
484	171
548	171
573	171
624	171
644	171
745	171
255	173
175	174
285	174
313	174
330	174
339	174
401	174
454	174
476	174
622	174
623	174
747	174
285	175
313	175
330	175
339	175
401	175
454	175
476	175
622	175
623	175
747	175
807	176
703	177
233	178
316	178
384	178
430	178
185	179
192	179
256	179
257	179
264	179
277	179
314	179
409	179
439	179
457	179
505	179
554	179
576	179
588	179
625	179
632	179
651	179
657	179
711	179
736	179
737	179
759	179
798	179
211	181
323	181
390	181
428	181
615	181
795	181
309	182
477	182
484	182
573	182
644	182
282	184
384	184
192	185
256	185
264	185
277	185
288	185
314	185
409	185
439	185
457	185
505	185
519	185
554	185
576	185
588	185
625	185
632	185
651	185
669	185
736	185
737	185
798	185
340	190
422	190
477	190
484	190
573	190
644	190
745	190
379	191
463	191
198	192
213	192
256	192
257	192
264	192
265	192
277	192
288	192
314	192
357	192
409	192
439	192
457	192
495	192
505	192
519	192
556	192
565	192
576	192
588	192
619	192
625	192
632	192
636	192
649	192
651	192
657	192
660	192
661	192
669	192
712	192
716	192
736	192
737	192
791	192
331	193
492	193
595	193
369	195
675	195
727	197
213	198
241	198
264	198
367	198
409	198
495	198
499	198
503	198
505	198
527	198
541	198
577	198
632	198
636	198
642	198
649	198
660	198
716	198
736	198
754	198
766	198
784	198
798	198
821	198
522	199
310	203
435	203
528	203
596	203
667	203
264	210
588	210
736	210
832	210
323	211
390	211
615	211
795	211
230	213
241	213
264	213
314	213
318	213
345	213
367	213
391	213
495	213
499	213
503	213
505	213
514	213
541	213
565	213
577	213
636	213
642	213
649	213
660	213
716	213
736	213
754	213
766	213
784	213
798	213
821	213
248	218
285	219
747	219
398	221
315	222
323	222
382	222
390	222
428	222
491	222
524	222
527	222
567	222
615	222
663	222
737	222
795	222
810	222
819	222
839	222
298	223
741	223
797	225
813	225
421	226
345	230
391	230
495	230
512	230
636	230
642	230
660	230
736	230
821	230
519	232
625	232
384	233
430	233
350	234
321	237
592	237
735	238
282	239
329	239
724	239
318	241
367	241
391	241
499	241
503	241
577	241
636	241
642	241
649	241
660	241
716	241
736	241
754	241
766	241
798	241
821	241
528	247
286	254
540	255
264	256
265	256
277	256
288	256
314	256
409	256
439	256
457	256
505	256
519	256
554	256
556	256
559	256
576	256
588	256
619	256
625	256
632	256
651	256
657	256
669	256
693	256
712	256
736	256
737	256
791	256
799	256
265	257
277	257
314	257
466	257
576	257
625	257
632	257
657	257
712	257
399	260
778	260
416	263
265	264
277	264
288	264
304	264
314	264
318	264
367	264
409	264
439	264
457	264
505	264
519	264
559	264
576	264
588	264
619	264
625	264
632	264
642	264
651	264
660	264
663	264
716	264
736	264
737	264
821	264
277	265
314	265
338	265
457	265
588	265
625	265
632	265
651	265
736	265
547	273
684	274
387	275
505	275
625	275
736	275
288	277
314	277
357	277
367	277
409	277
439	277
457	277
495	277
505	277
554	277
565	277
576	277
588	277
619	277
625	277
632	277
651	277
657	277
660	277
669	277
693	277
712	277
736	277
737	277
791	277
328	282
384	282
439	282
527	282
663	282
736	282
737	282
798	282
313	285
330	285
339	285
401	285
454	285
476	285
622	285
623	285
747	285
407	286
482	286
769	286
314	288
357	288
409	288
439	288
457	288
505	288
554	288
565	288
576	288
588	288
625	288
632	288
636	288
651	288
657	288
669	288
712	288
736	288
737	288
798	288
821	288
402	292
522	292
742	292
579	293
349	298
307	301
335	301
706	301
758	301
797	301
848	301
773	303
457	304
636	305
673	305
736	305
335	307
706	307
848	307
435	310
528	310
596	310
667	310
330	313
339	313
401	313
454	313
476	313
622	313
623	313
747	313
357	314
409	314
439	314
457	314
495	314
505	314
519	314
554	314
559	314
570	314
576	314
588	314
619	314
625	314
632	314
636	314
649	314
651	314
657	314
661	314
663	314
669	314
712	314
736	314
737	314
752	314
759	314
791	314
798	314
799	314
323	315
382	315
428	315
524	315
527	315
534	315
567	315
615	315
636	315
663	315
735	315
736	315
737	315
795	315
810	315
839	315
384	316
430	316
631	316
336	317
372	317
709	317
729	317
345	318
367	318
391	318
495	318
499	318
505	318
514	318
636	318
642	318
649	318
660	318
716	318
736	318
754	318
766	318
784	318
798	318
821	318
592	321
840	322
382	323
390	323
428	323
524	323
527	323
615	323
663	323
795	323
810	323
839	323
463	326
483	326
542	326
576	326
609	326
676	326
750	326
834	326
432	329
439	329
724	329
397	330
401	330
454	330
476	330
622	330
623	330
747	330
492	331
595	331
706	335
758	335
797	335
848	335
372	336
709	336
729	336
510	338
401	339
454	339
476	339
622	339
623	339
747	339
422	340
477	340
484	340
548	340
573	340
624	340
644	340
522	344
391	345
514	345
642	345
660	345
736	345
821	345
418	347
805	347
490	348
585	348
602	350
370	353
426	353
439	357
457	357
554	357
628	357
632	357
669	357
712	357
737	357
752	357
762	362
391	367
495	367
499	367
503	367
505	367
514	367
541	367
577	367
632	367
636	367
642	367
649	367
660	367
716	367
736	367
754	367
766	367
784	367
798	367
821	367
675	369
688	369
674	370
709	372
729	372
463	379
390	382
423	382
428	382
491	382
524	382
527	382
567	382
615	382
653	382
663	382
737	382
795	382
810	382
839	382
430	384
631	384
748	384
661	389
428	390
524	390
527	390
615	390
795	390
810	390
839	390
495	391
499	391
503	391
514	391
636	391
642	391
649	391
660	391
716	391
736	391
754	391
766	391
821	391
448	394
778	399
454	401
476	401
622	401
623	401
747	401
742	402
481	404
741	404
482	407
558	407
601	407
614	407
769	407
439	409
457	409
505	409
527	409
554	409
576	409
583	409
588	409
619	409
625	409
632	409
636	409
651	409
657	409
663	409
669	409
716	409
736	409
737	409
754	409
798	409
799	409
465	413
659	413
474	417
486	417
666	417
739	417
755	417
758	417
835	417
848	417
805	418
477	422
484	422
548	422
573	422
624	422
644	422
745	422
428	423
567	423
615	423
727	424
457	426
524	428
527	428
567	428
615	428
663	428
795	428
810	428
839	428
572	430
724	432
449	433
775	433
835	433
848	433
528	435
596	435
667	435
490	438
585	438
457	439
505	439
519	439
527	439
554	439
576	439
588	439
625	439
628	439
632	439
651	439
657	439
669	439
724	439
736	439
737	439
798	439
800	439
447	443
725	445
529	448
758	449
775	449
835	449
848	449
476	454
622	454
623	454
747	454
505	457
527	457
554	457
576	457
588	457
615	457
619	457
625	457
628	457
632	457
651	457
657	457
663	457
669	457
693	457
712	457
736	457
737	457
791	457
798	457
819	457
731	458
483	463
542	463
576	463
609	463
676	463
750	463
834	463
659	465
751	467
580	472
735	472
486	474
666	474
739	474
755	474
758	474
835	474
848	474
622	476
623	476
747	476
484	477
548	477
573	477
624	477
644	477
741	481
558	482
614	482
769	482
542	483
609	483
676	483
834	483
548	484
573	484
624	484
644	484
666	486
739	486
755	486
758	486
835	486
848	486
585	490
524	491
527	491
567	491
615	491
663	491
737	491
795	491
839	491
595	492
499	495
505	495
541	495
636	495
642	495
649	495
660	495
716	495
736	495
737	495
754	495
798	495
821	495
685	498
842	498
503	499
505	499
514	499
541	499
636	499
642	499
649	499
660	499
716	499
736	499
754	499
766	499
784	499
798	499
821	499
577	503
632	503
636	503
642	503
649	503
716	503
736	503
754	503
766	503
784	503
570	505
576	505
588	505
619	505
625	505
632	505
636	505
642	505
649	505
651	505
661	505
663	505
669	505
716	505
736	505
737	505
754	505
766	505
784	505
791	505
798	505
821	505
717	509
522	514
642	514
576	519
588	519
632	519
651	519
661	519
736	519
737	519
527	524
567	524
615	524
663	524
737	524
795	524
810	524
839	524
567	527
576	527
615	527
636	527
653	527
663	527
737	527
795	527
810	527
839	527
596	528
667	528
725	532
636	541
642	541
649	541
716	541
736	541
754	541
784	541
576	542
609	542
676	542
834	542
554	543
763	546
573	548
624	548
644	548
576	554
588	554
625	554
632	554
651	554
663	554
669	554
711	554
791	554
625	556
601	558
614	558
583	559
625	559
673	559
724	559
737	559
736	565
735	566
615	567
663	567
795	567
810	567
839	567
735	568
740	568
586	570
636	570
669	570
798	570
624	573
644	573
745	573
588	576
609	576
619	576
625	576
632	576
636	576
651	576
657	576
663	576
669	576
712	576
736	576
737	576
791	576
798	576
594	577
632	577
636	577
649	577
716	577
736	577
754	577
798	577
800	577
737	583
724	586
736	586
643	587
619	588
625	588
632	588
636	588
651	588
657	588
663	588
669	588
712	588
736	588
737	588
791	588
735	591
740	591
667	596
635	599
614	601
687	607
761	609
697	610
653	615
663	615
737	615
795	615
810	615
819	615
839	615
625	619
632	619
651	619
669	619
736	619
737	619
791	619
799	619
623	622
747	622
747	623
644	624
632	625
651	625
657	625
663	625
669	625
693	625
712	625
736	625
737	625
669	628
636	632
642	632
651	632
657	632
669	632
693	632
712	632
716	632
736	632
737	632
754	632
759	632
791	632
798	632
642	636
649	636
651	636
660	636
663	636
716	636
736	636
737	636
754	636
766	636
784	636
798	636
821	636
777	639
825	639
649	642
660	642
716	642
736	642
754	642
766	642
784	642
798	642
821	642
745	644
660	649
716	649
736	649
754	649
766	649
784	649
798	649
821	649
657	651
669	651
711	651
712	651
736	651
737	651
791	651
799	651
832	651
795	653
839	653
669	657
712	657
736	657
737	657
791	657
800	657
828	657
716	660
736	660
754	660
766	660
821	660
736	661
669	663
736	663
737	663
791	663
795	663
810	663
839	663
739	666
755	666
758	666
835	666
848	666
712	669
736	669
737	669
791	669
798	669
819	673
688	675
750	676
834	676
710	680
842	685
844	686
758	706
797	706
848	706
810	707
729	709
736	712
737	712
791	712
736	716
754	716
766	716
784	716
798	716
741	717
743	719
757	719
767	724
740	735
737	736
754	736
766	736
784	736
791	736
798	736
799	736
821	736
791	737
795	737
798	737
810	737
839	737
755	739
758	739
769	739
835	739
848	739
813	742
783	749
766	754
784	754
798	754
821	754
758	755
835	755
848	755
775	758
797	758
835	758
848	758
784	766
798	766
835	775
848	775
825	777
810	795
819	795
839	795
813	797
848	797
821	798
832	798
839	810
839	819
848	835
