0	353
0	471
0	536
2	772
3	369
4	415
4	812
5	32
5	37
5	90
5	256
5	439
5	457
5	459
5	505
5	639
5	669
5	736
5	806
7	388
8	293
8	579
11	314
11	392
11	457
11	570
11	586
11	588
11	632
11	806
12	586
13	296
13	591
15	26
15	71
15	90
15	122
15	132
15	172
15	189
15	222
15	315
15	323
15	325
15	382
15	390
15	428
15	500
15	515
15	524
15	527
15	533
15	627
15	663
15	707
15	784
15	795
15	819
16	56
19	34
19	178
19	384
19	430
19	518
20	30
20	32
20	101
20	104
20	124
20	132
20	179
20	192
20	220
20	256
20	257
20	265
20	277
20	288
20	314
20	354
20	434
20	457
20	479
20	505
20	507
20	519
20	575
20	576
20	588
20	593
20	625
20	632
20	651
20	657
20	669
20	722
20	736
21	465
21	659
23	42
23	78
23	82
23	139
23	157
23	166
23	171
23	477
23	548
23	582
23	604
23	683
23	689
25	672
26	32
26	37
26	69
26	71
26	90
26	99
26	104
26	132
26	172
26	189
26	192
26	220
26	256
26	277
26	282
26	288
26	314
26	315
26	325
26	354
26	357
26	434
26	439
26	457
26	459
26	479
26	500
26	505
26	507
26	515
26	524
26	527
26	554
26	575
26	576
26	588
26	593
26	616
26	625
26	627
26	632
26	657
26	663
26	669
26	695
26	722
26	736
26	795
26	806
30	32
30	101
30	104
30	132
30	179
30	192
30	220
30	256
30	257
30	265
30	277
30	288
30	314
30	354
30	434
30	453
30	457
30	479
30	507
30	575
30	576
30	588
30	593
30	625
30	651
30	657
30	722
30	736
31	471
32	45
32	101
32	104
32	124
32	179
32	192
32	220
32	256
32	265
32	277
32	288
32	314
32	354
32	434
32	439
32	457
32	459
32	479
32	505
32	507
32	575
32	576
32	588
32	593
32	625
32	632
32	651
32	657
32	661
32	663
32	669
32	716
32	721
32	722
32	736
32	806
32	811
34	178
34	384
34	430
34	504
34	518
34	631
35	498
35	589
35	685
35	842
36	384
36	504
36	831
37	132
37	216
37	639
37	788
38	146
38	151
38	626
38	629
40	691
40	719
40	743
40	757
42	78
42	82
42	139
42	157
42	166
42	171
42	477
42	582
42	604
42	683
45	90
45	314
45	367
45	459
45	499
45	505
45	507
45	593
45	627
45	649
45	713
45	736
45	766
45	784
45	806
45	808
47	59
47	128
47	150
47	174
47	175
47	219
47	285
47	313
47	330
47	339
47	355
47	454
47	460
47	476
47	623
47	654
47	694
47	753
48	129
48	144
48	307
48	393
48	417
48	433
48	449
48	706
48	739
48	755
48	797
48	820
48	835
48	848
49	117
50	546
50	763
54	597
54	822
55	561
56	458
57	79
57	152
57	169
57	258
57	286
57	407
57	482
57	485
57	558
57	614
57	708
57	755
59	128
59	150
59	174
59	175
59	285
59	313
59	330
59	339
59	355
59	454
59	460
59	476
59	623
59	694
60	85
60	170
60	679
60	783
63	138
63	275
63	387
64	78
64	139
64	157
64	166
64	171
64	604
64	683
68	315
69	90
69	104
69	282
69	329
69	439
69	459
69	521
69	586
70	213
70	478
70	499
70	649
70	660
70	808
71	90
71	122
71	222
71	325
71	382
71	459
71	500
71	521
71	524
71	527
71	627
71	663
71	695
73	209
77	109
77	317
77	327
77	336
77	372
77	709
78	82
78	139
78	157
78	166
78	171
78	477
78	548
78	582
78	604
78	683
79	169
79	258
79	407
79	485
79	558
79	601
79	605
79	614
82	139
82	157
82	166
82	171
82	477
82	548
82	582
82	604
82	683
83	138
83	213
83	230
83	512
83	514
83	551
83	670
83	702
83	821
85	170
85	679
85	783
87	152
87	225
87	243
87	797
87	813
90	104
90	132
90	172
90	189
90	222
90	282
90	314
90	315
90	323
90	325
90	382
90	428
90	439
90	459
90	499
90	500
90	505
90	507
90	515
90	521
90	524
90	527
90	533
90	588
90	627
90	639
90	649
90	651
90	663
90	695
90	716
90	736
90	754
90	795
90	806
91	362
91	806
95	150
95	694
96	259
96	427
98	523
99	132
99	220
99	311
99	459
99	473
99	673
99	819
101	104
101	124
101	132
101	138
101	179
101	192
101	213
101	220
101	256
101	257
101	277
101	288
101	314
101	318
101	354
101	434
101	439
101	457
101	479
101	505
101	507
101	554
101	576
101	588
101	593
101	625
101	632
101	651
101	657
101	660
101	722
101	736
101	806
101	811
101	828
102	179
104	132
104	179
104	192
104	207
104	220
104	232
104	256
104	257
104	265
104	277
104	282
104	288
104	304
104	314
104	354
104	357
104	434
104	439
104	457
104	459
104	479
104	505
104	507
104	554
104	575
104	576
104	588
104	593
104	625
104	632
104	651
104	657
104	669
104	722
104	736
104	753
104	788
105	141
105	587
105	643
109	317
109	327
109	336
109	372
109	709
109	849
110	272
110	276
113	768
114	158
114	229
114	260
114	399
114	690
120	145
121	375
121	521
121	640
123	378
123	451
123	549
124	179
124	192
124	220
124	256
124	277
124	288
124	314
124	434
124	457
124	459
124	479
124	505
124	507
124	554
124	575
124	576
124	588
124	593
124	625
124	632
124	649
124	651
124	669
124	713
124	721
124	722
124	736
124	806
124	811
125	424
127	217
127	281
128	150
128	174
128	175
128	219
128	285
128	313
128	330
128	339
128	355
128	454
128	476
128	623
128	694
128	753
129	417
129	739
129	755
131	637
132	179
132	189
132	192
132	220
132	222
132	256
132	277
132	282
132	288
132	314
132	315
132	325
132	354
132	357
132	382
132	434
132	439
132	457
132	459
132	479
132	500
132	505
132	507
132	515
132	524
132	527
132	570
132	575
132	576
132	588
132	593
132	616
132	625
132	632
132	651
132	657
132	663
132	669
132	673
132	695
132	722
132	736
132	788
132	795
132	806
132	811
132	819
132	849
135	213
135	241
135	314
135	367
135	499
135	649
135	716
135	754
135	766
135	808
135	821
137	718
138	213
138	230
138	275
138	277
138	318
138	367
138	505
138	514
138	660
138	670
138	702
138	736
138	808
138	821
139	157
139	166
139	171
139	477
139	548
139	582
139	604
139	683
140	286
140	686
141	587
141	643
144	433
144	449
144	820
144	835
144	848
146	151
146	602
146	626
146	629
150	174
150	175
150	285
150	313
150	330
150	339
150	355
150	454
150	476
150	623
150	654
150	694
151	626
151	629
152	225
152	243
152	300
152	797
152	813
155	392
155	761
157	166
157	171
157	477
157	548
157	582
157	604
157	683
157	689
158	229
158	260
158	399
158	690
159	384
159	518
160	208
160	437
160	786
161	408
163	733
164	475
165	645
165	846
166	171
166	477
166	548
166	582
166	604
166	683
169	258
169	407
169	482
169	485
169	558
169	601
169	605
169	614
170	679
170	783
171	477
171	548
171	582
171	604
171	683
171	689
172	189
172	211
172	222
172	315
172	323
172	382
172	390
172	428
172	500
172	515
172	524
172	527
172	533
172	653
172	663
172	795
172	819
173	255
174	175
174	285
174	313
174	330
174	339
174	355
174	454
174	476
174	623
174	694
175	285
175	313
175	330
175	339
175	355
175	454
175	476
175	623
175	694
178	384
178	430
178	518
179	192
179	220
179	256
179	257
179	277
179	314
179	354
179	434
179	439
179	457
179	479
179	505
179	507
179	554
179	575
179	576
179	588
179	593
179	625
179	632
179	651
179	657
179	722
179	736
179	811
189	222
189	290
189	315
189	323
189	325
189	382
189	390
189	428
189	459
189	500
189	515
189	524
189	527
189	533
189	653
189	663
189	795
189	819
192	213
192	220
192	256
192	257
192	265
192	277
192	288
192	314
192	354
192	357
192	434
192	439
192	457
192	459
192	479
192	505
192	507
192	519
192	565
192	575
192	576
192	588
192	593
192	625
192	632
192	649
192	651
192	657
192	660
192	661
192	669
192	716
192	722
192	736
192	806
192	808
192	811
193	492
193	595
193	738
199	522
203	310
206	227
206	363
206	452
206	603
208	437
208	786
211	323
211	390
211	795
213	230
213	241
213	251
213	314
213	318
213	367
213	478
213	499
213	505
213	506
213	514
213	541
213	551
213	565
213	577
213	649
213	660
213	670
213	702
213	716
213	722
213	736
213	754
213	766
213	784
213	806
213	808
213	821
215	613
216	312
216	487
216	639
216	765
217	281
219	285
220	256
220	257
220	277
220	288
220	314
220	354
220	434
220	439
220	457
220	459
220	479
220	505
220	507
220	519
220	554
220	575
220	576
220	588
220	593
220	625
220	632
220	651
220	657
220	669
220	722
220	736
220	806
222	315
222	323
222	325
222	382
222	390
222	428
222	500
222	515
222	524
222	527
222	533
222	663
222	795
222	819
225	243
225	797
225	813
226	421
226	606
227	457
227	575
229	690
230	512
230	551
230	660
230	702
230	736
230	821
232	519
232	571
232	625
236	701
237	321
238	395
238	735
239	282
239	329
240	408
241	251
241	318
241	367
241	478
241	499
241	506
241	577
241	649
241	660
241	716
241	722
241	736
241	754
241	766
241	808
241	821
243	797
243	813
251	367
251	499
251	505
251	506
251	649
251	736
251	821
253	522
255	540
256	265
256	277
256	288
256	314
256	354
256	434
256	439
256	457
256	459
256	479
256	505
256	507
256	519
256	554
256	575
256	576
256	588
256	593
256	625
256	632
256	651
256	657
256	669
256	721
256	722
256	736
256	753
256	799
256	806
256	811
257	265
257	277
257	314
257	434
257	466
257	507
257	576
257	625
257	632
257	657
257	722
258	286
258	407
258	482
258	485
258	558
258	601
258	605
258	614
260	399
260	690
265	277
265	314
265	338
265	434
265	457
265	479
265	575
265	588
265	593
265	625
265	632
265	651
265	722
265	736
266	393
266	706
269	496
272	276
274	539
275	387
275	505
275	625
275	736
277	288
277	314
277	354
277	357
277	367
277	434
277	439
277	457
277	459
277	478
277	479
277	505
277	507
277	551
277	554
277	565
277	575
277	576
277	588
277	593
277	625
277	632
277	651
277	657
277	660
277	669
277	722
277	736
277	806
277	811
282	328
282	384
282	439
282	459
282	504
282	527
282	663
282	736
282	831
285	313
285	330
285	339
285	355
285	454
285	460
285	476
285	623
285	694
285	753
286	407
286	482
288	314
288	354
288	357
288	434
288	439
288	457
288	479
288	505
288	507
288	554
288	565
288	576
288	588
288	593
288	625
288	632
288	651
288	657
288	669
288	722
288	736
288	806
288	821
290	325
290	382
290	515
290	524
293	579
299	505
299	733
300	664
300	813
300	823
304	434
304	457
304	479
304	722
307	393
307	706
307	848
312	487
312	765
313	330
313	339
313	355
313	454
313	460
313	476
313	623
313	694
314	354
314	357
314	434
314	439
314	457
314	459
314	479
314	505
314	507
314	519
314	554
314	570
314	575
314	576
314	588
314	593
314	625
314	632
314	649
314	651
314	657
314	661
314	663
314	669
314	722
314	736
314	752
314	753
314	799
314	806
314	811
315	323
315	382
315	395
315	428
315	459
315	515
315	524
315	527
315	533
315	627
315	663
315	735
315	736
315	795
317	327
317	336
317	372
317	709
318	367
318	499
318	505
318	506
318	507
318	514
318	649
318	660
318	670
318	702
318	716
318	722
318	736
318	754
318	766
318	784
318	808
318	821
322	840
323	382
323	390
323	428
323	500
323	515
323	524
323	527
323	533
323	663
323	795
325	382
325	500
325	515
325	524
325	625
325	663
325	795
326	483
326	542
326	576
326	676
326	750
327	336
327	372
327	709
327	849
329	432
329	439
329	753
330	355
330	397
330	454
330	476
330	623
330	694
336	372
336	709
339	355
339	454
339	460
339	476
339	623
339	694
344	522
347	805
353	426
353	849
354	434
354	439
354	457
354	479
354	505
354	554
354	575
354	576
354	588
354	593
354	625
354	632
354	651
354	669
354	722
354	736
354	806
354	811
355	454
355	476
355	623
355	694
355	753
356	480
357	439
357	457
357	479
357	554
357	593
357	632
357	669
357	752
363	452
363	522
365	520
367	478
367	499
367	505
367	506
367	514
367	541
367	577
367	627
367	632
367	649
367	660
367	670
367	713
367	716
367	722
367	736
367	754
367	766
367	784
367	808
367	821
372	709
373	514
373	670
373	702
375	507
375	521
375	695
378	451
378	549
381	820
381	848
382	390
382	428
382	459
382	500
382	515
382	524
382	527
382	533
382	653
382	663
382	795
384	430
384	504
384	518
384	631
384	831
388	530
389	661
390	428
390	500
390	515
390	524
390	527
390	795
392	570
392	586
392	761
393	706
393	797
393	848
395	568
395	591
395	726
395	735
399	690
402	742
404	481
407	482
407	485
407	558
407	601
407	605
407	614
415	812
417	739
417	755
417	835
417	848
420	720
426	457
426	616
428	500
428	515
428	524
428	527
428	533
428	663
428	795
429	801
430	518
431	650
433	449
433	820
433	835
433	848
434	439
434	457
434	479
434	505
434	507
434	519
434	554
434	575
434	576
434	588
434	593
434	625
434	632
434	651
434	657
434	669
434	722
434	736
434	753
434	806
434	811
437	786
438	490
439	457
439	459
439	479
439	505
439	507
439	519
439	521
439	527
439	554
439	575
439	576
439	581
439	588
439	593
439	616
439	625
439	632
439	651
439	657
439	669
439	722
439	736
439	753
439	788
439	800
439	806
445	725
448	529
449	820
449	835
449	848
451	549
454	476
454	623
454	654
454	694
454	753
457	459
457	479
457	505
457	507
457	527
457	554
457	575
457	576
457	588
457	593
457	616
457	625
457	632
457	651
457	657
457	663
457	669
457	722
457	736
457	753
457	811
457	819
457	849
459	505
459	507
459	519
459	521
459	524
459	527
459	575
459	586
459	588
459	593
459	616
459	627
459	632
459	651
459	663
459	669
459	695
459	721
459	722
459	736
459	753
459	788
459	806
459	811
465	659
467	751
471	536
473	669
473	673
473	819
476	623
476	694
476	753
477	548
477	582
477	604
477	683
478	499
478	505
478	506
478	507
478	526
478	541
478	649
478	716
478	722
478	736
478	754
478	766
478	808
479	505
479	507
479	554
479	565
479	575
479	576
479	581
479	588
479	593
479	625
479	632
479	651
479	657
479	663
479	669
479	722
479	736
479	799
479	806
479	811
482	558
482	605
482	614
483	542
483	676
485	558
485	601
485	605
485	614
487	765
492	595
492	738
498	589
498	685
498	842
499	505
499	506
499	514
499	541
499	627
499	649
499	660
499	716
499	722
499	736
499	754
499	766
499	784
499	806
499	808
499	821
500	515
500	524
500	527
500	533
500	663
500	795
504	518
504	631
504	831
505	506
505	507
505	526
505	570
505	575
505	576
505	588
505	593
505	625
505	632
505	649
505	651
505	661
505	663
505	669
505	713
505	716
505	721
505	722
505	736
505	754
505	766
505	784
505	806
505	808
505	811
505	821
506	507
506	577
506	649
506	660
506	713
506	716
506	722
506	736
506	754
506	766
506	806
506	808
506	821
507	526
507	554
507	570
507	576
507	588
507	593
507	625
507	627
507	632
507	651
507	657
507	663
507	669
507	713
507	716
507	721
507	722
507	736
507	753
507	754
507	806
507	811
509	536
512	551
512	702
512	722
514	522
514	603
514	670
514	702
515	524
515	527
515	533
515	663
515	795
515	819
515	836
518	631
519	576
519	588
519	593
519	632
519	651
519	661
519	722
519	736
519	806
521	527
521	627
521	640
521	695
521	736
522	603
524	527
524	533
524	663
524	795
526	713
526	716
527	533
527	576
527	627
527	653
527	663
527	795
532	725
533	653
533	663
533	795
541	649
541	716
541	722
541	736
541	754
541	784
541	808
542	576
542	676
543	554
546	763
548	582
548	604
548	683
551	702
551	722
551	736
554	575
554	576
554	588
554	593
554	625
554	632
554	651
554	663
554	669
554	722
554	811
558	601
558	605
558	614
565	575
565	722
565	736
566	735
568	726
568	735
570	586
570	593
570	669
570	806
575	576
575	588
575	593
575	625
575	632
575	651
575	657
575	669
575	722
575	736
575	806
575	811
576	588
576	593
576	625
576	632
576	651
576	657
576	663
576	669
576	713
576	722
576	736
576	806
576	811
577	594
577	632
577	649
577	716
577	722
577	736
577	754
577	800
577	806
577	808
581	588
581	753
582	604
582	683
586	736
586	806
587	643
588	593
588	625
588	632
588	651
588	657
588	663
588	669
588	721
588	722
588	736
588	753
588	806
588	811
589	685
589	842
591	726
591	735
593	625
593	632
593	649
593	651
593	657
593	661
593	669
593	713
593	721
593	722
593	736
593	753
593	799
593	806
593	811
595	738
597	822
600	603
601	605
601	614
602	629
604	683
604	689
605	614
605	699
605	797
607	687
610	633
610	705
610	823
611	691
611	719
616	849
623	694
625	632
625	651
625	657
625	663
625	669
625	722
625	736
625	806
625	811
626	629
627	649
627	663
627	713
627	716
627	754
627	766
627	795
632	651
632	657
632	669
632	713
632	716
632	722
632	736
632	753
632	754
632	806
632	811
633	705
639	753
645	846
646	742
649	660
649	713
649	716
649	722
649	736
649	754
649	766
649	784
649	806
649	808
649	811
649	821
651	657
651	669
651	721
651	722
651	736
651	753
651	799
651	806
651	811
653	795
657	669
657	722
657	736
657	800
657	828
660	670
660	716
660	722
660	736
660	754
660	766
660	808
660	821
661	722
661	736
663	669
663	736
663	788
663	795
663	806
664	823
669	722
669	736
669	806
670	702
670	736
670	821
673	819
676	750
679	783
683	689
685	842
691	719
691	743
691	757
694	753
699	797
702	722
702	736
702	821
705	823
706	797
706	848
713	716
713	722
713	736
713	754
713	766
713	784
713	806
716	722
716	736
716	754
716	766
716	784
716	806
716	808
719	743
719	757
721	722
721	736
721	754
721	799
721	806
722	736
722	754
722	784
722	799
722	806
722	808
722	811
722	821
722	828
726	735
736	754
736	766
736	784
736	799
736	806
736	808
736	811
736	821
736	849
739	755
739	835
739	848
742	813
753	788
754	766
754	784
754	808
754	821
755	835
755	848
766	784
766	806
766	808
784	806
784	808
795	819
797	813
797	848
806	808
806	811
808	821
818	824
820	835
820	848
835	848
353	0
471	0
536	0
772	2
369	3
415	4
812	4
32	5
37	5
90	5
256	5
439	5
457	5
459	5
505	5
639	5
669	5
736	5
806	5
388	7
293	8
579	8
314	11
392	11
457	11
570	11
586	11
588	11
632	11
806	11
586	12
296	13
591	13
26	15
71	15
90	15
122	15
132	15
172	15
189	15
222	15
315	15
323	15
325	15
382	15
390	15
428	15
500	15
515	15
524	15
527	15
533	15
627	15
663	15
707	15
784	15
795	15
819	15
56	16
34	19
178	19
384	19
430	19
518	19
30	20
32	20
101	20
104	20
124	20
132	20
179	20
192	20
220	20
256	20
257	20
265	20
277	20
288	20
314	20
354	20
434	20
457	20
479	20
505	20
507	20
519	20
575	20
576	20
588	20
593	20
625	20
632	20
651	20
657	20
669	20
722	20
736	20
465	21
659	21
42	23
78	23
82	23
139	23
157	23
166	23
171	23
477	23
548	23
582	23
604	23
683	23
689	23
672	25
32	26
37	26
69	26
71	26
90	26
99	26
104	26
132	26
172	26
189	26
192	26
220	26
256	26
277	26
282	26
288	26
314	26
315	26
325	26
354	26
357	26
434	26
439	26
457	26
459	26
479	26
500	26
505	26
507	26
515	26
524	26
527	26
554	26
575	26
576	26
588	26
593	26
616	26
625	26
627	26
632	26
657	26
663	26
669	26
695	26
722	26
736	26
795	26
806	26
32	30
101	30
104	30
132	30
179	30
192	30
220	30
256	30
257	30
265	30
277	30
288	30
314	30
354	30
434	30
453	30
457	30
479	30
507	30
575	30
576	30
588	30
593	30
625	30
651	30
657	30
722	30
736	30
471	31
45	32
101	32
104	32
124	32
179	32
192	32
220	32
256	32
265	32
277	32
288	32
314	32
354	32
434	32
439	32
457	32
459	32
479	32
505	32
507	32
575	32
576	32
588	32
593	32
625	32
632	32
651	32
657	32
661	32
663	32
669	32
716	32
721	32
722	32
736	32
806	32
811	32
178	34
384	34
430	34
504	34
518	34
631	34
498	35
589	35
685	35
842	35
384	36
504	36
831	36
132	37
216	37
639	37
788	37
146	38
151	38
626	38
629	38
691	40
719	40
743	40
757	40
78	42
82	42
139	42
157	42
166	42
171	42
477	42
582	42
604	42
683	42
90	45
314	45
367	45
459	45
499	45
505	45
507	45
593	45
627	45
649	45
713	45
736	45
766	45
784	45
806	45
808	45
59	47
128	47
150	47
174	47
175	47
219	47
285	47
313	47
330	47
339	47
355	47
454	47
460	47
476	47
623	47
654	47
694	47
753	47
129	48
144	48
307	48
393	48
417	48
433	48
449	48
706	48
739	48
755	48
797	48
820	48
835	48
848	48
117	49
546	50
763	50
597	54
822	54
561	55
458	56
79	57
152	57
169	57
258	57
286	57
407	57
482	57
485	57
558	57
614	57
708	57
755	57
128	59
150	59
174	59
175	59
285	59
313	59
330	59
339	59
355	59
454	59
460	59
476	59
623	59
694	59
85	60
170	60
679	60
783	60
138	63
275	63
387	63
78	64
139	64
157	64
166	64
171	64
604	64
683	64
315	68
90	69
104	69
282	69
329	69
439	69
459	69
521	69
586	69
213	70
478	70
499	70
649	70
660	70
808	70
90	71
122	71
222	71
325	71
382	71
459	71
500	71
521	71
524	71
527	71
627	71
663	71
695	71
209	73
109	77
317	77
327	77
336	77
372	77
709	77
82	78
139	78
157	78
166	78
171	78
477	78
548	78
582	78
604	78
683	78
169	79
258	79
407	79
485	79
558	79
601	79
605	79
614	79
139	82
157	82
166	82
171	82
477	82
548	82
582	82
604	82
683	82
138	83
213	83
230	83
512	83
514	83
551	83
670	83
702	83
821	83
170	85
679	85
783	85
152	87
225	87
243	87
797	87
813	87
104	90
132	90
172	90
189	90
222	90
282	90
314	90
315	90
323	90
325	90
382	90
428	90
439	90
459	90
499	90
500	90
505	90
507	90
515	90
521	90
524	90
527	90
533	90
588	90
627	90
639	90
649	90
651	90
663	90
695	90
716	90
736	90
754	90
795	90
806	90
362	91
806	91
150	95
694	95
259	96
427	96
523	98
132	99
220	99
311	99
459	99
473	99
673	99
819	99
104	101
124	101
132	101
138	101
179	101
192	101
213	101
220	101
256	101
257	101
277	101
288	101
314	101
318	101
354	101
434	101
439	101
457	101
479	101
505	101
507	101
554	101
576	101
588	101
593	101
625	101
632	101
651	101
657	101
660	101
722	101
736	101
806	101
811	101
828	101
179	102
132	104
179	104
192	104
207	104
220	104
232	104
256	104
257	104
265	104
277	104
282	104
288	104
304	104
314	104
354	104
357	104
434	104
439	104
457	104
459	104
479	104
505	104
507	104
554	104
575	104
576	104
588	104
593	104
625	104
632	104
651	104
657	104
669	104
722	104
736	104
753	104
788	104
141	105
587	105
643	105
317	109
327	109
336	109
372	109
709	109
849	109
272	110
276	110
768	113
158	114
229	114
260	114
399	114
690	114
145	120
375	121
521	121
640	121
378	123
451	123
549	123
179	124
192	124
220	124
256	124
277	124
288	124
314	124
434	124
457	124
459	124
479	124
505	124
507	124
554	124
575	124
576	124
588	124
593	124
625	124
632	124
649	124
651	124
669	124
713	124
721	124
722	124
736	124
806	124
811	124
424	125
217	127
281	127
150	128
174	128
175	128
219	128
285	128
313	128
330	128
339	128
355	128
454	128
476	128
623	128
694	128
753	128
417	129
739	129
755	129
637	131
179	132
189	132
192	132
220	132
222	132
256	132
277	132
282	132
288	132
314	132
315	132
325	132
354	132
357	132
382	132
434	132
439	132
457	132
459	132
479	132
500	132
505	132
507	132
515	132
524	132
527	132
570	132
575	132
576	132
588	132
593	132
616	132
625	132
632	132
651	132
657	132
663	132
669	132
673	132
695	132
722	132
736	132
788	132
795	132
806	132
811	132
819	132
849	132
213	135
241	135
314	135
367	135
499	135
649	135
716	135
754	135
766	135
808	135
821	135
718	137
213	138
230	138
275	138
277	138
318	138
367	138
505	138
514	138
660	138
670	138
702	138
736	138
808	138
821	138
157	139
166	139
171	139
477	139
548	139
582	139
604	139
683	139
286	140
686	140
587	141
643	141
433	144
449	144
820	144
835	144
848	144
151	146
602	146
626	146
629	146
174	150
175	150
285	150
313	150
330	150
339	150
355	150
454	150
476	150
623	150
654	150
694	150
626	151
629	151
225	152
243	152
300	152
797	152
813	152
392	155
761	155
166	157
171	157
477	157
548	157
582	157
604	157
683	157
689	157
229	158
260	158
399	158
690	158
384	159
518	159
208	160
437	160
786	160
408	161
733	163
475	164
645	165
846	165
171	166
477	166
548	166
582	166
604	166
683	166
258	169
407	169
482	169
485	169
558	169
601	169
605	169
614	169
679	170
783	170
477	171
548	171
582	171
604	171
683	171
689	171
189	172
211	172
222	172
315	172
323	172
382	172
390	172
428	172
500	172
515	172
524	172
527	172
533	172
653	172
663	172
795	172
819	172
255	173
175	174
285	174
313	174
330	174
339	174
355	174
454	174
476	174
623	174
694	174
285	175
313	175
330	175
339	175
355	175
454	175
476	175
623	175
694	175
384	178
430	178
518	178
192	179
220	179
256	179
257	179
277	179
314	179
354	179
434	179
439	179
457	179
479	179
505	179
507	179
554	179
575	179
576	179
588	179
593	179
625	179
632	179
651	179
657	179
722	179
736	179
811	179
222	189
290	189
315	189
323	189
325	189
382	189
390	189
428	189
459	189
500	189
515	189
524	189
527	189
533	189
653	189
663	189
795	189
819	189
213	192
220	192
256	192
257	192
265	192
277	192
288	192
314	192
354	192
357	192
434	192
439	192
457	192
459	192
479	192
505	192
507	192
519	192
565	192
575	192
576	192
588	192
593	192
625	192
632	192
649	192
651	192
657	192
660	192
661	192
669	192
716	192
722	192
736	192
806	192
808	192
811	192
492	193
595	193
738	193
522	199
310	203
227	206
363	206
452	206
603	206
437	208
786	208
323	211
390	211
795	211
230	213
241	213
251	213
314	213
318	213
367	213
478	213
499	213
505	213
506	213
514	213
541	213
551	213
565	213
577	213
649	213
660	213
670	213
702	213
716	213
722	213
736	213
754	213
766	213
784	213
806	213
808	213
821	213
613	215
312	216
487	216
639	216
765	216
281	217
285	219
256	220
257	220
277	220
288	220
314	220
354	220
434	220
439	220
457	220
459	220
479	220
505	220
507	220
519	220
554	220
575	220
576	220
588	220
593	220
625	220
632	220
651	220
657	220
669	220
722	220
736	220
806	220
315	222
323	222
325	222
382	222
390	222
428	222
500	222
515	222
524	222
527	222
533	222
663	222
795	222
819	222
243	225
797	225
813	225
421	226
606	226
457	227
575	227
690	229
512	230
551	230
660	230
702	230
736	230
821	230
519	232
571	232
625	232
701	236
321	237
395	238
735	238
282	239
329	239
408	240
251	241
318	241
367	241
478	241
499	241
506	241
577	241
649	241
660	241
716	241
722	241
736	241
754	241
766	241
808	241
821	241
797	243
813	243
367	251
499	251
505	251
506	251
649	251
736	251
821	251
522	253
540	255
265	256
277	256
288	256
314	256
354	256
434	256
439	256
457	256
459	256
479	256
505	256
507	256
519	256
554	256
575	256
576	256
588	256
593	256
625	256
632	256
651	256
657	256
669	256
721	256
722	256
736	256
753	256
799	256
806	256
811	256
265	257
277	257
314	257
434	257
466	257
507	257
576	257
625	257
632	257
657	257
722	257
286	258
407	258
482	258
485	258
558	258
601	258
605	258
614	258
399	260
690	260
277	265
314	265
338	265
434	265
457	265
479	265
575	265
588	265
593	265
625	265
632	265
651	265
722	265
736	265
393	266
706	266
496	269
276	272
539	274
387	275
505	275
625	275
736	275
288	277
314	277
354	277
357	277
367	277
434	277
439	277
457	277
459	277
478	277
479	277
505	277
507	277
551	277
554	277
565	277
575	277
576	277
588	277
593	277
625	277
632	277
651	277
657	277
660	277
669	277
722	277
736	277
806	277
811	277
328	282
384	282
439	282
459	282
504	282
527	282
663	282
736	282
831	282
313	285
330	285
339	285
355	285
454	285
460	285
476	285
623	285
694	285
753	285
407	286
482	286
314	288
354	288
357	288
434	288
439	288
457	288
479	288
505	288
507	288
554	288
565	288
576	288
588	288
593	288
625	288
632	288
651	288
657	288
669	288
722	288
736	288
806	288
821	288
325	290
382	290
515	290
524	290
579	293
505	299
733	299
664	300
813	300
823	300
434	304
457	304
479	304
722	304
393	307
706	307
848	307
487	312
765	312
330	313
339	313
355	313
454	313
460	313
476	313
623	313
694	313
354	314
357	314
434	314
439	314
457	314
459	314
479	314
505	314
507	314
519	314
554	314
570	314
575	314
576	314
588	314
593	314
625	314
632	314
649	314
651	314
657	314
661	314
663	314
669	314
722	314
736	314
752	314
753	314
799	314
806	314
811	314
323	315
382	315
395	315
428	315
459	315
515	315
524	315
527	315
533	315
627	315
663	315
735	315
736	315
795	315
327	317
336	317
372	317
709	317
367	318
499	318
505	318
506	318
507	318
514	318
649	318
660	318
670	318
702	318
716	318
722	318
736	318
754	318
766	318
784	318
808	318
821	318
840	322
382	323
390	323
428	323
500	323
515	323
524	323
527	323
533	323
663	323
795	323
382	325
500	325
515	325
524	325
625	325
663	325
795	325
483	326
542	326
576	326
676	326
750	326
336	327
372	327
709	327
849	327
432	329
439	329
753	329
355	330
397	330
454	330
476	330
623	330
694	330
372	336
709	336
355	339
454	339
460	339
476	339
623	339
694	339
522	344
805	347
426	353
849	353
434	354
439	354
457	354
479	354
505	354
554	354
575	354
576	354
588	354
593	354
625	354
632	354
651	354
669	354
722	354
736	354
806	354
811	354
454	355
476	355
623	355
694	355
753	355
480	356
439	357
457	357
479	357
554	357
593	357
632	357
669	357
752	357
452	363
522	363
520	365
478	367
499	367
505	367
506	367
514	367
541	367
577	367
627	367
632	367
649	367
660	367
670	367
713	367
716	367
722	367
736	367
754	367
766	367
784	367
808	367
821	367
709	372
514	373
670	373
702	373
507	375
521	375
695	375
451	378
549	378
820	381
848	381
390	382
428	382
459	382
500	382
515	382
524	382
527	382
533	382
653	382
663	382
795	382
430	384
504	384
518	384
631	384
831	384
530	388
661	389
428	390
500	390
515	390
524	390
527	390
795	390
570	392
586	392
761	392
706	393
797	393
848	393
568	395
591	395
726	395
735	395
690	399
742	402
481	404
482	407
485	407
558	407
601	407
605	407
614	407
812	415
739	417
755	417
835	417
848	417
720	420
457	426
616	426
500	428
515	428
524	428
527	428
533	428
663	428
795	428
801	429
518	430
650	431
449	433
820	433
835	433
848	433
439	434
457	434
479	434
505	434
507	434
519	434
554	434
575	434
576	434
588	434
593	434
625	434
632	434
651	434
657	434
669	434
722	434
736	434
753	434
806	434
811	434
786	437
490	438
457	439
459	439
479	439
505	439
507	439
519	439
521	439
527	439
554	439
575	439
576	439
581	439
588	439
593	439
616	439
625	439
632	439
651	439
657	439
669	439
722	439
736	439
753	439
788	439
800	439
806	439
725	445
529	448
820	449
835	449
848	449
549	451
476	454
623	454
654	454
694	454
753	454
459	457
479	457
505	457
507	457
527	457
554	457
575	457
576	457
588	457
593	457
616	457
625	457
632	457
651	457
657	457
663	457
669	457
722	457
736	457
753	457
811	457
819	457
849	457
505	459
507	459
519	459
521	459
524	459
527	459
575	459
586	459
588	459
593	459
616	459
627	459
632	459
651	459
663	459
669	459
695	459
721	459
722	459
736	459
753	459
788	459
806	459
811	459
659	465
751	467
536	471
669	473
673	473
819	473
623	476
694	476
753	476
548	477
582	477
604	477
683	477
499	478
505	478
506	478
507	478
526	478
541	478
649	478
716	478
722	478
736	478
754	478
766	478
808	478
505	479
507	479
554	479
565	479
575	479
576	479
581	479
588	479
593	479
625	479
632	479
651	479
657	479
663	479
669	479
722	479
736	479
799	479
806	479
811	479
558	482
605	482
614	482
542	483
676	483
558	485
601	485
605	485
614	485
765	487
595	492
738	492
589	498
685	498
842	498
505	499
506	499
514	499
541	499
627	499
649	499
660	499
716	499
722	499
736	499
754	499
766	499
784	499
806	499
808	499
821	499
515	500
524	500
527	500
533	500
663	500
795	500
518	504
631	504
831	504
506	505
507	505
526	505
570	505
575	505
576	505
588	505
593	505
625	505
632	505
649	505
651	505
661	505
663	505
669	505
713	505
716	505
721	505
722	505
736	505
754	505
766	505
784	505
806	505
808	505
811	505
821	505
507	506
577	506
649	506
660	506
713	506
716	506
722	506
736	506
754	506
766	506
806	506
808	506
821	506
526	507
554	507
570	507
576	507
588	507
593	507
625	507
627	507
632	507
651	507
657	507
663	507
669	507
713	507
716	507
721	507
722	507
736	507
753	507
754	507
806	507
811	507
536	509
551	512
702	512
722	512
522	514
603	514
670	514
702	514
524	515
527	515
533	515
663	515
795	515
819	515
836	515
631	518
576	519
588	519
593	519
632	519
651	519
661	519
722	519
736	519
806	519
527	521
627	521
640	521
695	521
736	521
603	522
527	524
533	524
663	524
795	524
713	526
716	526
533	527
576	527
627	527
653	527
663	527
795	527
725	532
653	533
663	533
795	533
649	541
716	541
722	541
736	541
754	541
784	541
808	541
576	542
676	542
554	543
763	546
582	548
604	548
683	548
702	551
722	551
736	551
575	554
576	554
588	554
593	554
625	554
632	554
651	554
663	554
669	554
722	554
811	554
601	558
605	558
614	558
575	565
722	565
736	565
735	566
726	568
735	568
586	570
593	570
669	570
806	570
576	575
588	575
593	575
625	575
632	575
651	575
657	575
669	575
722	575
736	575
806	575
811	575
588	576
593	576
625	576
632	576
651	576
657	576
663	576
669	576
713	576
722	576
736	576
806	576
811	576
594	577
632	577
649	577
716	577
722	577
736	577
754	577
800	577
806	577
808	577
588	581
753	581
604	582
683	582
736	586
806	586
643	587
593	588
625	588
632	588
651	588
657	588
663	588
669	588
721	588
722	588
736	588
753	588
806	588
811	588
685	589
842	589
726	591
735	591
625	593
632	593
649	593
651	593
657	593
661	593
669	593
713	593
721	593
722	593
736	593
753	593
799	593
806	593
811	593
738	595
822	597
603	600
605	601
614	601
629	602
683	604
689	604
614	605
699	605
797	605
687	607
633	610
705	610
823	610
691	611
719	611
849	616
694	623
632	625
651	625
657	625
663	625
669	625
722	625
736	625
806	625
811	625
629	626
649	627
663	627
713	627
716	627
754	627
766	627
795	627
651	632
657	632
669	632
713	632
716	632
722	632
736	632
753	632
754	632
806	632
811	632
705	633
753	639
846	645
742	646
660	649
713	649
716	649
722	649
736	649
754	649
766	649
784	649
806	649
808	649
811	649
821	649
657	651
669	651
721	651
722	651
736	651
753	651
799	651
806	651
811	651
795	653
669	657
722	657
736	657
800	657
828	657
670	660
716	660
722	660
736	660
754	660
766	660
808	660
821	660
722	661
736	661
669	663
736	663
788	663
795	663
806	663
823	664
722	669
736	669
806	669
702	670
736	670
821	670
819	673
750	676
783	679
689	683
842	685
719	691
743	691
757	691
753	694
797	699
722	702
736	702
821	702
823	705
797	706
848	706
716	713
722	713
736	713
754	713
766	713
784	713
806	713
722	716
736	716
754	716
766	716
784	716
806	716
808	716
743	719
757	719
722	721
736	721
754	721
799	721
806	721
736	722
754	722
784	722
799	722
806	722
808	722
811	722
821	722
828	722
735	726
754	736
766	736
784	736
799	736
806	736
808	736
811	736
821	736
849	736
755	739
835	739
848	739
813	742
788	753
766	754
784	754
808	754
821	754
835	755
848	755
784	766
806	766
808	766
806	784
808	784
819	795
813	797
848	797
808	806
811	806
821	808
824	818
835	820
848	820
848	835
