0	370
0	471
0	536
0	785
1	8
1	293
2	44
2	772
3	17
3	369
3	675
4	812
5	32
5	37
5	90
5	186
5	198
5	271
5	439
5	457
5	459
5	505
5	639
5	669
5	736
5	777
5	806
7	388
8	293
9	51
13	296
17	369
17	675
19	34
19	107
19	178
19	233
19	316
19	384
19	430
19	518
19	634
19	770
20	32
20	33
20	53
20	76
20	101
20	104
20	124
20	132
20	179
20	192
20	220
20	257
20	264
20	277
20	283
20	288
20	314
20	409
20	434
20	457
20	479
20	505
20	507
20	519
20	556
20	593
20	625
20	651
20	657
20	669
20	692
20	712
20	722
20	736
21	413
21	465
21	659
23	78
23	82
23	139
23	157
23	166
23	171
23	190
23	340
23	477
23	484
23	548
23	573
23	582
23	604
23	644
23	689
23	745
24	851
25	134
25	672
26	32
26	33
26	37
26	52
26	58
26	69
26	71
26	76
26	90
26	99
26	104
26	132
26	172
26	189
26	192
26	220
26	271
26	277
26	282
26	288
26	305
26	314
26	325
26	357
26	434
26	439
26	457
26	459
26	479
26	500
26	505
26	507
26	515
26	524
26	527
26	554
26	593
26	616
26	618
26	625
26	627
26	636
26	657
26	669
26	695
26	722
26	736
26	777
26	795
26	798
26	806
28	176
28	279
28	636
28	792
31	456
31	471
32	33
32	52
32	53
32	76
32	101
32	104
32	124
32	179
32	192
32	198
32	220
32	264
32	277
32	288
32	314
32	409
32	434
32	439
32	457
32	459
32	479
32	495
32	505
32	507
32	593
32	625
32	636
32	651
32	657
32	661
32	669
32	692
32	716
32	721
32	722
32	736
32	806
33	52
33	58
33	71
33	76
33	90
33	99
33	104
33	124
33	132
33	177
33	192
33	216
33	220
33	264
33	271
33	314
33	409
33	434
33	439
33	457
33	459
33	479
33	505
33	507
33	554
33	559
33	593
33	625
33	627
33	636
33	651
33	657
33	669
33	695
33	703
33	722
33	736
33	753
33	788
33	798
33	806
33	810
34	107
34	178
34	233
34	302
34	316
34	384
34	430
34	504
34	518
34	631
34	634
34	748
34	770
35	498
35	589
35	685
35	842
37	132
37	186
37	216
37	639
37	777
37	788
38	146
38	346
38	377
38	629
38	816
39	192
39	361
39	554
39	736
40	743
40	757
47	59
47	174
47	285
47	313
47	339
47	401
47	460
47	476
47	622
47	654
47	665
47	694
47	700
47	747
47	753
47	780
48	144
48	270
48	301
48	393
48	417
48	433
48	449
48	486
48	681
48	706
48	755
48	756
48	775
48	797
48	835
48	848
48	850
49	817
50	546
50	763
50	793
52	58
52	69
52	76
52	90
52	99
52	104
52	132
52	179
52	189
52	192
52	220
52	264
52	277
52	288
52	314
52	338
52	357
52	409
52	439
52	457
52	459
52	479
52	505
52	507
52	524
52	527
52	538
52	554
52	559
52	586
52	593
52	616
52	625
52	651
52	657
52	669
52	673
52	692
52	712
52	722
52	736
52	744
52	753
52	788
52	798
52	819
53	76
53	101
53	104
53	192
53	220
53	257
53	264
53	277
53	283
53	288
53	314
53	434
53	457
53	479
53	593
53	625
53	651
53	657
53	669
53	722
53	736
54	597
54	822
58	90
58	99
58	132
58	189
58	325
58	382
58	459
58	473
58	524
58	618
58	669
58	673
58	810
58	819
59	174
59	285
59	313
59	339
59	401
59	460
59	476
59	622
59	665
59	694
59	700
59	747
59	780
64	78
64	139
64	157
64	166
64	171
64	573
64	604
64	644
65	347
69	90
69	104
69	268
69	282
69	329
69	439
69	459
69	586
69	628
69	636
69	798
70	213
70	279
70	478
70	499
70	636
70	649
70	660
70	792
70	808
71	90
71	122
71	325
71	382
71	459
71	500
71	524
71	527
71	618
71	627
71	636
71	695
71	810
74	485
74	558
74	601
74	605
74	614
76	90
76	101
76	104
76	132
76	179
76	192
76	220
76	264
76	271
76	277
76	283
76	288
76	314
76	357
76	409
76	434
76	439
76	457
76	479
76	505
76	507
76	519
76	554
76	593
76	625
76	651
76	657
76	669
76	692
76	693
76	722
76	736
76	753
76	759
77	317
77	336
77	372
77	729
78	82
78	139
78	157
78	166
78	171
78	190
78	340
78	477
78	484
78	548
78	573
78	582
78	604
78	644
78	668
78	745
80	90
80	132
80	172
80	189
80	323
80	382
80	390
80	423
80	428
80	459
80	491
80	500
80	515
80	524
80	527
80	533
80	567
80	618
80	653
80	744
80	795
80	810
80	819
80	838
81	813
82	139
82	157
82	166
82	171
82	182
82	190
82	340
82	477
82	484
82	548
82	573
82	582
82	604
82	644
82	745
85	170
85	366
85	368
85	679
85	749
87	152
87	797
87	813
90	104
90	130
90	132
90	172
90	189
90	198
90	264
90	282
90	314
90	323
90	325
90	382
90	409
90	428
90	439
90	459
90	491
90	499
90	500
90	505
90	507
90	515
90	524
90	527
90	533
90	567
90	618
90	627
90	636
90	639
90	649
90	651
90	695
90	716
90	736
90	795
90	798
90	806
90	810
90	838
94	516
95	401
95	694
96	259
96	427
97	329
97	598
97	686
97	830
98	523
99	132
99	220
99	305
99	459
99	473
99	673
99	819
100	787
101	104
101	124
101	132
101	138
101	179
101	192
101	213
101	220
101	257
101	264
101	271
101	277
101	288
101	314
101	318
101	409
101	434
101	439
101	457
101	479
101	505
101	507
101	554
101	559
101	593
101	625
101	651
101	657
101	660
101	692
101	712
101	722
101	736
101	759
101	798
101	806
101	828
104	132
104	179
104	192
104	207
104	220
104	232
104	257
104	264
104	271
104	277
104	282
104	283
104	288
104	304
104	314
104	357
104	409
104	434
104	439
104	457
104	459
104	479
104	505
104	507
104	554
104	593
104	625
104	628
104	651
104	657
104	669
104	692
104	712
104	722
104	736
104	753
104	788
104	798
105	386
105	643
107	178
107	316
107	384
107	518
107	631
107	634
107	770
110	272
111	119
114	158
114	260
114	778
124	179
124	192
124	198
124	220
124	277
124	288
124	314
124	409
124	434
124	457
124	459
124	479
124	495
124	505
124	507
124	554
124	593
124	625
124	636
124	649
124	651
124	669
124	692
124	721
124	722
124	736
124	806
125	424
127	217
127	281
130	135
130	198
130	213
130	241
130	271
130	279
130	318
130	367
130	409
130	478
130	495
130	499
130	505
130	507
130	608
130	627
130	636
130	649
130	692
130	716
130	736
130	766
130	784
130	792
130	798
130	808
132	179
132	189
132	192
132	220
132	264
132	277
132	282
132	288
132	305
132	314
132	325
132	357
132	382
132	409
132	434
132	439
132	457
132	459
132	479
132	500
132	505
132	507
132	515
132	524
132	527
132	538
132	559
132	583
132	593
132	616
132	618
132	625
132	628
132	651
132	657
132	669
132	673
132	692
132	695
132	712
132	722
132	736
132	744
132	788
132	795
132	798
132	806
132	810
132	819
134	672
135	198
135	213
135	241
135	279
135	314
135	367
135	461
135	495
135	499
135	608
135	636
135	649
135	716
135	766
135	808
135	821
138	213
138	264
138	277
138	318
138	367
138	391
138	461
138	495
138	505
138	514
138	660
138	702
138	736
138	792
138	808
138	821
139	157
139	166
139	171
139	182
139	190
139	340
139	477
139	484
139	548
139	573
139	582
139	604
139	644
139	745
140	286
140	686
140	769
144	433
144	449
144	681
144	756
144	775
144	835
144	848
146	346
146	602
146	629
146	816
152	300
152	769
152	797
152	813
154	216
154	312
154	487
157	166
157	171
157	182
157	190
157	340
157	477
157	484
157	548
157	573
157	582
157	604
157	644
157	689
157	745
158	260
158	778
160	437
160	450
160	555
160	786
161	408
164	475
166	171
166	182
166	190
166	340
166	477
166	484
166	548
166	573
166	582
166	604
166	644
166	668
166	745
168	326
170	366
170	368
170	679
170	749
171	182
171	190
171	340
171	477
171	484
171	548
171	573
171	582
171	604
171	644
171	689
171	745
172	189
172	211
172	323
172	382
172	390
172	423
172	428
172	491
172	500
172	515
172	524
172	527
172	533
172	567
172	618
172	653
172	744
172	795
172	810
172	819
172	838
173	255
174	285
174	313
174	339
174	401
174	476
174	622
174	665
174	694
174	700
174	747
174	780
177	325
177	703
178	233
178	316
178	384
178	430
178	518
178	634
178	770
179	192
179	220
179	257
179	264
179	271
179	277
179	314
179	409
179	434
179	439
179	457
179	479
179	505
179	507
179	554
179	593
179	625
179	651
179	657
179	692
179	711
179	722
179	736
179	759
179	798
182	477
182	484
182	573
182	582
182	604
182	644
186	639
186	753
186	777
189	290
189	323
189	325
189	382
189	390
189	423
189	428
189	459
189	491
189	500
189	515
189	524
189	527
189	533
189	567
189	618
189	653
189	744
189	795
189	810
189	819
189	838
190	340
190	477
190	484
190	573
190	582
190	604
190	644
190	689
190	745
192	198
192	213
192	220
192	257
192	264
192	271
192	277
192	288
192	314
192	357
192	409
192	434
192	439
192	457
192	459
192	479
192	495
192	505
192	507
192	519
192	556
192	565
192	593
192	625
192	636
192	649
192	651
192	657
192	660
192	661
192	669
192	692
192	712
192	716
192	722
192	736
192	792
192	806
192	808
195	369
195	675
198	213
198	241
198	264
198	271
198	279
198	367
198	409
198	459
198	461
198	462
198	495
198	499
198	505
198	507
198	527
198	593
198	608
198	627
198	636
198	649
198	660
198	716
198	722
198	736
198	766
198	784
198	792
198	798
198	806
198	808
198	821
199	522
203	528
203	667
204	728
206	227
206	603
211	323
211	390
211	795
213	241
213	251
213	264
213	279
213	314
213	318
213	361
213	367
213	391
213	461
213	478
213	495
213	499
213	505
213	514
213	551
213	565
213	608
213	636
213	649
213	660
213	702
213	716
213	722
213	736
213	766
213	784
213	792
213	798
213	806
213	808
213	821
214	444
216	312
216	487
216	639
217	281
220	257
220	264
220	271
220	277
220	288
220	314
220	409
220	434
220	439
220	457
220	459
220	479
220	505
220	507
220	519
220	554
220	593
220	625
220	651
220	657
220	669
220	692
220	712
220	722
220	736
220	759
220	806
221	398
223	298
223	464
223	537
226	421
226	606
227	457
227	553
227	843
231	325
232	519
232	571
232	625
233	384
233	430
235	501
237	321
237	592
239	268
239	282
239	329
240	408
241	251
241	279
241	318
241	367
241	391
241	461
241	478
241	499
241	608
241	636
241	649
241	660
241	716
241	722
241	736
241	766
241	792
241	798
241	808
241	821
247	528
250	605
250	699
251	367
251	499
251	505
251	636
251	649
251	736
251	792
251	821
253	464
253	522
254	286
255	540
257	277
257	314
257	434
257	466
257	507
257	625
257	657
257	712
257	722
260	778
262	568
262	726
262	735
262	740
264	271
264	277
264	288
264	304
264	314
264	318
264	361
264	367
264	409
264	434
264	439
264	457
264	479
264	505
264	507
264	519
264	551
264	559
264	593
264	625
264	651
264	660
264	716
264	722
264	736
264	753
264	792
264	821
267	761
268	329
268	439
270	301
270	393
270	706
270	756
270	797
270	848
271	277
271	279
271	288
271	314
271	318
271	409
271	434
271	439
271	457
271	459
271	479
271	495
271	505
271	507
271	586
271	593
271	625
271	636
271	651
271	669
271	692
271	721
271	722
271	736
271	792
271	806
277	283
277	288
277	314
277	357
277	361
277	367
277	409
277	434
277	439
277	457
277	459
277	478
277	479
277	495
277	505
277	507
277	551
277	554
277	555
277	565
277	593
277	625
277	651
277	657
277	660
277	669
277	692
277	693
277	712
277	722
277	736
277	792
277	806
279	318
279	367
279	391
279	461
279	478
279	499
279	608
279	636
279	649
279	660
279	716
279	722
279	736
279	766
279	784
279	792
279	798
279	808
279	821
282	328
282	384
282	439
282	459
282	504
282	527
282	618
282	736
282	798
282	831
283	314
283	434
283	457
283	479
283	593
283	669
283	712
283	736
285	313
285	339
285	401
285	460
285	476
285	622
285	665
285	694
285	700
285	747
285	753
285	780
286	482
286	769
287	684
288	314
288	357
288	409
288	434
288	439
288	457
288	461
288	479
288	505
288	507
288	554
288	565
288	593
288	625
288	636
288	651
288	657
288	669
288	712
288	722
288	736
288	792
288	798
288	806
288	821
290	325
290	382
290	515
290	524
293	730
298	349
299	505
300	664
300	813
301	393
301	706
301	756
301	797
301	848
302	384
302	518
302	827
304	434
304	457
304	479
304	722
305	636
305	673
305	736
312	487
313	339
313	401
313	460
313	476
313	622
313	665
313	694
313	700
313	747
313	780
314	357
314	409
314	434
314	439
314	457
314	459
314	479
314	495
314	505
314	507
314	519
314	554
314	559
314	593
314	625
314	636
314	649
314	651
314	657
314	661
314	669
314	692
314	712
314	722
314	736
314	752
314	753
314	759
314	792
314	798
314	806
316	384
316	430
316	518
316	631
316	770
317	336
317	372
317	729
318	367
318	391
318	461
318	495
318	499
318	505
318	507
318	514
318	608
318	636
318	649
318	660
318	702
318	716
318	722
318	736
318	766
318	784
318	792
318	798
318	808
318	821
321	592
323	382
323	390
323	428
323	500
323	515
323	524
323	527
323	533
323	618
323	795
323	810
325	382
325	491
325	500
325	515
325	524
325	567
325	625
325	703
325	795
325	810
329	439
329	753
336	372
336	729
337	641
337	790
339	401
339	460
339	476
339	622
339	665
339	694
339	700
339	747
340	477
340	484
340	548
340	573
340	582
340	644
344	522
346	366
346	377
346	629
346	679
346	816
347	418
352	640
357	439
357	457
357	479
357	554
357	593
357	628
357	669
357	712
357	752
361	367
361	459
361	479
361	505
361	559
361	625
361	636
361	651
361	702
361	722
361	736
361	792
361	806
362	762
365	520
366	368
366	679
366	749
367	391
367	461
367	478
367	495
367	499
367	505
367	514
367	608
367	627
367	636
367	649
367	660
367	716
367	722
367	736
367	766
367	784
367	792
367	798
367	808
367	821
368	679
368	749
369	675
370	536
372	729
373	391
373	461
373	514
373	702
373	792
375	507
375	695
377	629
377	816
378	451
378	549
380	408
381	756
381	848
382	390
382	423
382	428
382	459
382	491
382	500
382	515
382	524
382	527
382	533
382	567
382	618
382	653
382	744
382	795
382	810
382	838
384	430
384	504
384	518
384	631
384	748
384	770
384	831
385	760
386	643
390	428
390	500
390	515
390	524
390	527
390	795
390	810
390	838
391	461
391	495
391	499
391	514
391	608
391	636
391	649
391	660
391	702
391	716
391	722
391	736
391	766
391	792
391	808
391	821
392	586
392	761
393	706
393	756
393	797
393	848
397	665
401	476
401	622
401	654
401	665
401	694
401	700
401	747
401	780
404	481
409	434
409	439
409	457
409	459
409	479
409	505
409	507
409	527
409	554
409	583
409	593
409	625
409	636
409	651
409	657
409	669
409	692
409	716
409	721
409	722
409	736
409	753
409	798
409	806
413	465
413	659
417	486
417	755
417	835
417	848
417	850
419	845
423	428
423	515
423	533
423	567
426	457
426	616
428	500
428	515
428	524
428	527
428	533
428	567
428	618
428	795
428	810
428	838
430	518
430	770
433	449
433	681
433	756
433	775
433	835
433	848
434	439
434	457
434	479
434	505
434	507
434	519
434	554
434	593
434	625
434	651
434	657
434	669
434	692
434	693
434	712
434	722
434	736
434	753
434	759
434	806
437	450
437	786
439	457
439	459
439	479
439	505
439	507
439	519
439	527
439	554
439	581
439	593
439	616
439	625
439	628
439	651
439	657
439	669
439	722
439	736
439	753
439	788
439	798
439	806
441	494
442	714
445	462
449	681
449	756
449	775
449	835
449	848
450	786
451	549
457	459
457	479
457	505
457	507
457	527
457	554
457	593
457	616
457	625
457	628
457	651
457	657
457	669
457	692
457	693
457	712
457	722
457	736
457	753
457	798
457	819
459	505
459	507
459	519
459	524
459	527
459	559
459	586
459	593
459	616
459	618
459	627
459	636
459	651
459	669
459	695
459	721
459	722
459	736
459	753
459	788
459	798
459	806
459	810
460	780
461	495
461	499
461	505
461	565
461	608
461	636
461	649
461	660
461	702
461	716
461	736
461	766
461	792
461	798
461	806
461	808
461	821
462	636
462	649
462	784
464	514
464	603
465	659
467	751
471	536
471	785
473	669
473	673
473	819
476	622
476	665
476	694
476	700
476	747
476	753
476	780
477	484
477	548
477	573
477	582
477	604
477	644
478	495
478	499
478	505
478	507
478	608
478	636
478	649
478	716
478	722
478	736
478	766
478	792
478	798
478	808
479	505
479	507
479	554
479	565
479	581
479	593
479	625
479	651
479	657
479	669
479	692
479	693
479	712
479	722
479	736
479	806
482	558
482	605
482	614
482	769
484	548
484	573
484	582
484	604
484	644
485	558
485	601
485	605
485	614
486	755
486	756
486	835
486	848
486	850
491	500
491	515
491	524
491	527
491	567
491	618
491	795
495	499
495	505
495	507
495	636
495	649
495	660
495	702
495	716
495	722
495	736
495	792
495	798
495	806
495	821
498	589
498	685
498	842
499	505
499	514
499	608
499	627
499	636
499	649
499	660
499	716
499	722
499	736
499	766
499	784
499	792
499	798
499	806
499	808
499	821
500	515
500	524
500	527
500	533
500	567
500	795
500	810
500	838
504	518
504	631
504	831
505	507
505	593
505	625
505	636
505	649
505	651
505	661
505	669
505	692
505	716
505	721
505	722
505	736
505	766
505	784
505	792
505	798
505	806
505	808
505	821
507	554
507	593
507	625
507	627
507	636
507	651
507	657
507	669
507	692
507	712
507	716
507	721
507	722
507	736
507	753
507	792
507	798
507	806
509	536
514	522
514	603
514	702
514	792
515	524
515	527
515	533
515	567
515	618
515	744
515	795
515	810
515	819
515	838
518	631
518	748
518	770
519	593
519	651
519	661
519	722
519	736
519	806
522	603
524	527
524	533
524	567
524	618
524	744
524	795
524	810
524	838
527	533
527	567
527	618
527	627
527	636
527	653
527	795
527	810
527	838
528	667
533	567
533	618
533	653
533	795
533	810
533	838
536	785
536	798
537	656
538	657
543	554
546	763
546	793
548	573
548	582
548	604
548	644
551	702
551	722
551	736
551	792
552	630
554	593
554	625
554	651
554	669
554	692
554	711
554	722
556	625
558	601
558	605
558	614
559	583
559	616
559	625
559	673
565	722
565	736
566	735
567	795
567	810
567	838
568	726
568	735
568	740
573	582
573	604
573	644
573	689
573	745
581	753
582	604
582	644
582	668
586	736
586	806
589	685
589	842
593	625
593	636
593	649
593	651
593	657
593	661
593	669
593	692
593	712
593	721
593	722
593	736
593	753
593	759
593	792
593	806
595	738
597	822
598	830
599	635
600	603
601	605
601	614
602	629
604	644
604	689
604	745
605	614
605	699
605	797
607	687
608	627
608	636
608	649
608	660
608	716
608	722
608	736
608	766
608	784
608	792
608	808
608	821
618	627
618	653
618	707
618	795
618	810
618	838
622	665
622	694
622	747
622	780
625	651
625	657
625	669
625	692
625	693
625	712
625	722
625	736
625	806
627	636
627	649
627	716
627	766
627	795
628	669
629	816
631	770
633	697
633	705
636	649
636	651
636	660
636	695
636	716
636	721
636	722
636	736
636	766
636	784
636	792
636	798
636	806
636	808
636	821
639	753
639	777
641	790
644	689
644	745
644	753
648	789
649	660
649	716
649	722
649	736
649	766
649	784
649	792
649	798
649	806
649	808
649	821
651	657
651	669
651	692
651	711
651	712
651	721
651	722
651	736
651	753
651	806
653	795
653	838
657	669
657	692
657	712
657	722
657	736
657	828
660	716
660	722
660	736
660	766
660	792
660	808
660	821
661	722
661	736
665	694
665	747
665	780
669	692
669	712
669	722
669	736
669	798
669	806
673	744
673	819
679	749
681	756
681	775
681	835
681	848
685	842
692	721
692	722
692	736
692	753
692	798
694	700
694	747
694	753
694	780
697	705
699	797
700	747
702	722
702	736
702	792
702	798
702	821
706	756
706	797
706	848
707	810
711	722
712	722
712	736
716	722
716	736
716	766
716	784
716	792
716	798
716	806
716	808
721	722
721	736
721	806
722	736
722	784
722	792
722	798
722	806
722	808
722	821
722	828
726	735
726	740
735	740
736	766
736	784
736	792
736	798
736	806
736	808
736	821
742	813
744	795
744	819
747	780
753	777
753	788
755	756
755	835
755	848
755	850
756	775
756	835
756	848
756	850
763	793
766	784
766	792
766	798
766	806
766	808
775	835
775	848
784	792
784	806
784	808
792	798
792	806
792	808
792	821
795	810
795	819
795	838
797	813
797	848
798	806
798	808
798	821
806	808
808	821
810	838
835	848
835	850
848	850
370	0
471	0
536	0
785	0
8	1
293	1
44	2
772	2
17	3
369	3
675	3
812	4
32	5
37	5
90	5
186	5
198	5
271	5
439	5
457	5
459	5
505	5
639	5
669	5
736	5
777	5
806	5
388	7
293	8
51	9
296	13
369	17
675	17
34	19
107	19
178	19
233	19
316	19
384	19
430	19
518	19
634	19
770	19
32	20
33	20
53	20
76	20
101	20
104	20
124	20
132	20
179	20
192	20
220	20
257	20
264	20
277	20
283	20
288	20
314	20
409	20
434	20
457	20
479	20
505	20
507	20
519	20
556	20
593	20
625	20
651	20
657	20
669	20
692	20
712	20
722	20
736	20
413	21
465	21
659	21
78	23
82	23
139	23
157	23
166	23
171	23
190	23
340	23
477	23
484	23
548	23
573	23
582	23
604	23
644	23
689	23
745	23
851	24
134	25
672	25
32	26
33	26
37	26
52	26
58	26
69	26
71	26
76	26
90	26
99	26
104	26
132	26
172	26
189	26
192	26
220	26
271	26
277	26
282	26
288	26
305	26
314	26
325	26
357	26
434	26
439	26
457	26
459	26
479	26
500	26
505	26
507	26
515	26
524	26
527	26
554	26
593	26
616	26
618	26
625	26
627	26
636	26
657	26
669	26
695	26
722	26
736	26
777	26
795	26
798	26
806	26
176	28
279	28
636	28
792	28
456	31
471	31
33	32
52	32
53	32
76	32
101	32
104	32
124	32
179	32
192	32
198	32
220	32
264	32
277	32
288	32
314	32
409	32
434	32
439	32
457	32
459	32
479	32
495	32
505	32
507	32
593	32
625	32
636	32
651	32
657	32
661	32
669	32
692	32
716	32
721	32
722	32
736	32
806	32
52	33
58	33
71	33
76	33
90	33
99	33
104	33
124	33
132	33
177	33
192	33
216	33
220	33
264	33
271	33
314	33
409	33
434	33
439	33
457	33
459	33
479	33
505	33
507	33
554	33
559	33
593	33
625	33
627	33
636	33
651	33
657	33
669	33
695	33
703	33
722	33
736	33
753	33
788	33
798	33
806	33
810	33
107	34
178	34
233	34
302	34
316	34
384	34
430	34
504	34
518	34
631	34
634	34
748	34
770	34
498	35
589	35
685	35
842	35
132	37
186	37
216	37
639	37
777	37
788	37
146	38
346	38
377	38
629	38
816	38
192	39
361	39
554	39
736	39
743	40
757	40
59	47
174	47
285	47
313	47
339	47
401	47
460	47
476	47
622	47
654	47
665	47
694	47
700	47
747	47
753	47
780	47
144	48
270	48
301	48
393	48
417	48
433	48
449	48
486	48
681	48
706	48
755	48
756	48
775	48
797	48
835	48
848	48
850	48
817	49
546	50
763	50
793	50
58	52
69	52
76	52
90	52
99	52
104	52
132	52
179	52
189	52
192	52
220	52
264	52
277	52
288	52
314	52
338	52
357	52
409	52
439	52
457	52
459	52
479	52
505	52
507	52
524	52
527	52
538	52
554	52
559	52
586	52
593	52
616	52
625	52
651	52
657	52
669	52
673	52
692	52
712	52
722	52
736	52
744	52
753	52
788	52
798	52
819	52
76	53
101	53
104	53
192	53
220	53
257	53
264	53
277	53
283	53
288	53
314	53
434	53
457	53
479	53
593	53
625	53
651	53
657	53
669	53
722	53
736	53
597	54
822	54
90	58
99	58
132	58
189	58
325	58
382	58
459	58
473	58
524	58
618	58
669	58
673	58
810	58
819	58
174	59
285	59
313	59
339	59
401	59
460	59
476	59
622	59
665	59
694	59
700	59
747	59
780	59
78	64
139	64
157	64
166	64
171	64
573	64
604	64
644	64
347	65
90	69
104	69
268	69
282	69
329	69
439	69
459	69
586	69
628	69
636	69
798	69
213	70
279	70
478	70
499	70
636	70
649	70
660	70
792	70
808	70
90	71
122	71
325	71
382	71
459	71
500	71
524	71
527	71
618	71
627	71
636	71
695	71
810	71
485	74
558	74
601	74
605	74
614	74
90	76
101	76
104	76
132	76
179	76
192	76
220	76
264	76
271	76
277	76
283	76
288	76
314	76
357	76
409	76
434	76
439	76
457	76
479	76
505	76
507	76
519	76
554	76
593	76
625	76
651	76
657	76
669	76
692	76
693	76
722	76
736	76
753	76
759	76
317	77
336	77
372	77
729	77
82	78
139	78
157	78
166	78
171	78
190	78
340	78
477	78
484	78
548	78
573	78
582	78
604	78
644	78
668	78
745	78
90	80
132	80
172	80
189	80
323	80
382	80
390	80
423	80
428	80
459	80
491	80
500	80
515	80
524	80
527	80
533	80
567	80
618	80
653	80
744	80
795	80
810	80
819	80
838	80
813	81
139	82
157	82
166	82
171	82
182	82
190	82
340	82
477	82
484	82
548	82
573	82
582	82
604	82
644	82
745	82
170	85
366	85
368	85
679	85
749	85
152	87
797	87
813	87
104	90
130	90
132	90
172	90
189	90
198	90
264	90
282	90
314	90
323	90
325	90
382	90
409	90
428	90
439	90
459	90
491	90
499	90
500	90
505	90
507	90
515	90
524	90
527	90
533	90
567	90
618	90
627	90
636	90
639	90
649	90
651	90
695	90
716	90
736	90
795	90
798	90
806	90
810	90
838	90
516	94
401	95
694	95
259	96
427	96
329	97
598	97
686	97
830	97
523	98
132	99
220	99
305	99
459	99
473	99
673	99
819	99
787	100
104	101
124	101
132	101
138	101
179	101
192	101
213	101
220	101
257	101
264	101
271	101
277	101
288	101
314	101
318	101
409	101
434	101
439	101
457	101
479	101
505	101
507	101
554	101
559	101
593	101
625	101
651	101
657	101
660	101
692	101
712	101
722	101
736	101
759	101
798	101
806	101
828	101
132	104
179	104
192	104
207	104
220	104
232	104
257	104
264	104
271	104
277	104
282	104
283	104
288	104
304	104
314	104
357	104
409	104
434	104
439	104
457	104
459	104
479	104
505	104
507	104
554	104
593	104
625	104
628	104
651	104
657	104
669	104
692	104
712	104
722	104
736	104
753	104
788	104
798	104
386	105
643	105
178	107
316	107
384	107
518	107
631	107
634	107
770	107
272	110
119	111
158	114
260	114
778	114
179	124
192	124
198	124
220	124
277	124
288	124
314	124
409	124
434	124
457	124
459	124
479	124
495	124
505	124
507	124
554	124
593	124
625	124
636	124
649	124
651	124
669	124
692	124
721	124
722	124
736	124
806	124
424	125
217	127
281	127
135	130
198	130
213	130
241	130
271	130
279	130
318	130
367	130
409	130
478	130
495	130
499	130
505	130
507	130
608	130
627	130
636	130
649	130
692	130
716	130
736	130
766	130
784	130
792	130
798	130
808	130
179	132
189	132
192	132
220	132
264	132
277	132
282	132
288	132
305	132
314	132
325	132
357	132
382	132
409	132
434	132
439	132
457	132
459	132
479	132
500	132
505	132
507	132
515	132
524	132
527	132
538	132
559	132
583	132
593	132
616	132
618	132
625	132
628	132
651	132
657	132
669	132
673	132
692	132
695	132
712	132
722	132
736	132
744	132
788	132
795	132
798	132
806	132
810	132
819	132
672	134
198	135
213	135
241	135
279	135
314	135
367	135
461	135
495	135
499	135
608	135
636	135
649	135
716	135
766	135
808	135
821	135
213	138
264	138
277	138
318	138
367	138
391	138
461	138
495	138
505	138
514	138
660	138
702	138
736	138
792	138
808	138
821	138
157	139
166	139
171	139
182	139
190	139
340	139
477	139
484	139
548	139
573	139
582	139
604	139
644	139
745	139
286	140
686	140
769	140
433	144
449	144
681	144
756	144
775	144
835	144
848	144
346	146
602	146
629	146
816	146
300	152
769	152
797	152
813	152
216	154
312	154
487	154
166	157
171	157
182	157
190	157
340	157
477	157
484	157
548	157
573	157
582	157
604	157
644	157
689	157
745	157
260	158
778	158
437	160
450	160
555	160
786	160
408	161
475	164
171	166
182	166
190	166
340	166
477	166
484	166
548	166
573	166
582	166
604	166
644	166
668	166
745	166
326	168
366	170
368	170
679	170
749	170
182	171
190	171
340	171
477	171
484	171
548	171
573	171
582	171
604	171
644	171
689	171
745	171
189	172
211	172
323	172
382	172
390	172
423	172
428	172
491	172
500	172
515	172
524	172
527	172
533	172
567	172
618	172
653	172
744	172
795	172
810	172
819	172
838	172
255	173
285	174
313	174
339	174
401	174
476	174
622	174
665	174
694	174
700	174
747	174
780	174
325	177
703	177
233	178
316	178
384	178
430	178
518	178
634	178
770	178
192	179
220	179
257	179
264	179
271	179
277	179
314	179
409	179
434	179
439	179
457	179
479	179
505	179
507	179
554	179
593	179
625	179
651	179
657	179
692	179
711	179
722	179
736	179
759	179
798	179
477	182
484	182
573	182
582	182
604	182
644	182
639	186
753	186
777	186
290	189
323	189
325	189
382	189
390	189
423	189
428	189
459	189
491	189
500	189
515	189
524	189
527	189
533	189
567	189
618	189
653	189
744	189
795	189
810	189
819	189
838	189
340	190
477	190
484	190
573	190
582	190
604	190
644	190
689	190
745	190
198	192
213	192
220	192
257	192
264	192
271	192
277	192
288	192
314	192
357	192
409	192
434	192
439	192
457	192
459	192
479	192
495	192
505	192
507	192
519	192
556	192
565	192
593	192
625	192
636	192
649	192
651	192
657	192
660	192
661	192
669	192
692	192
712	192
716	192
722	192
736	192
792	192
806	192
808	192
369	195
675	195
213	198
241	198
264	198
271	198
279	198
367	198
409	198
459	198
461	198
462	198
495	198
499	198
505	198
507	198
527	198
593	198
608	198
627	198
636	198
649	198
660	198
716	198
722	198
736	198
766	198
784	198
792	198
798	198
806	198
808	198
821	198
522	199
528	203
667	203
728	204
227	206
603	206
323	211
390	211
795	211
241	213
251	213
264	213
279	213
314	213
318	213
361	213
367	213
391	213
461	213
478	213
495	213
499	213
505	213
514	213
551	213
565	213
608	213
636	213
649	213
660	213
702	213
716	213
722	213
736	213
766	213
784	213
792	213
798	213
806	213
808	213
821	213
444	214
312	216
487	216
639	216
281	217
257	220
264	220
271	220
277	220
288	220
314	220
409	220
434	220
439	220
457	220
459	220
479	220
505	220
507	220
519	220
554	220
593	220
625	220
651	220
657	220
669	220
692	220
712	220
722	220
736	220
759	220
806	220
398	221
298	223
464	223
537	223
421	226
606	226
457	227
553	227
843	227
325	231
519	232
571	232
625	232
384	233
430	233
501	235
321	237
592	237
268	239
282	239
329	239
408	240
251	241
279	241
318	241
367	241
391	241
461	241
478	241
499	241
608	241
636	241
649	241
660	241
716	241
722	241
736	241
766	241
792	241
798	241
808	241
821	241
528	247
605	250
699	250
367	251
499	251
505	251
636	251
649	251
736	251
792	251
821	251
464	253
522	253
286	254
540	255
277	257
314	257
434	257
466	257
507	257
625	257
657	257
712	257
722	257
778	260
568	262
726	262
735	262
740	262
271	264
277	264
288	264
304	264
314	264
318	264
361	264
367	264
409	264
434	264
439	264
457	264
479	264
505	264
507	264
519	264
551	264
559	264
593	264
625	264
651	264
660	264
716	264
722	264
736	264
753	264
792	264
821	264
761	267
329	268
439	268
301	270
393	270
706	270
756	270
797	270
848	270
277	271
279	271
288	271
314	271
318	271
409	271
434	271
439	271
457	271
459	271
479	271
495	271
505	271
507	271
586	271
593	271
625	271
636	271
651	271
669	271
692	271
721	271
722	271
736	271
792	271
806	271
283	277
288	277
314	277
357	277
361	277
367	277
409	277
434	277
439	277
457	277
459	277
478	277
479	277
495	277
505	277
507	277
551	277
554	277
555	277
565	277
593	277
625	277
651	277
657	277
660	277
669	277
692	277
693	277
712	277
722	277
736	277
792	277
806	277
318	279
367	279
391	279
461	279
478	279
499	279
608	279
636	279
649	279
660	279
716	279
722	279
736	279
766	279
784	279
792	279
798	279
808	279
821	279
328	282
384	282
439	282
459	282
504	282
527	282
618	282
736	282
798	282
831	282
314	283
434	283
457	283
479	283
593	283
669	283
712	283
736	283
313	285
339	285
401	285
460	285
476	285
622	285
665	285
694	285
700	285
747	285
753	285
780	285
482	286
769	286
684	287
314	288
357	288
409	288
434	288
439	288
457	288
461	288
479	288
505	288
507	288
554	288
565	288
593	288
625	288
636	288
651	288
657	288
669	288
712	288
722	288
736	288
792	288
798	288
806	288
821	288
325	290
382	290
515	290
524	290
730	293
349	298
505	299
664	300
813	300
393	301
706	301
756	301
797	301
848	301
384	302
518	302
827	302
434	304
457	304
479	304
722	304
636	305
673	305
736	305
487	312
339	313
401	313
460	313
476	313
622	313
665	313
694	313
700	313
747	313
780	313
357	314
409	314
434	314
439	314
457	314
459	314
479	314
495	314
505	314
507	314
519	314
554	314
559	314
593	314
625	314
636	314
649	314
651	314
657	314
661	314
669	314
692	314
712	314
722	314
736	314
752	314
753	314
759	314
792	314
798	314
806	314
384	316
430	316
518	316
631	316
770	316
336	317
372	317
729	317
367	318
391	318
461	318
495	318
499	318
505	318
507	318
514	318
608	318
636	318
649	318
660	318
702	318
716	318
722	318
736	318
766	318
784	318
792	318
798	318
808	318
821	318
592	321
382	323
390	323
428	323
500	323
515	323
524	323
527	323
533	323
618	323
795	323
810	323
382	325
491	325
500	325
515	325
524	325
567	325
625	325
703	325
795	325
810	325
439	329
753	329
372	336
729	336
641	337
790	337
401	339
460	339
476	339
622	339
665	339
694	339
700	339
747	339
477	340
484	340
548	340
573	340
582	340
644	340
522	344
366	346
377	346
629	346
679	346
816	346
418	347
640	352
439	357
457	357
479	357
554	357
593	357
628	357
669	357
712	357
752	357
367	361
459	361
479	361
505	361
559	361
625	361
636	361
651	361
702	361
722	361
736	361
792	361
806	361
762	362
520	365
368	366
679	366
749	366
391	367
461	367
478	367
495	367
499	367
505	367
514	367
608	367
627	367
636	367
649	367
660	367
716	367
722	367
736	367
766	367
784	367
792	367
798	367
808	367
821	367
679	368
749	368
675	369
536	370
729	372
391	373
461	373
514	373
702	373
792	373
507	375
695	375
629	377
816	377
451	378
549	378
408	380
756	381
848	381
390	382
423	382
428	382
459	382
491	382
500	382
515	382
524	382
527	382
533	382
567	382
618	382
653	382
744	382
795	382
810	382
838	382
430	384
504	384
518	384
631	384
748	384
770	384
831	384
760	385
643	386
428	390
500	390
515	390
524	390
527	390
795	390
810	390
838	390
461	391
495	391
499	391
514	391
608	391
636	391
649	391
660	391
702	391
716	391
722	391
736	391
766	391
792	391
808	391
821	391
586	392
761	392
706	393
756	393
797	393
848	393
665	397
476	401
622	401
654	401
665	401
694	401
700	401
747	401
780	401
481	404
434	409
439	409
457	409
459	409
479	409
505	409
507	409
527	409
554	409
583	409
593	409
625	409
636	409
651	409
657	409
669	409
692	409
716	409
721	409
722	409
736	409
753	409
798	409
806	409
465	413
659	413
486	417
755	417
835	417
848	417
850	417
845	419
428	423
515	423
533	423
567	423
457	426
616	426
500	428
515	428
524	428
527	428
533	428
567	428
618	428
795	428
810	428
838	428
518	430
770	430
449	433
681	433
756	433
775	433
835	433
848	433
439	434
457	434
479	434
505	434
507	434
519	434
554	434
593	434
625	434
651	434
657	434
669	434
692	434
693	434
712	434
722	434
736	434
753	434
759	434
806	434
450	437
786	437
457	439
459	439
479	439
505	439
507	439
519	439
527	439
554	439
581	439
593	439
616	439
625	439
628	439
651	439
657	439
669	439
722	439
736	439
753	439
788	439
798	439
806	439
494	441
714	442
462	445
681	449
756	449
775	449
835	449
848	449
786	450
549	451
459	457
479	457
505	457
507	457
527	457
554	457
593	457
616	457
625	457
628	457
651	457
657	457
669	457
692	457
693	457
712	457
722	457
736	457
753	457
798	457
819	457
505	459
507	459
519	459
524	459
527	459
559	459
586	459
593	459
616	459
618	459
627	459
636	459
651	459
669	459
695	459
721	459
722	459
736	459
753	459
788	459
798	459
806	459
810	459
780	460
495	461
499	461
505	461
565	461
608	461
636	461
649	461
660	461
702	461
716	461
736	461
766	461
792	461
798	461
806	461
808	461
821	461
636	462
649	462
784	462
514	464
603	464
659	465
751	467
536	471
785	471
669	473
673	473
819	473
622	476
665	476
694	476
700	476
747	476
753	476
780	476
484	477
548	477
573	477
582	477
604	477
644	477
495	478
499	478
505	478
507	478
608	478
636	478
649	478
716	478
722	478
736	478
766	478
792	478
798	478
808	478
505	479
507	479
554	479
565	479
581	479
593	479
625	479
651	479
657	479
669	479
692	479
693	479
712	479
722	479
736	479
806	479
558	482
605	482
614	482
769	482
548	484
573	484
582	484
604	484
644	484
558	485
601	485
605	485
614	485
755	486
756	486
835	486
848	486
850	486
500	491
515	491
524	491
527	491
567	491
618	491
795	491
499	495
505	495
507	495
636	495
649	495
660	495
702	495
716	495
722	495
736	495
792	495
798	495
806	495
821	495
589	498
685	498
842	498
505	499
514	499
608	499
627	499
636	499
649	499
660	499
716	499
722	499
736	499
766	499
784	499
792	499
798	499
806	499
808	499
821	499
515	500
524	500
527	500
533	500
567	500
795	500
810	500
838	500
518	504
631	504
831	504
507	505
593	505
625	505
636	505
649	505
651	505
661	505
669	505
692	505
716	505
721	505
722	505
736	505
766	505
784	505
792	505
798	505
806	505
808	505
821	505
554	507
593	507
625	507
627	507
636	507
651	507
657	507
669	507
692	507
712	507
716	507
721	507
722	507
736	507
753	507
792	507
798	507
806	507
536	509
522	514
603	514
702	514
792	514
524	515
527	515
533	515
567	515
618	515
744	515
795	515
810	515
819	515
838	515
631	518
748	518
770	518
593	519
651	519
661	519
722	519
736	519
806	519
603	522
527	524
533	524
567	524
618	524
744	524
795	524
810	524
838	524
533	527
567	527
618	527
627	527
636	527
653	527
795	527
810	527
838	527
667	528
567	533
618	533
653	533
795	533
810	533
838	533
785	536
798	536
656	537
657	538
554	543
763	546
793	546
573	548
582	548
604	548
644	548
702	551
722	551
736	551
792	551
630	552
593	554
625	554
651	554
669	554
692	554
711	554
722	554
625	556
601	558
605	558
614	558
583	559
616	559
625	559
673	559
722	565
736	565
735	566
795	567
810	567
838	567
726	568
735	568
740	568
582	573
604	573
644	573
689	573
745	573
753	581
604	582
644	582
668	582
736	586
806	586
685	589
842	589
625	593
636	593
649	593
651	593
657	593
661	593
669	593
692	593
712	593
721	593
722	593
736	593
753	593
759	593
792	593
806	593
738	595
822	597
830	598
635	599
603	600
605	601
614	601
629	602
644	604
689	604
745	604
614	605
699	605
797	605
687	607
627	608
636	608
649	608
660	608
716	608
722	608
736	608
766	608
784	608
792	608
808	608
821	608
627	618
653	618
707	618
795	618
810	618
838	618
665	622
694	622
747	622
780	622
651	625
657	625
669	625
692	625
693	625
712	625
722	625
736	625
806	625
636	627
649	627
716	627
766	627
795	627
669	628
816	629
770	631
697	633
705	633
649	636
651	636
660	636
695	636
716	636
721	636
722	636
736	636
766	636
784	636
792	636
798	636
806	636
808	636
821	636
753	639
777	639
790	641
689	644
745	644
753	644
789	648
660	649
716	649
722	649
736	649
766	649
784	649
792	649
798	649
806	649
808	649
821	649
657	651
669	651
692	651
711	651
712	651
721	651
722	651
736	651
753	651
806	651
795	653
838	653
669	657
692	657
712	657
722	657
736	657
828	657
716	660
722	660
736	660
766	660
792	660
808	660
821	660
722	661
736	661
694	665
747	665
780	665
692	669
712	669
722	669
736	669
798	669
806	669
744	673
819	673
749	679
756	681
775	681
835	681
848	681
842	685
721	692
722	692
736	692
753	692
798	692
700	694
747	694
753	694
780	694
705	697
797	699
747	700
722	702
736	702
792	702
798	702
821	702
756	706
797	706
848	706
810	707
722	711
722	712
736	712
722	716
736	716
766	716
784	716
792	716
798	716
806	716
808	716
722	721
736	721
806	721
736	722
784	722
792	722
798	722
806	722
808	722
821	722
828	722
735	726
740	726
740	735
766	736
784	736
792	736
798	736
806	736
808	736
821	736
813	742
795	744
819	744
780	747
777	753
788	753
756	755
835	755
848	755
850	755
775	756
835	756
848	756
850	756
793	763
784	766
792	766
798	766
806	766
808	766
835	775
848	775
792	784
806	784
808	784
798	792
806	792
808	792
821	792
810	795
819	795
838	795
813	797
848	797
806	798
808	798
821	798
808	806
821	808
838	810
848	835
850	835
850	848
