1	939
1	1122
2	634
2	657
2	962
3	21
4	116
4	1445
5	596
5	1064
5	1132
6	590
6	1227
14	733
14	1444
15	70
15	202
15	361
15	365
15	478
15	785
15	819
15	908
15	1098
15	1377
15	1432
17	327
17	593
17	812
17	874
17	929
17	972
17	1206
17	1336
18	685
18	1181
23	104
23	372
23	671
23	1421
24	680
24	1039
24	1275
26	695
26	819
26	1017
26	1045
26	1048
26	1309
26	1432
27	1045
28	547
28	887
28	1254
30	105
30	119
30	144
30	161
30	223
30	238
30	326
30	334
30	369
30	421
30	576
30	587
30	592
30	690
30	888
30	901
30	996
30	1086
30	1182
30	1253
30	1309
30	1439
30	1495
32	112
35	348
35	442
35	452
35	568
35	681
35	863
35	938
35	970
35	1131
35	1366
36	52
36	155
36	202
36	203
36	373
36	419
36	478
36	479
36	488
36	509
36	635
36	780
36	819
36	864
36	908
36	925
36	940
36	974
36	1026
36	1048
36	1054
36	1109
36	1170
36	1230
36	1309
36	1410
36	1450
37	731
37	835
39	159
39	310
39	333
39	614
39	861
39	875
39	895
39	1022
39	1072
39	1108
39	1225
40	425
40	483
40	625
40	1057
40	1259
47	452
47	681
47	863
47	970
47	1366
50	342
50	1134
50	1411
51	96
51	251
51	290
51	339
51	521
51	637
51	817
51	1101
51	1105
51	1232
51	1244
51	1414
52	202
52	203
52	373
52	419
52	478
52	479
52	488
52	509
52	583
52	635
52	780
52	813
52	819
52	864
52	974
52	1026
52	1048
52	1054
52	1109
52	1170
52	1230
52	1309
54	969
55	818
57	626
60	392
60	428
60	516
61	535
61	818
66	898
66	1221
66	1499
70	365
70	1098
70	1213
70	1309
70	1377
70	1406
70	1446
73	1228
73	1276
73	1324
73	1346
75	710
75	1130
75	1251
78	281
78	717
78	884
79	202
79	713
79	1094
80	111
80	820
85	561
85	1385
86	260
86	294
88	397
88	558
88	796
91	99
95	288
95	1446
96	251
96	290
96	339
96	521
96	637
96	817
96	824
96	1101
96	1105
96	1232
96	1244
96	1341
96	1414
104	1421
105	119
105	140
105	155
105	203
105	223
105	361
105	369
105	373
105	419
105	509
105	576
105	639
105	785
105	819
105	864
105	908
105	925
105	966
105	989
105	996
105	1045
105	1048
105	1054
105	1090
105	1109
105	1170
105	1182
105	1199
105	1230
105	1309
105	1341
105	1406
105	1410
108	1457
111	350
111	603
111	820
111	1000
111	1391
112	821
113	460
113	606
113	1162
116	553
116	1002
116	1006
116	1445
118	328
118	523
118	915
118	1343
118	1365
119	223
119	369
119	592
119	854
119	1086
119	1182
119	1199
119	1309
119	1434
119	1439
119	1495
121	170
121	410
121	491
121	653
121	1089
121	1209
121	1263
121	1335
121	1476
123	377
123	656
123	1205
125	608
130	627
130	1431
131	261
131	468
131	641
131	1075
131	1241
140	203
140	515
140	645
140	785
140	1045
140	1092
140	1134
140	1309
141	693
142	152
143	1134
143	1159
143	1411
144	223
144	238
144	326
144	421
144	592
144	901
144	1134
144	1182
144	1233
144	1439
144	1495
148	686
148	841
148	1273
153	1039
155	202
155	203
155	223
155	361
155	373
155	419
155	478
155	509
155	635
155	639
155	780
155	785
155	786
155	819
155	864
155	908
155	925
155	940
155	974
155	989
155	1026
155	1048
155	1054
155	1096
155	1109
155	1170
155	1182
155	1230
155	1231
155	1309
155	1341
155	1349
155	1410
155	1423
155	1450
157	320
157	578
157	594
157	659
157	1208
157	1284
157	1290
159	310
159	333
159	614
159	861
159	875
159	895
159	1022
159	1072
159	1108
159	1192
161	223
161	334
161	369
161	421
161	576
161	587
161	690
161	888
161	901
161	1086
161	1164
161	1182
161	1439
161	1495
162	1445
170	410
170	491
170	653
170	1089
170	1209
170	1263
170	1335
170	1476
174	642
176	457
182	803
182	828
182	997
185	1432
186	760
191	206
191	1063
191	1436
196	745
202	203
202	361
202	373
202	399
202	419
202	478
202	479
202	488
202	509
202	635
202	646
202	695
202	780
202	785
202	786
202	819
202	864
202	908
202	925
202	974
202	989
202	1026
202	1048
202	1054
202	1096
202	1109
202	1134
202	1170
202	1230
202	1272
202	1279
202	1309
202	1349
202	1358
202	1410
202	1411
202	1432
202	1441
202	1450
203	361
203	373
203	393
203	419
203	478
203	479
203	509
203	515
203	559
203	583
203	635
203	639
203	645
203	780
203	785
203	819
203	864
203	908
203	925
203	974
203	989
203	1026
203	1048
203	1054
203	1096
203	1109
203	1170
203	1230
203	1309
203	1341
203	1406
203	1450
204	349
205	556
205	681
205	702
205	863
205	938
205	970
205	978
205	1043
205	1044
205	1092
206	1063
206	1436
211	370
214	504
214	954
219	356
219	494
219	554
219	565
219	1327
219	1347
219	1418
219	1512
220	295
220	535
220	723
220	834
220	1360
222	239
222	473
222	485
222	650
222	692
222	706
222	708
222	1073
223	326
223	334
223	369
223	421
223	576
223	587
223	592
223	888
223	901
223	1086
223	1182
223	1233
223	1253
223	1309
223	1367
223	1439
223	1495
228	1477
229	1016
229	1277
236	664
236	1141
237	345
237	452
237	515
237	681
237	863
237	906
237	931
237	1014
237	1044
237	1092
237	1133
237	1438
237	1483
239	706
239	1073
244	758
244	1287
245	298
245	837
245	885
251	290
251	339
251	521
251	637
251	817
251	1101
251	1105
251	1232
251	1244
251	1341
251	1414
256	654
256	663
256	893
256	908
256	1078
256	1134
256	1159
256	1230
256	1272
256	1342
256	1358
256	1411
259	642
261	641
267	1275
269	434
269	509
269	622
269	654
269	826
269	893
269	908
269	1194
269	1411
269	1450
273	523
273	1365
274	847
274	945
279	460
279	719
281	717
285	291
285	624
285	921
285	1033
285	1060
285	1070
285	1123
285	1451
286	990
290	339
290	521
290	637
290	817
290	1101
290	1105
290	1232
290	1244
290	1414
291	624
291	921
291	1123
291	1451
293	443
295	472
295	723
295	768
295	834
295	847
295	1360
298	837
298	885
298	894
303	328
303	523
303	547
303	1365
310	333
310	614
310	861
310	875
310	895
310	1022
310	1072
310	1108
310	1225
314	374
314	599
314	889
314	1313
317	1345
320	578
320	594
320	659
320	1208
320	1284
320	1290
320	1514
324	1508
326	435
326	592
326	744
326	888
326	1182
326	1233
326	1249
326	1309
326	1439
326	1495
327	593
327	812
327	874
327	929
327	972
327	1206
328	915
328	1075
332	650
333	614
333	861
333	875
333	895
333	1022
333	1072
333	1108
333	1225
334	369
334	400
334	421
334	576
334	587
334	690
334	888
334	901
334	1086
334	1164
334	1182
334	1439
334	1495
339	521
339	637
339	817
339	1101
339	1105
339	1232
339	1244
339	1414
345	452
345	863
345	906
345	931
345	1483
346	592
346	744
346	1249
348	442
348	452
348	681
348	863
348	938
348	970
348	1131
348	1366
349	962
350	603
350	820
350	1391
356	554
356	565
356	1327
356	1347
356	1418
356	1512
359	871
361	373
361	478
361	509
361	635
361	646
361	780
361	785
361	819
361	864
361	908
361	925
361	940
361	989
361	1026
361	1048
361	1054
361	1109
361	1309
361	1441
361	1450
365	1098
365	1213
365	1341
365	1377
366	1092
369	421
369	529
369	576
369	587
369	592
369	690
369	888
369	901
369	1086
369	1164
369	1182
369	1309
369	1439
369	1495
370	1459
372	671
372	1421
373	419
373	478
373	479
373	488
373	509
373	635
373	639
373	780
373	785
373	819
373	864
373	893
373	908
373	925
373	940
373	974
373	1007
373	1026
373	1048
373	1054
373	1096
373	1109
373	1134
373	1159
373	1170
373	1178
373	1230
373	1272
373	1309
373	1410
373	1411
373	1432
373	1441
373	1450
374	599
374	889
374	1313
377	656
377	1205
385	887
386	1510
388	1058
388	1190
389	1497
391	553
391	665
391	1184
391	1350
392	428
392	613
392	1071
395	783
395	807
395	990
396	448
397	558
397	1371
398	1468
399	646
399	1048
399	1450
400	587
400	690
400	1086
401	903
404	794
410	491
410	653
410	1089
410	1209
410	1263
410	1335
410	1476
418	729
419	478
419	479
419	488
419	509
419	583
419	635
419	780
419	785
419	819
419	864
419	908
419	925
419	940
419	974
419	989
419	1026
419	1048
419	1054
419	1096
419	1109
419	1170
419	1230
419	1309
419	1349
419	1410
419	1432
419	1450
421	576
421	587
421	592
421	690
421	888
421	901
421	1086
421	1182
421	1309
421	1439
421	1495
424	920
424	1418
424	1445
425	483
425	625
425	1057
425	1259
428	535
428	819
432	524
432	1226
433	674
433	878
434	622
434	826
434	893
434	984
434	1078
434	1134
434	1411
435	592
436	514
439	965
442	681
442	863
445	902
447	486
447	585
447	1486
450	515
450	645
450	1067
450	1092
452	515
452	556
452	568
452	681
452	863
452	906
452	931
452	938
452	970
452	1014
452	1043
452	1044
452	1092
452	1133
452	1333
452	1366
452	1438
452	1483
459	938
460	482
460	606
460	719
461	922
467	535
468	641
468	1075
468	1241
472	535
472	834
472	847
472	945
473	485
473	650
473	692
473	708
478	488
478	509
478	635
478	646
478	780
478	785
478	786
478	819
478	864
478	908
478	925
478	940
478	974
478	989
478	996
478	1026
478	1048
478	1054
478	1096
478	1109
478	1170
478	1230
478	1231
478	1279
478	1309
478	1341
478	1410
478	1423
478	1432
478	1441
478	1450
479	488
479	509
479	583
479	780
479	974
479	1026
479	1109
479	1170
483	625
483	1057
483	1259
484	524
484	709
484	1226
485	650
485	692
485	708
486	585
486	1486
488	509
488	635
488	780
488	974
488	1026
488	1048
488	1054
488	1109
488	1170
488	1230
488	1231
489	539
489	576
489	1012
489	1103
489	1304
491	653
491	1089
491	1209
491	1263
491	1335
491	1476
494	554
494	1327
504	954
509	583
509	635
509	639
509	646
509	654
509	780
509	785
509	819
509	864
509	893
509	908
509	925
509	974
509	984
509	989
509	990
509	1007
509	1026
509	1048
509	1054
509	1096
509	1109
509	1170
509	1230
509	1231
509	1309
509	1410
509	1411
509	1432
509	1441
509	1450
511	850
511	1502
514	540
515	681
515	785
515	863
515	906
515	931
515	1014
515	1182
515	1207
515	1309
515	1367
515	1483
521	637
521	817
521	824
521	1101
521	1105
521	1232
521	1244
521	1341
521	1414
523	1365
524	709
524	1226
525	967
525	1307
528	1202
529	592
535	712
535	834
535	847
535	945
535	1320
538	600
539	1012
539	1304
541	1514
545	1376
546	682
546	831
547	887
547	1254
548	1088
551	908
551	1300
553	665
553	1002
553	1006
553	1184
553	1350
553	1445
554	565
554	1327
554	1347
554	1418
554	1512
556	681
556	702
556	863
556	938
556	970
556	978
556	1043
556	1044
556	1092
558	1025
558	1357
558	1371
559	780
559	819
559	864
559	974
561	1385
563	1134
563	1199
565	1327
565	1512
568	681
568	863
568	1366
576	587
576	959
576	1086
576	1134
576	1182
576	1304
576	1309
576	1439
576	1495
578	594
578	659
578	1208
578	1284
578	1290
583	780
583	974
583	1054
583	1109
585	1486
587	690
587	901
587	1086
587	1182
587	1439
587	1495
588	1074
590	1227
592	744
592	888
592	901
592	1086
592	1109
592	1182
592	1249
592	1309
592	1439
592	1495
593	812
593	874
593	929
593	972
593	1026
593	1206
593	1336
594	659
594	1208
594	1284
594	1290
594	1514
596	765
599	889
599	1313
603	820
603	1000
603	1391
605	841
605	858
613	945
614	861
614	875
614	895
614	1022
614	1108
619	679
621	1323
622	826
622	887
622	1194
622	1411
624	653
624	921
624	1123
624	1209
624	1451
625	1057
625	1259
627	739
627	1431
634	657
634	761
634	1514
635	780
635	785
635	819
635	864
635	908
635	925
635	974
635	989
635	1026
635	1048
635	1054
635	1096
635	1109
635	1309
635	1410
635	1432
635	1441
635	1450
637	817
637	1101
637	1105
637	1232
637	1244
637	1341
637	1414
638	865
639	785
639	819
639	864
639	989
639	1054
639	1309
641	1075
641	1241
645	785
645	819
645	908
645	1092
645	1309
646	654
646	864
646	908
646	996
646	1109
646	1134
646	1309
646	1411
646	1432
646	1450
646	1514
647	1318
650	692
650	708
652	1445
653	1089
653	1209
653	1263
653	1335
653	1476
654	663
654	826
654	893
654	908
654	1027
654	1078
654	1134
654	1159
654	1194
654	1272
654	1342
654	1358
654	1411
656	1205
656	1224
657	962
657	1200
659	1208
659	1284
659	1290
663	826
663	908
663	1027
663	1078
663	1134
663	1159
663	1272
663	1342
663	1358
663	1411
663	1432
664	1233
665	1184
665	1350
668	808
668	981
671	1421
673	1211
674	1304
675	1347
675	1512
678	681
681	702
681	863
681	879
681	906
681	931
681	938
681	970
681	1014
681	1043
681	1044
681	1092
681	1133
681	1333
681	1366
681	1438
681	1483
682	831
682	1351
685	1181
686	841
690	901
690	1086
690	1439
690	1495
692	708
695	1017
695	1045
695	1096
702	938
702	970
702	978
702	1043
702	1044
702	1092
706	1073
708	945
709	1226
710	1130
710	1251
712	1320
713	1094
715	868
715	1319
717	884
723	768
723	1360
731	835
733	1444
734	1351
739	1431
743	1506
744	1134
745	1115
758	1287
761	819
761	1090
765	979
768	1360
769	1426
775	1179
775	1215
775	1373
775	1489
775	1512
780	785
780	819
780	864
780	908
780	925
780	940
780	974
780	989
780	1026
780	1048
780	1054
780	1096
780	1109
780	1170
780	1230
780	1231
780	1309
780	1341
780	1349
780	1410
780	1432
780	1441
780	1450
783	807
785	786
785	819
785	864
785	908
785	925
785	940
785	989
785	1026
785	1048
785	1054
785	1090
785	1092
785	1109
785	1170
785	1309
785	1341
785	1406
785	1432
786	819
786	864
786	1048
786	1096
786	1309
788	1087
796	1371
797	829
797	1285
803	828
803	997
808	811
808	981
812	874
812	929
812	972
812	1206
817	1101
817	1105
817	1232
817	1244
817	1414
819	864
819	908
819	925
819	974
819	989
819	1026
819	1048
819	1054
819	1086
819	1090
819	1096
819	1109
819	1170
819	1182
819	1230
819	1231
819	1309
819	1341
819	1410
819	1441
819	1514
820	1000
820	1391
820	1465
824	1414
826	893
826	908
826	1007
826	1078
826	1134
826	1159
826	1194
826	1272
826	1342
826	1358
826	1411
826	1432
826	1450
828	997
829	1134
829	1159
829	1285
831	1351
834	847
834	1071
837	885
837	894
841	858
841	1273
841	1319
847	945
847	1327
854	1199
855	880
855	1179
855	1189
855	1343
855	1347
855	1489
855	1512
855	1515
861	875
861	895
861	1022
861	1072
861	1108
863	906
863	931
863	938
863	970
863	1014
863	1043
863	1044
863	1092
863	1133
863	1333
863	1366
863	1438
863	1483
864	908
864	925
864	974
864	989
864	1007
864	1026
864	1048
864	1054
864	1096
864	1109
864	1170
864	1182
864	1230
864	1231
864	1309
864	1423
864	1432
864	1441
864	1450
868	1319
874	929
874	972
874	1206
875	895
875	1022
875	1072
875	1108
879	1014
880	1179
880	1189
880	1343
880	1347
880	1489
880	1512
880	1515
887	1095
887	1254
888	901
888	1086
888	1182
888	1309
888	1495
889	1313
893	908
893	1134
893	1159
893	1272
893	1309
893	1342
893	1362
893	1411
893	1432
895	1022
895	1072
895	1108
897	1214
898	1221
898	1499
901	1086
901	1182
901	1439
901	1495
906	931
906	938
906	1014
906	1044
906	1133
906	1438
906	1483
908	925
908	1017
908	1026
908	1048
908	1054
908	1096
908	1109
908	1134
908	1159
908	1178
908	1182
908	1230
908	1272
908	1279
908	1309
908	1342
908	1358
908	1410
908	1411
908	1432
908	1441
908	1450
915	1075
920	1203
920	1418
920	1445
921	1123
921	1451
925	940
925	945
925	974
925	989
925	1026
925	1048
925	1054
925	1096
925	1109
925	1170
925	1178
925	1182
925	1230
925	1309
925	1349
925	1410
925	1432
925	1441
925	1450
929	972
929	1206
931	938
931	1014
931	1044
931	1092
931	1133
931	1438
931	1483
938	970
938	978
938	1043
938	1044
938	1092
938	1133
938	1333
938	1366
938	1438
939	1122
940	1026
940	1048
940	1054
940	1178
940	1309
940	1432
940	1450
945	1071
945	1327
954	1408
954	1510
960	1498
961	994
962	1273
962	1319
966	1170
967	1307
970	978
970	1043
970	1044
970	1092
970	1133
970	1333
970	1366
970	1438
972	1026
972	1206
973	989
974	1026
974	1048
974	1054
974	1109
974	1170
974	1231
975	1355
975	1446
976	1353
978	1043
978	1092
984	1411
984	1450
989	1026
989	1048
989	1054
989	1109
989	1182
989	1230
989	1410
989	1441
989	1450
996	1037
996	1090
996	1109
996	1199
996	1302
996	1309
996	1450
1000	1391
1002	1006
1003	1236
1006	1445
1008	1304
1012	1304
1014	1044
1014	1092
1014	1438
1014	1483
1017	1045
1017	1054
1017	1134
1017	1432
1022	1072
1022	1108
1022	1225
1025	1357
1026	1048
1026	1054
1026	1096
1026	1109
1026	1134
1026	1170
1026	1182
1026	1230
1026	1309
1026	1410
1026	1432
1026	1441
1026	1450
1027	1078
1027	1134
1027	1159
1027	1272
1027	1342
1027	1411
1027	1432
1027	1501
1033	1060
1033	1070
1033	1123
1037	1309
1043	1044
1043	1092
1043	1133
1043	1438
1044	1092
1044	1133
1044	1333
1044	1366
1044	1438
1044	1483
1045	1432
1048	1054
1048	1096
1048	1109
1048	1134
1048	1170
1048	1182
1048	1230
1048	1279
1048	1309
1048	1341
1048	1410
1048	1432
1048	1441
1048	1450
1054	1096
1054	1109
1054	1134
1054	1159
1054	1170
1054	1178
1054	1230
1054	1279
1054	1309
1054	1341
1054	1349
1054	1410
1054	1411
1054	1423
1054	1432
1054	1441
1054	1450
1057	1259
1058	1190
1060	1070
1060	1123
1063	1436
1064	1132
1066	1418
1068	1071
1070	1123
1071	1327
1072	1108
1072	1225
1075	1241
1075	1418
1078	1134
1078	1159
1078	1272
1078	1342
1078	1358
1078	1411
1082	1228
1082	1276
1086	1164
1086	1182
1086	1309
1086	1439
1086	1495
1089	1209
1089	1263
1089	1335
1089	1476
1090	1309
1090	1514
1092	1438
1096	1109
1096	1230
1096	1309
1096	1341
1096	1410
1096	1423
1096	1432
1096	1450
1098	1213
1098	1341
1098	1377
1098	1406
1101	1105
1101	1232
1101	1414
1102	1167
1103	1304
1105	1232
1105	1244
1105	1414
1109	1170
1109	1182
1109	1230
1109	1231
1109	1309
1109	1432
1109	1441
1123	1451
1130	1251
1133	1333
1133	1438
1133	1483
1134	1159
1134	1182
1134	1233
1134	1272
1134	1279
1134	1309
1134	1342
1134	1358
1134	1362
1134	1411
1134	1432
1134	1441
1139	1392
1153	1320
1155	1408
1155	1510
1159	1272
1159	1342
1159	1358
1159	1362
1159	1411
1159	1432
1159	1441
1164	1495
1170	1230
1170	1309
1170	1410
1175	1502
1179	1189
1179	1215
1179	1343
1179	1347
1179	1373
1179	1489
1179	1512
1179	1515
1182	1309
1182	1367
1182	1406
1182	1410
1182	1432
1182	1439
1182	1495
1184	1350
1189	1343
1189	1347
1189	1489
1189	1512
1189	1515
1194	1411
1199	1302
1199	1434
1203	1445
1205	1224
1206	1336
1208	1242
1208	1284
1208	1290
1209	1263
1209	1335
1209	1476
1213	1377
1215	1347
1215	1373
1215	1489
1215	1512
1221	1499
1228	1276
1228	1324
1228	1346
1230	1279
1230	1309
1230	1341
1230	1342
1230	1410
1230	1450
1232	1244
1232	1341
1232	1414
1241	1418
1242	1284
1242	1290
1244	1414
1245	1280
1250	1395
1253	1439
1263	1335
1263	1476
1271	1491
1272	1342
1272	1358
1272	1411
1272	1432
1273	1319
1276	1324
1276	1346
1279	1342
1279	1423
1279	1432
1284	1290
1309	1367
1309	1406
1309	1410
1309	1432
1309	1439
1309	1441
1309	1450
1309	1495
1319	1327
1320	1445
1327	1347
1327	1418
1327	1512
1333	1438
1335	1476
1341	1377
1341	1406
1341	1410
1341	1414
1341	1450
1342	1358
1342	1411
1343	1347
1343	1489
1343	1512
1343	1515
1347	1373
1347	1418
1347	1489
1347	1512
1347	1515
1355	1446
1357	1497
1358	1411
1358	1432
1366	1438
1373	1489
1373	1512
1408	1510
1410	1432
1411	1432
1411	1450
1418	1445
1418	1512
1423	1450
1432	1441
1438	1483
1439	1490
1439	1495
1489	1512
1489	1515
1512	1515
939	1
1122	1
634	2
657	2
962	2
21	3
116	4
1445	4
596	5
1064	5
1132	5
590	6
1227	6
733	14
1444	14
70	15
202	15
361	15
365	15
478	15
785	15
819	15
908	15
1098	15
1377	15
1432	15
327	17
593	17
812	17
874	17
929	17
972	17
1206	17
1336	17
685	18
1181	18
104	23
372	23
671	23
1421	23
680	24
1039	24
1275	24
695	26
819	26
1017	26
1045	26
1048	26
1309	26
1432	26
1045	27
547	28
887	28
1254	28
105	30
119	30
144	30
161	30
223	30
238	30
326	30
334	30
369	30
421	30
576	30
587	30
592	30
690	30
888	30
901	30
996	30
1086	30
1182	30
1253	30
1309	30
1439	30
1495	30
112	32
348	35
442	35
452	35
568	35
681	35
863	35
938	35
970	35
1131	35
1366	35
52	36
155	36
202	36
203	36
373	36
419	36
478	36
479	36
488	36
509	36
635	36
780	36
819	36
864	36
908	36
925	36
940	36
974	36
1026	36
1048	36
1054	36
1109	36
1170	36
1230	36
1309	36
1410	36
1450	36
731	37
835	37
159	39
310	39
333	39
614	39
861	39
875	39
895	39
1022	39
1072	39
1108	39
1225	39
425	40
483	40
625	40
1057	40
1259	40
452	47
681	47
863	47
970	47
1366	47
342	50
1134	50
1411	50
96	51
251	51
290	51
339	51
521	51
637	51
817	51
1101	51
1105	51
1232	51
1244	51
1414	51
202	52
203	52
373	52
419	52
478	52
479	52
488	52
509	52
583	52
635	52
780	52
813	52
819	52
864	52
974	52
1026	52
1048	52
1054	52
1109	52
1170	52
1230	52
1309	52
969	54
818	55
626	57
392	60
428	60
516	60
535	61
818	61
898	66
1221	66
1499	66
365	70
1098	70
1213	70
1309	70
1377	70
1406	70
1446	70
1228	73
1276	73
1324	73
1346	73
710	75
1130	75
1251	75
281	78
717	78
884	78
202	79
713	79
1094	79
111	80
820	80
561	85
1385	85
260	86
294	86
397	88
558	88
796	88
99	91
288	95
1446	95
251	96
290	96
339	96
521	96
637	96
817	96
824	96
1101	96
1105	96
1232	96
1244	96
1341	96
1414	96
1421	104
119	105
140	105
155	105
203	105
223	105
361	105
369	105
373	105
419	105
509	105
576	105
639	105
785	105
819	105
864	105
908	105
925	105
966	105
989	105
996	105
1045	105
1048	105
1054	105
1090	105
1109	105
1170	105
1182	105
1199	105
1230	105
1309	105
1341	105
1406	105
1410	105
1457	108
350	111
603	111
820	111
1000	111
1391	111
821	112
460	113
606	113
1162	113
553	116
1002	116
1006	116
1445	116
328	118
523	118
915	118
1343	118
1365	118
223	119
369	119
592	119
854	119
1086	119
1182	119
1199	119
1309	119
1434	119
1439	119
1495	119
170	121
410	121
491	121
653	121
1089	121
1209	121
1263	121
1335	121
1476	121
377	123
656	123
1205	123
608	125
627	130
1431	130
261	131
468	131
641	131
1075	131
1241	131
203	140
515	140
645	140
785	140
1045	140
1092	140
1134	140
1309	140
693	141
152	142
1134	143
1159	143
1411	143
223	144
238	144
326	144
421	144
592	144
901	144
1134	144
1182	144
1233	144
1439	144
1495	144
686	148
841	148
1273	148
1039	153
202	155
203	155
223	155
361	155
373	155
419	155
478	155
509	155
635	155
639	155
780	155
785	155
786	155
819	155
864	155
908	155
925	155
940	155
974	155
989	155
1026	155
1048	155
1054	155
1096	155
1109	155
1170	155
1182	155
1230	155
1231	155
1309	155
1341	155
1349	155
1410	155
1423	155
1450	155
320	157
578	157
594	157
659	157
1208	157
1284	157
1290	157
310	159
333	159
614	159
861	159
875	159
895	159
1022	159
1072	159
1108	159
1192	159
223	161
334	161
369	161
421	161
576	161
587	161
690	161
888	161
901	161
1086	161
1164	161
1182	161
1439	161
1495	161
1445	162
410	170
491	170
653	170
1089	170
1209	170
1263	170
1335	170
1476	170
642	174
457	176
803	182
828	182
997	182
1432	185
760	186
206	191
1063	191
1436	191
745	196
203	202
361	202
373	202
399	202
419	202
478	202
479	202
488	202
509	202
635	202
646	202
695	202
780	202
785	202
786	202
819	202
864	202
908	202
925	202
974	202
989	202
1026	202
1048	202
1054	202
1096	202
1109	202
1134	202
1170	202
1230	202
1272	202
1279	202
1309	202
1349	202
1358	202
1410	202
1411	202
1432	202
1441	202
1450	202
361	203
373	203
393	203
419	203
478	203
479	203
509	203
515	203
559	203
583	203
635	203
639	203
645	203
780	203
785	203
819	203
864	203
908	203
925	203
974	203
989	203
1026	203
1048	203
1054	203
1096	203
1109	203
1170	203
1230	203
1309	203
1341	203
1406	203
1450	203
349	204
556	205
681	205
702	205
863	205
938	205
970	205
978	205
1043	205
1044	205
1092	205
1063	206
1436	206
370	211
504	214
954	214
356	219
494	219
554	219
565	219
1327	219
1347	219
1418	219
1512	219
295	220
535	220
723	220
834	220
1360	220
239	222
473	222
485	222
650	222
692	222
706	222
708	222
1073	222
326	223
334	223
369	223
421	223
576	223
587	223
592	223
888	223
901	223
1086	223
1182	223
1233	223
1253	223
1309	223
1367	223
1439	223
1495	223
1477	228
1016	229
1277	229
664	236
1141	236
345	237
452	237
515	237
681	237
863	237
906	237
931	237
1014	237
1044	237
1092	237
1133	237
1438	237
1483	237
706	239
1073	239
758	244
1287	244
298	245
837	245
885	245
290	251
339	251
521	251
637	251
817	251
1101	251
1105	251
1232	251
1244	251
1341	251
1414	251
654	256
663	256
893	256
908	256
1078	256
1134	256
1159	256
1230	256
1272	256
1342	256
1358	256
1411	256
642	259
641	261
1275	267
434	269
509	269
622	269
654	269
826	269
893	269
908	269
1194	269
1411	269
1450	269
523	273
1365	273
847	274
945	274
460	279
719	279
717	281
291	285
624	285
921	285
1033	285
1060	285
1070	285
1123	285
1451	285
990	286
339	290
521	290
637	290
817	290
1101	290
1105	290
1232	290
1244	290
1414	290
624	291
921	291
1123	291
1451	291
443	293
472	295
723	295
768	295
834	295
847	295
1360	295
837	298
885	298
894	298
328	303
523	303
547	303
1365	303
333	310
614	310
861	310
875	310
895	310
1022	310
1072	310
1108	310
1225	310
374	314
599	314
889	314
1313	314
1345	317
578	320
594	320
659	320
1208	320
1284	320
1290	320
1514	320
1508	324
435	326
592	326
744	326
888	326
1182	326
1233	326
1249	326
1309	326
1439	326
1495	326
593	327
812	327
874	327
929	327
972	327
1206	327
915	328
1075	328
650	332
614	333
861	333
875	333
895	333
1022	333
1072	333
1108	333
1225	333
369	334
400	334
421	334
576	334
587	334
690	334
888	334
901	334
1086	334
1164	334
1182	334
1439	334
1495	334
521	339
637	339
817	339
1101	339
1105	339
1232	339
1244	339
1414	339
452	345
863	345
906	345
931	345
1483	345
592	346
744	346
1249	346
442	348
452	348
681	348
863	348
938	348
970	348
1131	348
1366	348
962	349
603	350
820	350
1391	350
554	356
565	356
1327	356
1347	356
1418	356
1512	356
871	359
373	361
478	361
509	361
635	361
646	361
780	361
785	361
819	361
864	361
908	361
925	361
940	361
989	361
1026	361
1048	361
1054	361
1109	361
1309	361
1441	361
1450	361
1098	365
1213	365
1341	365
1377	365
1092	366
421	369
529	369
576	369
587	369
592	369
690	369
888	369
901	369
1086	369
1164	369
1182	369
1309	369
1439	369
1495	369
1459	370
671	372
1421	372
419	373
478	373
479	373
488	373
509	373
635	373
639	373
780	373
785	373
819	373
864	373
893	373
908	373
925	373
940	373
974	373
1007	373
1026	373
1048	373
1054	373
1096	373
1109	373
1134	373
1159	373
1170	373
1178	373
1230	373
1272	373
1309	373
1410	373
1411	373
1432	373
1441	373
1450	373
599	374
889	374
1313	374
656	377
1205	377
887	385
1510	386
1058	388
1190	388
1497	389
553	391
665	391
1184	391
1350	391
428	392
613	392
1071	392
783	395
807	395
990	395
448	396
558	397
1371	397
1468	398
646	399
1048	399
1450	399
587	400
690	400
1086	400
903	401
794	404
491	410
653	410
1089	410
1209	410
1263	410
1335	410
1476	410
729	418
478	419
479	419
488	419
509	419
583	419
635	419
780	419
785	419
819	419
864	419
908	419
925	419
940	419
974	419
989	419
1026	419
1048	419
1054	419
1096	419
1109	419
1170	419
1230	419
1309	419
1349	419
1410	419
1432	419
1450	419
576	421
587	421
592	421
690	421
888	421
901	421
1086	421
1182	421
1309	421
1439	421
1495	421
920	424
1418	424
1445	424
483	425
625	425
1057	425
1259	425
535	428
819	428
524	432
1226	432
674	433
878	433
622	434
826	434
893	434
984	434
1078	434
1134	434
1411	434
592	435
514	436
965	439
681	442
863	442
902	445
486	447
585	447
1486	447
515	450
645	450
1067	450
1092	450
515	452
556	452
568	452
681	452
863	452
906	452
931	452
938	452
970	452
1014	452
1043	452
1044	452
1092	452
1133	452
1333	452
1366	452
1438	452
1483	452
938	459
482	460
606	460
719	460
922	461
535	467
641	468
1075	468
1241	468
535	472
834	472
847	472
945	472
485	473
650	473
692	473
708	473
488	478
509	478
635	478
646	478
780	478
785	478
786	478
819	478
864	478
908	478
925	478
940	478
974	478
989	478
996	478
1026	478
1048	478
1054	478
1096	478
1109	478
1170	478
1230	478
1231	478
1279	478
1309	478
1341	478
1410	478
1423	478
1432	478
1441	478
1450	478
488	479
509	479
583	479
780	479
974	479
1026	479
1109	479
1170	479
625	483
1057	483
1259	483
524	484
709	484
1226	484
650	485
692	485
708	485
585	486
1486	486
509	488
635	488
780	488
974	488
1026	488
1048	488
1054	488
1109	488
1170	488
1230	488
1231	488
539	489
576	489
1012	489
1103	489
1304	489
653	491
1089	491
1209	491
1263	491
1335	491
1476	491
554	494
1327	494
954	504
583	509
635	509
639	509
646	509
654	509
780	509
785	509
819	509
864	509
893	509
908	509
925	509
974	509
984	509
989	509
990	509
1007	509
1026	509
1048	509
1054	509
1096	509
1109	509
1170	509
1230	509
1231	509
1309	509
1410	509
1411	509
1432	509
1441	509
1450	509
850	511
1502	511
540	514
681	515
785	515
863	515
906	515
931	515
1014	515
1182	515
1207	515
1309	515
1367	515
1483	515
637	521
817	521
824	521
1101	521
1105	521
1232	521
1244	521
1341	521
1414	521
1365	523
709	524
1226	524
967	525
1307	525
1202	528
592	529
712	535
834	535
847	535
945	535
1320	535
600	538
1012	539
1304	539
1514	541
1376	545
682	546
831	546
887	547
1254	547
1088	548
908	551
1300	551
665	553
1002	553
1006	553
1184	553
1350	553
1445	553
565	554
1327	554
1347	554
1418	554
1512	554
681	556
702	556
863	556
938	556
970	556
978	556
1043	556
1044	556
1092	556
1025	558
1357	558
1371	558
780	559
819	559
864	559
974	559
1385	561
1134	563
1199	563
1327	565
1512	565
681	568
863	568
1366	568
587	576
959	576
1086	576
1134	576
1182	576
1304	576
1309	576
1439	576
1495	576
594	578
659	578
1208	578
1284	578
1290	578
780	583
974	583
1054	583
1109	583
1486	585
690	587
901	587
1086	587
1182	587
1439	587
1495	587
1074	588
1227	590
744	592
888	592
901	592
1086	592
1109	592
1182	592
1249	592
1309	592
1439	592
1495	592
812	593
874	593
929	593
972	593
1026	593
1206	593
1336	593
659	594
1208	594
1284	594
1290	594
1514	594
765	596
889	599
1313	599
820	603
1000	603
1391	603
841	605
858	605
945	613
861	614
875	614
895	614
1022	614
1108	614
679	619
1323	621
826	622
887	622
1194	622
1411	622
653	624
921	624
1123	624
1209	624
1451	624
1057	625
1259	625
739	627
1431	627
657	634
761	634
1514	634
780	635
785	635
819	635
864	635
908	635
925	635
974	635
989	635
1026	635
1048	635
1054	635
1096	635
1109	635
1309	635
1410	635
1432	635
1441	635
1450	635
817	637
1101	637
1105	637
1232	637
1244	637
1341	637
1414	637
865	638
785	639
819	639
864	639
989	639
1054	639
1309	639
1075	641
1241	641
785	645
819	645
908	645
1092	645
1309	645
654	646
864	646
908	646
996	646
1109	646
1134	646
1309	646
1411	646
1432	646
1450	646
1514	646
1318	647
692	650
708	650
1445	652
1089	653
1209	653
1263	653
1335	653
1476	653
663	654
826	654
893	654
908	654
1027	654
1078	654
1134	654
1159	654
1194	654
1272	654
1342	654
1358	654
1411	654
1205	656
1224	656
962	657
1200	657
1208	659
1284	659
1290	659
826	663
908	663
1027	663
1078	663
1134	663
1159	663
1272	663
1342	663
1358	663
1411	663
1432	663
1233	664
1184	665
1350	665
808	668
981	668
1421	671
1211	673
1304	674
1347	675
1512	675
681	678
702	681
863	681
879	681
906	681
931	681
938	681
970	681
1014	681
1043	681
1044	681
1092	681
1133	681
1333	681
1366	681
1438	681
1483	681
831	682
1351	682
1181	685
841	686
901	690
1086	690
1439	690
1495	690
708	692
1017	695
1045	695
1096	695
938	702
970	702
978	702
1043	702
1044	702
1092	702
1073	706
945	708
1226	709
1130	710
1251	710
1320	712
1094	713
868	715
1319	715
884	717
768	723
1360	723
835	731
1444	733
1351	734
1431	739
1506	743
1134	744
1115	745
1287	758
819	761
1090	761
979	765
1360	768
1426	769
1179	775
1215	775
1373	775
1489	775
1512	775
785	780
819	780
864	780
908	780
925	780
940	780
974	780
989	780
1026	780
1048	780
1054	780
1096	780
1109	780
1170	780
1230	780
1231	780
1309	780
1341	780
1349	780
1410	780
1432	780
1441	780
1450	780
807	783
786	785
819	785
864	785
908	785
925	785
940	785
989	785
1026	785
1048	785
1054	785
1090	785
1092	785
1109	785
1170	785
1309	785
1341	785
1406	785
1432	785
819	786
864	786
1048	786
1096	786
1309	786
1087	788
1371	796
829	797
1285	797
828	803
997	803
811	808
981	808
874	812
929	812
972	812
1206	812
1101	817
1105	817
1232	817
1244	817
1414	817
864	819
908	819
925	819
974	819
989	819
1026	819
1048	819
1054	819
1086	819
1090	819
1096	819
1109	819
1170	819
1182	819
1230	819
1231	819
1309	819
1341	819
1410	819
1441	819
1514	819
1000	820
1391	820
1465	820
1414	824
893	826
908	826
1007	826
1078	826
1134	826
1159	826
1194	826
1272	826
1342	826
1358	826
1411	826
1432	826
1450	826
997	828
1134	829
1159	829
1285	829
1351	831
847	834
1071	834
885	837
894	837
858	841
1273	841
1319	841
945	847
1327	847
1199	854
880	855
1179	855
1189	855
1343	855
1347	855
1489	855
1512	855
1515	855
875	861
895	861
1022	861
1072	861
1108	861
906	863
931	863
938	863
970	863
1014	863
1043	863
1044	863
1092	863
1133	863
1333	863
1366	863
1438	863
1483	863
908	864
925	864
974	864
989	864
1007	864
1026	864
1048	864
1054	864
1096	864
1109	864
1170	864
1182	864
1230	864
1231	864
1309	864
1423	864
1432	864
1441	864
1450	864
1319	868
929	874
972	874
1206	874
895	875
1022	875
1072	875
1108	875
1014	879
1179	880
1189	880
1343	880
1347	880
1489	880
1512	880
1515	880
1095	887
1254	887
901	888
1086	888
1182	888
1309	888
1495	888
1313	889
908	893
1134	893
1159	893
1272	893
1309	893
1342	893
1362	893
1411	893
1432	893
1022	895
1072	895
1108	895
1214	897
1221	898
1499	898
1086	901
1182	901
1439	901
1495	901
931	906
938	906
1014	906
1044	906
1133	906
1438	906
1483	906
925	908
1017	908
1026	908
1048	908
1054	908
1096	908
1109	908
1134	908
1159	908
1178	908
1182	908
1230	908
1272	908
1279	908
1309	908
1342	908
1358	908
1410	908
1411	908
1432	908
1441	908
1450	908
1075	915
1203	920
1418	920
1445	920
1123	921
1451	921
940	925
945	925
974	925
989	925
1026	925
1048	925
1054	925
1096	925
1109	925
1170	925
1178	925
1182	925
1230	925
1309	925
1349	925
1410	925
1432	925
1441	925
1450	925
972	929
1206	929
938	931
1014	931
1044	931
1092	931
1133	931
1438	931
1483	931
970	938
978	938
1043	938
1044	938
1092	938
1133	938
1333	938
1366	938
1438	938
1122	939
1026	940
1048	940
1054	940
1178	940
1309	940
1432	940
1450	940
1071	945
1327	945
1408	954
1510	954
1498	960
994	961
1273	962
1319	962
1170	966
1307	967
978	970
1043	970
1044	970
1092	970
1133	970
1333	970
1366	970
1438	970
1026	972
1206	972
989	973
1026	974
1048	974
1054	974
1109	974
1170	974
1231	974
1355	975
1446	975
1353	976
1043	978
1092	978
1411	984
1450	984
1026	989
1048	989
1054	989
1109	989
1182	989
1230	989
1410	989
1441	989
1450	989
1037	996
1090	996
1109	996
1199	996
1302	996
1309	996
1450	996
1391	1000
1006	1002
1236	1003
1445	1006
1304	1008
1304	1012
1044	1014
1092	1014
1438	1014
1483	1014
1045	1017
1054	1017
1134	1017
1432	1017
1072	1022
1108	1022
1225	1022
1357	1025
1048	1026
1054	1026
1096	1026
1109	1026
1134	1026
1170	1026
1182	1026
1230	1026
1309	1026
1410	1026
1432	1026
1441	1026
1450	1026
1078	1027
1134	1027
1159	1027
1272	1027
1342	1027
1411	1027
1432	1027
1501	1027
1060	1033
1070	1033
1123	1033
1309	1037
1044	1043
1092	1043
1133	1043
1438	1043
1092	1044
1133	1044
1333	1044
1366	1044
1438	1044
1483	1044
1432	1045
1054	1048
1096	1048
1109	1048
1134	1048
1170	1048
1182	1048
1230	1048
1279	1048
1309	1048
1341	1048
1410	1048
1432	1048
1441	1048
1450	1048
1096	1054
1109	1054
1134	1054
1159	1054
1170	1054
1178	1054
1230	1054
1279	1054
1309	1054
1341	1054
1349	1054
1410	1054
1411	1054
1423	1054
1432	1054
1441	1054
1450	1054
1259	1057
1190	1058
1070	1060
1123	1060
1436	1063
1132	1064
1418	1066
1071	1068
1123	1070
1327	1071
1108	1072
1225	1072
1241	1075
1418	1075
1134	1078
1159	1078
1272	1078
1342	1078
1358	1078
1411	1078
1228	1082
1276	1082
1164	1086
1182	1086
1309	1086
1439	1086
1495	1086
1209	1089
1263	1089
1335	1089
1476	1089
1309	1090
1514	1090
1438	1092
1109	1096
1230	1096
1309	1096
1341	1096
1410	1096
1423	1096
1432	1096
1450	1096
1213	1098
1341	1098
1377	1098
1406	1098
1105	1101
1232	1101
1414	1101
1167	1102
1304	1103
1232	1105
1244	1105
1414	1105
1170	1109
1182	1109
1230	1109
1231	1109
1309	1109
1432	1109
1441	1109
1451	1123
1251	1130
1333	1133
1438	1133
1483	1133
1159	1134
1182	1134
1233	1134
1272	1134
1279	1134
1309	1134
1342	1134
1358	1134
1362	1134
1411	1134
1432	1134
1441	1134
1392	1139
1320	1153
1408	1155
1510	1155
1272	1159
1342	1159
1358	1159
1362	1159
1411	1159
1432	1159
1441	1159
1495	1164
1230	1170
1309	1170
1410	1170
1502	1175
1189	1179
1215	1179
1343	1179
1347	1179
1373	1179
1489	1179
1512	1179
1515	1179
1309	1182
1367	1182
1406	1182
1410	1182
1432	1182
1439	1182
1495	1182
1350	1184
1343	1189
1347	1189
1489	1189
1512	1189
1515	1189
1411	1194
1302	1199
1434	1199
1445	1203
1224	1205
1336	1206
1242	1208
1284	1208
1290	1208
1263	1209
1335	1209
1476	1209
1377	1213
1347	1215
1373	1215
1489	1215
1512	1215
1499	1221
1276	1228
1324	1228
1346	1228
1279	1230
1309	1230
1341	1230
1342	1230
1410	1230
1450	1230
1244	1232
1341	1232
1414	1232
1418	1241
1284	1242
1290	1242
1414	1244
1280	1245
1395	1250
1439	1253
1335	1263
1476	1263
1491	1271
1342	1272
1358	1272
1411	1272
1432	1272
1319	1273
1324	1276
1346	1276
1342	1279
1423	1279
1432	1279
1290	1284
1367	1309
1406	1309
1410	1309
1432	1309
1439	1309
1441	1309
1450	1309
1495	1309
1327	1319
1445	1320
1347	1327
1418	1327
1512	1327
1438	1333
1476	1335
1377	1341
1406	1341
1410	1341
1414	1341
1450	1341
1358	1342
1411	1342
1347	1343
1489	1343
1512	1343
1515	1343
1373	1347
1418	1347
1489	1347
1512	1347
1515	1347
1446	1355
1497	1357
1411	1358
1432	1358
1438	1366
1489	1373
1512	1373
1510	1408
1432	1410
1432	1411
1450	1411
1445	1418
1512	1418
1450	1423
1441	1432
1483	1438
1490	1439
1495	1439
1512	1489
1515	1489
1515	1512
