0	85
0	561
0	1385
4	296
4	337
4	926
4	1445
12	123
12	560
12	656
12	1205
12	1224
14	733
14	1444
15	180
15	202
15	266
15	361
15	365
15	382
15	785
15	819
15	822
15	908
15	948
15	1305
15	1377
17	327
17	593
17	812
17	874
17	929
17	972
17	1206
17	1336
18	685
18	1181
19	1328
23	104
23	372
23	671
26	695
26	819
26	1017
26	1309
30	46
30	63
30	105
30	119
30	144
30	161
30	180
30	223
30	238
30	326
30	334
30	369
30	576
30	587
30	592
30	677
30	690
30	789
30	888
30	934
30	996
30	1009
30	1086
30	1093
30	1120
30	1182
30	1253
30	1309
30	1325
30	1398
30	1416
30	1493
32	112
34	545
34	1376
35	168
35	442
35	452
35	568
35	681
35	863
35	970
35	1366
35	1507
36	52
36	63
36	155
36	199
36	202
36	203
36	419
36	479
36	488
36	492
36	780
36	819
36	864
36	908
36	940
36	1024
36	1026
36	1054
36	1161
36	1170
36	1230
36	1261
36	1281
36	1305
36	1309
39	84
39	271
39	310
39	333
39	614
39	753
39	861
39	895
39	1072
39	1108
39	1225
39	1326
41	1516
42	263
44	260
46	63
46	105
46	119
46	134
46	140
46	144
46	155
46	180
46	202
46	203
46	223
46	334
46	361
46	369
46	419
46	515
46	563
46	576
46	592
46	639
46	780
46	785
46	789
46	819
46	822
46	864
46	908
46	934
46	989
46	1024
46	1026
46	1054
46	1086
46	1093
46	1120
46	1134
46	1170
46	1182
46	1281
46	1305
46	1309
46	1377
46	1416
46	1419
48	1100
51	96
51	290
51	339
51	817
51	1101
51	1185
51	1232
51	1414
52	199
52	202
52	203
52	419
52	479
52	488
52	492
52	583
52	780
52	813
52	819
52	864
52	1024
52	1026
52	1054
52	1161
52	1170
52	1230
52	1261
52	1281
52	1305
52	1309
56	1267
60	392
60	428
60	516
60	809
63	105
63	119
63	134
63	144
63	155
63	180
63	203
63	223
63	326
63	346
63	361
63	419
63	492
63	576
63	780
63	785
63	819
63	822
63	864
63	908
63	989
63	996
63	1024
63	1026
63	1054
63	1120
63	1134
63	1161
63	1170
63	1182
63	1281
63	1305
63	1309
63	1341
63	1406
63	1419
67	1128
73	1324
73	1346
75	710
75	1251
76	994
78	884
79	202
81	548
81	1088
81	1502
84	271
84	310
84	333
84	357
84	614
84	753
84	861
84	895
84	1072
84	1108
84	1326
85	561
85	1385
86	260
86	294
88	558
91	1111
92	1234
94	180
94	382
94	654
94	822
94	908
94	1054
94	1078
94	1120
94	1134
94	1144
94	1159
94	1305
94	1358
94	1398
94	1419
96	290
96	339
96	817
96	824
96	1101
96	1166
96	1185
96	1232
96	1341
96	1414
102	562
105	119
105	134
105	140
105	155
105	180
105	203
105	223
105	361
105	369
105	419
105	492
105	576
105	611
105	639
105	785
105	789
105	819
105	822
105	864
105	908
105	989
105	996
105	1024
105	1054
105	1161
105	1170
105	1182
105	1199
105	1230
105	1261
105	1281
105	1305
105	1309
105	1325
105	1341
105	1406
105	1419
111	350
111	603
111	820
111	1391
112	821
114	979
118	296
118	328
118	474
118	523
118	873
118	876
118	915
118	1365
119	180
119	223
119	369
119	592
119	677
119	789
119	822
119	854
119	1086
119	1093
119	1182
119	1199
119	1309
119	1434
121	170
121	368
121	410
121	491
121	519
121	653
121	1089
121	1209
121	1263
121	1335
121	1476
121	1500
122	374
122	889
122	1056
122	1116
123	560
123	656
123	1205
126	269
131	261
131	468
131	641
131	1075
131	1241
131	1390
133	278
133	291
133	353
133	368
133	624
133	666
133	1123
133	1451
134	140
134	180
134	204
134	349
134	515
134	597
134	822
134	908
134	1017
134	1218
134	1341
134	1406
135	688
136	416
140	180
140	203
140	515
140	597
140	785
140	822
140	1121
140	1134
140	1309
140	1419
141	693
143	403
143	862
143	1134
143	1144
143	1159
143	1411
144	180
144	223
144	238
144	326
144	592
144	677
144	789
144	822
144	1093
144	1120
144	1134
144	1182
145	240
145	808
145	811
145	981
149	222
149	364
149	485
149	650
153	1039
153	1234
155	180
155	199
155	202
155	203
155	223
155	361
155	419
155	492
155	639
155	780
155	785
155	819
155	864
155	908
155	940
155	989
155	1024
155	1026
155	1054
155	1161
155	1170
155	1182
155	1230
155	1281
155	1305
155	1309
155	1341
155	1349
155	1423
157	578
157	594
157	607
157	1208
157	1284
157	1290
161	180
161	223
161	334
161	369
161	576
161	587
161	677
161	690
161	789
161	822
161	888
161	934
161	1009
161	1086
161	1093
161	1164
161	1182
161	1325
161	1416
161	1493
162	1445
163	681
163	931
163	1114
163	1483
168	442
168	452
168	681
168	863
168	970
168	1366
168	1507
170	410
170	491
170	519
170	653
170	1089
170	1209
170	1263
170	1335
170	1476
170	1500
174	642
176	457
176	759
180	202
180	203
180	223
180	326
180	334
180	369
180	382
180	492
180	515
180	576
180	587
180	592
180	677
180	744
180	785
180	789
180	822
180	888
180	908
180	934
180	1009
180	1086
180	1093
180	1120
180	1134
180	1159
180	1161
180	1182
180	1272
180	1305
180	1309
180	1342
180	1367
180	1416
180	1419
180	1493
181	1031
186	760
188	936
190	481
190	765
190	883
191	597
191	1063
191	1222
191	1448
194	946
196	745
199	202
199	203
199	269
199	361
199	403
199	419
199	479
199	488
199	492
199	780
199	785
199	819
199	864
199	908
199	989
199	996
199	1026
199	1054
199	1144
199	1161
199	1170
199	1230
199	1261
199	1281
199	1305
199	1309
199	1349
199	1419
199	1474
202	203
202	361
202	399
202	419
202	479
202	488
202	492
202	646
202	695
202	780
202	785
202	819
202	822
202	862
202	864
202	908
202	989
202	1024
202	1026
202	1054
202	1134
202	1161
202	1170
202	1230
202	1272
202	1279
202	1281
202	1305
202	1309
202	1349
202	1358
202	1411
203	361
203	393
203	419
203	479
203	492
203	515
203	559
203	583
203	639
203	780
203	785
203	819
203	822
203	864
203	908
203	989
203	1024
203	1026
203	1054
203	1121
203	1161
203	1170
203	1230
203	1261
203	1281
203	1305
203	1309
203	1341
203	1406
203	1419
204	349
205	309
205	556
205	681
205	863
205	970
205	978
205	1043
210	799
211	370
213	866
219	356
219	494
219	554
219	565
219	1252
219	1327
219	1344
219	1418
219	1512
222	239
222	292
222	364
222	473
222	485
222	643
222	650
222	708
222	1278
223	326
223	334
223	369
223	576
223	587
223	592
223	677
223	789
223	822
223	888
223	934
223	1086
223	1093
223	1120
223	1182
223	1253
223	1309
223	1367
223	1416
226	1234
228	1477
229	1016
229	1277
239	292
239	1278
240	808
240	981
244	1287
248	514
259	642
261	641
262	1061
262	1129
265	382
265	403
265	654
265	826
265	1078
265	1134
265	1144
265	1159
265	1272
265	1342
265	1358
266	948
266	1309
269	403
269	492
269	654
269	691
269	826
269	908
269	1144
269	1305
269	1411
271	310
271	333
271	357
271	614
271	753
271	861
271	895
271	1072
271	1108
271	1326
272	682
272	831
272	1351
273	523
273	754
273	1222
273	1365
273	1505
274	620
274	945
275	917
278	291
278	353
278	368
278	624
278	666
278	1060
278	1070
278	1123
278	1451
280	601
282	775
282	1179
282	1215
282	1344
282	1489
282	1512
290	339
290	817
290	1101
290	1166
290	1185
290	1232
290	1414
291	353
291	368
291	624
291	666
291	1123
291	1451
292	1278
295	472
295	723
295	1360
296	337
296	424
296	553
296	920
296	926
296	1002
296	1042
296	1365
296	1418
296	1445
298	499
298	581
298	885
298	894
309	556
309	970
309	978
309	1043
310	333
310	357
310	614
310	753
310	861
310	895
310	1072
310	1108
310	1225
310	1326
311	432
311	484
311	524
311	709
311	1226
317	1345
321	1258
324	1508
326	435
326	592
326	677
326	744
326	789
326	822
326	888
326	1182
326	1309
326	1416
327	593
327	812
327	874
327	929
327	972
327	1206
328	873
328	876
328	915
328	1069
328	1075
333	357
333	614
333	753
333	861
333	895
333	1072
333	1108
333	1225
333	1326
334	369
334	400
334	576
334	587
334	677
334	690
334	789
334	888
334	934
334	1009
334	1086
334	1093
334	1164
334	1182
334	1325
334	1416
334	1493
337	553
337	926
337	1002
337	1445
339	817
339	1101
339	1185
339	1232
339	1414
341	553
341	666
341	1350
345	452
345	863
345	931
345	1483
346	592
346	744
349	962
350	603
350	820
350	1391
353	368
353	624
353	666
353	1123
353	1451
356	554
356	565
356	1252
356	1327
356	1344
356	1418
356	1512
357	861
357	1072
361	492
361	646
361	780
361	785
361	819
361	864
361	908
361	940
361	989
361	1024
361	1026
361	1054
361	1161
361	1281
361	1305
361	1309
361	1419
364	473
364	485
364	643
364	650
364	708
365	948
365	1341
365	1377
368	624
368	653
368	666
368	1123
368	1209
368	1451
368	1476
369	529
369	576
369	587
369	592
369	677
369	690
369	789
369	822
369	888
369	934
369	1009
369	1086
369	1093
369	1164
369	1182
369	1309
369	1325
369	1416
369	1493
370	1459
370	1471
372	671
374	889
374	1056
374	1116
382	403
382	492
382	654
382	822
382	826
382	829
382	908
382	1027
382	1054
382	1078
382	1120
382	1134
382	1144
382	1159
382	1272
382	1281
382	1305
382	1342
382	1358
382	1398
382	1411
382	1419
383	525
383	1023
383	1307
384	945
386	716
386	1510
388	1058
388	1190
389	1497
392	428
392	613
392	809
392	1071
395	783
395	990
398	1468
399	492
399	646
399	822
399	1305
400	587
400	690
400	1086
400	1416
402	1204
403	492
403	646
403	654
403	691
403	826
403	862
403	908
403	1007
403	1027
403	1078
403	1134
403	1144
403	1159
403	1272
403	1281
403	1305
403	1342
403	1358
403	1398
403	1411
403	1419
404	794
408	1269
410	491
410	519
410	653
410	1089
410	1209
410	1263
410	1335
410	1476
410	1500
414	439
419	479
419	488
419	492
419	583
419	780
419	785
419	819
419	822
419	864
419	908
419	940
419	989
419	1024
419	1026
419	1054
419	1161
419	1170
419	1230
419	1261
419	1281
419	1305
419	1309
419	1349
424	920
424	1418
424	1445
425	483
425	591
425	625
425	1057
425	1378
428	535
428	819
428	1024
431	640
432	524
432	1226
433	674
433	1321
435	592
439	965
442	681
442	863
442	1507
445	902
452	515
452	556
452	568
452	681
452	863
452	931
452	970
452	1043
452	1114
452	1333
452	1366
452	1438
452	1483
452	1507
457	759
467	535
468	641
468	1075
468	1241
468	1390
472	535
472	945
473	485
473	643
473	650
473	708
474	523
479	488
479	532
479	583
479	780
479	836
479	1026
479	1170
479	1261
479	1281
483	591
483	625
483	1057
483	1378
484	524
484	709
484	1226
485	643
485	650
485	708
486	585
486	1052
486	1154
486	1486
488	780
488	1026
488	1054
488	1170
488	1230
488	1261
488	1281
489	539
489	549
489	576
489	1012
489	1051
489	1103
489	1298
489	1304
489	1316
491	519
491	653
491	1089
491	1209
491	1263
491	1335
491	1476
491	1500
492	559
492	646
492	654
492	780
492	785
492	819
492	864
492	908
492	940
492	996
492	1024
492	1026
492	1054
492	1144
492	1161
492	1182
492	1272
492	1281
492	1305
492	1309
492	1341
492	1411
494	554
494	1252
494	1327
499	581
499	885
499	894
504	798
504	954
514	540
515	595
515	681
515	785
515	822
515	863
515	931
515	1093
515	1182
515	1207
515	1305
515	1309
515	1367
515	1419
515	1483
519	653
519	1209
519	1263
519	1335
519	1476
519	1500
523	754
523	873
523	1365
524	709
524	1226
525	1023
525	1307
529	592
529	677
529	934
535	712
535	945
535	1320
537	1031
537	1293
538	600
539	549
539	1012
539	1051
539	1298
539	1304
539	1316
541	1005
541	1514
545	1376
546	682
546	831
547	1254
548	1088
549	1012
549	1051
549	1298
549	1304
549	1316
551	908
551	1300
553	926
553	1002
553	1350
553	1445
554	565
554	1252
554	1327
554	1344
554	1418
554	1512
555	985
556	681
556	863
556	970
556	978
556	1043
556	1472
556	1507
558	1357
558	1371
558	1463
559	780
559	819
559	864
559	1281
560	656
560	1205
561	1385
563	1134
563	1199
563	1305
565	1252
565	1327
565	1512
568	681
568	863
568	1366
568	1507
572	881
572	975
572	1355
576	587
576	677
576	789
576	822
576	934
576	959
576	1009
576	1086
576	1093
576	1120
576	1134
576	1182
576	1298
576	1304
576	1305
576	1309
576	1416
578	594
578	607
578	1208
578	1284
578	1290
583	780
583	1024
583	1054
583	1261
583	1281
585	1052
585	1154
585	1486
587	677
587	690
587	789
587	934
587	1086
587	1093
587	1182
587	1416
588	1074
590	793
590	1227
591	625
591	1057
591	1378
592	677
592	744
592	888
592	934
592	1009
592	1086
592	1182
592	1309
592	1416
593	812
593	874
593	929
593	972
593	1026
593	1206
593	1336
594	607
594	1208
594	1284
594	1290
594	1514
597	785
597	1341
603	820
603	1391
605	841
605	858
607	1208
607	1284
607	1290
611	919
613	809
613	945
614	753
614	861
614	895
614	1108
620	945
623	728
624	653
624	666
624	1123
624	1209
624	1451
625	1057
625	1378
627	739
627	1431
628	886
634	657
634	761
634	1514
639	785
639	819
639	864
639	989
639	1054
639	1121
639	1261
639	1309
641	1075
641	1241
641	1390
643	650
643	708
646	654
646	822
646	864
646	908
646	996
646	1134
646	1161
646	1281
646	1305
646	1309
646	1411
646	1514
647	1318
650	708
653	1089
653	1209
653	1263
653	1335
653	1476
653	1500
654	691
654	826
654	862
654	908
654	1027
654	1078
654	1120
654	1134
654	1144
654	1159
654	1272
654	1281
654	1305
654	1342
654	1358
654	1398
654	1411
654	1419
656	1205
656	1224
657	962
657	1200
661	691
661	826
661	1411
666	1123
666	1350
666	1451
667	1375
673	1211
674	1304
675	1344
675	1512
677	690
677	789
677	822
677	888
677	934
677	1009
677	1086
677	1093
677	1164
677	1182
677	1309
677	1325
677	1416
677	1493
678	681
680	1234
681	863
681	931
681	970
681	1043
681	1114
681	1333
681	1366
681	1438
681	1483
681	1507
682	831
682	1351
685	955
685	1181
690	789
690	934
690	1086
690	1416
690	1493
691	826
691	1078
691	1134
691	1144
691	1159
691	1272
691	1281
691	1305
691	1342
691	1358
691	1411
695	1017
698	800
701	1395
708	945
709	1226
710	1251
712	1320
714	782
716	1510
723	1360
727	1148
731	835
733	1444
738	855
738	880
738	1179
738	1189
738	1314
738	1489
738	1512
739	1431
743	1506
744	1134
745	1115
750	792
753	861
753	895
753	1072
753	1108
753	1326
754	1365
761	819
765	979
766	986
766	1363
769	1426
771	1160
775	1179
775	1215
775	1344
775	1489
775	1512
780	785
780	819
780	864
780	908
780	940
780	989
780	1024
780	1026
780	1054
780	1161
780	1170
780	1230
780	1261
780	1281
780	1305
780	1309
780	1341
780	1349
784	886
785	789
785	819
785	822
785	864
785	908
785	940
785	989
785	1024
785	1026
785	1054
785	1121
785	1161
785	1170
785	1281
785	1305
785	1309
785	1341
785	1406
785	1419
785	1424
789	819
789	822
789	888
789	934
789	1009
789	1086
789	1093
789	1164
789	1182
789	1253
789	1308
789	1309
789	1325
789	1367
789	1416
789	1493
797	829
797	1285
798	954
801	931
801	1114
801	1483
803	828
808	811
808	981
809	866
809	990
812	874
812	929
812	972
812	1206
817	1101
817	1166
817	1185
817	1232
817	1414
819	822
819	864
819	908
819	989
819	1024
819	1026
819	1054
819	1086
819	1121
819	1161
819	1170
819	1182
819	1230
819	1261
819	1281
819	1305
819	1309
819	1341
819	1419
819	1514
820	1391
822	908
822	940
822	996
822	1024
822	1054
822	1086
822	1093
822	1120
822	1134
822	1161
822	1182
822	1279
822	1281
822	1305
822	1309
822	1341
822	1406
822	1419
824	1414
826	908
826	1007
826	1078
826	1134
826	1144
826	1159
826	1272
826	1305
826	1342
826	1358
826	1411
826	1419
829	1134
829	1159
829	1285
829	1398
831	1351
839	1339
841	858
841	918
841	1273
854	1199
855	880
855	1179
855	1189
855	1314
855	1489
855	1512
861	895
861	1072
861	1108
862	908
862	949
862	1078
862	1134
862	1144
862	1159
862	1272
862	1281
862	1305
862	1342
862	1358
862	1411
862	1419
863	931
863	970
863	1043
863	1114
863	1333
863	1366
863	1438
863	1483
863	1507
864	908
864	989
864	1007
864	1024
864	1026
864	1054
864	1161
864	1170
864	1182
864	1230
864	1261
864	1281
864	1305
864	1309
864	1423
866	918
873	915
873	1075
873	1365
874	929
874	972
874	1206
876	915
876	1069
876	1075
880	1179
880	1189
880	1314
880	1344
880	1489
880	1512
881	975
881	1355
888	934
888	1009
888	1086
888	1093
888	1182
888	1309
888	1416
889	1056
889	1116
895	1072
895	1108
895	1326
898	1499
908	949
908	1017
908	1024
908	1026
908	1054
908	1134
908	1144
908	1159
908	1161
908	1178
908	1182
908	1230
908	1272
908	1279
908	1281
908	1305
908	1309
908	1342
908	1358
908	1398
908	1411
908	1419
915	1069
915	1075
918	962
918	1273
920	1418
920	1445
926	1042
926	1445
929	972
929	1206
931	1114
931	1438
931	1483
934	1009
934	1086
934	1093
934	1182
934	1325
934	1416
934	1493
935	1516
939	1122
940	1026
940	1054
940	1161
940	1178
940	1281
940	1305
940	1309
942	1453
945	1071
945	1327
948	1377
949	1272
949	1419
954	1510
955	1181
960	1498
961	994
962	1273
962	1419
970	978
970	1043
970	1333
970	1366
970	1438
970	1472
970	1507
972	1026
972	1206
973	989
975	1355
978	1043
986	1124
989	1024
989	1026
989	1054
989	1161
989	1182
989	1230
989	1260
989	1281
996	1199
996	1302
996	1309
1005	1514
1007	1024
1007	1281
1007	1305
1009	1086
1009	1182
1009	1416
1009	1493
1012	1298
1012	1304
1012	1316
1017	1054
1017	1134
1017	1419
1023	1307
1024	1026
1024	1054
1024	1161
1024	1170
1024	1230
1024	1261
1024	1281
1024	1305
1024	1309
1026	1054
1026	1134
1026	1161
1026	1170
1026	1182
1026	1230
1026	1261
1026	1281
1026	1305
1026	1309
1026	1419
1027	1078
1027	1134
1027	1159
1027	1272
1027	1281
1027	1305
1027	1342
1027	1411
1027	1419
1027	1424
1027	1501
1039	1234
1042	1445
1043	1438
1043	1507
1051	1298
1051	1304
1051	1316
1052	1154
1052	1486
1054	1134
1054	1144
1054	1159
1054	1161
1054	1170
1054	1178
1054	1230
1054	1261
1054	1279
1054	1281
1054	1305
1054	1309
1054	1341
1054	1349
1054	1411
1054	1423
1056	1116
1057	1378
1058	1190
1059	1393
1060	1070
1060	1123
1061	1129
1063	1448
1068	1071
1069	1075
1070	1123
1071	1327
1072	1108
1072	1225
1072	1326
1075	1241
1075	1390
1075	1418
1078	1120
1078	1134
1078	1144
1078	1159
1078	1272
1078	1281
1078	1305
1078	1342
1078	1358
1078	1398
1078	1411
1083	1273
1086	1093
1086	1164
1086	1182
1086	1309
1086	1325
1086	1416
1086	1493
1089	1209
1089	1263
1089	1335
1089	1476
1089	1500
1093	1120
1093	1164
1093	1182
1093	1253
1093	1309
1093	1416
1093	1493
1101	1185
1101	1232
1101	1414
1103	1298
1103	1304
1107	1449
1114	1483
1120	1134
1120	1159
1120	1182
1120	1272
1120	1342
1120	1358
1120	1416
1123	1451
1134	1144
1134	1159
1134	1161
1134	1182
1134	1272
1134	1279
1134	1281
1134	1305
1134	1309
1134	1342
1134	1358
1134	1362
1134	1398
1134	1411
1134	1419
1139	1392
1144	1159
1144	1272
1144	1281
1144	1305
1144	1342
1144	1358
1144	1398
1144	1411
1144	1419
1148	1183
1154	1486
1159	1272
1159	1281
1159	1305
1159	1342
1159	1358
1159	1362
1159	1398
1159	1411
1159	1419
1161	1170
1161	1230
1161	1260
1161	1261
1161	1279
1161	1281
1161	1305
1161	1309
1161	1341
1161	1423
1164	1416
1164	1493
1170	1230
1170	1261
1170	1281
1170	1305
1170	1309
1170	1424
1170	1474
1178	1281
1178	1305
1179	1189
1179	1215
1179	1314
1179	1344
1179	1489
1179	1512
1180	1289
1182	1305
1182	1309
1182	1367
1182	1406
1182	1416
1182	1493
1185	1232
1185	1414
1189	1314
1189	1344
1189	1489
1189	1512
1199	1302
1199	1325
1199	1434
1205	1224
1206	1336
1208	1242
1208	1284
1208	1290
1209	1263
1209	1335
1209	1476
1209	1500
1215	1344
1215	1489
1215	1512
1222	1505
1230	1279
1230	1281
1230	1305
1230	1309
1230	1341
1230	1342
1230	1419
1232	1341
1232	1414
1241	1390
1241	1418
1242	1284
1242	1290
1245	1280
1250	1395
1252	1327
1252	1344
1252	1418
1252	1512
1260	1281
1261	1281
1261	1305
1261	1309
1263	1335
1263	1476
1263	1500
1271	1491
1272	1281
1272	1305
1272	1342
1272	1358
1272	1398
1272	1411
1272	1419
1279	1281
1279	1305
1279	1342
1279	1423
1281	1305
1281	1309
1281	1342
1281	1398
1281	1411
1281	1419
1281	1423
1281	1474
1284	1290
1298	1304
1304	1316
1305	1309
1305	1342
1305	1358
1305	1398
1305	1411
1305	1419
1305	1423
1305	1514
1308	1493
1309	1367
1309	1406
1309	1416
1309	1419
1314	1344
1314	1365
1314	1489
1314	1512
1320	1445
1325	1416
1327	1344
1327	1418
1327	1512
1333	1438
1333	1507
1335	1476
1335	1500
1341	1377
1341	1406
1341	1414
1342	1358
1342	1398
1342	1411
1342	1419
1344	1489
1344	1512
1357	1497
1358	1398
1358	1411
1358	1419
1362	1419
1366	1438
1366	1507
1367	1416
1367	1493
1371	1463
1395	1440
1398	1411
1411	1419
1416	1493
1418	1445
1418	1512
1438	1483
1438	1507
1476	1500
1489	1512
85	0
561	0
1385	0
296	4
337	4
926	4
1445	4
123	12
560	12
656	12
1205	12
1224	12
733	14
1444	14
180	15
202	15
266	15
361	15
365	15
382	15
785	15
819	15
822	15
908	15
948	15
1305	15
1377	15
327	17
593	17
812	17
874	17
929	17
972	17
1206	17
1336	17
685	18
1181	18
1328	19
104	23
372	23
671	23
695	26
819	26
1017	26
1309	26
46	30
63	30
105	30
119	30
144	30
161	30
180	30
223	30
238	30
326	30
334	30
369	30
576	30
587	30
592	30
677	30
690	30
789	30
888	30
934	30
996	30
1009	30
1086	30
1093	30
1120	30
1182	30
1253	30
1309	30
1325	30
1398	30
1416	30
1493	30
112	32
545	34
1376	34
168	35
442	35
452	35
568	35
681	35
863	35
970	35
1366	35
1507	35
52	36
63	36
155	36
199	36
202	36
203	36
419	36
479	36
488	36
492	36
780	36
819	36
864	36
908	36
940	36
1024	36
1026	36
1054	36
1161	36
1170	36
1230	36
1261	36
1281	36
1305	36
1309	36
84	39
271	39
310	39
333	39
614	39
753	39
861	39
895	39
1072	39
1108	39
1225	39
1326	39
1516	41
263	42
260	44
63	46
105	46
119	46
134	46
140	46
144	46
155	46
180	46
202	46
203	46
223	46
334	46
361	46
369	46
419	46
515	46
563	46
576	46
592	46
639	46
780	46
785	46
789	46
819	46
822	46
864	46
908	46
934	46
989	46
1024	46
1026	46
1054	46
1086	46
1093	46
1120	46
1134	46
1170	46
1182	46
1281	46
1305	46
1309	46
1377	46
1416	46
1419	46
1100	48
96	51
290	51
339	51
817	51
1101	51
1185	51
1232	51
1414	51
199	52
202	52
203	52
419	52
479	52
488	52
492	52
583	52
780	52
813	52
819	52
864	52
1024	52
1026	52
1054	52
1161	52
1170	52
1230	52
1261	52
1281	52
1305	52
1309	52
1267	56
392	60
428	60
516	60
809	60
105	63
119	63
134	63
144	63
155	63
180	63
203	63
223	63
326	63
346	63
361	63
419	63
492	63
576	63
780	63
785	63
819	63
822	63
864	63
908	63
989	63
996	63
1024	63
1026	63
1054	63
1120	63
1134	63
1161	63
1170	63
1182	63
1281	63
1305	63
1309	63
1341	63
1406	63
1419	63
1128	67
1324	73
1346	73
710	75
1251	75
994	76
884	78
202	79
548	81
1088	81
1502	81
271	84
310	84
333	84
357	84
614	84
753	84
861	84
895	84
1072	84
1108	84
1326	84
561	85
1385	85
260	86
294	86
558	88
1111	91
1234	92
180	94
382	94
654	94
822	94
908	94
1054	94
1078	94
1120	94
1134	94
1144	94
1159	94
1305	94
1358	94
1398	94
1419	94
290	96
339	96
817	96
824	96
1101	96
1166	96
1185	96
1232	96
1341	96
1414	96
562	102
119	105
134	105
140	105
155	105
180	105
203	105
223	105
361	105
369	105
419	105
492	105
576	105
611	105
639	105
785	105
789	105
819	105
822	105
864	105
908	105
989	105
996	105
1024	105
1054	105
1161	105
1170	105
1182	105
1199	105
1230	105
1261	105
1281	105
1305	105
1309	105
1325	105
1341	105
1406	105
1419	105
350	111
603	111
820	111
1391	111
821	112
979	114
296	118
328	118
474	118
523	118
873	118
876	118
915	118
1365	118
180	119
223	119
369	119
592	119
677	119
789	119
822	119
854	119
1086	119
1093	119
1182	119
1199	119
1309	119
1434	119
170	121
368	121
410	121
491	121
519	121
653	121
1089	121
1209	121
1263	121
1335	121
1476	121
1500	121
374	122
889	122
1056	122
1116	122
560	123
656	123
1205	123
269	126
261	131
468	131
641	131
1075	131
1241	131
1390	131
278	133
291	133
353	133
368	133
624	133
666	133
1123	133
1451	133
140	134
180	134
204	134
349	134
515	134
597	134
822	134
908	134
1017	134
1218	134
1341	134
1406	134
688	135
416	136
180	140
203	140
515	140
597	140
785	140
822	140
1121	140
1134	140
1309	140
1419	140
693	141
403	143
862	143
1134	143
1144	143
1159	143
1411	143
180	144
223	144
238	144
326	144
592	144
677	144
789	144
822	144
1093	144
1120	144
1134	144
1182	144
240	145
808	145
811	145
981	145
222	149
364	149
485	149
650	149
1039	153
1234	153
180	155
199	155
202	155
203	155
223	155
361	155
419	155
492	155
639	155
780	155
785	155
819	155
864	155
908	155
940	155
989	155
1024	155
1026	155
1054	155
1161	155
1170	155
1182	155
1230	155
1281	155
1305	155
1309	155
1341	155
1349	155
1423	155
578	157
594	157
607	157
1208	157
1284	157
1290	157
180	161
223	161
334	161
369	161
576	161
587	161
677	161
690	161
789	161
822	161
888	161
934	161
1009	161
1086	161
1093	161
1164	161
1182	161
1325	161
1416	161
1493	161
1445	162
681	163
931	163
1114	163
1483	163
442	168
452	168
681	168
863	168
970	168
1366	168
1507	168
410	170
491	170
519	170
653	170
1089	170
1209	170
1263	170
1335	170
1476	170
1500	170
642	174
457	176
759	176
202	180
203	180
223	180
326	180
334	180
369	180
382	180
492	180
515	180
576	180
587	180
592	180
677	180
744	180
785	180
789	180
822	180
888	180
908	180
934	180
1009	180
1086	180
1093	180
1120	180
1134	180
1159	180
1161	180
1182	180
1272	180
1305	180
1309	180
1342	180
1367	180
1416	180
1419	180
1493	180
1031	181
760	186
936	188
481	190
765	190
883	190
597	191
1063	191
1222	191
1448	191
946	194
745	196
202	199
203	199
269	199
361	199
403	199
419	199
479	199
488	199
492	199
780	199
785	199
819	199
864	199
908	199
989	199
996	199
1026	199
1054	199
1144	199
1161	199
1170	199
1230	199
1261	199
1281	199
1305	199
1309	199
1349	199
1419	199
1474	199
203	202
361	202
399	202
419	202
479	202
488	202
492	202
646	202
695	202
780	202
785	202
819	202
822	202
862	202
864	202
908	202
989	202
1024	202
1026	202
1054	202
1134	202
1161	202
1170	202
1230	202
1272	202
1279	202
1281	202
1305	202
1309	202
1349	202
1358	202
1411	202
361	203
393	203
419	203
479	203
492	203
515	203
559	203
583	203
639	203
780	203
785	203
819	203
822	203
864	203
908	203
989	203
1024	203
1026	203
1054	203
1121	203
1161	203
1170	203
1230	203
1261	203
1281	203
1305	203
1309	203
1341	203
1406	203
1419	203
349	204
309	205
556	205
681	205
863	205
970	205
978	205
1043	205
799	210
370	211
866	213
356	219
494	219
554	219
565	219
1252	219
1327	219
1344	219
1418	219
1512	219
239	222
292	222
364	222
473	222
485	222
643	222
650	222
708	222
1278	222
326	223
334	223
369	223
576	223
587	223
592	223
677	223
789	223
822	223
888	223
934	223
1086	223
1093	223
1120	223
1182	223
1253	223
1309	223
1367	223
1416	223
1234	226
1477	228
1016	229
1277	229
292	239
1278	239
808	240
981	240
1287	244
514	248
642	259
641	261
1061	262
1129	262
382	265
403	265
654	265
826	265
1078	265
1134	265
1144	265
1159	265
1272	265
1342	265
1358	265
948	266
1309	266
403	269
492	269
654	269
691	269
826	269
908	269
1144	269
1305	269
1411	269
310	271
333	271
357	271
614	271
753	271
861	271
895	271
1072	271
1108	271
1326	271
682	272
831	272
1351	272
523	273
754	273
1222	273
1365	273
1505	273
620	274
945	274
917	275
291	278
353	278
368	278
624	278
666	278
1060	278
1070	278
1123	278
1451	278
601	280
775	282
1179	282
1215	282
1344	282
1489	282
1512	282
339	290
817	290
1101	290
1166	290
1185	290
1232	290
1414	290
353	291
368	291
624	291
666	291
1123	291
1451	291
1278	292
472	295
723	295
1360	295
337	296
424	296
553	296
920	296
926	296
1002	296
1042	296
1365	296
1418	296
1445	296
499	298
581	298
885	298
894	298
556	309
970	309
978	309
1043	309
333	310
357	310
614	310
753	310
861	310
895	310
1072	310
1108	310
1225	310
1326	310
432	311
484	311
524	311
709	311
1226	311
1345	317
1258	321
1508	324
435	326
592	326
677	326
744	326
789	326
822	326
888	326
1182	326
1309	326
1416	326
593	327
812	327
874	327
929	327
972	327
1206	327
873	328
876	328
915	328
1069	328
1075	328
357	333
614	333
753	333
861	333
895	333
1072	333
1108	333
1225	333
1326	333
369	334
400	334
576	334
587	334
677	334
690	334
789	334
888	334
934	334
1009	334
1086	334
1093	334
1164	334
1182	334
1325	334
1416	334
1493	334
553	337
926	337
1002	337
1445	337
817	339
1101	339
1185	339
1232	339
1414	339
553	341
666	341
1350	341
452	345
863	345
931	345
1483	345
592	346
744	346
962	349
603	350
820	350
1391	350
368	353
624	353
666	353
1123	353
1451	353
554	356
565	356
1252	356
1327	356
1344	356
1418	356
1512	356
861	357
1072	357
492	361
646	361
780	361
785	361
819	361
864	361
908	361
940	361
989	361
1024	361
1026	361
1054	361
1161	361
1281	361
1305	361
1309	361
1419	361
473	364
485	364
643	364
650	364
708	364
948	365
1341	365
1377	365
624	368
653	368
666	368
1123	368
1209	368
1451	368
1476	368
529	369
576	369
587	369
592	369
677	369
690	369
789	369
822	369
888	369
934	369
1009	369
1086	369
1093	369
1164	369
1182	369
1309	369
1325	369
1416	369
1493	369
1459	370
1471	370
671	372
889	374
1056	374
1116	374
403	382
492	382
654	382
822	382
826	382
829	382
908	382
1027	382
1054	382
1078	382
1120	382
1134	382
1144	382
1159	382
1272	382
1281	382
1305	382
1342	382
1358	382
1398	382
1411	382
1419	382
525	383
1023	383
1307	383
945	384
716	386
1510	386
1058	388
1190	388
1497	389
428	392
613	392
809	392
1071	392
783	395
990	395
1468	398
492	399
646	399
822	399
1305	399
587	400
690	400
1086	400
1416	400
1204	402
492	403
646	403
654	403
691	403
826	403
862	403
908	403
1007	403
1027	403
1078	403
1134	403
1144	403
1159	403
1272	403
1281	403
1305	403
1342	403
1358	403
1398	403
1411	403
1419	403
794	404
1269	408
491	410
519	410
653	410
1089	410
1209	410
1263	410
1335	410
1476	410
1500	410
439	414
479	419
488	419
492	419
583	419
780	419
785	419
819	419
822	419
864	419
908	419
940	419
989	419
1024	419
1026	419
1054	419
1161	419
1170	419
1230	419
1261	419
1281	419
1305	419
1309	419
1349	419
920	424
1418	424
1445	424
483	425
591	425
625	425
1057	425
1378	425
535	428
819	428
1024	428
640	431
524	432
1226	432
674	433
1321	433
592	435
965	439
681	442
863	442
1507	442
902	445
515	452
556	452
568	452
681	452
863	452
931	452
970	452
1043	452
1114	452
1333	452
1366	452
1438	452
1483	452
1507	452
759	457
535	467
641	468
1075	468
1241	468
1390	468
535	472
945	472
485	473
643	473
650	473
708	473
523	474
488	479
532	479
583	479
780	479
836	479
1026	479
1170	479
1261	479
1281	479
591	483
625	483
1057	483
1378	483
524	484
709	484
1226	484
643	485
650	485
708	485
585	486
1052	486
1154	486
1486	486
780	488
1026	488
1054	488
1170	488
1230	488
1261	488
1281	488
539	489
549	489
576	489
1012	489
1051	489
1103	489
1298	489
1304	489
1316	489
519	491
653	491
1089	491
1209	491
1263	491
1335	491
1476	491
1500	491
559	492
646	492
654	492
780	492
785	492
819	492
864	492
908	492
940	492
996	492
1024	492
1026	492
1054	492
1144	492
1161	492
1182	492
1272	492
1281	492
1305	492
1309	492
1341	492
1411	492
554	494
1252	494
1327	494
581	499
885	499
894	499
798	504
954	504
540	514
595	515
681	515
785	515
822	515
863	515
931	515
1093	515
1182	515
1207	515
1305	515
1309	515
1367	515
1419	515
1483	515
653	519
1209	519
1263	519
1335	519
1476	519
1500	519
754	523
873	523
1365	523
709	524
1226	524
1023	525
1307	525
592	529
677	529
934	529
712	535
945	535
1320	535
1031	537
1293	537
600	538
549	539
1012	539
1051	539
1298	539
1304	539
1316	539
1005	541
1514	541
1376	545
682	546
831	546
1254	547
1088	548
1012	549
1051	549
1298	549
1304	549
1316	549
908	551
1300	551
926	553
1002	553
1350	553
1445	553
565	554
1252	554
1327	554
1344	554
1418	554
1512	554
985	555
681	556
863	556
970	556
978	556
1043	556
1472	556
1507	556
1357	558
1371	558
1463	558
780	559
819	559
864	559
1281	559
656	560
1205	560
1385	561
1134	563
1199	563
1305	563
1252	565
1327	565
1512	565
681	568
863	568
1366	568
1507	568
881	572
975	572
1355	572
587	576
677	576
789	576
822	576
934	576
959	576
1009	576
1086	576
1093	576
1120	576
1134	576
1182	576
1298	576
1304	576
1305	576
1309	576
1416	576
594	578
607	578
1208	578
1284	578
1290	578
780	583
1024	583
1054	583
1261	583
1281	583
1052	585
1154	585
1486	585
677	587
690	587
789	587
934	587
1086	587
1093	587
1182	587
1416	587
1074	588
793	590
1227	590
625	591
1057	591
1378	591
677	592
744	592
888	592
934	592
1009	592
1086	592
1182	592
1309	592
1416	592
812	593
874	593
929	593
972	593
1026	593
1206	593
1336	593
607	594
1208	594
1284	594
1290	594
1514	594
785	597
1341	597
820	603
1391	603
841	605
858	605
1208	607
1284	607
1290	607
919	611
809	613
945	613
753	614
861	614
895	614
1108	614
945	620
728	623
653	624
666	624
1123	624
1209	624
1451	624
1057	625
1378	625
739	627
1431	627
886	628
657	634
761	634
1514	634
785	639
819	639
864	639
989	639
1054	639
1121	639
1261	639
1309	639
1075	641
1241	641
1390	641
650	643
708	643
654	646
822	646
864	646
908	646
996	646
1134	646
1161	646
1281	646
1305	646
1309	646
1411	646
1514	646
1318	647
708	650
1089	653
1209	653
1263	653
1335	653
1476	653
1500	653
691	654
826	654
862	654
908	654
1027	654
1078	654
1120	654
1134	654
1144	654
1159	654
1272	654
1281	654
1305	654
1342	654
1358	654
1398	654
1411	654
1419	654
1205	656
1224	656
962	657
1200	657
691	661
826	661
1411	661
1123	666
1350	666
1451	666
1375	667
1211	673
1304	674
1344	675
1512	675
690	677
789	677
822	677
888	677
934	677
1009	677
1086	677
1093	677
1164	677
1182	677
1309	677
1325	677
1416	677
1493	677
681	678
1234	680
863	681
931	681
970	681
1043	681
1114	681
1333	681
1366	681
1438	681
1483	681
1507	681
831	682
1351	682
955	685
1181	685
789	690
934	690
1086	690
1416	690
1493	690
826	691
1078	691
1134	691
1144	691
1159	691
1272	691
1281	691
1305	691
1342	691
1358	691
1411	691
1017	695
800	698
1395	701
945	708
1226	709
1251	710
1320	712
782	714
1510	716
1360	723
1148	727
835	731
1444	733
855	738
880	738
1179	738
1189	738
1314	738
1489	738
1512	738
1431	739
1506	743
1134	744
1115	745
792	750
861	753
895	753
1072	753
1108	753
1326	753
1365	754
819	761
979	765
986	766
1363	766
1426	769
1160	771
1179	775
1215	775
1344	775
1489	775
1512	775
785	780
819	780
864	780
908	780
940	780
989	780
1024	780
1026	780
1054	780
1161	780
1170	780
1230	780
1261	780
1281	780
1305	780
1309	780
1341	780
1349	780
886	784
789	785
819	785
822	785
864	785
908	785
940	785
989	785
1024	785
1026	785
1054	785
1121	785
1161	785
1170	785
1281	785
1305	785
1309	785
1341	785
1406	785
1419	785
1424	785
819	789
822	789
888	789
934	789
1009	789
1086	789
1093	789
1164	789
1182	789
1253	789
1308	789
1309	789
1325	789
1367	789
1416	789
1493	789
829	797
1285	797
954	798
931	801
1114	801
1483	801
828	803
811	808
981	808
866	809
990	809
874	812
929	812
972	812
1206	812
1101	817
1166	817
1185	817
1232	817
1414	817
822	819
864	819
908	819
989	819
1024	819
1026	819
1054	819
1086	819
1121	819
1161	819
1170	819
1182	819
1230	819
1261	819
1281	819
1305	819
1309	819
1341	819
1419	819
1514	819
1391	820
908	822
940	822
996	822
1024	822
1054	822
1086	822
1093	822
1120	822
1134	822
1161	822
1182	822
1279	822
1281	822
1305	822
1309	822
1341	822
1406	822
1419	822
1414	824
908	826
1007	826
1078	826
1134	826
1144	826
1159	826
1272	826
1305	826
1342	826
1358	826
1411	826
1419	826
1134	829
1159	829
1285	829
1398	829
1351	831
1339	839
858	841
918	841
1273	841
1199	854
880	855
1179	855
1189	855
1314	855
1489	855
1512	855
895	861
1072	861
1108	861
908	862
949	862
1078	862
1134	862
1144	862
1159	862
1272	862
1281	862
1305	862
1342	862
1358	862
1411	862
1419	862
931	863
970	863
1043	863
1114	863
1333	863
1366	863
1438	863
1483	863
1507	863
908	864
989	864
1007	864
1024	864
1026	864
1054	864
1161	864
1170	864
1182	864
1230	864
1261	864
1281	864
1305	864
1309	864
1423	864
918	866
915	873
1075	873
1365	873
929	874
972	874
1206	874
915	876
1069	876
1075	876
1179	880
1189	880
1314	880
1344	880
1489	880
1512	880
975	881
1355	881
934	888
1009	888
1086	888
1093	888
1182	888
1309	888
1416	888
1056	889
1116	889
1072	895
1108	895
1326	895
1499	898
949	908
1017	908
1024	908
1026	908
1054	908
1134	908
1144	908
1159	908
1161	908
1178	908
1182	908
1230	908
1272	908
1279	908
1281	908
1305	908
1309	908
1342	908
1358	908
1398	908
1411	908
1419	908
1069	915
1075	915
962	918
1273	918
1418	920
1445	920
1042	926
1445	926
972	929
1206	929
1114	931
1438	931
1483	931
1009	934
1086	934
1093	934
1182	934
1325	934
1416	934
1493	934
1516	935
1122	939
1026	940
1054	940
1161	940
1178	940
1281	940
1305	940
1309	940
1453	942
1071	945
1327	945
1377	948
1272	949
1419	949
1510	954
1181	955
1498	960
994	961
1273	962
1419	962
978	970
1043	970
1333	970
1366	970
1438	970
1472	970
1507	970
1026	972
1206	972
989	973
1355	975
1043	978
1124	986
1024	989
1026	989
1054	989
1161	989
1182	989
1230	989
1260	989
1281	989
1199	996
1302	996
1309	996
1514	1005
1024	1007
1281	1007
1305	1007
1086	1009
1182	1009
1416	1009
1493	1009
1298	1012
1304	1012
1316	1012
1054	1017
1134	1017
1419	1017
1307	1023
1026	1024
1054	1024
1161	1024
1170	1024
1230	1024
1261	1024
1281	1024
1305	1024
1309	1024
1054	1026
1134	1026
1161	1026
1170	1026
1182	1026
1230	1026
1261	1026
1281	1026
1305	1026
1309	1026
1419	1026
1078	1027
1134	1027
1159	1027
1272	1027
1281	1027
1305	1027
1342	1027
1411	1027
1419	1027
1424	1027
1501	1027
1234	1039
1445	1042
1438	1043
1507	1043
1298	1051
1304	1051
1316	1051
1154	1052
1486	1052
1134	1054
1144	1054
1159	1054
1161	1054
1170	1054
1178	1054
1230	1054
1261	1054
1279	1054
1281	1054
1305	1054
1309	1054
1341	1054
1349	1054
1411	1054
1423	1054
1116	1056
1378	1057
1190	1058
1393	1059
1070	1060
1123	1060
1129	1061
1448	1063
1071	1068
1075	1069
1123	1070
1327	1071
1108	1072
1225	1072
1326	1072
1241	1075
1390	1075
1418	1075
1120	1078
1134	1078
1144	1078
1159	1078
1272	1078
1281	1078
1305	1078
1342	1078
1358	1078
1398	1078
1411	1078
1273	1083
1093	1086
1164	1086
1182	1086
1309	1086
1325	1086
1416	1086
1493	1086
1209	1089
1263	1089
1335	1089
1476	1089
1500	1089
1120	1093
1164	1093
1182	1093
1253	1093
1309	1093
1416	1093
1493	1093
1185	1101
1232	1101
1414	1101
1298	1103
1304	1103
1449	1107
1483	1114
1134	1120
1159	1120
1182	1120
1272	1120
1342	1120
1358	1120
1416	1120
1451	1123
1144	1134
1159	1134
1161	1134
1182	1134
1272	1134
1279	1134
1281	1134
1305	1134
1309	1134
1342	1134
1358	1134
1362	1134
1398	1134
1411	1134
1419	1134
1392	1139
1159	1144
1272	1144
1281	1144
1305	1144
1342	1144
1358	1144
1398	1144
1411	1144
1419	1144
1183	1148
1486	1154
1272	1159
1281	1159
1305	1159
1342	1159
1358	1159
1362	1159
1398	1159
1411	1159
1419	1159
1170	1161
1230	1161
1260	1161
1261	1161
1279	1161
1281	1161
1305	1161
1309	1161
1341	1161
1423	1161
1416	1164
1493	1164
1230	1170
1261	1170
1281	1170
1305	1170
1309	1170
1424	1170
1474	1170
1281	1178
1305	1178
1189	1179
1215	1179
1314	1179
1344	1179
1489	1179
1512	1179
1289	1180
1305	1182
1309	1182
1367	1182
1406	1182
1416	1182
1493	1182
1232	1185
1414	1185
1314	1189
1344	1189
1489	1189
1512	1189
1302	1199
1325	1199
1434	1199
1224	1205
1336	1206
1242	1208
1284	1208
1290	1208
1263	1209
1335	1209
1476	1209
1500	1209
1344	1215
1489	1215
1512	1215
1505	1222
1279	1230
1281	1230
1305	1230
1309	1230
1341	1230
1342	1230
1419	1230
1341	1232
1414	1232
1390	1241
1418	1241
1284	1242
1290	1242
1280	1245
1395	1250
1327	1252
1344	1252
1418	1252
1512	1252
1281	1260
1281	1261
1305	1261
1309	1261
1335	1263
1476	1263
1500	1263
1491	1271
1281	1272
1305	1272
1342	1272
1358	1272
1398	1272
1411	1272
1419	1272
1281	1279
1305	1279
1342	1279
1423	1279
1305	1281
1309	1281
1342	1281
1398	1281
1411	1281
1419	1281
1423	1281
1474	1281
1290	1284
1304	1298
1316	1304
1309	1305
1342	1305
1358	1305
1398	1305
1411	1305
1419	1305
1423	1305
1514	1305
1493	1308
1367	1309
1406	1309
1416	1309
1419	1309
1344	1314
1365	1314
1489	1314
1512	1314
1445	1320
1416	1325
1344	1327
1418	1327
1512	1327
1438	1333
1507	1333
1476	1335
1500	1335
1377	1341
1406	1341
1414	1341
1358	1342
1398	1342
1411	1342
1419	1342
1489	1344
1512	1344
1497	1357
1398	1358
1411	1358
1419	1358
1419	1362
1438	1366
1507	1366
1416	1367
1493	1367
1463	1371
1440	1395
1411	1398
1419	1411
1493	1416
1445	1418
1512	1418
1483	1438
1507	1438
1500	1476
1512	1489
