3	1031
5	1064
6	173
6	590
6	1247
7	679
8	1025
9	1393
12	560
12	656
12	1205
12	1224
13	428
14	733
14	1444
15	70
15	202
15	365
15	382
15	502
15	785
15	819
15	822
15	908
15	1305
15	1377
15	1432
16	1050
19	1328
23	104
23	372
23	671
25	438
26	695
26	819
26	1017
26	1432
31	1337
34	545
34	1376
35	168
35	430
35	442
35	452
35	531
35	567
35	568
35	681
35	795
35	863
35	1021
35	1366
35	1507
36	63
36	155
36	202
36	203
36	373
36	419
36	488
36	492
36	517
36	635
36	722
36	780
36	819
36	864
36	908
36	914
36	940
36	991
36	1024
36	1026
36	1054
36	1161
36	1230
36	1261
36	1305
37	731
37	835
39	84
39	271
39	310
39	614
39	753
39	895
39	1022
39	1072
39	1108
39	1225
41	1516
42	263
47	452
47	567
47	681
47	863
47	1366
47	1507
48	1100
50	1134
50	1411
51	96
51	120
51	251
51	290
51	339
51	637
51	817
51	1101
51	1105
51	1185
51	1232
51	1414
53	121
53	329
53	410
53	491
53	519
53	653
53	655
53	1089
53	1209
53	1282
53	1335
53	1476
55	818
59	1405
60	392
60	428
60	516
61	535
61	818
61	845
63	105
63	119
63	134
63	155
63	203
63	223
63	326
63	346
63	373
63	419
63	492
63	502
63	576
63	635
63	722
63	780
63	785
63	819
63	822
63	864
63	908
63	914
63	989
63	996
63	1024
63	1026
63	1054
63	1120
63	1134
63	1161
63	1182
63	1233
63	1249
63	1305
63	1341
63	1388
63	1406
63	1432
66	898
66	1499
67	1128
70	365
70	1377
70	1406
73	1324
73	1346
74	390
75	200
75	710
75	1171
75	1422
76	994
77	405
77	704
78	534
78	884
78	992
79	202
84	271
84	310
84	357
84	614
84	753
84	895
84	1022
84	1072
84	1108
85	561
85	1312
85	1385
88	558
92	1234
94	382
94	502
94	822
94	908
94	914
94	1054
94	1120
94	1134
94	1144
94	1262
94	1305
94	1398
94	1432
96	120
96	251
96	290
96	339
96	637
96	817
96	1101
96	1105
96	1166
96	1185
96	1232
96	1341
96	1414
102	562
105	119
105	134
105	155
105	203
105	223
105	369
105	373
105	419
105	492
105	531
105	576
105	611
105	722
105	785
105	789
105	819
105	822
105	864
105	908
105	914
105	947
105	966
105	989
105	996
105	1024
105	1054
105	1161
105	1182
105	1199
105	1230
105	1261
105	1305
105	1341
105	1388
105	1406
108	1457
111	350
111	820
112	821
118	296
118	474
118	523
118	873
118	915
118	993
118	1150
119	223
119	369
119	592
119	677
119	789
119	822
119	947
119	1086
119	1093
119	1182
119	1199
119	1388
119	1434
120	251
120	290
120	339
120	637
120	817
120	1101
120	1105
120	1185
120	1232
120	1414
121	170
121	329
121	368
121	410
121	491
121	519
121	653
121	655
121	1089
121	1209
121	1282
121	1335
121	1476
122	374
122	889
122	1056
126	269
126	684
128	489
128	539
128	549
128	1012
128	1051
128	1298
128	1304
128	1316
134	204
134	349
134	366
134	497
134	515
134	531
134	597
134	822
134	908
134	1017
134	1341
134	1406
136	416
143	1134
143	1144
143	1411
145	240
145	668
145	808
145	981
148	841
150	398
150	1468
151	915
151	993
151	1069
151	1075
155	202
155	203
155	223
155	373
155	419
155	492
155	502
155	517
155	635
155	722
155	780
155	785
155	819
155	864
155	908
155	914
155	940
155	989
155	1024
155	1026
155	1054
155	1161
155	1182
155	1230
155	1305
155	1341
155	1349
155	1423
157	320
157	578
157	594
157	607
157	659
157	1208
157	1256
157	1284
157	1290
161	223
161	334
161	369
161	576
161	677
161	690
161	756
161	789
161	822
161	888
161	934
161	947
161	1009
161	1086
161	1093
161	1164
161	1182
161	1416
161	1493
162	1445
163	681
163	906
163	931
163	1483
168	430
168	442
168	452
168	531
168	681
168	863
168	1021
168	1366
168	1507
170	329
170	410
170	491
170	519
170	653
170	655
170	1089
170	1209
170	1282
170	1335
170	1476
173	590
173	1247
174	642
176	457
176	759
181	1031
185	1432
191	597
191	849
191	1063
191	1448
194	946
200	710
200	1171
200	1422
202	203
202	373
202	399
202	419
202	488
202	492
202	502
202	579
202	635
202	646
202	695
202	722
202	780
202	785
202	819
202	822
202	864
202	908
202	914
202	989
202	1024
202	1026
202	1054
202	1134
202	1161
202	1230
202	1262
202	1272
202	1279
202	1305
202	1349
202	1411
202	1432
203	373
203	393
203	419
203	492
203	502
203	515
203	517
203	583
203	635
203	722
203	780
203	785
203	819
203	822
203	864
203	908
203	914
203	989
203	1024
203	1026
203	1054
203	1121
203	1161
203	1230
203	1261
203	1305
203	1341
203	1406
204	349
205	567
205	681
205	702
205	863
205	1043
207	222
207	364
207	473
207	485
207	650
207	708
214	504
214	798
214	954
217	336
217	748
219	356
219	494
219	554
219	697
219	1252
219	1327
219	1344
219	1482
219	1512
221	432
221	484
221	1226
222	239
222	292
222	364
222	473
222	485
222	650
222	708
222	1278
223	326
223	334
223	369
223	576
223	592
223	677
223	789
223	822
223	888
223	934
223	947
223	1086
223	1093
223	1120
223	1182
223	1233
223	1367
223	1388
223	1416
226	1234
228	1477
229	1016
229	1277
229	1430
234	283
236	664
236	1141
239	292
239	1278
240	668
240	808
240	981
242	1314
251	290
251	339
251	637
251	817
251	1101
251	1105
251	1185
251	1232
251	1341
251	1414
259	642
261	641
262	1061
267	1275
269	492
269	579
269	691
269	826
269	908
269	1144
269	1305
269	1411
271	310
271	357
271	614
271	753
271	895
271	1022
271	1072
271	1108
272	682
272	1191
273	523
273	754
273	1505
274	847
274	945
280	601
282	775
282	1179
282	1215
282	1344
282	1489
282	1512
285	353
285	368
285	624
285	1060
285	1123
285	1451
289	780
290	339
290	637
290	817
290	1101
290	1105
290	1166
290	1185
290	1232
290	1414
292	1278
296	337
296	424
296	553
296	1002
296	1158
296	1322
296	1445
298	581
298	885
298	894
300	710
310	357
310	614
310	753
310	895
310	1022
310	1072
310	1108
310	1225
317	1345
320	578
320	594
320	607
320	659
320	1208
320	1256
320	1284
320	1290
320	1514
321	1258
322	1300
324	1147
324	1508
326	435
326	592
326	677
326	744
326	789
326	822
326	888
326	947
326	1182
326	1233
326	1249
326	1416
329	410
329	491
329	519
329	653
329	655
329	1089
329	1209
329	1282
329	1335
329	1476
334	369
334	400
334	576
334	677
334	690
334	756
334	789
334	888
334	934
334	947
334	1009
334	1086
334	1093
334	1164
334	1182
334	1416
334	1493
337	553
337	1002
337	1445
339	637
339	817
339	1101
339	1105
339	1185
339	1232
339	1414
345	452
345	863
345	906
345	931
345	1483
346	592
346	744
346	1249
349	962
350	820
353	368
353	624
353	666
353	1123
353	1451
356	554
356	697
356	1252
356	1327
356	1344
356	1512
357	1022
357	1072
359	871
364	473
364	485
364	650
364	708
364	1143
365	1341
365	1377
366	497
368	624
368	653
368	655
368	666
368	1123
368	1209
368	1282
368	1451
368	1476
369	529
369	576
369	592
369	677
369	690
369	756
369	789
369	822
369	888
369	934
369	947
369	1009
369	1086
369	1093
369	1164
369	1182
369	1416
369	1493
372	671
373	382
373	419
373	488
373	492
373	502
373	635
373	722
373	780
373	785
373	819
373	822
373	864
373	908
373	914
373	940
373	991
373	1007
373	1024
373	1026
373	1054
373	1134
373	1161
373	1178
373	1230
373	1261
373	1272
373	1305
373	1411
373	1432
374	889
374	1056
377	656
377	1205
382	455
382	492
382	502
382	531
382	722
382	822
382	826
382	829
382	905
382	908
382	914
382	971
382	1027
382	1054
382	1120
382	1134
382	1144
382	1272
382	1305
382	1388
382	1398
382	1411
382	1432
383	525
383	1307
386	716
386	1510
390	1180
390	1289
391	553
391	666
391	1184
391	1350
392	428
392	613
392	1071
395	615
395	783
395	990
395	1403
398	1468
399	492
399	646
399	822
399	1305
400	690
400	1086
400	1416
401	1150
401	1264
405	704
408	1269
410	491
410	519
410	653
410	655
410	1089
410	1209
410	1282
410	1335
410	1476
415	464
419	488
419	492
419	502
419	583
419	635
419	722
419	780
419	785
419	819
419	822
419	864
419	908
419	914
419	940
419	989
419	1024
419	1026
419	1054
419	1161
419	1230
419	1261
419	1305
419	1349
419	1432
422	550
424	1322
424	1445
425	483
425	735
425	1057
425	1143
425	1331
425	1378
428	535
428	819
428	992
428	1024
430	442
430	452
430	531
430	681
430	863
430	1021
430	1366
430	1507
432	1226
433	1317
433	1321
435	592
438	593
438	812
438	874
438	929
438	972
438	1206
438	1420
442	531
442	681
442	795
442	863
442	1507
445	902
449	489
449	1298
449	1304
452	515
452	567
452	568
452	681
452	787
452	863
452	906
452	931
452	1043
452	1125
452	1366
452	1438
452	1483
452	1507
454	1162
455	579
455	691
455	826
455	905
455	1027
455	1134
455	1144
455	1272
455	1305
455	1411
457	759
459	567
465	613
468	641
468	1075
468	1241
468	1390
472	535
472	847
472	945
473	485
473	650
473	708
474	523
483	735
483	1057
483	1143
483	1331
483	1378
484	1226
485	650
485	708
485	1143
486	585
486	1154
486	1486
488	635
488	780
488	1026
488	1054
488	1230
488	1261
489	539
489	549
489	576
489	1012
489	1051
489	1103
489	1298
489	1304
489	1316
491	519
491	653
491	655
491	1089
491	1209
491	1282
491	1335
491	1476
492	502
492	579
492	635
492	646
492	722
492	780
492	785
492	819
492	864
492	908
492	914
492	940
492	996
492	1024
492	1026
492	1054
492	1144
492	1161
492	1182
492	1272
492	1305
492	1341
492	1411
494	554
494	697
494	1252
494	1327
495	1079
497	531
497	597
497	728
497	785
497	1067
497	1430
502	579
502	635
502	722
502	780
502	785
502	819
502	822
502	864
502	908
502	914
502	1017
502	1024
502	1026
502	1054
502	1134
502	1161
502	1182
502	1230
502	1262
502	1279
502	1305
502	1411
502	1432
503	742
504	798
504	954
514	540
515	531
515	595
515	681
515	785
515	822
515	863
515	906
515	931
515	1093
515	1182
515	1207
515	1305
515	1367
515	1483
517	635
517	780
517	819
517	864
517	1024
517	1054
517	1261
517	1305
518	1394
519	653
519	655
519	1209
519	1282
519	1335
519	1476
523	754
523	873
525	1307
529	592
529	677
529	934
529	947
531	563
531	597
531	822
531	1134
531	1180
531	1384
531	1507
534	884
535	712
535	847
535	945
535	1320
538	600
539	549
539	1012
539	1051
539	1264
539	1298
539	1304
539	1316
541	1005
541	1514
545	1376
546	682
547	1254
548	1088
549	1012
549	1051
549	1298
549	1304
549	1316
550	629
551	908
551	1300
553	1002
553	1184
553	1350
553	1445
554	697
554	1252
554	1327
554	1344
554	1512
558	1025
558	1371
558	1463
560	656
560	1205
561	1312
561	1385
563	1134
563	1199
563	1305
567	681
567	702
567	787
567	795
567	863
567	1043
567	1125
567	1366
567	1438
567	1472
567	1507
568	681
568	863
568	1366
568	1507
570	1058
570	1190
572	975
576	677
576	789
576	822
576	934
576	947
576	959
576	1009
576	1086
576	1093
576	1120
576	1134
576	1182
576	1298
576	1304
576	1305
576	1388
576	1416
578	594
578	607
578	659
578	1208
578	1256
578	1284
578	1290
579	691
579	826
579	908
579	914
579	1134
579	1144
579	1272
579	1305
579	1398
579	1411
583	780
583	1024
583	1054
583	1261
585	1154
585	1486
590	793
590	1247
592	677
592	744
592	888
592	934
592	947
592	1009
592	1086
592	1182
592	1249
592	1416
593	812
593	874
593	929
593	972
593	1026
593	1079
593	1206
593	1336
594	607
594	659
594	1208
594	1256
594	1284
594	1290
594	1514
597	785
597	1341
605	841
605	858
607	659
607	1208
607	1256
607	1284
607	1290
611	919
613	945
614	753
614	895
614	1022
614	1108
615	783
615	990
615	1403
619	679
621	1323
623	728
624	653
624	666
624	1123
624	1209
624	1451
627	739
627	1431
634	761
634	1514
635	722
635	780
635	785
635	819
635	864
635	908
635	989
635	1024
635	1026
635	1054
635	1161
635	1261
635	1305
635	1432
637	817
637	1101
637	1105
637	1185
637	1232
637	1341
637	1414
641	1075
641	1241
641	1390
646	822
646	864
646	908
646	996
646	1134
646	1161
646	1305
646	1411
646	1432
646	1514
647	1318
649	1370
649	1513
650	708
653	655
653	1089
653	1209
653	1282
653	1335
653	1476
655	1089
655	1209
655	1282
655	1335
655	1476
656	1205
656	1224
659	1208
659	1256
659	1284
659	1290
661	691
661	826
661	1411
664	914
664	1233
666	1123
666	1350
666	1451
668	808
668	981
675	1344
675	1512
677	690
677	756
677	789
677	822
677	888
677	934
677	947
677	1009
677	1086
677	1093
677	1164
677	1182
677	1416
677	1493
680	1234
681	702
681	787
681	863
681	906
681	931
681	1043
681	1125
681	1366
681	1438
681	1483
681	1507
682	1191
685	955
685	1181
690	789
690	934
690	947
690	1086
690	1416
690	1493
691	826
691	905
691	1134
691	1144
691	1272
691	1305
691	1411
695	1017
697	1252
697	1327
697	1344
697	1512
698	800
701	1395
702	1043
702	1472
708	945
708	1143
710	1171
710	1422
712	1320
714	782
716	1510
722	780
722	785
722	819
722	822
722	864
722	908
722	914
722	989
722	1024
722	1026
722	1054
722	1134
722	1161
722	1182
722	1230
722	1262
722	1272
722	1279
722	1305
722	1341
722	1423
722	1432
723	1360
727	1148
731	835
733	1444
735	1057
735	1143
735	1331
735	1378
738	880
738	1179
738	1314
738	1489
738	1512
739	1431
743	1506
744	1134
745	1115
748	1266
750	792
753	895
753	1022
753	1072
753	1108
755	1112
756	934
756	1009
756	1086
761	819
765	979
769	1426
775	1179
775	1215
775	1344
775	1489
775	1512
780	785
780	819
780	864
780	908
780	914
780	940
780	989
780	1024
780	1026
780	1054
780	1161
780	1230
780	1261
780	1305
780	1341
780	1349
780	1432
783	1403
785	789
785	819
785	822
785	864
785	908
785	914
785	940
785	989
785	1024
785	1026
785	1035
785	1054
785	1121
785	1161
785	1305
785	1341
785	1406
785	1424
785	1432
787	863
787	931
787	1125
787	1366
787	1438
787	1507
789	819
789	822
789	888
789	934
789	947
789	1009
789	1086
789	1093
789	1164
789	1182
789	1308
789	1367
789	1388
789	1416
789	1493
795	863
795	1366
795	1507
797	829
797	1285
798	954
808	981
812	874
812	929
812	972
812	1079
812	1206
817	1101
817	1105
817	1166
817	1185
817	1232
817	1414
819	822
819	864
819	908
819	914
819	989
819	1024
819	1026
819	1054
819	1086
819	1121
819	1161
819	1182
819	1230
819	1261
819	1305
819	1341
819	1514
822	908
822	914
822	940
822	947
822	996
822	1024
822	1054
822	1086
822	1093
822	1120
822	1134
822	1161
822	1182
822	1233
822	1279
822	1305
822	1341
822	1388
822	1406
822	1432
826	908
826	1007
826	1134
826	1144
826	1272
826	1305
826	1411
826	1432
828	997
829	1134
829	1285
829	1398
841	858
845	962
847	945
847	1327
848	1025
849	1063
849	1448
863	906
863	931
863	1043
863	1125
863	1366
863	1438
863	1483
863	1507
864	908
864	914
864	989
864	1007
864	1024
864	1026
864	1035
864	1054
864	1161
864	1182
864	1230
864	1261
864	1305
864	1423
864	1432
870	951
873	915
873	993
873	1075
874	929
874	972
874	1079
874	1206
880	1179
880	1314
880	1344
880	1489
880	1512
882	1124
888	934
888	947
888	1009
888	1086
888	1093
888	1182
888	1416
889	1056
895	1022
895	1072
895	1108
898	1499
905	1027
905	1134
905	1144
905	1272
905	1305
905	1398
905	1411
906	931
906	1125
906	1438
906	1483
908	914
908	949
908	1017
908	1024
908	1026
908	1054
908	1134
908	1144
908	1161
908	1178
908	1182
908	1230
908	1262
908	1272
908	1279
908	1305
908	1388
908	1398
908	1411
908	1432
914	949
914	989
914	1017
914	1026
914	1054
914	1120
914	1134
914	1144
914	1161
914	1182
914	1230
914	1261
914	1262
914	1272
914	1279
914	1305
914	1341
914	1362
914	1411
914	1432
915	993
915	1069
915	1075
929	972
929	1079
929	1206
931	1125
931	1438
931	1483
934	947
934	1009
934	1086
934	1093
934	1182
934	1388
934	1416
934	1493
935	1516
940	1026
940	1054
940	1161
940	1178
940	1305
940	1432
945	1071
945	1327
947	1009
947	1086
947	1093
947	1182
947	1367
947	1388
947	1416
947	1493
949	1262
949	1272
954	1510
955	1181
961	994
971	1134
971	1144
971	1272
971	1305
971	1388
971	1398
971	1411
972	1026
972	1079
972	1206
988	1337
989	1024
989	1026
989	1054
989	1161
989	1182
989	1230
992	1139
992	1392
993	1069
993	1075
996	1199
996	1302
1005	1514
1007	1024
1007	1305
1009	1086
1009	1182
1009	1416
1009	1493
1012	1298
1012	1304
1012	1316
1016	1430
1017	1054
1017	1134
1017	1432
1020	1138
1022	1072
1022	1108
1022	1225
1024	1026
1024	1054
1024	1161
1024	1230
1024	1261
1024	1305
1024	1432
1026	1054
1026	1079
1026	1134
1026	1161
1026	1182
1026	1230
1026	1261
1026	1262
1026	1305
1026	1432
1027	1134
1027	1272
1027	1305
1027	1411
1027	1424
1027	1432
1027	1501
1029	1108
1035	1341
1039	1234
1043	1125
1043	1438
1043	1507
1051	1150
1051	1264
1051	1298
1051	1304
1051	1316
1054	1134
1054	1144
1054	1161
1054	1178
1054	1230
1054	1261
1054	1262
1054	1279
1054	1305
1054	1341
1054	1349
1054	1411
1054	1423
1054	1432
1057	1143
1057	1331
1057	1378
1058	1190
1060	1123
1063	1448
1067	1430
1068	1071
1069	1075
1071	1327
1072	1108
1072	1225
1075	1241
1075	1390
1086	1093
1086	1164
1086	1182
1086	1388
1086	1416
1086	1493
1089	1209
1089	1282
1089	1335
1089	1476
1093	1120
1093	1164
1093	1182
1093	1388
1093	1416
1093	1493
1101	1105
1101	1185
1101	1232
1101	1414
1103	1298
1103	1304
1105	1185
1105	1232
1105	1414
1120	1134
1120	1182
1120	1262
1120	1272
1120	1388
1120	1416
1123	1451
1125	1366
1125	1438
1125	1507
1134	1144
1134	1161
1134	1182
1134	1233
1134	1262
1134	1272
1134	1279
1134	1305
1134	1362
1134	1388
1134	1398
1134	1411
1134	1432
1139	1392
1143	1331
1143	1378
1144	1262
1144	1272
1144	1305
1144	1398
1144	1411
1147	1508
1148	1183
1150	1264
1153	1320
1154	1486
1158	1322
1158	1445
1161	1230
1161	1261
1161	1279
1161	1305
1161	1341
1161	1423
1161	1432
1164	1416
1164	1493
1171	1422
1178	1305
1179	1215
1179	1314
1179	1344
1179	1489
1179	1512
1180	1289
1182	1305
1182	1367
1182	1388
1182	1406
1182	1416
1182	1432
1182	1493
1184	1350
1185	1232
1185	1414
1199	1302
1199	1434
1205	1224
1206	1336
1208	1242
1208	1256
1208	1284
1208	1290
1209	1282
1209	1335
1209	1476
1215	1344
1215	1489
1215	1512
1230	1279
1230	1305
1230	1341
1232	1341
1232	1414
1233	1388
1241	1390
1242	1256
1242	1284
1242	1290
1245	1280
1252	1327
1252	1344
1252	1512
1256	1284
1256	1290
1261	1305
1262	1272
1262	1305
1262	1388
1262	1398
1262	1432
1272	1305
1272	1388
1272	1398
1272	1411
1272	1432
1277	1430
1279	1305
1279	1423
1279	1432
1282	1335
1282	1476
1284	1290
1298	1304
1304	1316
1305	1388
1305	1398
1305	1411
1305	1423
1305	1432
1305	1514
1308	1493
1312	1385
1314	1344
1314	1489
1314	1512
1317	1321
1320	1445
1322	1445
1327	1344
1327	1482
1327	1512
1331	1378
1335	1476
1341	1377
1341	1406
1341	1414
1344	1489
1344	1512
1366	1438
1366	1507
1367	1416
1367	1493
1371	1463
1388	1398
1388	1416
1395	1440
1398	1411
1398	1432
1411	1432
1416	1493
1438	1483
1438	1507
1489	1512
1031	3
1064	5
173	6
590	6
1247	6
679	7
1025	8
1393	9
560	12
656	12
1205	12
1224	12
428	13
733	14
1444	14
70	15
202	15
365	15
382	15
502	15
785	15
819	15
822	15
908	15
1305	15
1377	15
1432	15
1050	16
1328	19
104	23
372	23
671	23
438	25
695	26
819	26
1017	26
1432	26
1337	31
545	34
1376	34
168	35
430	35
442	35
452	35
531	35
567	35
568	35
681	35
795	35
863	35
1021	35
1366	35
1507	35
63	36
155	36
202	36
203	36
373	36
419	36
488	36
492	36
517	36
635	36
722	36
780	36
819	36
864	36
908	36
914	36
940	36
991	36
1024	36
1026	36
1054	36
1161	36
1230	36
1261	36
1305	36
731	37
835	37
84	39
271	39
310	39
614	39
753	39
895	39
1022	39
1072	39
1108	39
1225	39
1516	41
263	42
452	47
567	47
681	47
863	47
1366	47
1507	47
1100	48
1134	50
1411	50
96	51
120	51
251	51
290	51
339	51
637	51
817	51
1101	51
1105	51
1185	51
1232	51
1414	51
121	53
329	53
410	53
491	53
519	53
653	53
655	53
1089	53
1209	53
1282	53
1335	53
1476	53
818	55
1405	59
392	60
428	60
516	60
535	61
818	61
845	61
105	63
119	63
134	63
155	63
203	63
223	63
326	63
346	63
373	63
419	63
492	63
502	63
576	63
635	63
722	63
780	63
785	63
819	63
822	63
864	63
908	63
914	63
989	63
996	63
1024	63
1026	63
1054	63
1120	63
1134	63
1161	63
1182	63
1233	63
1249	63
1305	63
1341	63
1388	63
1406	63
1432	63
898	66
1499	66
1128	67
365	70
1377	70
1406	70
1324	73
1346	73
390	74
200	75
710	75
1171	75
1422	75
994	76
405	77
704	77
534	78
884	78
992	78
202	79
271	84
310	84
357	84
614	84
753	84
895	84
1022	84
1072	84
1108	84
561	85
1312	85
1385	85
558	88
1234	92
382	94
502	94
822	94
908	94
914	94
1054	94
1120	94
1134	94
1144	94
1262	94
1305	94
1398	94
1432	94
120	96
251	96
290	96
339	96
637	96
817	96
1101	96
1105	96
1166	96
1185	96
1232	96
1341	96
1414	96
562	102
119	105
134	105
155	105
203	105
223	105
369	105
373	105
419	105
492	105
531	105
576	105
611	105
722	105
785	105
789	105
819	105
822	105
864	105
908	105
914	105
947	105
966	105
989	105
996	105
1024	105
1054	105
1161	105
1182	105
1199	105
1230	105
1261	105
1305	105
1341	105
1388	105
1406	105
1457	108
350	111
820	111
821	112
296	118
474	118
523	118
873	118
915	118
993	118
1150	118
223	119
369	119
592	119
677	119
789	119
822	119
947	119
1086	119
1093	119
1182	119
1199	119
1388	119
1434	119
251	120
290	120
339	120
637	120
817	120
1101	120
1105	120
1185	120
1232	120
1414	120
170	121
329	121
368	121
410	121
491	121
519	121
653	121
655	121
1089	121
1209	121
1282	121
1335	121
1476	121
374	122
889	122
1056	122
269	126
684	126
489	128
539	128
549	128
1012	128
1051	128
1298	128
1304	128
1316	128
204	134
349	134
366	134
497	134
515	134
531	134
597	134
822	134
908	134
1017	134
1341	134
1406	134
416	136
1134	143
1144	143
1411	143
240	145
668	145
808	145
981	145
841	148
398	150
1468	150
915	151
993	151
1069	151
1075	151
202	155
203	155
223	155
373	155
419	155
492	155
502	155
517	155
635	155
722	155
780	155
785	155
819	155
864	155
908	155
914	155
940	155
989	155
1024	155
1026	155
1054	155
1161	155
1182	155
1230	155
1305	155
1341	155
1349	155
1423	155
320	157
578	157
594	157
607	157
659	157
1208	157
1256	157
1284	157
1290	157
223	161
334	161
369	161
576	161
677	161
690	161
756	161
789	161
822	161
888	161
934	161
947	161
1009	161
1086	161
1093	161
1164	161
1182	161
1416	161
1493	161
1445	162
681	163
906	163
931	163
1483	163
430	168
442	168
452	168
531	168
681	168
863	168
1021	168
1366	168
1507	168
329	170
410	170
491	170
519	170
653	170
655	170
1089	170
1209	170
1282	170
1335	170
1476	170
590	173
1247	173
642	174
457	176
759	176
1031	181
1432	185
597	191
849	191
1063	191
1448	191
946	194
710	200
1171	200
1422	200
203	202
373	202
399	202
419	202
488	202
492	202
502	202
579	202
635	202
646	202
695	202
722	202
780	202
785	202
819	202
822	202
864	202
908	202
914	202
989	202
1024	202
1026	202
1054	202
1134	202
1161	202
1230	202
1262	202
1272	202
1279	202
1305	202
1349	202
1411	202
1432	202
373	203
393	203
419	203
492	203
502	203
515	203
517	203
583	203
635	203
722	203
780	203
785	203
819	203
822	203
864	203
908	203
914	203
989	203
1024	203
1026	203
1054	203
1121	203
1161	203
1230	203
1261	203
1305	203
1341	203
1406	203
349	204
567	205
681	205
702	205
863	205
1043	205
222	207
364	207
473	207
485	207
650	207
708	207
504	214
798	214
954	214
336	217
748	217
356	219
494	219
554	219
697	219
1252	219
1327	219
1344	219
1482	219
1512	219
432	221
484	221
1226	221
239	222
292	222
364	222
473	222
485	222
650	222
708	222
1278	222
326	223
334	223
369	223
576	223
592	223
677	223
789	223
822	223
888	223
934	223
947	223
1086	223
1093	223
1120	223
1182	223
1233	223
1367	223
1388	223
1416	223
1234	226
1477	228
1016	229
1277	229
1430	229
283	234
664	236
1141	236
292	239
1278	239
668	240
808	240
981	240
1314	242
290	251
339	251
637	251
817	251
1101	251
1105	251
1185	251
1232	251
1341	251
1414	251
642	259
641	261
1061	262
1275	267
492	269
579	269
691	269
826	269
908	269
1144	269
1305	269
1411	269
310	271
357	271
614	271
753	271
895	271
1022	271
1072	271
1108	271
682	272
1191	272
523	273
754	273
1505	273
847	274
945	274
601	280
775	282
1179	282
1215	282
1344	282
1489	282
1512	282
353	285
368	285
624	285
1060	285
1123	285
1451	285
780	289
339	290
637	290
817	290
1101	290
1105	290
1166	290
1185	290
1232	290
1414	290
1278	292
337	296
424	296
553	296
1002	296
1158	296
1322	296
1445	296
581	298
885	298
894	298
710	300
357	310
614	310
753	310
895	310
1022	310
1072	310
1108	310
1225	310
1345	317
578	320
594	320
607	320
659	320
1208	320
1256	320
1284	320
1290	320
1514	320
1258	321
1300	322
1147	324
1508	324
435	326
592	326
677	326
744	326
789	326
822	326
888	326
947	326
1182	326
1233	326
1249	326
1416	326
410	329
491	329
519	329
653	329
655	329
1089	329
1209	329
1282	329
1335	329
1476	329
369	334
400	334
576	334
677	334
690	334
756	334
789	334
888	334
934	334
947	334
1009	334
1086	334
1093	334
1164	334
1182	334
1416	334
1493	334
553	337
1002	337
1445	337
637	339
817	339
1101	339
1105	339
1185	339
1232	339
1414	339
452	345
863	345
906	345
931	345
1483	345
592	346
744	346
1249	346
962	349
820	350
368	353
624	353
666	353
1123	353
1451	353
554	356
697	356
1252	356
1327	356
1344	356
1512	356
1022	357
1072	357
871	359
473	364
485	364
650	364
708	364
1143	364
1341	365
1377	365
497	366
624	368
653	368
655	368
666	368
1123	368
1209	368
1282	368
1451	368
1476	368
529	369
576	369
592	369
677	369
690	369
756	369
789	369
822	369
888	369
934	369
947	369
1009	369
1086	369
1093	369
1164	369
1182	369
1416	369
1493	369
671	372
382	373
419	373
488	373
492	373
502	373
635	373
722	373
780	373
785	373
819	373
822	373
864	373
908	373
914	373
940	373
991	373
1007	373
1024	373
1026	373
1054	373
1134	373
1161	373
1178	373
1230	373
1261	373
1272	373
1305	373
1411	373
1432	373
889	374
1056	374
656	377
1205	377
455	382
492	382
502	382
531	382
722	382
822	382
826	382
829	382
905	382
908	382
914	382
971	382
1027	382
1054	382
1120	382
1134	382
1144	382
1272	382
1305	382
1388	382
1398	382
1411	382
1432	382
525	383
1307	383
716	386
1510	386
1180	390
1289	390
553	391
666	391
1184	391
1350	391
428	392
613	392
1071	392
615	395
783	395
990	395
1403	395
1468	398
492	399
646	399
822	399
1305	399
690	400
1086	400
1416	400
1150	401
1264	401
704	405
1269	408
491	410
519	410
653	410
655	410
1089	410
1209	410
1282	410
1335	410
1476	410
464	415
488	419
492	419
502	419
583	419
635	419
722	419
780	419
785	419
819	419
822	419
864	419
908	419
914	419
940	419
989	419
1024	419
1026	419
1054	419
1161	419
1230	419
1261	419
1305	419
1349	419
1432	419
550	422
1322	424
1445	424
483	425
735	425
1057	425
1143	425
1331	425
1378	425
535	428
819	428
992	428
1024	428
442	430
452	430
531	430
681	430
863	430
1021	430
1366	430
1507	430
1226	432
1317	433
1321	433
592	435
593	438
812	438
874	438
929	438
972	438
1206	438
1420	438
531	442
681	442
795	442
863	442
1507	442
902	445
489	449
1298	449
1304	449
515	452
567	452
568	452
681	452
787	452
863	452
906	452
931	452
1043	452
1125	452
1366	452
1438	452
1483	452
1507	452
1162	454
579	455
691	455
826	455
905	455
1027	455
1134	455
1144	455
1272	455
1305	455
1411	455
759	457
567	459
613	465
641	468
1075	468
1241	468
1390	468
535	472
847	472
945	472
485	473
650	473
708	473
523	474
735	483
1057	483
1143	483
1331	483
1378	483
1226	484
650	485
708	485
1143	485
585	486
1154	486
1486	486
635	488
780	488
1026	488
1054	488
1230	488
1261	488
539	489
549	489
576	489
1012	489
1051	489
1103	489
1298	489
1304	489
1316	489
519	491
653	491
655	491
1089	491
1209	491
1282	491
1335	491
1476	491
502	492
579	492
635	492
646	492
722	492
780	492
785	492
819	492
864	492
908	492
914	492
940	492
996	492
1024	492
1026	492
1054	492
1144	492
1161	492
1182	492
1272	492
1305	492
1341	492
1411	492
554	494
697	494
1252	494
1327	494
1079	495
531	497
597	497
728	497
785	497
1067	497
1430	497
579	502
635	502
722	502
780	502
785	502
819	502
822	502
864	502
908	502
914	502
1017	502
1024	502
1026	502
1054	502
1134	502
1161	502
1182	502
1230	502
1262	502
1279	502
1305	502
1411	502
1432	502
742	503
798	504
954	504
540	514
531	515
595	515
681	515
785	515
822	515
863	515
906	515
931	515
1093	515
1182	515
1207	515
1305	515
1367	515
1483	515
635	517
780	517
819	517
864	517
1024	517
1054	517
1261	517
1305	517
1394	518
653	519
655	519
1209	519
1282	519
1335	519
1476	519
754	523
873	523
1307	525
592	529
677	529
934	529
947	529
563	531
597	531
822	531
1134	531
1180	531
1384	531
1507	531
884	534
712	535
847	535
945	535
1320	535
600	538
549	539
1012	539
1051	539
1264	539
1298	539
1304	539
1316	539
1005	541
1514	541
1376	545
682	546
1254	547
1088	548
1012	549
1051	549
1298	549
1304	549
1316	549
629	550
908	551
1300	551
1002	553
1184	553
1350	553
1445	553
697	554
1252	554
1327	554
1344	554
1512	554
1025	558
1371	558
1463	558
656	560
1205	560
1312	561
1385	561
1134	563
1199	563
1305	563
681	567
702	567
787	567
795	567
863	567
1043	567
1125	567
1366	567
1438	567
1472	567
1507	567
681	568
863	568
1366	568
1507	568
1058	570
1190	570
975	572
677	576
789	576
822	576
934	576
947	576
959	576
1009	576
1086	576
1093	576
1120	576
1134	576
1182	576
1298	576
1304	576
1305	576
1388	576
1416	576
594	578
607	578
659	578
1208	578
1256	578
1284	578
1290	578
691	579
826	579
908	579
914	579
1134	579
1144	579
1272	579
1305	579
1398	579
1411	579
780	583
1024	583
1054	583
1261	583
1154	585
1486	585
793	590
1247	590
677	592
744	592
888	592
934	592
947	592
1009	592
1086	592
1182	592
1249	592
1416	592
812	593
874	593
929	593
972	593
1026	593
1079	593
1206	593
1336	593
607	594
659	594
1208	594
1256	594
1284	594
1290	594
1514	594
785	597
1341	597
841	605
858	605
659	607
1208	607
1256	607
1284	607
1290	607
919	611
945	613
753	614
895	614
1022	614
1108	614
783	615
990	615
1403	615
679	619
1323	621
728	623
653	624
666	624
1123	624
1209	624
1451	624
739	627
1431	627
761	634
1514	634
722	635
780	635
785	635
819	635
864	635
908	635
989	635
1024	635
1026	635
1054	635
1161	635
1261	635
1305	635
1432	635
817	637
1101	637
1105	637
1185	637
1232	637
1341	637
1414	637
1075	641
1241	641
1390	641
822	646
864	646
908	646
996	646
1134	646
1161	646
1305	646
1411	646
1432	646
1514	646
1318	647
1370	649
1513	649
708	650
655	653
1089	653
1209	653
1282	653
1335	653
1476	653
1089	655
1209	655
1282	655
1335	655
1476	655
1205	656
1224	656
1208	659
1256	659
1284	659
1290	659
691	661
826	661
1411	661
914	664
1233	664
1123	666
1350	666
1451	666
808	668
981	668
1344	675
1512	675
690	677
756	677
789	677
822	677
888	677
934	677
947	677
1009	677
1086	677
1093	677
1164	677
1182	677
1416	677
1493	677
1234	680
702	681
787	681
863	681
906	681
931	681
1043	681
1125	681
1366	681
1438	681
1483	681
1507	681
1191	682
955	685
1181	685
789	690
934	690
947	690
1086	690
1416	690
1493	690
826	691
905	691
1134	691
1144	691
1272	691
1305	691
1411	691
1017	695
1252	697
1327	697
1344	697
1512	697
800	698
1395	701
1043	702
1472	702
945	708
1143	708
1171	710
1422	710
1320	712
782	714
1510	716
780	722
785	722
819	722
822	722
864	722
908	722
914	722
989	722
1024	722
1026	722
1054	722
1134	722
1161	722
1182	722
1230	722
1262	722
1272	722
1279	722
1305	722
1341	722
1423	722
1432	722
1360	723
1148	727
835	731
1444	733
1057	735
1143	735
1331	735
1378	735
880	738
1179	738
1314	738
1489	738
1512	738
1431	739
1506	743
1134	744
1115	745
1266	748
792	750
895	753
1022	753
1072	753
1108	753
1112	755
934	756
1009	756
1086	756
819	761
979	765
1426	769
1179	775
1215	775
1344	775
1489	775
1512	775
785	780
819	780
864	780
908	780
914	780
940	780
989	780
1024	780
1026	780
1054	780
1161	780
1230	780
1261	780
1305	780
1341	780
1349	780
1432	780
1403	783
789	785
819	785
822	785
864	785
908	785
914	785
940	785
989	785
1024	785
1026	785
1035	785
1054	785
1121	785
1161	785
1305	785
1341	785
1406	785
1424	785
1432	785
863	787
931	787
1125	787
1366	787
1438	787
1507	787
819	789
822	789
888	789
934	789
947	789
1009	789
1086	789
1093	789
1164	789
1182	789
1308	789
1367	789
1388	789
1416	789
1493	789
863	795
1366	795
1507	795
829	797
1285	797
954	798
981	808
874	812
929	812
972	812
1079	812
1206	812
1101	817
1105	817
1166	817
1185	817
1232	817
1414	817
822	819
864	819
908	819
914	819
989	819
1024	819
1026	819
1054	819
1086	819
1121	819
1161	819
1182	819
1230	819
1261	819
1305	819
1341	819
1514	819
908	822
914	822
940	822
947	822
996	822
1024	822
1054	822
1086	822
1093	822
1120	822
1134	822
1161	822
1182	822
1233	822
1279	822
1305	822
1341	822
1388	822
1406	822
1432	822
908	826
1007	826
1134	826
1144	826
1272	826
1305	826
1411	826
1432	826
997	828
1134	829
1285	829
1398	829
858	841
962	845
945	847
1327	847
1025	848
1063	849
1448	849
906	863
931	863
1043	863
1125	863
1366	863
1438	863
1483	863
1507	863
908	864
914	864
989	864
1007	864
1024	864
1026	864
1035	864
1054	864
1161	864
1182	864
1230	864
1261	864
1305	864
1423	864
1432	864
951	870
915	873
993	873
1075	873
929	874
972	874
1079	874
1206	874
1179	880
1314	880
1344	880
1489	880
1512	880
1124	882
934	888
947	888
1009	888
1086	888
1093	888
1182	888
1416	888
1056	889
1022	895
1072	895
1108	895
1499	898
1027	905
1134	905
1144	905
1272	905
1305	905
1398	905
1411	905
931	906
1125	906
1438	906
1483	906
914	908
949	908
1017	908
1024	908
1026	908
1054	908
1134	908
1144	908
1161	908
1178	908
1182	908
1230	908
1262	908
1272	908
1279	908
1305	908
1388	908
1398	908
1411	908
1432	908
949	914
989	914
1017	914
1026	914
1054	914
1120	914
1134	914
1144	914
1161	914
1182	914
1230	914
1261	914
1262	914
1272	914
1279	914
1305	914
1341	914
1362	914
1411	914
1432	914
993	915
1069	915
1075	915
972	929
1079	929
1206	929
1125	931
1438	931
1483	931
947	934
1009	934
1086	934
1093	934
1182	934
1388	934
1416	934
1493	934
1516	935
1026	940
1054	940
1161	940
1178	940
1305	940
1432	940
1071	945
1327	945
1009	947
1086	947
1093	947
1182	947
1367	947
1388	947
1416	947
1493	947
1262	949
1272	949
1510	954
1181	955
994	961
1134	971
1144	971
1272	971
1305	971
1388	971
1398	971
1411	971
1026	972
1079	972
1206	972
1337	988
1024	989
1026	989
1054	989
1161	989
1182	989
1230	989
1139	992
1392	992
1069	993
1075	993
1199	996
1302	996
1514	1005
1024	1007
1305	1007
1086	1009
1182	1009
1416	1009
1493	1009
1298	1012
1304	1012
1316	1012
1430	1016
1054	1017
1134	1017
1432	1017
1138	1020
1072	1022
1108	1022
1225	1022
1026	1024
1054	1024
1161	1024
1230	1024
1261	1024
1305	1024
1432	1024
1054	1026
1079	1026
1134	1026
1161	1026
1182	1026
1230	1026
1261	1026
1262	1026
1305	1026
1432	1026
1134	1027
1272	1027
1305	1027
1411	1027
1424	1027
1432	1027
1501	1027
1108	1029
1341	1035
1234	1039
1125	1043
1438	1043
1507	1043
1150	1051
1264	1051
1298	1051
1304	1051
1316	1051
1134	1054
1144	1054
1161	1054
1178	1054
1230	1054
1261	1054
1262	1054
1279	1054
1305	1054
1341	1054
1349	1054
1411	1054
1423	1054
1432	1054
1143	1057
1331	1057
1378	1057
1190	1058
1123	1060
1448	1063
1430	1067
1071	1068
1075	1069
1327	1071
1108	1072
1225	1072
1241	1075
1390	1075
1093	1086
1164	1086
1182	1086
1388	1086
1416	1086
1493	1086
1209	1089
1282	1089
1335	1089
1476	1089
1120	1093
1164	1093
1182	1093
1388	1093
1416	1093
1493	1093
1105	1101
1185	1101
1232	1101
1414	1101
1298	1103
1304	1103
1185	1105
1232	1105
1414	1105
1134	1120
1182	1120
1262	1120
1272	1120
1388	1120
1416	1120
1451	1123
1366	1125
1438	1125
1507	1125
1144	1134
1161	1134
1182	1134
1233	1134
1262	1134
1272	1134
1279	1134
1305	1134
1362	1134
1388	1134
1398	1134
1411	1134
1432	1134
1392	1139
1331	1143
1378	1143
1262	1144
1272	1144
1305	1144
1398	1144
1411	1144
1508	1147
1183	1148
1264	1150
1320	1153
1486	1154
1322	1158
1445	1158
1230	1161
1261	1161
1279	1161
1305	1161
1341	1161
1423	1161
1432	1161
1416	1164
1493	1164
1422	1171
1305	1178
1215	1179
1314	1179
1344	1179
1489	1179
1512	1179
1289	1180
1305	1182
1367	1182
1388	1182
1406	1182
1416	1182
1432	1182
1493	1182
1350	1184
1232	1185
1414	1185
1302	1199
1434	1199
1224	1205
1336	1206
1242	1208
1256	1208
1284	1208
1290	1208
1282	1209
1335	1209
1476	1209
1344	1215
1489	1215
1512	1215
1279	1230
1305	1230
1341	1230
1341	1232
1414	1232
1388	1233
1390	1241
1256	1242
1284	1242
1290	1242
1280	1245
1327	1252
1344	1252
1512	1252
1284	1256
1290	1256
1305	1261
1272	1262
1305	1262
1388	1262
1398	1262
1432	1262
1305	1272
1388	1272
1398	1272
1411	1272
1432	1272
1430	1277
1305	1279
1423	1279
1432	1279
1335	1282
1476	1282
1290	1284
1304	1298
1316	1304
1388	1305
1398	1305
1411	1305
1423	1305
1432	1305
1514	1305
1493	1308
1385	1312
1344	1314
1489	1314
1512	1314
1321	1317
1445	1320
1445	1322
1344	1327
1482	1327
1512	1327
1378	1331
1476	1335
1377	1341
1406	1341
1414	1341
1489	1344
1512	1344
1438	1366
1507	1366
1416	1367
1493	1367
1463	1371
1398	1388
1416	1388
1440	1395
1411	1398
1432	1398
1432	1411
1493	1416
1483	1438
1507	1438
1512	1489
