0	343
0	561
0	1385
1	939
1	1399
2	394
2	657
2	962
3	537
3	1031
4	296
4	337
4	1445
5	596
8	1025
9	1059
9	1393
10	81
10	90
10	466
10	850
12	123
12	560
12	1205
13	428
14	733
14	816
14	1444
15	62
15	180
15	202
15	361
15	365
15	785
15	819
15	948
15	1098
15	1193
15	1377
17	297
17	327
17	593
17	812
17	830
17	840
17	874
17	929
17	972
17	1079
17	1206
17	1336
18	1181
23	671
23	830
23	1421
24	680
24	1234
26	695
26	819
26	1017
26	1045
26	1048
28	1051
28	1080
28	1254
30	46
30	63
30	105
30	119
30	180
30	223
30	334
30	369
30	421
30	587
30	592
30	677
30	767
30	789
30	901
30	934
30	947
30	1009
30	1086
30	1093
30	1120
30	1182
30	1253
30	1398
30	1416
30	1439
30	1493
33	142
33	152
34	545
34	1376
35	168
35	348
35	442
35	452
35	568
35	681
35	770
35	863
35	1366
35	1507
36	52
36	62
36	63
36	106
36	155
36	202
36	203
36	243
36	419
36	479
36	488
36	509
36	644
36	819
36	864
36	914
36	940
36	974
36	991
36	1024
36	1048
36	1054
36	1193
36	1230
36	1261
38	1265
39	310
39	325
39	333
39	614
39	861
39	895
39	1072
39	1108
39	1146
39	1225
39	1326
41	1516
42	263
42	1030
44	260
46	62
46	63
46	105
46	119
46	140
46	155
46	180
46	202
46	203
46	223
46	334
46	361
46	369
46	419
46	509
46	515
46	563
46	592
46	639
46	644
46	785
46	789
46	819
46	864
46	901
46	914
46	934
46	947
46	974
46	989
46	1024
46	1048
46	1054
46	1086
46	1093
46	1098
46	1120
46	1134
46	1182
46	1193
46	1233
46	1377
46	1416
48	1100
51	96
51	120
51	290
51	339
51	711
51	817
51	1101
51	1232
51	1414
52	62
52	106
52	202
52	203
52	419
52	479
52	488
52	509
52	583
52	813
52	819
52	864
52	914
52	974
52	1024
52	1048
52	1054
52	1230
52	1261
55	818
60	392
60	428
60	516
62	63
62	94
62	105
62	106
62	155
62	202
62	203
62	243
62	361
62	419
62	509
62	644
62	785
62	819
62	864
62	914
62	974
62	1024
62	1048
62	1054
62	1134
62	1182
62	1193
62	1230
62	1272
63	105
63	119
63	155
63	180
63	203
63	223
63	243
63	346
63	361
63	411
63	419
63	644
63	785
63	819
63	864
63	914
63	974
63	989
63	1024
63	1048
63	1054
63	1120
63	1134
63	1182
63	1193
63	1233
63	1406
63	1439
64	146
67	1128
69	88
73	805
73	1228
73	1276
73	1324
73	1346
75	710
75	1130
75	1251
75	1422
79	202
81	90
81	466
81	548
81	825
81	1015
81	1018
81	1088
81	1502
86	260
87	262
87	1061
87	1129
88	231
88	558
90	850
91	896
91	1111
91	1452
94	180
94	256
94	654
94	914
94	1054
94	1120
94	1134
94	1144
94	1159
94	1358
94	1398
96	120
96	290
96	339
96	711
96	817
96	824
96	1101
96	1166
96	1232
96	1414
105	119
105	140
105	155
105	180
105	203
105	223
105	361
105	369
105	419
105	509
105	639
105	785
105	789
105	819
105	864
105	914
105	947
105	989
105	1024
105	1045
105	1048
105	1054
105	1182
105	1193
105	1199
105	1230
105	1261
105	1406
106	155
106	202
106	203
106	361
106	419
106	479
106	488
106	509
106	644
106	819
106	864
106	974
106	1024
106	1054
106	1193
112	821
112	1297
118	296
118	328
118	466
118	474
118	480
118	873
118	876
118	1080
118	1343
118	1365
119	180
119	223
119	369
119	592
119	677
119	789
119	854
119	947
119	1086
119	1093
119	1182
119	1193
119	1199
119	1434
119	1439
120	290
120	339
120	711
120	817
120	824
120	1101
120	1232
120	1414
121	170
121	368
121	410
121	491
121	519
121	655
121	1209
121	1263
121	1335
121	1500
123	560
123	1205
126	269
128	489
128	539
128	1012
128	1051
128	1286
128	1298
128	1304
128	1316
131	261
131	641
131	1075
131	1390
131	1461
135	688
136	416
137	385
139	995
140	180
140	203
140	497
140	515
140	785
140	1045
140	1121
140	1134
141	693
142	152
143	403
143	862
143	1134
143	1144
143	1159
143	1411
145	240
145	668
145	808
145	811
145	981
149	222
149	270
149	364
149	485
149	650
153	1234
155	180
155	202
155	203
155	223
155	361
155	419
155	509
155	639
155	644
155	785
155	819
155	864
155	914
155	940
155	974
155	989
155	1024
155	1048
155	1054
155	1182
155	1193
155	1230
155	1349
155	1423
157	212
157	578
157	594
157	1208
157	1256
157	1284
157	1290
162	1445
163	681
163	906
164	498
166	269
166	403
166	691
166	826
166	924
166	1411
168	348
168	442
168	452
168	681
168	770
168	863
168	1366
168	1507
169	1369
170	410
170	491
170	519
170	655
170	1209
170	1263
170	1335
170	1500
171	466
171	1015
171	1384
173	590
173	1227
174	642
175	296
175	424
175	458
175	466
175	527
175	1418
175	1445
176	759
180	202
180	203
180	223
180	256
180	334
180	369
180	421
180	515
180	587
180	592
180	677
180	767
180	785
180	789
180	901
180	914
180	934
180	947
180	1009
180	1048
180	1086
180	1093
180	1120
180	1134
180	1159
180	1182
180	1233
180	1272
180	1367
180	1416
180	1439
180	1493
181	669
181	1031
182	803
182	828
182	997
190	596
190	765
190	883
194	946
202	203
202	243
202	361
202	399
202	419
202	479
202	488
202	509
202	644
202	646
202	695
202	785
202	819
202	862
202	864
202	914
202	974
202	989
202	1024
202	1048
202	1054
202	1134
202	1193
202	1230
202	1272
202	1349
202	1358
202	1411
203	361
203	393
203	419
203	479
203	509
203	515
203	559
203	583
203	639
203	644
203	785
203	819
203	864
203	914
203	974
203	989
203	1024
203	1048
203	1054
203	1121
203	1193
203	1230
203	1261
203	1406
204	276
204	349
204	683
210	799
212	578
212	594
212	1208
212	1256
212	1284
212	1290
212	1514
214	838
214	954
217	255
217	336
219	356
219	440
219	494
219	554
219	565
219	1030
219	1327
219	1344
219	1347
219	1418
219	1512
220	295
220	535
220	723
220	834
220	1360
222	239
222	292
222	364
222	485
222	650
222	706
222	708
222	1278
223	334
223	369
223	421
223	587
223	592
223	677
223	767
223	789
223	901
223	934
223	947
223	1086
223	1093
223	1120
223	1182
223	1233
223	1253
223	1367
223	1416
223	1439
226	1234
229	1277
229	1430
231	472
231	558
231	818
231	1371
231	1463
239	292
239	706
239	1278
240	668
240	808
240	981
243	361
243	419
243	509
243	644
243	819
243	864
243	914
243	989
243	1024
243	1048
243	1054
243	1134
243	1159
243	1193
243	1230
244	1287
246	1013
247	378
256	265
256	403
256	654
256	862
256	914
256	1120
256	1134
256	1144
256	1159
256	1230
256	1272
256	1358
256	1398
256	1411
260	423
261	641
262	1061
262	1129
263	1030
265	403
265	654
265	826
265	1134
265	1144
265	1159
265	1272
265	1358
269	403
269	509
269	654
269	691
269	826
269	1144
269	1411
270	374
270	889
270	1056
270	1116
272	682
272	831
272	927
272	1191
272	1351
273	754
273	1222
273	1365
273	1505
276	349
276	683
280	601
282	775
282	1179
282	1215
282	1344
282	1455
282	1512
290	339
290	711
290	817
290	1101
290	1166
290	1232
290	1414
291	368
291	500
291	624
291	921
291	1123
291	1451
292	706
292	1278
295	472
295	723
295	834
295	1360
296	337
296	424
296	458
296	466
296	527
296	1042
296	1080
296	1365
296	1418
296	1445
297	327
297	593
297	812
297	830
297	840
297	874
297	929
297	972
297	1206
297	1336
298	499
298	581
298	894
309	556
309	662
310	325
310	333
310	357
310	614
310	861
310	895
310	1072
310	1108
310	1146
310	1225
310	1326
311	432
311	484
311	524
311	709
311	1226
315	331
315	350
315	603
315	820
315	1391
323	859
325	333
325	357
325	614
325	861
325	895
325	1072
325	1108
325	1146
325	1192
325	1326
327	593
327	812
327	830
327	840
327	874
327	929
327	972
327	1079
327	1206
328	480
328	873
328	876
328	1069
328	1075
328	1461
331	350
331	603
331	820
331	1391
333	357
333	614
333	861
333	895
333	1072
333	1108
333	1146
333	1225
333	1326
334	369
334	400
334	421
334	587
334	677
334	767
334	789
334	901
334	934
334	947
334	1009
334	1086
334	1093
334	1182
334	1416
334	1439
334	1493
336	1127
337	466
337	1445
339	711
339	817
339	1101
339	1232
339	1414
341	391
341	665
341	1350
343	561
343	1385
345	452
345	863
345	906
346	592
347	1118
348	442
348	452
348	681
348	770
348	863
348	1366
348	1507
349	962
350	603
350	820
350	1391
356	554
356	565
356	1030
356	1327
356	1344
356	1347
356	1418
356	1512
357	569
357	861
357	1072
357	1146
361	509
361	644
361	646
361	785
361	819
361	864
361	940
361	989
361	1024
361	1048
361	1054
361	1193
362	412
362	514
363	746
364	485
364	650
364	708
365	948
365	1098
365	1377
368	500
368	624
368	655
368	921
368	1123
368	1209
368	1451
369	421
369	529
369	587
369	592
369	677
369	767
369	789
369	901
369	934
369	947
369	1009
369	1086
369	1093
369	1182
369	1416
369	1439
369	1493
370	910
370	1459
370	1471
374	599
374	889
374	1056
374	1116
380	1287
381	575
387	490
389	1497
391	466
391	665
391	1350
392	428
392	613
392	648
395	615
395	807
395	990
395	1403
399	646
399	1048
400	587
400	1086
400	1416
401	903
401	1151
402	1204
403	469
403	646
403	654
403	691
403	826
403	862
403	1007
403	1027
403	1134
403	1144
403	1159
403	1272
403	1358
403	1398
403	1411
404	794
407	1084
408	1269
410	491
410	519
410	655
410	1209
410	1263
410	1335
410	1500
411	572
411	956
411	975
411	1098
411	1355
411	1446
412	514
414	439
415	464
418	825
419	479
419	488
419	509
419	583
419	644
419	785
419	819
419	864
419	914
419	940
419	974
419	989
419	1024
419	1048
419	1054
419	1193
419	1230
419	1261
419	1349
421	587
421	592
421	677
421	767
421	789
421	901
421	934
421	947
421	1009
421	1086
421	1093
421	1182
421	1416
421	1439
421	1493
422	834
422	1319
424	458
424	527
424	1418
424	1445
428	535
428	819
428	1024
428	1504
431	640
432	524
432	1226
433	674
433	1317
435	592
442	681
442	770
442	863
442	1507
445	902
450	497
450	515
450	1067
450	1430
452	515
452	556
452	568
452	681
452	770
452	863
452	906
452	1014
452	1133
452	1366
452	1438
452	1507
458	466
458	527
458	1418
458	1445
466	527
466	665
466	825
466	1015
466	1042
466	1080
466	1350
466	1418
466	1445
466	1502
467	535
469	654
469	1134
469	1144
469	1159
469	1411
470	584
472	535
472	834
472	945
479	488
479	509
479	583
479	836
479	914
479	974
479	1261
480	873
480	876
480	1069
480	1075
480	1080
480	1365
480	1461
483	625
483	1259
483	1378
484	524
484	709
484	1226
485	650
485	708
488	509
488	974
488	1048
488	1054
488	1230
488	1261
489	539
489	1012
489	1051
489	1103
489	1286
489	1298
489	1304
489	1316
491	519
491	655
491	1209
491	1263
491	1335
491	1500
494	554
494	1327
495	1079
497	728
497	785
497	1067
497	1430
499	581
499	894
500	624
500	921
500	1123
500	1451
509	583
509	639
509	644
509	646
509	654
509	785
509	819
509	862
509	864
509	914
509	974
509	989
509	990
509	1007
509	1024
509	1048
509	1054
509	1193
509	1230
509	1261
509	1411
510	629
514	540
515	681
515	785
515	863
515	906
515	1014
515	1093
515	1182
515	1207
515	1367
518	1394
519	655
519	1209
519	1263
519	1335
519	1500
524	709
524	1226
525	1219
525	1307
527	1418
527	1445
529	592
529	677
529	934
529	947
535	712
535	834
535	945
535	1320
537	1031
537	1293
539	1012
539	1051
539	1286
539	1298
539	1304
539	1316
541	1005
541	1514
545	1376
548	1088
551	1300
554	565
554	1030
554	1327
554	1344
554	1347
554	1418
554	1512
556	662
556	681
556	863
556	1507
558	1025
558	1357
558	1371
558	1463
559	819
559	864
559	974
560	1205
561	1385
563	1134
563	1199
565	1030
565	1327
565	1512
568	681
568	863
568	1366
568	1507
572	975
572	1355
572	1446
575	1015
575	1384
578	594
578	1208
578	1256
578	1284
578	1290
582	1492
583	974
583	1024
583	1054
583	1261
585	1154
585	1486
587	677
587	767
587	789
587	901
587	934
587	947
587	1086
587	1093
587	1182
587	1416
587	1439
590	793
590	1227
592	677
592	901
592	934
592	947
592	1009
592	1086
592	1182
592	1416
592	1439
593	644
593	812
593	830
593	840
593	874
593	929
593	972
593	1079
593	1206
593	1336
594	1208
594	1256
594	1284
594	1290
594	1514
596	765
599	889
599	1056
599	1116
602	648
603	820
603	1391
605	841
605	858
613	648
613	945
614	861
614	895
614	1108
614	1146
615	990
615	1403
620	945
623	728
624	921
624	1123
624	1209
624	1451
625	1259
625	1378
627	739
628	886
636	1239
639	785
639	819
639	864
639	989
639	1054
639	1121
639	1193
639	1261
641	1075
641	1390
641	1461
644	785
644	819
644	864
644	874
644	914
644	1024
644	1048
644	1054
644	1193
644	1362
646	654
646	864
646	1134
646	1411
646	1514
647	1318
648	945
650	708
654	691
654	826
654	862
654	1027
654	1120
654	1134
654	1144
654	1159
654	1272
654	1358
654	1398
654	1411
655	1209
655	1263
655	1335
655	1500
657	962
657	1200
661	691
661	826
661	1411
664	914
664	1233
665	1350
668	808
668	981
671	830
671	1421
674	1304
675	1344
675	1347
675	1455
675	1512
677	767
677	789
677	901
677	934
677	947
677	1009
677	1086
677	1093
677	1182
677	1416
677	1439
677	1493
678	681
680	1234
681	770
681	863
681	906
681	1014
681	1133
681	1366
681	1438
681	1507
682	831
682	927
682	1191
682	1351
691	826
691	1134
691	1144
691	1159
691	1272
691	1358
691	1411
695	1017
695	1045
701	1395
706	1278
708	945
709	1226
710	1130
710	1251
710	1422
711	817
711	1101
711	1166
711	1232
711	1414
712	1320
715	868
715	1319
716	1510
723	1360
731	835
733	816
733	1444
737	852
738	855
738	880
738	1179
738	1189
738	1343
738	1347
738	1512
738	1515
754	1365
755	1112
765	979
767	789
767	901
767	934
767	947
767	1009
767	1086
767	1093
767	1182
767	1416
767	1439
767	1493
769	1151
769	1426
770	863
770	1366
770	1507
775	1179
775	1215
775	1344
775	1455
775	1512
784	886
785	789
785	819
785	864
785	914
785	940
785	989
785	1024
785	1035
785	1048
785	1054
785	1121
785	1193
785	1406
785	1424
789	819
789	901
789	934
789	947
789	1009
789	1086
789	1093
789	1182
789	1253
789	1367
789	1416
789	1439
789	1493
790	1265
801	906
803	828
803	997
805	1228
805	1276
805	1346
807	1403
808	811
808	981
812	830
812	840
812	874
812	929
812	972
812	1079
812	1206
816	1444
817	1101
817	1166
817	1232
817	1414
819	864
819	914
819	974
819	989
819	1024
819	1048
819	1054
819	1086
819	1121
819	1182
819	1193
819	1230
819	1261
819	1514
820	1391
821	1297
824	1414
825	1015
826	1007
826	1134
826	1144
826	1159
826	1272
826	1358
826	1411
828	997
829	1134
829	1159
829	1398
830	840
830	874
830	929
830	972
830	1079
830	1206
830	1336
830	1421
831	927
831	1191
831	1351
832	1005
832	1514
838	954
839	1339
840	874
840	929
840	972
840	1206
841	858
841	918
841	1319
854	1193
854	1199
855	880
855	1179
855	1189
855	1343
855	1347
855	1512
855	1515
858	1038
861	895
861	1072
861	1108
861	1146
862	914
862	1134
862	1144
862	1159
862	1272
862	1358
862	1411
863	906
863	1014
863	1133
863	1366
863	1438
863	1507
864	914
864	974
864	989
864	1007
864	1024
864	1035
864	1048
864	1054
864	1182
864	1193
864	1230
864	1261
864	1423
868	1319
873	1075
873	1080
873	1365
874	929
874	972
874	1079
874	1206
876	1069
876	1075
876	1461
880	1179
880	1189
880	1343
880	1344
880	1347
880	1512
880	1515
889	1056
889	1116
890	1466
895	1072
895	1108
895	1146
895	1326
897	1214
898	1221
898	1499
901	934
901	947
901	1009
901	1086
901	1182
901	1416
901	1439
901	1493
903	1151
906	1014
906	1133
906	1438
910	1471
914	974
914	989
914	1017
914	1048
914	1054
914	1120
914	1134
914	1144
914	1182
914	1193
914	1230
914	1261
914	1272
914	1362
914	1411
918	962
921	1123
921	1451
924	1411
927	1351
929	972
929	1079
929	1206
934	947
934	1009
934	1086
934	1093
934	1182
934	1416
934	1439
934	1490
934	1493
939	1399
940	1048
940	1054
945	1327
947	1009
947	1086
947	1093
947	1182
947	1367
947	1416
947	1439
947	1493
948	1098
948	1377
952	1190
954	1408
954	1510
955	1181
960	1498
962	1319
972	1079
972	1206
974	1024
974	1048
974	1054
974	1193
974	1260
974	1261
975	1355
975	1446
986	1124
989	1024
989	1048
989	1054
989	1182
989	1193
989	1230
989	1260
1005	1514
1007	1024
1009	1086
1009	1182
1009	1416
1009	1439
1009	1493
1012	1286
1012	1298
1012	1304
1012	1316
1013	1467
1014	1438
1015	1088
1015	1502
1017	1045
1017	1054
1017	1134
1017	1193
1024	1048
1024	1054
1024	1193
1024	1230
1024	1261
1025	1357
1027	1055
1027	1134
1027	1159
1027	1272
1027	1411
1027	1424
1027	1501
1030	1327
1030	1347
1030	1512
1035	1048
1042	1445
1048	1054
1048	1134
1048	1182
1048	1193
1048	1230
1048	1261
1051	1286
1051	1298
1051	1304
1051	1316
1054	1134
1054	1144
1054	1159
1054	1193
1054	1230
1054	1261
1054	1349
1054	1411
1054	1423
1056	1116
1059	1393
1060	1123
1061	1129
1063	1436
1066	1418
1067	1430
1069	1075
1069	1461
1072	1108
1072	1146
1072	1225
1072	1326
1075	1080
1075	1390
1075	1418
1075	1461
1080	1303
1086	1093
1086	1182
1086	1416
1086	1439
1086	1493
1093	1120
1093	1182
1093	1253
1093	1416
1093	1439
1093	1493
1098	1377
1098	1406
1101	1232
1101	1414
1102	1167
1103	1298
1103	1304
1108	1146
1120	1134
1120	1159
1120	1182
1120	1272
1120	1358
1120	1416
1121	1193
1123	1451
1130	1251
1130	1422
1133	1368
1133	1438
1133	1507
1134	1144
1134	1159
1134	1182
1134	1233
1134	1272
1134	1358
1134	1362
1134	1398
1134	1411
1144	1159
1144	1272
1144	1358
1144	1398
1144	1411
1146	1225
1146	1326
1154	1486
1155	1408
1155	1510
1159	1272
1159	1358
1159	1362
1159	1398
1159	1411
1179	1189
1179	1215
1179	1343
1179	1344
1179	1347
1179	1455
1179	1512
1179	1515
1180	1289
1182	1193
1182	1367
1182	1406
1182	1416
1182	1439
1182	1493
1189	1343
1189	1344
1189	1347
1189	1512
1189	1515
1191	1351
1193	1230
1193	1261
1199	1302
1199	1434
1206	1336
1208	1242
1208	1256
1208	1284
1208	1290
1209	1263
1209	1335
1209	1500
1215	1344
1215	1347
1215	1455
1215	1512
1219	1307
1221	1499
1222	1505
1228	1276
1228	1324
1228	1346
1232	1414
1242	1256
1242	1284
1242	1290
1250	1395
1251	1422
1253	1439
1256	1284
1256	1290
1259	1378
1263	1335
1263	1500
1271	1491
1272	1358
1272	1398
1272	1411
1276	1324
1276	1346
1277	1430
1284	1290
1286	1298
1286	1304
1286	1316
1298	1304
1304	1316
1319	1327
1320	1445
1327	1344
1327	1347
1327	1418
1327	1455
1327	1512
1330	1461
1335	1500
1343	1344
1343	1347
1343	1512
1343	1515
1344	1347
1344	1455
1344	1512
1344	1515
1347	1418
1347	1455
1347	1512
1347	1515
1353	1412
1355	1446
1357	1497
1358	1398
1358	1411
1366	1438
1366	1507
1367	1416
1367	1493
1371	1463
1390	1461
1395	1440
1398	1411
1408	1510
1416	1439
1416	1493
1418	1445
1418	1512
1438	1507
1439	1490
1439	1493
1455	1512
1512	1515
343	0
561	0
1385	0
939	1
1399	1
394	2
657	2
962	2
537	3
1031	3
296	4
337	4
1445	4
596	5
1025	8
1059	9
1393	9
81	10
90	10
466	10
850	10
123	12
560	12
1205	12
428	13
733	14
816	14
1444	14
62	15
180	15
202	15
361	15
365	15
785	15
819	15
948	15
1098	15
1193	15
1377	15
297	17
327	17
593	17
812	17
830	17
840	17
874	17
929	17
972	17
1079	17
1206	17
1336	17
1181	18
671	23
830	23
1421	23
680	24
1234	24
695	26
819	26
1017	26
1045	26
1048	26
1051	28
1080	28
1254	28
46	30
63	30
105	30
119	30
180	30
223	30
334	30
369	30
421	30
587	30
592	30
677	30
767	30
789	30
901	30
934	30
947	30
1009	30
1086	30
1093	30
1120	30
1182	30
1253	30
1398	30
1416	30
1439	30
1493	30
142	33
152	33
545	34
1376	34
168	35
348	35
442	35
452	35
568	35
681	35
770	35
863	35
1366	35
1507	35
52	36
62	36
63	36
106	36
155	36
202	36
203	36
243	36
419	36
479	36
488	36
509	36
644	36
819	36
864	36
914	36
940	36
974	36
991	36
1024	36
1048	36
1054	36
1193	36
1230	36
1261	36
1265	38
310	39
325	39
333	39
614	39
861	39
895	39
1072	39
1108	39
1146	39
1225	39
1326	39
1516	41
263	42
1030	42
260	44
62	46
63	46
105	46
119	46
140	46
155	46
180	46
202	46
203	46
223	46
334	46
361	46
369	46
419	46
509	46
515	46
563	46
592	46
639	46
644	46
785	46
789	46
819	46
864	46
901	46
914	46
934	46
947	46
974	46
989	46
1024	46
1048	46
1054	46
1086	46
1093	46
1098	46
1120	46
1134	46
1182	46
1193	46
1233	46
1377	46
1416	46
1100	48
96	51
120	51
290	51
339	51
711	51
817	51
1101	51
1232	51
1414	51
62	52
106	52
202	52
203	52
419	52
479	52
488	52
509	52
583	52
813	52
819	52
864	52
914	52
974	52
1024	52
1048	52
1054	52
1230	52
1261	52
818	55
392	60
428	60
516	60
63	62
94	62
105	62
106	62
155	62
202	62
203	62
243	62
361	62
419	62
509	62
644	62
785	62
819	62
864	62
914	62
974	62
1024	62
1048	62
1054	62
1134	62
1182	62
1193	62
1230	62
1272	62
105	63
119	63
155	63
180	63
203	63
223	63
243	63
346	63
361	63
411	63
419	63
644	63
785	63
819	63
864	63
914	63
974	63
989	63
1024	63
1048	63
1054	63
1120	63
1134	63
1182	63
1193	63
1233	63
1406	63
1439	63
146	64
1128	67
88	69
805	73
1228	73
1276	73
1324	73
1346	73
710	75
1130	75
1251	75
1422	75
202	79
90	81
466	81
548	81
825	81
1015	81
1018	81
1088	81
1502	81
260	86
262	87
1061	87
1129	87
231	88
558	88
850	90
896	91
1111	91
1452	91
180	94
256	94
654	94
914	94
1054	94
1120	94
1134	94
1144	94
1159	94
1358	94
1398	94
120	96
290	96
339	96
711	96
817	96
824	96
1101	96
1166	96
1232	96
1414	96
119	105
140	105
155	105
180	105
203	105
223	105
361	105
369	105
419	105
509	105
639	105
785	105
789	105
819	105
864	105
914	105
947	105
989	105
1024	105
1045	105
1048	105
1054	105
1182	105
1193	105
1199	105
1230	105
1261	105
1406	105
155	106
202	106
203	106
361	106
419	106
479	106
488	106
509	106
644	106
819	106
864	106
974	106
1024	106
1054	106
1193	106
821	112
1297	112
296	118
328	118
466	118
474	118
480	118
873	118
876	118
1080	118
1343	118
1365	118
180	119
223	119
369	119
592	119
677	119
789	119
854	119
947	119
1086	119
1093	119
1182	119
1193	119
1199	119
1434	119
1439	119
290	120
339	120
711	120
817	120
824	120
1101	120
1232	120
1414	120
170	121
368	121
410	121
491	121
519	121
655	121
1209	121
1263	121
1335	121
1500	121
560	123
1205	123
269	126
489	128
539	128
1012	128
1051	128
1286	128
1298	128
1304	128
1316	128
261	131
641	131
1075	131
1390	131
1461	131
688	135
416	136
385	137
995	139
180	140
203	140
497	140
515	140
785	140
1045	140
1121	140
1134	140
693	141
152	142
403	143
862	143
1134	143
1144	143
1159	143
1411	143
240	145
668	145
808	145
811	145
981	145
222	149
270	149
364	149
485	149
650	149
1234	153
180	155
202	155
203	155
223	155
361	155
419	155
509	155
639	155
644	155
785	155
819	155
864	155
914	155
940	155
974	155
989	155
1024	155
1048	155
1054	155
1182	155
1193	155
1230	155
1349	155
1423	155
212	157
578	157
594	157
1208	157
1256	157
1284	157
1290	157
1445	162
681	163
906	163
498	164
269	166
403	166
691	166
826	166
924	166
1411	166
348	168
442	168
452	168
681	168
770	168
863	168
1366	168
1507	168
1369	169
410	170
491	170
519	170
655	170
1209	170
1263	170
1335	170
1500	170
466	171
1015	171
1384	171
590	173
1227	173
642	174
296	175
424	175
458	175
466	175
527	175
1418	175
1445	175
759	176
202	180
203	180
223	180
256	180
334	180
369	180
421	180
515	180
587	180
592	180
677	180
767	180
785	180
789	180
901	180
914	180
934	180
947	180
1009	180
1048	180
1086	180
1093	180
1120	180
1134	180
1159	180
1182	180
1233	180
1272	180
1367	180
1416	180
1439	180
1493	180
669	181
1031	181
803	182
828	182
997	182
596	190
765	190
883	190
946	194
203	202
243	202
361	202
399	202
419	202
479	202
488	202
509	202
644	202
646	202
695	202
785	202
819	202
862	202
864	202
914	202
974	202
989	202
1024	202
1048	202
1054	202
1134	202
1193	202
1230	202
1272	202
1349	202
1358	202
1411	202
361	203
393	203
419	203
479	203
509	203
515	203
559	203
583	203
639	203
644	203
785	203
819	203
864	203
914	203
974	203
989	203
1024	203
1048	203
1054	203
1121	203
1193	203
1230	203
1261	203
1406	203
276	204
349	204
683	204
799	210
578	212
594	212
1208	212
1256	212
1284	212
1290	212
1514	212
838	214
954	214
255	217
336	217
356	219
440	219
494	219
554	219
565	219
1030	219
1327	219
1344	219
1347	219
1418	219
1512	219
295	220
535	220
723	220
834	220
1360	220
239	222
292	222
364	222
485	222
650	222
706	222
708	222
1278	222
334	223
369	223
421	223
587	223
592	223
677	223
767	223
789	223
901	223
934	223
947	223
1086	223
1093	223
1120	223
1182	223
1233	223
1253	223
1367	223
1416	223
1439	223
1234	226
1277	229
1430	229
472	231
558	231
818	231
1371	231
1463	231
292	239
706	239
1278	239
668	240
808	240
981	240
361	243
419	243
509	243
644	243
819	243
864	243
914	243
989	243
1024	243
1048	243
1054	243
1134	243
1159	243
1193	243
1230	243
1287	244
1013	246
378	247
265	256
403	256
654	256
862	256
914	256
1120	256
1134	256
1144	256
1159	256
1230	256
1272	256
1358	256
1398	256
1411	256
423	260
641	261
1061	262
1129	262
1030	263
403	265
654	265
826	265
1134	265
1144	265
1159	265
1272	265
1358	265
403	269
509	269
654	269
691	269
826	269
1144	269
1411	269
374	270
889	270
1056	270
1116	270
682	272
831	272
927	272
1191	272
1351	272
754	273
1222	273
1365	273
1505	273
349	276
683	276
601	280
775	282
1179	282
1215	282
1344	282
1455	282
1512	282
339	290
711	290
817	290
1101	290
1166	290
1232	290
1414	290
368	291
500	291
624	291
921	291
1123	291
1451	291
706	292
1278	292
472	295
723	295
834	295
1360	295
337	296
424	296
458	296
466	296
527	296
1042	296
1080	296
1365	296
1418	296
1445	296
327	297
593	297
812	297
830	297
840	297
874	297
929	297
972	297
1206	297
1336	297
499	298
581	298
894	298
556	309
662	309
325	310
333	310
357	310
614	310
861	310
895	310
1072	310
1108	310
1146	310
1225	310
1326	310
432	311
484	311
524	311
709	311
1226	311
331	315
350	315
603	315
820	315
1391	315
859	323
333	325
357	325
614	325
861	325
895	325
1072	325
1108	325
1146	325
1192	325
1326	325
593	327
812	327
830	327
840	327
874	327
929	327
972	327
1079	327
1206	327
480	328
873	328
876	328
1069	328
1075	328
1461	328
350	331
603	331
820	331
1391	331
357	333
614	333
861	333
895	333
1072	333
1108	333
1146	333
1225	333
1326	333
369	334
400	334
421	334
587	334
677	334
767	334
789	334
901	334
934	334
947	334
1009	334
1086	334
1093	334
1182	334
1416	334
1439	334
1493	334
1127	336
466	337
1445	337
711	339
817	339
1101	339
1232	339
1414	339
391	341
665	341
1350	341
561	343
1385	343
452	345
863	345
906	345
592	346
1118	347
442	348
452	348
681	348
770	348
863	348
1366	348
1507	348
962	349
603	350
820	350
1391	350
554	356
565	356
1030	356
1327	356
1344	356
1347	356
1418	356
1512	356
569	357
861	357
1072	357
1146	357
509	361
644	361
646	361
785	361
819	361
864	361
940	361
989	361
1024	361
1048	361
1054	361
1193	361
412	362
514	362
746	363
485	364
650	364
708	364
948	365
1098	365
1377	365
500	368
624	368
655	368
921	368
1123	368
1209	368
1451	368
421	369
529	369
587	369
592	369
677	369
767	369
789	369
901	369
934	369
947	369
1009	369
1086	369
1093	369
1182	369
1416	369
1439	369
1493	369
910	370
1459	370
1471	370
599	374
889	374
1056	374
1116	374
1287	380
575	381
490	387
1497	389
466	391
665	391
1350	391
428	392
613	392
648	392
615	395
807	395
990	395
1403	395
646	399
1048	399
587	400
1086	400
1416	400
903	401
1151	401
1204	402
469	403
646	403
654	403
691	403
826	403
862	403
1007	403
1027	403
1134	403
1144	403
1159	403
1272	403
1358	403
1398	403
1411	403
794	404
1084	407
1269	408
491	410
519	410
655	410
1209	410
1263	410
1335	410
1500	410
572	411
956	411
975	411
1098	411
1355	411
1446	411
514	412
439	414
464	415
825	418
479	419
488	419
509	419
583	419
644	419
785	419
819	419
864	419
914	419
940	419
974	419
989	419
1024	419
1048	419
1054	419
1193	419
1230	419
1261	419
1349	419
587	421
592	421
677	421
767	421
789	421
901	421
934	421
947	421
1009	421
1086	421
1093	421
1182	421
1416	421
1439	421
1493	421
834	422
1319	422
458	424
527	424
1418	424
1445	424
535	428
819	428
1024	428
1504	428
640	431
524	432
1226	432
674	433
1317	433
592	435
681	442
770	442
863	442
1507	442
902	445
497	450
515	450
1067	450
1430	450
515	452
556	452
568	452
681	452
770	452
863	452
906	452
1014	452
1133	452
1366	452
1438	452
1507	452
466	458
527	458
1418	458
1445	458
527	466
665	466
825	466
1015	466
1042	466
1080	466
1350	466
1418	466
1445	466
1502	466
535	467
654	469
1134	469
1144	469
1159	469
1411	469
584	470
535	472
834	472
945	472
488	479
509	479
583	479
836	479
914	479
974	479
1261	479
873	480
876	480
1069	480
1075	480
1080	480
1365	480
1461	480
625	483
1259	483
1378	483
524	484
709	484
1226	484
650	485
708	485
509	488
974	488
1048	488
1054	488
1230	488
1261	488
539	489
1012	489
1051	489
1103	489
1286	489
1298	489
1304	489
1316	489
519	491
655	491
1209	491
1263	491
1335	491
1500	491
554	494
1327	494
1079	495
728	497
785	497
1067	497
1430	497
581	499
894	499
624	500
921	500
1123	500
1451	500
583	509
639	509
644	509
646	509
654	509
785	509
819	509
862	509
864	509
914	509
974	509
989	509
990	509
1007	509
1024	509
1048	509
1054	509
1193	509
1230	509
1261	509
1411	509
629	510
540	514
681	515
785	515
863	515
906	515
1014	515
1093	515
1182	515
1207	515
1367	515
1394	518
655	519
1209	519
1263	519
1335	519
1500	519
709	524
1226	524
1219	525
1307	525
1418	527
1445	527
592	529
677	529
934	529
947	529
712	535
834	535
945	535
1320	535
1031	537
1293	537
1012	539
1051	539
1286	539
1298	539
1304	539
1316	539
1005	541
1514	541
1376	545
1088	548
1300	551
565	554
1030	554
1327	554
1344	554
1347	554
1418	554
1512	554
662	556
681	556
863	556
1507	556
1025	558
1357	558
1371	558
1463	558
819	559
864	559
974	559
1205	560
1385	561
1134	563
1199	563
1030	565
1327	565
1512	565
681	568
863	568
1366	568
1507	568
975	572
1355	572
1446	572
1015	575
1384	575
594	578
1208	578
1256	578
1284	578
1290	578
1492	582
974	583
1024	583
1054	583
1261	583
1154	585
1486	585
677	587
767	587
789	587
901	587
934	587
947	587
1086	587
1093	587
1182	587
1416	587
1439	587
793	590
1227	590
677	592
901	592
934	592
947	592
1009	592
1086	592
1182	592
1416	592
1439	592
644	593
812	593
830	593
840	593
874	593
929	593
972	593
1079	593
1206	593
1336	593
1208	594
1256	594
1284	594
1290	594
1514	594
765	596
889	599
1056	599
1116	599
648	602
820	603
1391	603
841	605
858	605
648	613
945	613
861	614
895	614
1108	614
1146	614
990	615
1403	615
945	620
728	623
921	624
1123	624
1209	624
1451	624
1259	625
1378	625
739	627
886	628
1239	636
785	639
819	639
864	639
989	639
1054	639
1121	639
1193	639
1261	639
1075	641
1390	641
1461	641
785	644
819	644
864	644
874	644
914	644
1024	644
1048	644
1054	644
1193	644
1362	644
654	646
864	646
1134	646
1411	646
1514	646
1318	647
945	648
708	650
691	654
826	654
862	654
1027	654
1120	654
1134	654
1144	654
1159	654
1272	654
1358	654
1398	654
1411	654
1209	655
1263	655
1335	655
1500	655
962	657
1200	657
691	661
826	661
1411	661
914	664
1233	664
1350	665
808	668
981	668
830	671
1421	671
1304	674
1344	675
1347	675
1455	675
1512	675
767	677
789	677
901	677
934	677
947	677
1009	677
1086	677
1093	677
1182	677
1416	677
1439	677
1493	677
681	678
1234	680
770	681
863	681
906	681
1014	681
1133	681
1366	681
1438	681
1507	681
831	682
927	682
1191	682
1351	682
826	691
1134	691
1144	691
1159	691
1272	691
1358	691
1411	691
1017	695
1045	695
1395	701
1278	706
945	708
1226	709
1130	710
1251	710
1422	710
817	711
1101	711
1166	711
1232	711
1414	711
1320	712
868	715
1319	715
1510	716
1360	723
835	731
816	733
1444	733
852	737
855	738
880	738
1179	738
1189	738
1343	738
1347	738
1512	738
1515	738
1365	754
1112	755
979	765
789	767
901	767
934	767
947	767
1009	767
1086	767
1093	767
1182	767
1416	767
1439	767
1493	767
1151	769
1426	769
863	770
1366	770
1507	770
1179	775
1215	775
1344	775
1455	775
1512	775
886	784
789	785
819	785
864	785
914	785
940	785
989	785
1024	785
1035	785
1048	785
1054	785
1121	785
1193	785
1406	785
1424	785
819	789
901	789
934	789
947	789
1009	789
1086	789
1093	789
1182	789
1253	789
1367	789
1416	789
1439	789
1493	789
1265	790
906	801
828	803
997	803
1228	805
1276	805
1346	805
1403	807
811	808
981	808
830	812
840	812
874	812
929	812
972	812
1079	812
1206	812
1444	816
1101	817
1166	817
1232	817
1414	817
864	819
914	819
974	819
989	819
1024	819
1048	819
1054	819
1086	819
1121	819
1182	819
1193	819
1230	819
1261	819
1514	819
1391	820
1297	821
1414	824
1015	825
1007	826
1134	826
1144	826
1159	826
1272	826
1358	826
1411	826
997	828
1134	829
1159	829
1398	829
840	830
874	830
929	830
972	830
1079	830
1206	830
1336	830
1421	830
927	831
1191	831
1351	831
1005	832
1514	832
954	838
1339	839
874	840
929	840
972	840
1206	840
858	841
918	841
1319	841
1193	854
1199	854
880	855
1179	855
1189	855
1343	855
1347	855
1512	855
1515	855
1038	858
895	861
1072	861
1108	861
1146	861
914	862
1134	862
1144	862
1159	862
1272	862
1358	862
1411	862
906	863
1014	863
1133	863
1366	863
1438	863
1507	863
914	864
974	864
989	864
1007	864
1024	864
1035	864
1048	864
1054	864
1182	864
1193	864
1230	864
1261	864
1423	864
1319	868
1075	873
1080	873
1365	873
929	874
972	874
1079	874
1206	874
1069	876
1075	876
1461	876
1179	880
1189	880
1343	880
1344	880
1347	880
1512	880
1515	880
1056	889
1116	889
1466	890
1072	895
1108	895
1146	895
1326	895
1214	897
1221	898
1499	898
934	901
947	901
1009	901
1086	901
1182	901
1416	901
1439	901
1493	901
1151	903
1014	906
1133	906
1438	906
1471	910
974	914
989	914
1017	914
1048	914
1054	914
1120	914
1134	914
1144	914
1182	914
1193	914
1230	914
1261	914
1272	914
1362	914
1411	914
962	918
1123	921
1451	921
1411	924
1351	927
972	929
1079	929
1206	929
947	934
1009	934
1086	934
1093	934
1182	934
1416	934
1439	934
1490	934
1493	934
1399	939
1048	940
1054	940
1327	945
1009	947
1086	947
1093	947
1182	947
1367	947
1416	947
1439	947
1493	947
1098	948
1377	948
1190	952
1408	954
1510	954
1181	955
1498	960
1319	962
1079	972
1206	972
1024	974
1048	974
1054	974
1193	974
1260	974
1261	974
1355	975
1446	975
1124	986
1024	989
1048	989
1054	989
1182	989
1193	989
1230	989
1260	989
1514	1005
1024	1007
1086	1009
1182	1009
1416	1009
1439	1009
1493	1009
1286	1012
1298	1012
1304	1012
1316	1012
1467	1013
1438	1014
1088	1015
1502	1015
1045	1017
1054	1017
1134	1017
1193	1017
1048	1024
1054	1024
1193	1024
1230	1024
1261	1024
1357	1025
1055	1027
1134	1027
1159	1027
1272	1027
1411	1027
1424	1027
1501	1027
1327	1030
1347	1030
1512	1030
1048	1035
1445	1042
1054	1048
1134	1048
1182	1048
1193	1048
1230	1048
1261	1048
1286	1051
1298	1051
1304	1051
1316	1051
1134	1054
1144	1054
1159	1054
1193	1054
1230	1054
1261	1054
1349	1054
1411	1054
1423	1054
1116	1056
1393	1059
1123	1060
1129	1061
1436	1063
1418	1066
1430	1067
1075	1069
1461	1069
1108	1072
1146	1072
1225	1072
1326	1072
1080	1075
1390	1075
1418	1075
1461	1075
1303	1080
1093	1086
1182	1086
1416	1086
1439	1086
1493	1086
1120	1093
1182	1093
1253	1093
1416	1093
1439	1093
1493	1093
1377	1098
1406	1098
1232	1101
1414	1101
1167	1102
1298	1103
1304	1103
1146	1108
1134	1120
1159	1120
1182	1120
1272	1120
1358	1120
1416	1120
1193	1121
1451	1123
1251	1130
1422	1130
1368	1133
1438	1133
1507	1133
1144	1134
1159	1134
1182	1134
1233	1134
1272	1134
1358	1134
1362	1134
1398	1134
1411	1134
1159	1144
1272	1144
1358	1144
1398	1144
1411	1144
1225	1146
1326	1146
1486	1154
1408	1155
1510	1155
1272	1159
1358	1159
1362	1159
1398	1159
1411	1159
1189	1179
1215	1179
1343	1179
1344	1179
1347	1179
1455	1179
1512	1179
1515	1179
1289	1180
1193	1182
1367	1182
1406	1182
1416	1182
1439	1182
1493	1182
1343	1189
1344	1189
1347	1189
1512	1189
1515	1189
1351	1191
1230	1193
1261	1193
1302	1199
1434	1199
1336	1206
1242	1208
1256	1208
1284	1208
1290	1208
1263	1209
1335	1209
1500	1209
1344	1215
1347	1215
1455	1215
1512	1215
1307	1219
1499	1221
1505	1222
1276	1228
1324	1228
1346	1228
1414	1232
1256	1242
1284	1242
1290	1242
1395	1250
1422	1251
1439	1253
1284	1256
1290	1256
1378	1259
1335	1263
1500	1263
1491	1271
1358	1272
1398	1272
1411	1272
1324	1276
1346	1276
1430	1277
1290	1284
1298	1286
1304	1286
1316	1286
1304	1298
1316	1304
1327	1319
1445	1320
1344	1327
1347	1327
1418	1327
1455	1327
1512	1327
1461	1330
1500	1335
1344	1343
1347	1343
1512	1343
1515	1343
1347	1344
1455	1344
1512	1344
1515	1344
1418	1347
1455	1347
1512	1347
1515	1347
1412	1353
1446	1355
1497	1357
1398	1358
1411	1358
1438	1366
1507	1366
1416	1367
1493	1367
1463	1371
1461	1390
1440	1395
1411	1398
1510	1408
1439	1416
1493	1416
1445	1418
1512	1418
1507	1438
1490	1439
1493	1439
1512	1455
1515	1512
