2	394
2	634
2	657
2	962
7	679
12	123
12	560
12	1205
13	428
14	733
14	1444
15	70
15	202
15	266
15	361
15	365
15	382
15	819
15	908
15	948
15	1140
15	1377
15	1432
16	1050
17	593
17	874
17	929
17	972
17	1206
17	1336
17	1487
19	1328
20	1380
21	1031
23	104
23	124
23	911
26	695
26	819
26	1017
26	1309
26	1432
28	29
28	547
29	303
29	547
33	152
35	442
35	452
35	531
35	568
35	681
35	863
35	1131
35	1507
37	731
37	835
39	84
39	165
39	310
39	371
39	614
39	861
39	895
39	1022
39	1036
39	1072
39	1108
39	1217
39	1326
42	263
46	70
46	119
46	140
46	155
46	202
46	223
46	334
46	361
46	369
46	373
46	419
46	509
46	515
46	563
46	576
46	592
46	635
46	639
46	780
46	789
46	819
46	864
46	901
46	908
46	934
46	947
46	974
46	989
46	1026
46	1054
46	1086
46	1090
46	1093
46	1109
46	1120
46	1134
46	1182
46	1233
46	1309
46	1377
46	1388
46	1410
46	1432
47	452
47	681
47	863
47	1507
49	272
49	682
49	1351
50	342
50	1134
50	1411
51	96
51	120
51	251
51	521
51	598
51	637
51	817
51	1101
51	1414
53	121
53	410
53	491
53	519
53	653
53	655
53	1089
53	1282
53	1335
53	1500
55	818
56	1267
59	235
59	998
59	1405
61	535
61	818
67	1128
70	266
70	365
70	948
70	1140
70	1213
70	1309
70	1377
70	1406
70	1446
71	285
71	353
71	368
71	624
71	666
71	1028
71	1033
71	1123
71	1451
73	1276
73	1346
76	994
77	284
77	405
77	704
77	941
77	1470
78	992
78	1268
79	202
79	696
79	713
80	315
80	820
84	165
84	310
84	357
84	371
84	614
84	861
84	895
84	1022
84	1036
84	1072
84	1108
84	1217
84	1326
85	1312
85	1385
86	294
96	120
96	251
96	521
96	598
96	637
96	817
96	824
96	1101
96	1166
96	1341
96	1414
102	215
102	562
104	911
108	1062
108	1457
119	223
119	369
119	592
119	677
119	789
119	854
119	947
119	1086
119	1093
119	1182
119	1199
119	1309
119	1388
119	1434
120	251
120	521
120	598
120	637
120	817
120	824
120	1101
120	1414
121	368
121	410
121	491
121	519
121	653
121	655
121	1089
121	1282
121	1335
121	1500
122	314
122	374
122	599
122	1313
123	560
123	1205
124	911
129	310
129	1022
129	1072
129	1108
129	1217
131	468
131	1241
131	1390
136	416
140	497
140	515
140	531
140	597
140	1092
140	1134
140	1309
143	403
143	862
143	1134
143	1144
143	1159
143	1411
145	240
145	808
145	981
147	351
147	1015
147	1384
148	841
148	918
148	1273
150	398
150	1468
151	160
151	328
151	564
151	876
151	993
153	1234
155	202
155	223
155	361
155	373
155	419
155	492
155	493
155	509
155	635
155	639
155	722
155	780
155	819
155	864
155	908
155	940
155	974
155	989
155	1026
155	1054
155	1109
155	1182
155	1309
155	1341
155	1410
155	1423
160	328
160	564
160	876
160	993
161	223
161	334
161	369
161	576
161	677
161	690
161	756
161	789
161	888
161	901
161	934
161	947
161	958
161	1009
161	1086
161	1093
161	1182
161	1493
162	1445
165	310
165	357
165	371
165	614
165	861
165	895
165	1022
165	1036
165	1072
165	1108
165	1217
165	1326
166	269
166	403
166	622
166	691
166	826
166	924
166	1411
169	1369
174	1172
175	296
175	424
175	1158
175	1445
176	457
176	759
178	222
178	496
178	616
178	650
178	708
178	856
178	1143
179	856
183	360
183	452
183	681
183	787
183	863
183	1043
183	1092
183	1125
183	1133
183	1438
183	1483
183	1507
185	1432
186	760
188	936
191	597
191	849
191	1063
191	1222
191	1436
194	946
198	1404
200	1171
200	1251
202	361
202	373
202	419
202	479
202	492
202	493
202	509
202	579
202	635
202	695
202	722
202	780
202	819
202	862
202	864
202	908
202	974
202	989
202	1026
202	1054
202	1109
202	1134
202	1272
202	1279
202	1309
202	1358
202	1410
202	1411
202	1432
205	309
205	681
205	827
205	863
205	1043
205	1092
211	370
214	504
215	253
215	562
216	230
217	552
217	748
220	535
220	723
220	1360
222	292
222	496
222	616
222	650
222	706
222	708
222	856
222	1073
222	1278
223	326
223	334
223	369
223	576
223	592
223	677
223	789
223	888
223	901
223	934
223	947
223	1086
223	1093
223	1120
223	1182
223	1233
223	1253
223	1309
223	1388
224	252
224	738
224	1179
224	1238
224	1343
224	1512
226	1234
229	749
229	1277
234	283
235	998
236	664
240	808
240	981
244	758
245	499
247	378
251	521
251	598
251	637
251	817
251	1101
251	1341
251	1414
252	738
252	1179
252	1238
252	1343
256	382
256	403
256	579
256	654
256	722
256	862
256	908
256	1078
256	1120
256	1134
256	1144
256	1159
256	1272
256	1358
256	1388
256	1411
262	1061
264	1004
264	1122
266	948
266	1140
266	1309
267	1275
269	403
269	492
269	509
269	579
269	622
269	654
269	691
269	826
269	908
269	1144
269	1411
272	682
272	927
272	1351
273	523
273	754
273	1222
273	1505
274	847
274	945
275	917
276	349
276	683
276	1047
276	1145
276	1218
280	601
282	775
282	1179
282	1215
282	1512
284	405
284	704
284	941
284	1470
285	353
285	368
285	624
285	1033
285	1060
285	1123
285	1451
289	780
292	706
292	1073
292	1278
296	337
296	424
296	553
296	1002
296	1042
296	1158
296	1445
303	328
303	523
303	547
303	993
304	993
309	827
309	1043
309	1092
310	357
310	371
310	614
310	861
310	895
310	1022
310	1036
310	1072
310	1108
310	1217
310	1326
311	1226
314	374
314	599
314	1313
315	350
315	820
315	1000
318	721
320	578
320	594
320	1208
320	1290
320	1514
324	1147
324	1508
326	592
326	677
326	744
326	789
326	888
326	947
326	1182
326	1233
326	1249
326	1309
328	564
328	873
328	876
328	993
330	910
334	369
334	400
334	576
334	677
334	690
334	756
334	789
334	888
334	901
334	934
334	947
334	958
334	1009
334	1086
334	1093
334	1182
334	1493
337	553
337	1002
337	1445
345	360
345	452
345	863
345	1483
349	962
349	1047
349	1145
350	820
351	1449
353	368
353	624
353	666
353	1123
353	1451
357	861
357	1022
357	1036
357	1072
359	871
360	452
360	515
360	681
360	863
360	1114
360	1133
360	1438
360	1483
361	373
361	492
361	509
361	635
361	722
361	780
361	819
361	864
361	908
361	940
361	989
361	1026
361	1054
361	1109
361	1309
362	514
365	948
365	1140
365	1213
365	1341
365	1377
366	497
366	1092
368	624
368	653
368	655
368	666
368	1028
368	1033
368	1123
368	1282
368	1451
369	529
369	576
369	592
369	677
369	690
369	756
369	789
369	888
369	901
369	934
369	947
369	958
369	1009
369	1086
369	1093
369	1182
369	1309
369	1493
370	910
370	1459
371	614
371	861
371	895
371	1022
371	1036
371	1072
371	1217
371	1326
373	382
373	403
373	419
373	479
373	492
373	493
373	509
373	635
373	639
373	722
373	780
373	819
373	864
373	908
373	940
373	974
373	1007
373	1026
373	1054
373	1109
373	1134
373	1159
373	1261
373	1272
373	1309
373	1410
373	1411
373	1432
374	599
374	1313
382	403
382	492
382	531
382	654
382	722
382	826
382	829
382	908
382	1027
382	1054
382	1078
382	1120
382	1134
382	1144
382	1159
382	1272
382	1358
382	1388
382	1411
382	1432
383	507
383	525
383	1023
383	1307
386	1510
387	490
388	570
388	781
388	952
388	1058
388	1190
389	1497
390	1180
390	1289
391	463
391	553
391	665
391	666
391	1184
391	1350
392	428
392	613
392	809
392	1071
398	1468
400	690
400	1086
401	903
401	1151
401	1264
401	1381
403	492
403	579
403	622
403	654
403	691
403	826
403	862
403	908
403	1007
403	1027
403	1078
403	1134
403	1144
403	1159
403	1272
403	1358
403	1411
403	1432
405	704
405	941
405	1470
406	456
406	487
406	1143
406	1378
408	1269
410	491
410	519
410	653
410	655
410	1089
410	1282
410	1335
410	1500
418	825
419	479
419	492
419	509
419	583
419	635
419	722
419	780
419	819
419	864
419	908
419	940
419	974
419	989
419	1026
419	1054
419	1109
419	1261
419	1309
419	1410
419	1432
420	707
422	550
422	964
424	1445
428	535
428	819
428	992
433	674
433	1317
433	1321
437	940
437	1109
442	531
442	681
442	863
442	1507
445	902
446	1246
447	585
447	1052
447	1154
447	1486
449	489
449	1298
451	721
452	515
452	568
452	681
452	787
452	863
452	1043
452	1092
452	1114
452	1125
452	1133
452	1333
452	1438
452	1483
452	1507
456	487
456	1143
456	1378
457	759
460	482
460	606
460	719
461	922
462	952
463	553
463	665
463	666
463	1028
463	1184
463	1350
465	613
467	535
468	1241
468	1390
472	535
472	847
472	945
474	523
479	493
479	509
479	532
479	583
479	780
479	836
479	974
479	1026
479	1109
479	1261
487	1143
487	1378
489	539
489	576
489	1012
489	1103
489	1286
489	1298
491	519
491	653
491	655
491	1028
491	1089
491	1282
491	1335
491	1500
492	493
492	509
492	559
492	579
492	635
492	654
492	722
492	780
492	819
492	864
492	908
492	940
492	974
492	996
492	1026
492	1054
492	1109
492	1144
492	1182
492	1272
492	1309
492	1341
492	1411
493	509
493	583
493	780
493	819
493	864
493	1054
493	1109
494	501
494	554
494	604
494	697
494	1327
496	616
496	650
496	708
496	856
497	531
497	597
497	728
497	1067
497	1092
499	581
499	894
501	554
501	604
501	697
501	1327
501	1512
507	525
507	1023
507	1307
509	583
509	635
509	639
509	654
509	722
509	780
509	819
509	862
509	864
509	908
509	974
509	989
509	1007
509	1026
509	1054
509	1109
509	1261
509	1309
509	1388
509	1410
509	1411
509	1432
510	550
514	540
515	531
515	681
515	863
515	1093
515	1182
515	1207
515	1309
515	1483
519	653
519	655
519	1282
519	1335
519	1500
521	598
521	637
521	817
521	824
521	1101
521	1341
521	1414
523	754
523	873
525	1023
525	1307
529	592
529	677
529	934
529	947
531	563
531	575
531	597
531	1134
531	1180
531	1384
531	1507
535	712
535	847
535	945
538	600
539	1012
539	1264
539	1286
539	1298
541	1005
541	1514
545	1376
546	682
551	908
551	1300
553	665
553	1002
553	1184
553	1350
553	1445
554	604
554	697
554	1327
554	1512
559	780
559	819
559	864
559	974
560	1205
563	1134
563	1199
564	876
564	993
566	1417
568	681
568	863
568	1507
570	781
570	952
570	1058
570	1190
572	975
572	1355
572	1446
575	853
575	1015
575	1384
576	677
576	789
576	934
576	947
576	958
576	959
576	1009
576	1086
576	1093
576	1120
576	1134
576	1182
576	1298
576	1309
576	1388
578	594
578	1208
578	1290
579	622
579	654
579	691
579	826
579	908
579	1078
579	1134
579	1144
579	1159
579	1272
579	1358
579	1411
583	780
583	974
583	1054
583	1109
583	1261
585	1052
585	1154
585	1486
589	615
589	1403
592	677
592	744
592	888
592	901
592	934
592	947
592	1009
592	1086
592	1109
592	1182
592	1249
592	1309
593	874
593	929
593	972
593	1026
593	1206
593	1336
593	1487
594	1208
594	1290
594	1514
597	772
597	1092
597	1341
598	637
598	817
598	1101
598	1414
599	1313
604	697
604	1327
604	1512
605	841
613	809
613	856
613	945
614	861
614	895
614	1022
614	1036
614	1108
614	1217
615	1403
616	650
616	708
616	856
619	679
622	691
622	826
622	1144
622	1411
623	728
624	653
624	666
624	1123
624	1400
624	1451
627	1431
634	657
634	761
634	1514
635	722
635	780
635	819
635	864
635	908
635	974
635	989
635	1026
635	1054
635	1109
635	1261
635	1309
635	1410
635	1432
637	817
637	1101
637	1341
637	1414
639	819
639	864
639	989
639	1054
639	1261
639	1309
647	1306
649	1370
649	1513
650	708
650	856
653	655
653	1028
653	1089
653	1282
653	1335
653	1500
654	691
654	826
654	862
654	908
654	1027
654	1078
654	1120
654	1134
654	1144
654	1159
654	1272
654	1358
654	1388
654	1411
655	1028
655	1089
655	1282
655	1335
655	1500
657	962
657	1200
661	691
661	826
661	1411
664	1233
665	1184
665	1350
666	1123
666	1350
666	1451
673	721
675	1512
677	690
677	756
677	789
677	888
677	901
677	934
677	947
677	958
677	1009
677	1086
677	1093
677	1182
677	1309
677	1493
678	681
680	1234
681	787
681	863
681	879
681	1043
681	1092
681	1114
681	1125
681	1133
681	1333
681	1438
681	1483
681	1507
682	927
682	1351
683	1047
683	1145
683	1218
685	955
685	1181
690	789
690	901
690	934
690	947
690	1086
690	1493
691	826
691	1078
691	1134
691	1144
691	1159
691	1272
691	1358
691	1411
695	1017
696	713
697	1327
697	1512
704	941
704	1470
706	1073
706	1278
708	856
708	945
708	1143
722	780
722	819
722	864
722	908
722	989
722	1026
722	1037
722	1054
722	1109
722	1134
722	1182
722	1272
722	1279
722	1309
722	1341
722	1423
722	1432
723	1201
723	1360
731	835
733	1444
737	852
738	1179
738	1238
738	1343
738	1512
743	1506
744	1134
745	1115
748	1266
749	1277
755	1112
756	934
756	958
756	1009
756	1086
761	819
761	1090
769	1151
769	1426
775	1179
775	1215
775	1512
780	819
780	864
780	908
780	940
780	974
780	989
780	1026
780	1054
780	1109
780	1261
780	1309
780	1341
780	1410
780	1432
781	952
781	1058
781	1190
787	863
787	1125
787	1133
787	1438
787	1507
789	819
789	888
789	901
789	934
789	947
789	958
789	1009
789	1086
789	1093
789	1182
789	1253
789	1309
789	1388
789	1493
790	1265
797	829
803	828
803	997
807	1403
808	981
817	1101
817	1166
817	1414
819	864
819	908
819	974
819	989
819	1026
819	1054
819	1086
819	1090
819	1109
819	1182
819	1261
819	1309
819	1341
819	1410
819	1514
820	1000
824	1414
825	1015
826	908
826	1007
826	1078
826	1134
826	1144
826	1159
826	1272
826	1358
826	1411
826	1432
827	1043
827	1092
827	1333
828	997
829	1134
829	1159
839	1339
841	918
841	1273
847	945
847	1327
849	1063
849	1436
851	942
851	1453
853	1384
854	1199
856	1143
861	895
861	1022
861	1036
861	1072
861	1108
861	1217
862	908
862	949
862	1078
862	1134
862	1144
862	1159
862	1272
862	1358
862	1411
863	1043
863	1092
863	1114
863	1125
863	1133
863	1333
863	1438
863	1483
863	1507
864	908
864	974
864	989
864	1007
864	1026
864	1054
864	1109
864	1182
864	1261
864	1309
864	1423
864	1432
872	1092
873	993
874	929
874	972
874	1206
874	1487
876	993
888	901
888	934
888	947
888	1009
888	1086
888	1093
888	1182
888	1309
890	1466
895	1022
895	1036
895	1072
895	1108
895	1217
895	1326
897	1214
898	1049
898	1499
901	934
901	947
901	958
901	1009
901	1086
901	1182
901	1493
903	1151
903	1264
903	1381
904	962
908	949
908	1017
908	1026
908	1054
908	1109
908	1134
908	1144
908	1159
908	1182
908	1272
908	1279
908	1309
908	1358
908	1388
908	1410
908	1411
908	1432
912	1503
918	962
918	1273
924	1411
927	1351
929	972
929	1206
929	1487
934	947
934	958
934	1009
934	1086
934	1093
934	1182
934	1388
934	1493
940	1026
940	1054
940	1309
940	1432
941	1470
942	1453
945	1071
945	1327
947	958
947	1009
947	1086
947	1093
947	1182
947	1309
947	1388
947	1493
948	1140
948	1213
948	1377
949	1272
952	1058
952	1190
955	1181
958	1009
958	1086
958	1093
958	1182
958	1493
961	994
962	1273
968	1334
972	1026
972	1206
972	1487
973	989
974	1026
974	1054
974	1109
974	1261
975	1355
975	1446
989	1026
989	1054
989	1109
989	1182
989	1410
992	1139
992	1310
992	1392
996	1037
996	1090
996	1109
996	1199
996	1302
996	1309
1001	1413
1004	1122
1005	1514
1009	1086
1009	1182
1009	1493
1011	1382
1012	1286
1012	1298
1015	1088
1015	1502
1017	1054
1017	1134
1017	1432
1022	1036
1022	1072
1022	1108
1022	1217
1022	1326
1023	1307
1026	1054
1026	1109
1026	1134
1026	1182
1026	1261
1026	1309
1026	1410
1026	1432
1027	1078
1027	1134
1027	1159
1027	1272
1027	1411
1027	1432
1027	1501
1028	1089
1028	1282
1028	1335
1028	1350
1028	1500
1029	1108
1029	1217
1033	1060
1033	1123
1036	1072
1036	1108
1036	1217
1037	1309
1042	1445
1043	1092
1043	1125
1043	1133
1043	1438
1043	1507
1047	1145
1047	1218
1049	1499
1052	1154
1052	1486
1054	1109
1054	1134
1054	1144
1054	1159
1054	1261
1054	1279
1054	1309
1054	1341
1054	1410
1054	1411
1054	1423
1054	1432
1058	1190
1059	1393
1060	1123
1062	1457
1063	1436
1071	1327
1072	1108
1072	1217
1072	1326
1073	1278
1078	1120
1078	1134
1078	1144
1078	1159
1078	1272
1078	1358
1078	1411
1081	1171
1081	1251
1083	1273
1086	1093
1086	1182
1086	1309
1086	1388
1086	1493
1089	1282
1089	1335
1089	1500
1090	1309
1090	1514
1092	1125
1092	1438
1093	1120
1093	1182
1093	1253
1093	1309
1093	1388
1093	1493
1097	1109
1101	1414
1103	1298
1108	1217
1109	1182
1109	1261
1109	1309
1109	1432
1114	1133
1114	1483
1120	1134
1120	1159
1120	1182
1120	1272
1120	1358
1120	1388
1123	1451
1125	1133
1125	1438
1125	1507
1131	1507
1133	1333
1133	1438
1133	1483
1133	1507
1134	1144
1134	1159
1134	1182
1134	1233
1134	1272
1134	1279
1134	1309
1134	1358
1134	1362
1134	1388
1134	1411
1134	1432
1137	1273
1139	1392
1140	1213
1140	1341
1140	1377
1143	1378
1144	1159
1144	1272
1144	1358
1144	1411
1147	1508
1151	1264
1151	1381
1154	1486
1158	1445
1159	1272
1159	1358
1159	1362
1159	1411
1159	1432
1171	1251
1179	1215
1179	1238
1179	1343
1179	1512
1180	1289
1182	1309
1182	1388
1182	1406
1182	1410
1182	1432
1182	1493
1184	1350
1199	1302
1199	1434
1206	1336
1206	1487
1208	1290
1210	1257
1213	1377
1215	1512
1217	1326
1222	1505
1227	1247
1233	1388
1238	1343
1238	1512
1241	1390
1245	1280
1261	1309
1261	1410
1264	1381
1272	1358
1272	1388
1272	1411
1272	1432
1276	1346
1279	1423
1279	1432
1282	1335
1282	1500
1286	1298
1294	1447
1295	1370
1309	1388
1309	1406
1309	1410
1309	1432
1312	1385
1317	1321
1327	1482
1327	1512
1333	1438
1333	1507
1335	1500
1341	1377
1341	1406
1341	1410
1341	1414
1343	1512
1355	1446
1358	1411
1358	1432
1371	1463
1383	1473
1410	1432
1411	1432
1438	1483
1438	1507
394	2
634	2
657	2
962	2
679	7
123	12
560	12
1205	12
428	13
733	14
1444	14
70	15
202	15
266	15
361	15
365	15
382	15
819	15
908	15
948	15
1140	15
1377	15
1432	15
1050	16
593	17
874	17
929	17
972	17
1206	17
1336	17
1487	17
1328	19
1380	20
1031	21
104	23
124	23
911	23
695	26
819	26
1017	26
1309	26
1432	26
29	28
547	28
303	29
547	29
152	33
442	35
452	35
531	35
568	35
681	35
863	35
1131	35
1507	35
731	37
835	37
84	39
165	39
310	39
371	39
614	39
861	39
895	39
1022	39
1036	39
1072	39
1108	39
1217	39
1326	39
263	42
70	46
119	46
140	46
155	46
202	46
223	46
334	46
361	46
369	46
373	46
419	46
509	46
515	46
563	46
576	46
592	46
635	46
639	46
780	46
789	46
819	46
864	46
901	46
908	46
934	46
947	46
974	46
989	46
1026	46
1054	46
1086	46
1090	46
1093	46
1109	46
1120	46
1134	46
1182	46
1233	46
1309	46
1377	46
1388	46
1410	46
1432	46
452	47
681	47
863	47
1507	47
272	49
682	49
1351	49
342	50
1134	50
1411	50
96	51
120	51
251	51
521	51
598	51
637	51
817	51
1101	51
1414	51
121	53
410	53
491	53
519	53
653	53
655	53
1089	53
1282	53
1335	53
1500	53
818	55
1267	56
235	59
998	59
1405	59
535	61
818	61
1128	67
266	70
365	70
948	70
1140	70
1213	70
1309	70
1377	70
1406	70
1446	70
285	71
353	71
368	71
624	71
666	71
1028	71
1033	71
1123	71
1451	71
1276	73
1346	73
994	76
284	77
405	77
704	77
941	77
1470	77
992	78
1268	78
202	79
696	79
713	79
315	80
820	80
165	84
310	84
357	84
371	84
614	84
861	84
895	84
1022	84
1036	84
1072	84
1108	84
1217	84
1326	84
1312	85
1385	85
294	86
120	96
251	96
521	96
598	96
637	96
817	96
824	96
1101	96
1166	96
1341	96
1414	96
215	102
562	102
911	104
1062	108
1457	108
223	119
369	119
592	119
677	119
789	119
854	119
947	119
1086	119
1093	119
1182	119
1199	119
1309	119
1388	119
1434	119
251	120
521	120
598	120
637	120
817	120
824	120
1101	120
1414	120
368	121
410	121
491	121
519	121
653	121
655	121
1089	121
1282	121
1335	121
1500	121
314	122
374	122
599	122
1313	122
560	123
1205	123
911	124
310	129
1022	129
1072	129
1108	129
1217	129
468	131
1241	131
1390	131
416	136
497	140
515	140
531	140
597	140
1092	140
1134	140
1309	140
403	143
862	143
1134	143
1144	143
1159	143
1411	143
240	145
808	145
981	145
351	147
1015	147
1384	147
841	148
918	148
1273	148
398	150
1468	150
160	151
328	151
564	151
876	151
993	151
1234	153
202	155
223	155
361	155
373	155
419	155
492	155
493	155
509	155
635	155
639	155
722	155
780	155
819	155
864	155
908	155
940	155
974	155
989	155
1026	155
1054	155
1109	155
1182	155
1309	155
1341	155
1410	155
1423	155
328	160
564	160
876	160
993	160
223	161
334	161
369	161
576	161
677	161
690	161
756	161
789	161
888	161
901	161
934	161
947	161
958	161
1009	161
1086	161
1093	161
1182	161
1493	161
1445	162
310	165
357	165
371	165
614	165
861	165
895	165
1022	165
1036	165
1072	165
1108	165
1217	165
1326	165
269	166
403	166
622	166
691	166
826	166
924	166
1411	166
1369	169
1172	174
296	175
424	175
1158	175
1445	175
457	176
759	176
222	178
496	178
616	178
650	178
708	178
856	178
1143	178
856	179
360	183
452	183
681	183
787	183
863	183
1043	183
1092	183
1125	183
1133	183
1438	183
1483	183
1507	183
1432	185
760	186
936	188
597	191
849	191
1063	191
1222	191
1436	191
946	194
1404	198
1171	200
1251	200
361	202
373	202
419	202
479	202
492	202
493	202
509	202
579	202
635	202
695	202
722	202
780	202
819	202
862	202
864	202
908	202
974	202
989	202
1026	202
1054	202
1109	202
1134	202
1272	202
1279	202
1309	202
1358	202
1410	202
1411	202
1432	202
309	205
681	205
827	205
863	205
1043	205
1092	205
370	211
504	214
253	215
562	215
230	216
552	217
748	217
535	220
723	220
1360	220
292	222
496	222
616	222
650	222
706	222
708	222
856	222
1073	222
1278	222
326	223
334	223
369	223
576	223
592	223
677	223
789	223
888	223
901	223
934	223
947	223
1086	223
1093	223
1120	223
1182	223
1233	223
1253	223
1309	223
1388	223
252	224
738	224
1179	224
1238	224
1343	224
1512	224
1234	226
749	229
1277	229
283	234
998	235
664	236
808	240
981	240
758	244
499	245
378	247
521	251
598	251
637	251
817	251
1101	251
1341	251
1414	251
738	252
1179	252
1238	252
1343	252
382	256
403	256
579	256
654	256
722	256
862	256
908	256
1078	256
1120	256
1134	256
1144	256
1159	256
1272	256
1358	256
1388	256
1411	256
1061	262
1004	264
1122	264
948	266
1140	266
1309	266
1275	267
403	269
492	269
509	269
579	269
622	269
654	269
691	269
826	269
908	269
1144	269
1411	269
682	272
927	272
1351	272
523	273
754	273
1222	273
1505	273
847	274
945	274
917	275
349	276
683	276
1047	276
1145	276
1218	276
601	280
775	282
1179	282
1215	282
1512	282
405	284
704	284
941	284
1470	284
353	285
368	285
624	285
1033	285
1060	285
1123	285
1451	285
780	289
706	292
1073	292
1278	292
337	296
424	296
553	296
1002	296
1042	296
1158	296
1445	296
328	303
523	303
547	303
993	303
993	304
827	309
1043	309
1092	309
357	310
371	310
614	310
861	310
895	310
1022	310
1036	310
1072	310
1108	310
1217	310
1326	310
1226	311
374	314
599	314
1313	314
350	315
820	315
1000	315
721	318
578	320
594	320
1208	320
1290	320
1514	320
1147	324
1508	324
592	326
677	326
744	326
789	326
888	326
947	326
1182	326
1233	326
1249	326
1309	326
564	328
873	328
876	328
993	328
910	330
369	334
400	334
576	334
677	334
690	334
756	334
789	334
888	334
901	334
934	334
947	334
958	334
1009	334
1086	334
1093	334
1182	334
1493	334
553	337
1002	337
1445	337
360	345
452	345
863	345
1483	345
962	349
1047	349
1145	349
820	350
1449	351
368	353
624	353
666	353
1123	353
1451	353
861	357
1022	357
1036	357
1072	357
871	359
452	360
515	360
681	360
863	360
1114	360
1133	360
1438	360
1483	360
373	361
492	361
509	361
635	361
722	361
780	361
819	361
864	361
908	361
940	361
989	361
1026	361
1054	361
1109	361
1309	361
514	362
948	365
1140	365
1213	365
1341	365
1377	365
497	366
1092	366
624	368
653	368
655	368
666	368
1028	368
1033	368
1123	368
1282	368
1451	368
529	369
576	369
592	369
677	369
690	369
756	369
789	369
888	369
901	369
934	369
947	369
958	369
1009	369
1086	369
1093	369
1182	369
1309	369
1493	369
910	370
1459	370
614	371
861	371
895	371
1022	371
1036	371
1072	371
1217	371
1326	371
382	373
403	373
419	373
479	373
492	373
493	373
509	373
635	373
639	373
722	373
780	373
819	373
864	373
908	373
940	373
974	373
1007	373
1026	373
1054	373
1109	373
1134	373
1159	373
1261	373
1272	373
1309	373
1410	373
1411	373
1432	373
599	374
1313	374
403	382
492	382
531	382
654	382
722	382
826	382
829	382
908	382
1027	382
1054	382
1078	382
1120	382
1134	382
1144	382
1159	382
1272	382
1358	382
1388	382
1411	382
1432	382
507	383
525	383
1023	383
1307	383
1510	386
490	387
570	388
781	388
952	388
1058	388
1190	388
1497	389
1180	390
1289	390
463	391
553	391
665	391
666	391
1184	391
1350	391
428	392
613	392
809	392
1071	392
1468	398
690	400
1086	400
903	401
1151	401
1264	401
1381	401
492	403
579	403
622	403
654	403
691	403
826	403
862	403
908	403
1007	403
1027	403
1078	403
1134	403
1144	403
1159	403
1272	403
1358	403
1411	403
1432	403
704	405
941	405
1470	405
456	406
487	406
1143	406
1378	406
1269	408
491	410
519	410
653	410
655	410
1089	410
1282	410
1335	410
1500	410
825	418
479	419
492	419
509	419
583	419
635	419
722	419
780	419
819	419
864	419
908	419
940	419
974	419
989	419
1026	419
1054	419
1109	419
1261	419
1309	419
1410	419
1432	419
707	420
550	422
964	422
1445	424
535	428
819	428
992	428
674	433
1317	433
1321	433
940	437
1109	437
531	442
681	442
863	442
1507	442
902	445
1246	446
585	447
1052	447
1154	447
1486	447
489	449
1298	449
721	451
515	452
568	452
681	452
787	452
863	452
1043	452
1092	452
1114	452
1125	452
1133	452
1333	452
1438	452
1483	452
1507	452
487	456
1143	456
1378	456
759	457
482	460
606	460
719	460
922	461
952	462
553	463
665	463
666	463
1028	463
1184	463
1350	463
613	465
535	467
1241	468
1390	468
535	472
847	472
945	472
523	474
493	479
509	479
532	479
583	479
780	479
836	479
974	479
1026	479
1109	479
1261	479
1143	487
1378	487
539	489
576	489
1012	489
1103	489
1286	489
1298	489
519	491
653	491
655	491
1028	491
1089	491
1282	491
1335	491
1500	491
493	492
509	492
559	492
579	492
635	492
654	492
722	492
780	492
819	492
864	492
908	492
940	492
974	492
996	492
1026	492
1054	492
1109	492
1144	492
1182	492
1272	492
1309	492
1341	492
1411	492
509	493
583	493
780	493
819	493
864	493
1054	493
1109	493
501	494
554	494
604	494
697	494
1327	494
616	496
650	496
708	496
856	496
531	497
597	497
728	497
1067	497
1092	497
581	499
894	499
554	501
604	501
697	501
1327	501
1512	501
525	507
1023	507
1307	507
583	509
635	509
639	509
654	509
722	509
780	509
819	509
862	509
864	509
908	509
974	509
989	509
1007	509
1026	509
1054	509
1109	509
1261	509
1309	509
1388	509
1410	509
1411	509
1432	509
550	510
540	514
531	515
681	515
863	515
1093	515
1182	515
1207	515
1309	515
1483	515
653	519
655	519
1282	519
1335	519
1500	519
598	521
637	521
817	521
824	521
1101	521
1341	521
1414	521
754	523
873	523
1023	525
1307	525
592	529
677	529
934	529
947	529
563	531
575	531
597	531
1134	531
1180	531
1384	531
1507	531
712	535
847	535
945	535
600	538
1012	539
1264	539
1286	539
1298	539
1005	541
1514	541
1376	545
682	546
908	551
1300	551
665	553
1002	553
1184	553
1350	553
1445	553
604	554
697	554
1327	554
1512	554
780	559
819	559
864	559
974	559
1205	560
1134	563
1199	563
876	564
993	564
1417	566
681	568
863	568
1507	568
781	570
952	570
1058	570
1190	570
975	572
1355	572
1446	572
853	575
1015	575
1384	575
677	576
789	576
934	576
947	576
958	576
959	576
1009	576
1086	576
1093	576
1120	576
1134	576
1182	576
1298	576
1309	576
1388	576
594	578
1208	578
1290	578
622	579
654	579
691	579
826	579
908	579
1078	579
1134	579
1144	579
1159	579
1272	579
1358	579
1411	579
780	583
974	583
1054	583
1109	583
1261	583
1052	585
1154	585
1486	585
615	589
1403	589
677	592
744	592
888	592
901	592
934	592
947	592
1009	592
1086	592
1109	592
1182	592
1249	592
1309	592
874	593
929	593
972	593
1026	593
1206	593
1336	593
1487	593
1208	594
1290	594
1514	594
772	597
1092	597
1341	597
637	598
817	598
1101	598
1414	598
1313	599
697	604
1327	604
1512	604
841	605
809	613
856	613
945	613
861	614
895	614
1022	614
1036	614
1108	614
1217	614
1403	615
650	616
708	616
856	616
679	619
691	622
826	622
1144	622
1411	622
728	623
653	624
666	624
1123	624
1400	624
1451	624
1431	627
657	634
761	634
1514	634
722	635
780	635
819	635
864	635
908	635
974	635
989	635
1026	635
1054	635
1109	635
1261	635
1309	635
1410	635
1432	635
817	637
1101	637
1341	637
1414	637
819	639
864	639
989	639
1054	639
1261	639
1309	639
1306	647
1370	649
1513	649
708	650
856	650
655	653
1028	653
1089	653
1282	653
1335	653
1500	653
691	654
826	654
862	654
908	654
1027	654
1078	654
1120	654
1134	654
1144	654
1159	654
1272	654
1358	654
1388	654
1411	654
1028	655
1089	655
1282	655
1335	655
1500	655
962	657
1200	657
691	661
826	661
1411	661
1233	664
1184	665
1350	665
1123	666
1350	666
1451	666
721	673
1512	675
690	677
756	677
789	677
888	677
901	677
934	677
947	677
958	677
1009	677
1086	677
1093	677
1182	677
1309	677
1493	677
681	678
1234	680
787	681
863	681
879	681
1043	681
1092	681
1114	681
1125	681
1133	681
1333	681
1438	681
1483	681
1507	681
927	682
1351	682
1047	683
1145	683
1218	683
955	685
1181	685
789	690
901	690
934	690
947	690
1086	690
1493	690
826	691
1078	691
1134	691
1144	691
1159	691
1272	691
1358	691
1411	691
1017	695
713	696
1327	697
1512	697
941	704
1470	704
1073	706
1278	706
856	708
945	708
1143	708
780	722
819	722
864	722
908	722
989	722
1026	722
1037	722
1054	722
1109	722
1134	722
1182	722
1272	722
1279	722
1309	722
1341	722
1423	722
1432	722
1201	723
1360	723
835	731
1444	733
852	737
1179	738
1238	738
1343	738
1512	738
1506	743
1134	744
1115	745
1266	748
1277	749
1112	755
934	756
958	756
1009	756
1086	756
819	761
1090	761
1151	769
1426	769
1179	775
1215	775
1512	775
819	780
864	780
908	780
940	780
974	780
989	780
1026	780
1054	780
1109	780
1261	780
1309	780
1341	780
1410	780
1432	780
952	781
1058	781
1190	781
863	787
1125	787
1133	787
1438	787
1507	787
819	789
888	789
901	789
934	789
947	789
958	789
1009	789
1086	789
1093	789
1182	789
1253	789
1309	789
1388	789
1493	789
1265	790
829	797
828	803
997	803
1403	807
981	808
1101	817
1166	817
1414	817
864	819
908	819
974	819
989	819
1026	819
1054	819
1086	819
1090	819
1109	819
1182	819
1261	819
1309	819
1341	819
1410	819
1514	819
1000	820
1414	824
1015	825
908	826
1007	826
1078	826
1134	826
1144	826
1159	826
1272	826
1358	826
1411	826
1432	826
1043	827
1092	827
1333	827
997	828
1134	829
1159	829
1339	839
918	841
1273	841
945	847
1327	847
1063	849
1436	849
942	851
1453	851
1384	853
1199	854
1143	856
895	861
1022	861
1036	861
1072	861
1108	861
1217	861
908	862
949	862
1078	862
1134	862
1144	862
1159	862
1272	862
1358	862
1411	862
1043	863
1092	863
1114	863
1125	863
1133	863
1333	863
1438	863
1483	863
1507	863
908	864
974	864
989	864
1007	864
1026	864
1054	864
1109	864
1182	864
1261	864
1309	864
1423	864
1432	864
1092	872
993	873
929	874
972	874
1206	874
1487	874
993	876
901	888
934	888
947	888
1009	888
1086	888
1093	888
1182	888
1309	888
1466	890
1022	895
1036	895
1072	895
1108	895
1217	895
1326	895
1214	897
1049	898
1499	898
934	901
947	901
958	901
1009	901
1086	901
1182	901
1493	901
1151	903
1264	903
1381	903
962	904
949	908
1017	908
1026	908
1054	908
1109	908
1134	908
1144	908
1159	908
1182	908
1272	908
1279	908
1309	908
1358	908
1388	908
1410	908
1411	908
1432	908
1503	912
962	918
1273	918
1411	924
1351	927
972	929
1206	929
1487	929
947	934
958	934
1009	934
1086	934
1093	934
1182	934
1388	934
1493	934
1026	940
1054	940
1309	940
1432	940
1470	941
1453	942
1071	945
1327	945
958	947
1009	947
1086	947
1093	947
1182	947
1309	947
1388	947
1493	947
1140	948
1213	948
1377	948
1272	949
1058	952
1190	952
1181	955
1009	958
1086	958
1093	958
1182	958
1493	958
994	961
1273	962
1334	968
1026	972
1206	972
1487	972
989	973
1026	974
1054	974
1109	974
1261	974
1355	975
1446	975
1026	989
1054	989
1109	989
1182	989
1410	989
1139	992
1310	992
1392	992
1037	996
1090	996
1109	996
1199	996
1302	996
1309	996
1413	1001
1122	1004
1514	1005
1086	1009
1182	1009
1493	1009
1382	1011
1286	1012
1298	1012
1088	1015
1502	1015
1054	1017
1134	1017
1432	1017
1036	1022
1072	1022
1108	1022
1217	1022
1326	1022
1307	1023
1054	1026
1109	1026
1134	1026
1182	1026
1261	1026
1309	1026
1410	1026
1432	1026
1078	1027
1134	1027
1159	1027
1272	1027
1411	1027
1432	1027
1501	1027
1089	1028
1282	1028
1335	1028
1350	1028
1500	1028
1108	1029
1217	1029
1060	1033
1123	1033
1072	1036
1108	1036
1217	1036
1309	1037
1445	1042
1092	1043
1125	1043
1133	1043
1438	1043
1507	1043
1145	1047
1218	1047
1499	1049
1154	1052
1486	1052
1109	1054
1134	1054
1144	1054
1159	1054
1261	1054
1279	1054
1309	1054
1341	1054
1410	1054
1411	1054
1423	1054
1432	1054
1190	1058
1393	1059
1123	1060
1457	1062
1436	1063
1327	1071
1108	1072
1217	1072
1326	1072
1278	1073
1120	1078
1134	1078
1144	1078
1159	1078
1272	1078
1358	1078
1411	1078
1171	1081
1251	1081
1273	1083
1093	1086
1182	1086
1309	1086
1388	1086
1493	1086
1282	1089
1335	1089
1500	1089
1309	1090
1514	1090
1125	1092
1438	1092
1120	1093
1182	1093
1253	1093
1309	1093
1388	1093
1493	1093
1109	1097
1414	1101
1298	1103
1217	1108
1182	1109
1261	1109
1309	1109
1432	1109
1133	1114
1483	1114
1134	1120
1159	1120
1182	1120
1272	1120
1358	1120
1388	1120
1451	1123
1133	1125
1438	1125
1507	1125
1507	1131
1333	1133
1438	1133
1483	1133
1507	1133
1144	1134
1159	1134
1182	1134
1233	1134
1272	1134
1279	1134
1309	1134
1358	1134
1362	1134
1388	1134
1411	1134
1432	1134
1273	1137
1392	1139
1213	1140
1341	1140
1377	1140
1378	1143
1159	1144
1272	1144
1358	1144
1411	1144
1508	1147
1264	1151
1381	1151
1486	1154
1445	1158
1272	1159
1358	1159
1362	1159
1411	1159
1432	1159
1251	1171
1215	1179
1238	1179
1343	1179
1512	1179
1289	1180
1309	1182
1388	1182
1406	1182
1410	1182
1432	1182
1493	1182
1350	1184
1302	1199
1434	1199
1336	1206
1487	1206
1290	1208
1257	1210
1377	1213
1512	1215
1326	1217
1505	1222
1247	1227
1388	1233
1343	1238
1512	1238
1390	1241
1280	1245
1309	1261
1410	1261
1381	1264
1358	1272
1388	1272
1411	1272
1432	1272
1346	1276
1423	1279
1432	1279
1335	1282
1500	1282
1298	1286
1447	1294
1370	1295
1388	1309
1406	1309
1410	1309
1432	1309
1385	1312
1321	1317
1482	1327
1512	1327
1438	1333
1507	1333
1500	1335
1377	1341
1406	1341
1410	1341
1414	1341
1512	1343
1446	1355
1411	1358
1432	1358
1463	1371
1473	1383
1432	1410
1432	1411
1483	1438
1507	1438
