0	85
0	343
0	561
0	1385
1	939
1	1399
2	394
2	657
2	962
2	1401
3	537
3	1031
4	296
4	337
4	1445
5	596
5	1132
8	1025
9	1059
9	1393
10	81
10	90
10	466
10	850
11	452
11	681
11	801
11	906
11	1133
11	1438
11	1483
14	733
14	816
14	1444
15	62
15	180
15	202
15	361
15	365
15	478
15	785
15	819
15	908
15	948
15	1098
15	1377
23	671
23	830
23	1421
24	680
24	1039
24	1234
26	695
26	819
26	1045
26	1048
28	1051
28	1080
28	1254
30	46
30	105
30	119
30	180
30	223
30	238
30	334
30	369
30	421
30	587
30	592
30	677
30	767
30	789
30	901
30	934
30	947
30	1009
30	1086
30	1093
30	1120
30	1182
30	1253
30	1398
30	1416
30	1439
30	1493
30	1495
33	142
33	152
34	545
35	168
35	208
35	348
35	442
35	452
35	568
35	681
35	770
35	1366
35	1507
38	1265
39	310
39	325
39	333
39	614
39	861
39	895
39	1022
39	1036
39	1072
39	1108
39	1217
39	1225
39	1326
41	1516
42	263
42	1030
44	260
46	62
46	105
46	119
46	140
46	155
46	180
46	202
46	203
46	223
46	334
46	361
46	369
46	419
46	478
46	509
46	563
46	592
46	639
46	644
46	780
46	785
46	789
46	819
46	864
46	901
46	908
46	914
46	934
46	947
46	989
46	1024
46	1048
46	1054
46	1086
46	1093
46	1098
46	1120
46	1134
46	1182
46	1233
46	1377
46	1416
46	1495
51	290
51	338
51	339
51	711
51	817
51	1101
51	1232
51	1389
51	1414
52	62
52	202
52	203
52	419
52	478
52	479
52	488
52	509
52	583
52	780
52	813
52	819
52	864
52	914
52	1024
52	1048
52	1054
52	1230
52	1261
55	818
60	392
60	516
62	94
62	105
62	155
62	202
62	203
62	243
62	361
62	419
62	478
62	509
62	644
62	780
62	785
62	819
62	864
62	908
62	914
62	1024
62	1048
62	1054
62	1134
62	1182
62	1230
62	1272
62	1441
64	146
67	1128
69	88
73	805
73	1228
73	1276
73	1324
73	1346
75	710
75	1130
75	1251
75	1422
76	994
79	202
81	90
81	466
81	548
81	825
81	1015
81	1088
81	1502
83	309
83	556
83	662
83	1511
85	343
85	561
85	1385
86	260
87	262
87	1061
87	1129
88	231
88	558
90	850
91	1111
91	1452
94	180
94	908
94	914
94	1054
94	1120
94	1134
94	1144
94	1159
94	1358
94	1398
105	119
105	140
105	155
105	180
105	203
105	223
105	361
105	369
105	419
105	509
105	571
105	639
105	785
105	789
105	819
105	864
105	908
105	914
105	947
105	989
105	1024
105	1045
105	1048
105	1054
105	1182
105	1199
105	1230
105	1261
105	1341
105	1406
110	291
110	500
110	921
110	1123
110	1451
112	821
112	1297
118	296
118	466
118	474
118	480
118	720
118	873
118	876
118	1080
118	1343
118	1365
119	180
119	223
119	369
119	592
119	677
119	789
119	947
119	1086
119	1093
119	1182
119	1199
119	1434
119	1439
119	1495
121	170
121	410
121	491
121	519
121	655
121	1209
121	1263
121	1335
123	560
123	656
123	1205
128	489
128	539
128	1012
128	1051
128	1286
128	1298
128	1304
128	1316
130	627
131	261
131	641
131	1075
131	1390
131	1461
132	932
135	688
136	416
137	385
139	995
140	180
140	203
140	785
140	1045
140	1121
140	1134
141	693
142	152
143	184
143	403
143	862
143	1134
143	1144
143	1159
143	1411
145	240
145	808
145	811
145	981
149	222
149	270
149	364
149	485
153	1039
153	1234
155	180
155	202
155	203
155	223
155	361
155	419
155	478
155	509
155	639
155	644
155	780
155	785
155	819
155	864
155	908
155	914
155	940
155	989
155	1024
155	1048
155	1054
155	1182
155	1230
155	1231
155	1341
155	1349
155	1423
157	212
157	578
157	594
157	1208
157	1256
157	1284
162	1445
163	681
163	906
163	1483
164	498
168	348
168	442
168	452
168	681
168	770
168	1366
168	1507
169	1369
170	410
170	491
170	519
170	655
170	1209
170	1263
170	1335
171	466
171	1015
171	1384
173	590
173	1227
176	457
180	202
180	203
180	223
180	334
180	369
180	421
180	587
180	592
180	677
180	767
180	785
180	789
180	901
180	908
180	914
180	934
180	947
180	1009
180	1048
180	1086
180	1093
180	1120
180	1134
180	1159
180	1182
180	1233
180	1272
180	1367
180	1416
180	1439
180	1493
180	1495
181	669
181	1031
182	703
182	803
182	828
182	997
184	265
184	403
184	434
184	691
184	826
184	862
184	908
184	914
184	1027
184	1134
184	1144
184	1159
184	1272
184	1358
184	1398
184	1411
190	596
190	765
190	883
194	946
198	1404
202	203
202	243
202	361
202	399
202	419
202	478
202	479
202	488
202	509
202	644
202	646
202	695
202	780
202	785
202	819
202	862
202	864
202	908
202	914
202	989
202	1024
202	1048
202	1054
202	1134
202	1230
202	1272
202	1349
202	1358
202	1411
202	1441
203	361
203	393
203	419
203	437
203	478
203	479
203	509
203	559
203	583
203	639
203	644
203	780
203	785
203	819
203	864
203	908
203	914
203	989
203	1024
203	1048
203	1054
203	1121
203	1230
203	1261
203	1341
203	1406
204	276
204	349
204	683
208	348
208	452
208	568
208	681
208	1133
208	1366
208	1438
208	1507
210	799
212	578
212	594
212	1208
212	1256
212	1284
212	1514
214	508
214	838
214	954
217	255
217	336
217	552
219	356
219	440
219	554
219	565
219	1030
219	1327
219	1347
219	1418
219	1512
222	239
222	292
222	364
222	485
222	706
222	708
222	1278
223	334
223	369
223	421
223	587
223	592
223	677
223	767
223	789
223	901
223	934
223	947
223	1086
223	1093
223	1120
223	1182
223	1233
223	1253
223	1367
223	1416
223	1439
223	1495
226	1234
231	472
231	558
231	818
231	1371
231	1463
239	292
239	706
239	1278
240	808
240	981
243	361
243	419
243	478
243	509
243	644
243	780
243	819
243	864
243	908
243	914
243	989
243	1024
243	1048
243	1054
243	1134
243	1159
243	1230
243	1441
244	1287
246	1013
247	378
248	412
248	514
255	552
261	641
262	1061
262	1129
263	1030
265	403
265	826
265	1134
265	1144
265	1159
265	1272
265	1358
270	374
270	889
270	1116
272	682
272	831
272	927
272	1351
273	754
273	1222
273	1365
273	1505
276	349
276	683
280	601
282	775
282	802
282	1179
282	1215
282	1373
282	1455
282	1512
290	338
290	339
290	711
290	817
290	1101
290	1166
290	1232
290	1389
290	1414
291	500
291	921
291	1123
291	1451
292	706
292	1278
295	472
295	723
295	834
295	1360
296	337
296	424
296	458
296	466
296	1080
296	1322
296	1365
296	1418
296	1445
297	327
297	593
297	812
297	830
297	840
297	874
297	929
297	972
297	1206
297	1336
298	499
298	581
298	894
300	710
309	556
309	662
309	1511
310	325
310	333
310	357
310	614
310	861
310	895
310	1022
310	1036
310	1072
310	1108
310	1217
310	1225
310	1326
315	331
315	350
315	603
315	820
315	1391
323	859
325	333
325	357
325	614
325	861
325	895
325	1022
325	1036
325	1072
325	1108
325	1192
325	1217
325	1326
327	593
327	812
327	830
327	840
327	874
327	929
327	972
327	1206
331	350
331	603
331	820
331	1391
333	357
333	614
333	861
333	895
333	1022
333	1036
333	1072
333	1108
333	1217
333	1225
333	1326
334	369
334	400
334	421
334	587
334	677
334	767
334	789
334	901
334	934
334	947
334	1009
334	1086
334	1093
334	1182
334	1416
334	1439
334	1493
334	1495
336	877
337	466
337	1445
338	339
338	711
338	817
338	1101
338	1232
338	1389
338	1414
339	711
339	817
339	1101
339	1232
339	1389
339	1414
343	561
343	1385
346	592
347	1118
348	442
348	452
348	681
348	770
348	1366
348	1507
349	962
350	603
350	820
350	1391
356	554
356	565
356	1030
356	1327
356	1347
356	1418
356	1512
357	569
357	861
357	1022
357	1036
357	1072
361	478
361	509
361	644
361	646
361	780
361	785
361	819
361	864
361	908
361	940
361	989
361	1024
361	1048
361	1054
361	1441
362	412
362	514
364	485
364	708
364	1143
365	948
365	1098
365	1341
365	1377
369	421
369	529
369	587
369	592
369	677
369	767
369	789
369	901
369	934
369	947
369	1009
369	1086
369	1093
369	1182
369	1416
369	1439
369	1493
369	1495
370	1459
370	1471
374	599
374	889
374	1116
380	1287
381	575
384	945
387	490
388	952
388	1190
389	1497
391	466
391	665
391	1350
392	613
392	648
395	615
395	783
395	807
395	990
395	1403
399	646
399	1048
400	587
400	1086
400	1416
401	903
401	1151
402	1204
403	434
403	646
403	691
403	826
403	862
403	908
403	1007
403	1027
403	1134
403	1144
403	1159
403	1248
403	1272
403	1358
403	1398
403	1411
407	1084
408	1269
410	491
410	519
410	655
410	1209
410	1263
410	1335
411	572
411	975
411	1098
411	1355
411	1446
412	514
414	439
415	464
418	825
419	478
419	479
419	488
419	509
419	583
419	644
419	780
419	785
419	819
419	864
419	908
419	914
419	940
419	989
419	1024
419	1048
419	1054
419	1230
419	1261
419	1349
421	587
421	592
421	677
421	767
421	789
421	901
421	934
421	947
421	1009
421	1086
421	1093
421	1182
421	1416
421	1439
421	1493
421	1495
422	834
422	1319
424	458
424	1322
424	1418
424	1445
431	640
433	763
433	1317
434	691
434	826
434	924
434	1134
434	1144
434	1248
434	1411
435	592
437	940
437	1019
442	681
442	770
442	1507
450	1067
450	1430
452	556
452	568
452	681
452	770
452	906
452	1133
452	1366
452	1438
452	1483
452	1507
452	1511
458	466
458	1322
458	1418
458	1445
466	665
466	825
466	1015
466	1080
466	1322
466	1350
466	1418
466	1445
466	1502
467	535
470	584
472	535
472	834
472	945
478	488
478	509
478	644
478	646
478	780
478	785
478	819
478	864
478	908
478	914
478	940
478	989
478	991
478	1024
478	1048
478	1054
478	1230
478	1231
478	1261
478	1341
478	1423
478	1441
479	488
479	509
479	583
479	780
479	836
479	914
479	1261
480	720
480	873
480	876
480	1069
480	1075
480	1080
480	1365
480	1461
483	625
483	1143
483	1259
483	1378
484	524
484	709
484	1226
485	708
485	1143
488	509
488	780
488	1048
488	1054
488	1230
488	1231
488	1261
489	539
489	1012
489	1051
489	1103
489	1286
489	1298
489	1304
489	1316
491	519
491	655
491	1209
491	1263
491	1335
499	581
499	894
500	921
500	1123
500	1451
508	838
508	954
509	583
509	639
509	644
509	646
509	780
509	785
509	819
509	862
509	864
509	908
509	914
509	989
509	990
509	1007
509	1024
509	1048
509	1054
509	1230
509	1231
509	1261
509	1411
509	1441
510	629
514	540
518	1394
519	655
519	1209
519	1263
519	1335
524	709
524	1226
529	592
529	677
529	934
529	947
535	712
535	834
535	945
535	1320
537	1031
537	1293
539	1012
539	1051
539	1286
539	1298
539	1304
539	1316
548	1088
551	908
551	1300
554	565
554	1030
554	1327
554	1347
554	1418
554	1512
556	662
556	681
556	1507
556	1511
558	1025
558	1357
558	1371
558	1463
559	780
559	819
559	864
560	656
560	1205
561	1385
563	1134
563	1199
565	1030
565	1327
565	1512
568	681
568	1366
568	1507
571	1139
572	975
572	1355
572	1446
575	1015
575	1384
578	594
578	1208
578	1256
578	1284
582	1492
583	780
583	1024
583	1054
583	1261
587	677
587	767
587	789
587	901
587	934
587	947
587	1086
587	1093
587	1182
587	1416
587	1439
587	1495
590	793
590	1227
592	677
592	901
592	934
592	947
592	1009
592	1086
592	1182
592	1416
592	1439
592	1495
593	644
593	812
593	830
593	840
593	874
593	929
593	972
593	1206
593	1336
594	1208
594	1256
594	1284
594	1514
596	765
599	889
599	1116
602	648
603	820
603	1391
605	841
605	858
613	648
613	945
614	861
614	895
614	1022
614	1036
614	1108
614	1217
615	783
615	990
615	1403
620	945
623	728
625	1143
625	1259
625	1378
627	739
628	886
636	1239
639	785
639	819
639	864
639	989
639	1054
639	1121
639	1261
641	1075
641	1390
641	1461
644	780
644	785
644	819
644	864
644	874
644	908
644	914
644	1024
644	1048
644	1054
644	1362
644	1441
646	864
646	908
646	1134
646	1248
646	1411
646	1514
647	1318
648	945
655	1209
655	1263
655	1335
656	1205
657	962
661	691
661	826
661	1248
661	1411
664	914
664	1233
665	1350
671	830
671	1421
675	1347
675	1455
675	1512
677	767
677	789
677	901
677	934
677	947
677	1009
677	1086
677	1093
677	1182
677	1416
677	1439
677	1493
677	1495
678	681
680	1234
681	770
681	906
681	1133
681	1366
681	1438
681	1483
681	1507
681	1511
682	831
682	927
682	1351
688	1082
691	826
691	1134
691	1144
691	1159
691	1248
691	1272
691	1358
691	1411
695	1045
701	1395
703	803
703	828
703	997
706	1278
708	945
708	1143
709	1226
710	1130
710	1251
710	1422
711	817
711	1101
711	1166
711	1232
711	1389
711	1414
712	1320
715	868
715	1319
720	873
720	876
720	1069
720	1075
720	1365
720	1461
723	1360
731	835
731	1173
733	816
733	1444
737	852
738	855
738	880
738	1179
738	1189
738	1343
738	1347
738	1512
738	1515
754	1365
755	1112
767	789
767	901
767	934
767	947
767	1009
767	1086
767	1093
767	1182
767	1416
767	1439
767	1493
767	1495
769	1151
769	1426
770	1366
770	1507
775	802
775	1179
775	1215
775	1373
775	1455
775	1512
780	785
780	819
780	864
780	908
780	914
780	940
780	989
780	1024
780	1048
780	1054
780	1230
780	1231
780	1261
780	1341
780	1349
780	1441
783	807
783	1403
784	886
785	789
785	819
785	864
785	908
785	914
785	940
785	989
785	1024
785	1035
785	1048
785	1054
785	1121
785	1341
785	1406
785	1424
789	819
789	901
789	934
789	947
789	1009
789	1086
789	1093
789	1182
789	1253
789	1367
789	1416
789	1439
789	1493
789	1495
801	906
801	1483
802	1179
802	1215
802	1347
802	1373
802	1455
802	1512
803	828
803	997
805	1228
805	1276
805	1346
807	1403
808	811
808	981
812	830
812	840
812	874
812	929
812	972
812	1206
816	1444
817	1101
817	1166
817	1232
817	1389
817	1414
819	864
819	908
819	914
819	989
819	1024
819	1048
819	1054
819	1086
819	1121
819	1182
819	1230
819	1231
819	1261
819	1341
819	1441
819	1514
820	1391
821	1297
824	1389
824	1414
825	1015
826	908
826	1007
826	1134
826	1144
826	1159
826	1248
826	1272
826	1358
826	1411
828	997
829	1134
829	1159
829	1398
830	840
830	874
830	929
830	972
830	1206
830	1336
830	1421
831	927
831	1351
832	1005
832	1514
835	1173
838	954
839	1339
840	874
840	929
840	972
840	1206
841	858
841	918
841	1319
855	880
855	1179
855	1189
855	1343
855	1347
855	1512
855	1515
858	1038
861	895
861	1022
861	1036
861	1072
861	1108
861	1217
862	908
862	914
862	1134
862	1144
862	1159
862	1272
862	1358
862	1411
864	908
864	914
864	989
864	1007
864	1024
864	1035
864	1048
864	1054
864	1182
864	1230
864	1231
864	1261
864	1423
864	1441
868	1319
873	1075
873	1080
873	1365
874	929
874	972
874	1206
876	1069
876	1075
876	1461
877	1379
880	1179
880	1189
880	1343
880	1347
880	1512
880	1515
889	1116
890	1466
895	1022
895	1036
895	1072
895	1108
895	1217
895	1326
897	1214
898	1499
901	934
901	947
901	1009
901	1086
901	1182
901	1416
901	1439
901	1493
901	1495
903	1151
906	1133
906	1438
906	1483
908	914
908	1024
908	1048
908	1054
908	1134
908	1144
908	1159
908	1182
908	1230
908	1272
908	1358
908	1398
908	1411
908	1441
914	989
914	1048
914	1054
914	1120
914	1134
914	1144
914	1182
914	1230
914	1261
914	1272
914	1341
914	1362
914	1411
914	1441
918	962
921	1123
921	1451
924	1248
924	1411
927	1351
929	972
929	1206
934	947
934	1009
934	1086
934	1093
934	1182
934	1416
934	1439
934	1493
934	1495
939	1399
940	1048
940	1054
945	1327
947	1009
947	1086
947	1093
947	1182
947	1367
947	1416
947	1439
947	1493
947	1495
948	1098
948	1377
952	1190
954	1408
960	1498
961	994
962	1104
962	1319
962	1401
972	1206
975	1355
975	1446
986	1124
989	1024
989	1048
989	1054
989	1182
989	1230
989	1260
989	1441
1005	1514
1007	1024
1009	1086
1009	1182
1009	1416
1009	1439
1009	1493
1009	1495
1011	1382
1012	1286
1012	1298
1012	1304
1012	1316
1015	1088
1015	1175
1015	1502
1022	1036
1022	1072
1022	1108
1022	1217
1022	1225
1022	1326
1024	1048
1024	1054
1024	1230
1024	1261
1024	1441
1025	1357
1027	1055
1027	1134
1027	1159
1027	1272
1027	1411
1027	1424
1027	1501
1030	1327
1030	1347
1030	1512
1035	1048
1035	1341
1036	1072
1036	1108
1036	1192
1036	1217
1039	1234
1048	1054
1048	1134
1048	1182
1048	1230
1048	1261
1048	1341
1048	1441
1051	1286
1051	1298
1051	1304
1051	1316
1054	1134
1054	1144
1054	1159
1054	1230
1054	1261
1054	1341
1054	1349
1054	1411
1054	1423
1054	1441
1059	1393
1060	1123
1061	1129
1063	1436
1067	1430
1069	1075
1069	1461
1072	1108
1072	1217
1072	1225
1072	1326
1075	1080
1075	1390
1075	1418
1075	1461
1080	1303
1080	1469
1082	1228
1082	1276
1086	1093
1086	1182
1086	1416
1086	1439
1086	1493
1086	1495
1093	1120
1093	1182
1093	1253
1093	1416
1093	1439
1093	1493
1093	1495
1098	1341
1098	1377
1098	1406
1101	1232
1101	1389
1101	1414
1103	1298
1103	1304
1108	1217
1120	1134
1120	1159
1120	1182
1120	1272
1120	1358
1120	1416
1123	1451
1130	1251
1130	1422
1133	1368
1133	1438
1133	1483
1133	1507
1134	1144
1134	1159
1134	1182
1134	1233
1134	1272
1134	1358
1134	1362
1134	1398
1134	1411
1134	1441
1143	1259
1143	1378
1144	1159
1144	1248
1144	1272
1144	1358
1144	1398
1144	1411
1155	1408
1159	1272
1159	1358
1159	1362
1159	1398
1159	1411
1159	1441
1175	1502
1179	1189
1179	1215
1179	1343
1179	1347
1179	1373
1179	1455
1179	1512
1179	1515
1180	1289
1182	1367
1182	1406
1182	1416
1182	1439
1182	1493
1182	1495
1189	1343
1189	1347
1189	1512
1189	1515
1199	1302
1199	1434
1206	1336
1208	1256
1208	1284
1209	1263
1209	1335
1215	1347
1215	1373
1215	1455
1215	1512
1217	1225
1217	1326
1219	1307
1222	1505
1228	1276
1228	1324
1228	1346
1230	1341
1232	1341
1232	1389
1232	1414
1248	1411
1250	1395
1251	1422
1253	1439
1256	1284
1259	1378
1263	1335
1272	1358
1272	1398
1272	1411
1276	1324
1276	1346
1277	1430
1286	1298
1286	1304
1286	1316
1298	1304
1304	1316
1319	1327
1320	1445
1322	1418
1322	1445
1327	1347
1327	1418
1327	1455
1327	1512
1341	1377
1341	1406
1341	1414
1343	1347
1343	1512
1343	1515
1347	1373
1347	1418
1347	1455
1347	1512
1347	1515
1355	1446
1357	1497
1358	1398
1358	1411
1366	1438
1366	1507
1367	1416
1367	1493
1371	1463
1373	1455
1373	1512
1389	1414
1390	1461
1395	1440
1398	1411
1416	1439
1416	1493
1416	1495
1418	1445
1418	1512
1438	1483
1438	1507
1439	1493
1439	1495
1455	1512
1493	1495
1507	1511
1512	1515
85	0
343	0
561	0
1385	0
939	1
1399	1
394	2
657	2
962	2
1401	2
537	3
1031	3
296	4
337	4
1445	4
596	5
1132	5
1025	8
1059	9
1393	9
81	10
90	10
466	10
850	10
452	11
681	11
801	11
906	11
1133	11
1438	11
1483	11
733	14
816	14
1444	14
62	15
180	15
202	15
361	15
365	15
478	15
785	15
819	15
908	15
948	15
1098	15
1377	15
671	23
830	23
1421	23
680	24
1039	24
1234	24
695	26
819	26
1045	26
1048	26
1051	28
1080	28
1254	28
46	30
105	30
119	30
180	30
223	30
238	30
334	30
369	30
421	30
587	30
592	30
677	30
767	30
789	30
901	30
934	30
947	30
1009	30
1086	30
1093	30
1120	30
1182	30
1253	30
1398	30
1416	30
1439	30
1493	30
1495	30
142	33
152	33
545	34
168	35
208	35
348	35
442	35
452	35
568	35
681	35
770	35
1366	35
1507	35
1265	38
310	39
325	39
333	39
614	39
861	39
895	39
1022	39
1036	39
1072	39
1108	39
1217	39
1225	39
1326	39
1516	41
263	42
1030	42
260	44
62	46
105	46
119	46
140	46
155	46
180	46
202	46
203	46
223	46
334	46
361	46
369	46
419	46
478	46
509	46
563	46
592	46
639	46
644	46
780	46
785	46
789	46
819	46
864	46
901	46
908	46
914	46
934	46
947	46
989	46
1024	46
1048	46
1054	46
1086	46
1093	46
1098	46
1120	46
1134	46
1182	46
1233	46
1377	46
1416	46
1495	46
290	51
338	51
339	51
711	51
817	51
1101	51
1232	51
1389	51
1414	51
62	52
202	52
203	52
419	52
478	52
479	52
488	52
509	52
583	52
780	52
813	52
819	52
864	52
914	52
1024	52
1048	52
1054	52
1230	52
1261	52
818	55
392	60
516	60
94	62
105	62
155	62
202	62
203	62
243	62
361	62
419	62
478	62
509	62
644	62
780	62
785	62
819	62
864	62
908	62
914	62
1024	62
1048	62
1054	62
1134	62
1182	62
1230	62
1272	62
1441	62
146	64
1128	67
88	69
805	73
1228	73
1276	73
1324	73
1346	73
710	75
1130	75
1251	75
1422	75
994	76
202	79
90	81
466	81
548	81
825	81
1015	81
1088	81
1502	81
309	83
556	83
662	83
1511	83
343	85
561	85
1385	85
260	86
262	87
1061	87
1129	87
231	88
558	88
850	90
1111	91
1452	91
180	94
908	94
914	94
1054	94
1120	94
1134	94
1144	94
1159	94
1358	94
1398	94
119	105
140	105
155	105
180	105
203	105
223	105
361	105
369	105
419	105
509	105
571	105
639	105
785	105
789	105
819	105
864	105
908	105
914	105
947	105
989	105
1024	105
1045	105
1048	105
1054	105
1182	105
1199	105
1230	105
1261	105
1341	105
1406	105
291	110
500	110
921	110
1123	110
1451	110
821	112
1297	112
296	118
466	118
474	118
480	118
720	118
873	118
876	118
1080	118
1343	118
1365	118
180	119
223	119
369	119
592	119
677	119
789	119
947	119
1086	119
1093	119
1182	119
1199	119
1434	119
1439	119
1495	119
170	121
410	121
491	121
519	121
655	121
1209	121
1263	121
1335	121
560	123
656	123
1205	123
489	128
539	128
1012	128
1051	128
1286	128
1298	128
1304	128
1316	128
627	130
261	131
641	131
1075	131
1390	131
1461	131
932	132
688	135
416	136
385	137
995	139
180	140
203	140
785	140
1045	140
1121	140
1134	140
693	141
152	142
184	143
403	143
862	143
1134	143
1144	143
1159	143
1411	143
240	145
808	145
811	145
981	145
222	149
270	149
364	149
485	149
1039	153
1234	153
180	155
202	155
203	155
223	155
361	155
419	155
478	155
509	155
639	155
644	155
780	155
785	155
819	155
864	155
908	155
914	155
940	155
989	155
1024	155
1048	155
1054	155
1182	155
1230	155
1231	155
1341	155
1349	155
1423	155
212	157
578	157
594	157
1208	157
1256	157
1284	157
1445	162
681	163
906	163
1483	163
498	164
348	168
442	168
452	168
681	168
770	168
1366	168
1507	168
1369	169
410	170
491	170
519	170
655	170
1209	170
1263	170
1335	170
466	171
1015	171
1384	171
590	173
1227	173
457	176
202	180
203	180
223	180
334	180
369	180
421	180
587	180
592	180
677	180
767	180
785	180
789	180
901	180
908	180
914	180
934	180
947	180
1009	180
1048	180
1086	180
1093	180
1120	180
1134	180
1159	180
1182	180
1233	180
1272	180
1367	180
1416	180
1439	180
1493	180
1495	180
669	181
1031	181
703	182
803	182
828	182
997	182
265	184
403	184
434	184
691	184
826	184
862	184
908	184
914	184
1027	184
1134	184
1144	184
1159	184
1272	184
1358	184
1398	184
1411	184
596	190
765	190
883	190
946	194
1404	198
203	202
243	202
361	202
399	202
419	202
478	202
479	202
488	202
509	202
644	202
646	202
695	202
780	202
785	202
819	202
862	202
864	202
908	202
914	202
989	202
1024	202
1048	202
1054	202
1134	202
1230	202
1272	202
1349	202
1358	202
1411	202
1441	202
361	203
393	203
419	203
437	203
478	203
479	203
509	203
559	203
583	203
639	203
644	203
780	203
785	203
819	203
864	203
908	203
914	203
989	203
1024	203
1048	203
1054	203
1121	203
1230	203
1261	203
1341	203
1406	203
276	204
349	204
683	204
348	208
452	208
568	208
681	208
1133	208
1366	208
1438	208
1507	208
799	210
578	212
594	212
1208	212
1256	212
1284	212
1514	212
508	214
838	214
954	214
255	217
336	217
552	217
356	219
440	219
554	219
565	219
1030	219
1327	219
1347	219
1418	219
1512	219
239	222
292	222
364	222
485	222
706	222
708	222
1278	222
334	223
369	223
421	223
587	223
592	223
677	223
767	223
789	223
901	223
934	223
947	223
1086	223
1093	223
1120	223
1182	223
1233	223
1253	223
1367	223
1416	223
1439	223
1495	223
1234	226
472	231
558	231
818	231
1371	231
1463	231
292	239
706	239
1278	239
808	240
981	240
361	243
419	243
478	243
509	243
644	243
780	243
819	243
864	243
908	243
914	243
989	243
1024	243
1048	243
1054	243
1134	243
1159	243
1230	243
1441	243
1287	244
1013	246
378	247
412	248
514	248
552	255
641	261
1061	262
1129	262
1030	263
403	265
826	265
1134	265
1144	265
1159	265
1272	265
1358	265
374	270
889	270
1116	270
682	272
831	272
927	272
1351	272
754	273
1222	273
1365	273
1505	273
349	276
683	276
601	280
775	282
802	282
1179	282
1215	282
1373	282
1455	282
1512	282
338	290
339	290
711	290
817	290
1101	290
1166	290
1232	290
1389	290
1414	290
500	291
921	291
1123	291
1451	291
706	292
1278	292
472	295
723	295
834	295
1360	295
337	296
424	296
458	296
466	296
1080	296
1322	296
1365	296
1418	296
1445	296
327	297
593	297
812	297
830	297
840	297
874	297
929	297
972	297
1206	297
1336	297
499	298
581	298
894	298
710	300
556	309
662	309
1511	309
325	310
333	310
357	310
614	310
861	310
895	310
1022	310
1036	310
1072	310
1108	310
1217	310
1225	310
1326	310
331	315
350	315
603	315
820	315
1391	315
859	323
333	325
357	325
614	325
861	325
895	325
1022	325
1036	325
1072	325
1108	325
1192	325
1217	325
1326	325
593	327
812	327
830	327
840	327
874	327
929	327
972	327
1206	327
350	331
603	331
820	331
1391	331
357	333
614	333
861	333
895	333
1022	333
1036	333
1072	333
1108	333
1217	333
1225	333
1326	333
369	334
400	334
421	334
587	334
677	334
767	334
789	334
901	334
934	334
947	334
1009	334
1086	334
1093	334
1182	334
1416	334
1439	334
1493	334
1495	334
877	336
466	337
1445	337
339	338
711	338
817	338
1101	338
1232	338
1389	338
1414	338
711	339
817	339
1101	339
1232	339
1389	339
1414	339
561	343
1385	343
592	346
1118	347
442	348
452	348
681	348
770	348
1366	348
1507	348
962	349
603	350
820	350
1391	350
554	356
565	356
1030	356
1327	356
1347	356
1418	356
1512	356
569	357
861	357
1022	357
1036	357
1072	357
478	361
509	361
644	361
646	361
780	361
785	361
819	361
864	361
908	361
940	361
989	361
1024	361
1048	361
1054	361
1441	361
412	362
514	362
485	364
708	364
1143	364
948	365
1098	365
1341	365
1377	365
421	369
529	369
587	369
592	369
677	369
767	369
789	369
901	369
934	369
947	369
1009	369
1086	369
1093	369
1182	369
1416	369
1439	369
1493	369
1495	369
1459	370
1471	370
599	374
889	374
1116	374
1287	380
575	381
945	384
490	387
952	388
1190	388
1497	389
466	391
665	391
1350	391
613	392
648	392
615	395
783	395
807	395
990	395
1403	395
646	399
1048	399
587	400
1086	400
1416	400
903	401
1151	401
1204	402
434	403
646	403
691	403
826	403
862	403
908	403
1007	403
1027	403
1134	403
1144	403
1159	403
1248	403
1272	403
1358	403
1398	403
1411	403
1084	407
1269	408
491	410
519	410
655	410
1209	410
1263	410
1335	410
572	411
975	411
1098	411
1355	411
1446	411
514	412
439	414
464	415
825	418
478	419
479	419
488	419
509	419
583	419
644	419
780	419
785	419
819	419
864	419
908	419
914	419
940	419
989	419
1024	419
1048	419
1054	419
1230	419
1261	419
1349	419
587	421
592	421
677	421
767	421
789	421
901	421
934	421
947	421
1009	421
1086	421
1093	421
1182	421
1416	421
1439	421
1493	421
1495	421
834	422
1319	422
458	424
1322	424
1418	424
1445	424
640	431
763	433
1317	433
691	434
826	434
924	434
1134	434
1144	434
1248	434
1411	434
592	435
940	437
1019	437
681	442
770	442
1507	442
1067	450
1430	450
556	452
568	452
681	452
770	452
906	452
1133	452
1366	452
1438	452
1483	452
1507	452
1511	452
466	458
1322	458
1418	458
1445	458
665	466
825	466
1015	466
1080	466
1322	466
1350	466
1418	466
1445	466
1502	466
535	467
584	470
535	472
834	472
945	472
488	478
509	478
644	478
646	478
780	478
785	478
819	478
864	478
908	478
914	478
940	478
989	478
991	478
1024	478
1048	478
1054	478
1230	478
1231	478
1261	478
1341	478
1423	478
1441	478
488	479
509	479
583	479
780	479
836	479
914	479
1261	479
720	480
873	480
876	480
1069	480
1075	480
1080	480
1365	480
1461	480
625	483
1143	483
1259	483
1378	483
524	484
709	484
1226	484
708	485
1143	485
509	488
780	488
1048	488
1054	488
1230	488
1231	488
1261	488
539	489
1012	489
1051	489
1103	489
1286	489
1298	489
1304	489
1316	489
519	491
655	491
1209	491
1263	491
1335	491
581	499
894	499
921	500
1123	500
1451	500
838	508
954	508
583	509
639	509
644	509
646	509
780	509
785	509
819	509
862	509
864	509
908	509
914	509
989	509
990	509
1007	509
1024	509
1048	509
1054	509
1230	509
1231	509
1261	509
1411	509
1441	509
629	510
540	514
1394	518
655	519
1209	519
1263	519
1335	519
709	524
1226	524
592	529
677	529
934	529
947	529
712	535
834	535
945	535
1320	535
1031	537
1293	537
1012	539
1051	539
1286	539
1298	539
1304	539
1316	539
1088	548
908	551
1300	551
565	554
1030	554
1327	554
1347	554
1418	554
1512	554
662	556
681	556
1507	556
1511	556
1025	558
1357	558
1371	558
1463	558
780	559
819	559
864	559
656	560
1205	560
1385	561
1134	563
1199	563
1030	565
1327	565
1512	565
681	568
1366	568
1507	568
1139	571
975	572
1355	572
1446	572
1015	575
1384	575
594	578
1208	578
1256	578
1284	578
1492	582
780	583
1024	583
1054	583
1261	583
677	587
767	587
789	587
901	587
934	587
947	587
1086	587
1093	587
1182	587
1416	587
1439	587
1495	587
793	590
1227	590
677	592
901	592
934	592
947	592
1009	592
1086	592
1182	592
1416	592
1439	592
1495	592
644	593
812	593
830	593
840	593
874	593
929	593
972	593
1206	593
1336	593
1208	594
1256	594
1284	594
1514	594
765	596
889	599
1116	599
648	602
820	603
1391	603
841	605
858	605
648	613
945	613
861	614
895	614
1022	614
1036	614
1108	614
1217	614
783	615
990	615
1403	615
945	620
728	623
1143	625
1259	625
1378	625
739	627
886	628
1239	636
785	639
819	639
864	639
989	639
1054	639
1121	639
1261	639
1075	641
1390	641
1461	641
780	644
785	644
819	644
864	644
874	644
908	644
914	644
1024	644
1048	644
1054	644
1362	644
1441	644
864	646
908	646
1134	646
1248	646
1411	646
1514	646
1318	647
945	648
1209	655
1263	655
1335	655
1205	656
962	657
691	661
826	661
1248	661
1411	661
914	664
1233	664
1350	665
830	671
1421	671
1347	675
1455	675
1512	675
767	677
789	677
901	677
934	677
947	677
1009	677
1086	677
1093	677
1182	677
1416	677
1439	677
1493	677
1495	677
681	678
1234	680
770	681
906	681
1133	681
1366	681
1438	681
1483	681
1507	681
1511	681
831	682
927	682
1351	682
1082	688
826	691
1134	691
1144	691
1159	691
1248	691
1272	691
1358	691
1411	691
1045	695
1395	701
803	703
828	703
997	703
1278	706
945	708
1143	708
1226	709
1130	710
1251	710
1422	710
817	711
1101	711
1166	711
1232	711
1389	711
1414	711
1320	712
868	715
1319	715
873	720
876	720
1069	720
1075	720
1365	720
1461	720
1360	723
835	731
1173	731
816	733
1444	733
852	737
855	738
880	738
1179	738
1189	738
1343	738
1347	738
1512	738
1515	738
1365	754
1112	755
789	767
901	767
934	767
947	767
1009	767
1086	767
1093	767
1182	767
1416	767
1439	767
1493	767
1495	767
1151	769
1426	769
1366	770
1507	770
802	775
1179	775
1215	775
1373	775
1455	775
1512	775
785	780
819	780
864	780
908	780
914	780
940	780
989	780
1024	780
1048	780
1054	780
1230	780
1231	780
1261	780
1341	780
1349	780
1441	780
807	783
1403	783
886	784
789	785
819	785
864	785
908	785
914	785
940	785
989	785
1024	785
1035	785
1048	785
1054	785
1121	785
1341	785
1406	785
1424	785
819	789
901	789
934	789
947	789
1009	789
1086	789
1093	789
1182	789
1253	789
1367	789
1416	789
1439	789
1493	789
1495	789
906	801
1483	801
1179	802
1215	802
1347	802
1373	802
1455	802
1512	802
828	803
997	803
1228	805
1276	805
1346	805
1403	807
811	808
981	808
830	812
840	812
874	812
929	812
972	812
1206	812
1444	816
1101	817
1166	817
1232	817
1389	817
1414	817
864	819
908	819
914	819
989	819
1024	819
1048	819
1054	819
1086	819
1121	819
1182	819
1230	819
1231	819
1261	819
1341	819
1441	819
1514	819
1391	820
1297	821
1389	824
1414	824
1015	825
908	826
1007	826
1134	826
1144	826
1159	826
1248	826
1272	826
1358	826
1411	826
997	828
1134	829
1159	829
1398	829
840	830
874	830
929	830
972	830
1206	830
1336	830
1421	830
927	831
1351	831
1005	832
1514	832
1173	835
954	838
1339	839
874	840
929	840
972	840
1206	840
858	841
918	841
1319	841
880	855
1179	855
1189	855
1343	855
1347	855
1512	855
1515	855
1038	858
895	861
1022	861
1036	861
1072	861
1108	861
1217	861
908	862
914	862
1134	862
1144	862
1159	862
1272	862
1358	862
1411	862
908	864
914	864
989	864
1007	864
1024	864
1035	864
1048	864
1054	864
1182	864
1230	864
1231	864
1261	864
1423	864
1441	864
1319	868
1075	873
1080	873
1365	873
929	874
972	874
1206	874
1069	876
1075	876
1461	876
1379	877
1179	880
1189	880
1343	880
1347	880
1512	880
1515	880
1116	889
1466	890
1022	895
1036	895
1072	895
1108	895
1217	895
1326	895
1214	897
1499	898
934	901
947	901
1009	901
1086	901
1182	901
1416	901
1439	901
1493	901
1495	901
1151	903
1133	906
1438	906
1483	906
914	908
1024	908
1048	908
1054	908
1134	908
1144	908
1159	908
1182	908
1230	908
1272	908
1358	908
1398	908
1411	908
1441	908
989	914
1048	914
1054	914
1120	914
1134	914
1144	914
1182	914
1230	914
1261	914
1272	914
1341	914
1362	914
1411	914
1441	914
962	918
1123	921
1451	921
1248	924
1411	924
1351	927
972	929
1206	929
947	934
1009	934
1086	934
1093	934
1182	934
1416	934
1439	934
1493	934
1495	934
1399	939
1048	940
1054	940
1327	945
1009	947
1086	947
1093	947
1182	947
1367	947
1416	947
1439	947
1493	947
1495	947
1098	948
1377	948
1190	952
1408	954
1498	960
994	961
1104	962
1319	962
1401	962
1206	972
1355	975
1446	975
1124	986
1024	989
1048	989
1054	989
1182	989
1230	989
1260	989
1441	989
1514	1005
1024	1007
1086	1009
1182	1009
1416	1009
1439	1009
1493	1009
1495	1009
1382	1011
1286	1012
1298	1012
1304	1012
1316	1012
1088	1015
1175	1015
1502	1015
1036	1022
1072	1022
1108	1022
1217	1022
1225	1022
1326	1022
1048	1024
1054	1024
1230	1024
1261	1024
1441	1024
1357	1025
1055	1027
1134	1027
1159	1027
1272	1027
1411	1027
1424	1027
1501	1027
1327	1030
1347	1030
1512	1030
1048	1035
1341	1035
1072	1036
1108	1036
1192	1036
1217	1036
1234	1039
1054	1048
1134	1048
1182	1048
1230	1048
1261	1048
1341	1048
1441	1048
1286	1051
1298	1051
1304	1051
1316	1051
1134	1054
1144	1054
1159	1054
1230	1054
1261	1054
1341	1054
1349	1054
1411	1054
1423	1054
1441	1054
1393	1059
1123	1060
1129	1061
1436	1063
1430	1067
1075	1069
1461	1069
1108	1072
1217	1072
1225	1072
1326	1072
1080	1075
1390	1075
1418	1075
1461	1075
1303	1080
1469	1080
1228	1082
1276	1082
1093	1086
1182	1086
1416	1086
1439	1086
1493	1086
1495	1086
1120	1093
1182	1093
1253	1093
1416	1093
1439	1093
1493	1093
1495	1093
1341	1098
1377	1098
1406	1098
1232	1101
1389	1101
1414	1101
1298	1103
1304	1103
1217	1108
1134	1120
1159	1120
1182	1120
1272	1120
1358	1120
1416	1120
1451	1123
1251	1130
1422	1130
1368	1133
1438	1133
1483	1133
1507	1133
1144	1134
1159	1134
1182	1134
1233	1134
1272	1134
1358	1134
1362	1134
1398	1134
1411	1134
1441	1134
1259	1143
1378	1143
1159	1144
1248	1144
1272	1144
1358	1144
1398	1144
1411	1144
1408	1155
1272	1159
1358	1159
1362	1159
1398	1159
1411	1159
1441	1159
1502	1175
1189	1179
1215	1179
1343	1179
1347	1179
1373	1179
1455	1179
1512	1179
1515	1179
1289	1180
1367	1182
1406	1182
1416	1182
1439	1182
1493	1182
1495	1182
1343	1189
1347	1189
1512	1189
1515	1189
1302	1199
1434	1199
1336	1206
1256	1208
1284	1208
1263	1209
1335	1209
1347	1215
1373	1215
1455	1215
1512	1215
1225	1217
1326	1217
1307	1219
1505	1222
1276	1228
1324	1228
1346	1228
1341	1230
1341	1232
1389	1232
1414	1232
1411	1248
1395	1250
1422	1251
1439	1253
1284	1256
1378	1259
1335	1263
1358	1272
1398	1272
1411	1272
1324	1276
1346	1276
1430	1277
1298	1286
1304	1286
1316	1286
1304	1298
1316	1304
1327	1319
1445	1320
1418	1322
1445	1322
1347	1327
1418	1327
1455	1327
1512	1327
1377	1341
1406	1341
1414	1341
1347	1343
1512	1343
1515	1343
1373	1347
1418	1347
1455	1347
1512	1347
1515	1347
1446	1355
1497	1357
1398	1358
1411	1358
1438	1366
1507	1366
1416	1367
1493	1367
1463	1371
1455	1373
1512	1373
1414	1389
1461	1390
1440	1395
1411	1398
1439	1416
1493	1416
1495	1416
1445	1418
1512	1418
1483	1438
1507	1438
1493	1439
1495	1439
1512	1455
1495	1493
1511	1507
1515	1512
