0	353
0	471
0	536
2	772
3	17
3	369
3	688
5	32
5	90
5	185
5	256
5	271
5	459
5	525
5	639
5	669
5	736
5	777
5	806
5	825
11	314
11	392
11	570
11	586
11	588
11	632
11	737
11	806
15	33
15	52
15	58
15	71
15	80
15	90
15	167
15	172
15	222
15	323
15	325
15	382
15	390
15	428
15	491
15	500
15	524
15	527
15	533
15	559
15	567
15	618
15	627
15	707
15	737
15	784
15	810
15	819
15	838
16	56
17	369
17	688
19	34
19	107
19	308
19	518
19	572
19	770
20	32
20	33
20	53
20	101
20	104
20	179
20	256
20	257
20	264
20	277
20	283
20	314
20	354
20	360
20	479
20	519
20	544
20	556
20	575
20	588
20	593
20	632
20	669
20	692
20	722
20	736
20	737
20	791
25	672
28	176
28	279
28	792
28	807
32	33
32	45
32	52
32	53
32	101
32	104
32	179
32	185
32	256
32	264
32	277
32	314
32	354
32	360
32	459
32	479
32	495
32	544
32	575
32	588
32	593
32	632
32	661
32	669
32	692
32	716
32	721
32	722
32	736
32	737
32	791
32	806
32	811
33	52
33	58
33	71
33	90
33	99
33	104
33	167
33	185
33	216
33	256
33	264
33	271
33	314
33	354
33	360
33	459
33	479
33	544
33	554
33	559
33	575
33	588
33	593
33	627
33	632
33	669
33	695
33	703
33	722
33	736
33	737
33	753
33	788
33	791
33	806
33	810
34	93
34	107
34	302
34	308
34	518
34	631
34	748
34	770
34	809
36	831
39	256
39	554
39	736
43	303
45	90
45	130
45	271
45	314
45	459
45	499
45	593
45	608
45	627
45	642
45	649
45	713
45	736
45	766
45	784
45	806
46	814
48	112
48	129
48	144
48	270
48	393
48	433
48	486
48	666
48	755
48	756
48	758
48	820
48	835
48	848
48	850
49	117
52	58
52	69
52	90
52	99
52	104
52	179
52	185
52	264
52	277
52	311
52	314
52	338
52	459
52	479
52	524
52	527
52	554
52	559
52	575
52	586
52	588
52	593
52	632
52	669
52	692
52	722
52	736
52	737
52	753
52	788
52	791
52	819
53	101
53	104
53	185
53	256
53	257
53	264
53	277
53	283
53	314
53	354
53	360
53	479
53	544
53	575
53	593
53	632
53	669
53	722
53	736
54	597
54	822
57	79
57	152
57	169
57	254
57	258
57	286
57	407
57	485
57	558
57	755
57	769
58	90
58	99
58	325
58	382
58	459
58	473
58	524
58	618
58	669
58	737
58	810
58	819
62	191
62	379
63	138
63	387
69	90
69	104
69	282
69	329
69	459
69	521
69	586
69	628
69	737
70	213
70	279
70	499
70	642
70	649
70	660
70	792
71	90
71	167
71	222
71	325
71	382
71	459
71	500
71	521
71	524
71	527
71	618
71	627
71	695
71	810
74	79
74	169
74	258
74	407
74	485
74	558
74	601
74	605
77	109
77	317
77	327
77	336
77	372
77	709
79	169
79	258
79	407
79	485
79	558
79	601
79	605
80	90
80	172
80	222
80	323
80	382
80	390
80	423
80	428
80	459
80	491
80	500
80	524
80	527
80	533
80	567
80	618
80	653
80	810
80	819
80	838
83	138
83	213
83	230
83	345
83	461
83	551
83	702
83	792
83	821
90	104
90	130
90	167
90	172
90	222
90	264
90	282
90	314
90	323
90	325
90	382
90	428
90	459
90	491
90	499
90	500
90	521
90	524
90	527
90	533
90	567
90	588
90	618
90	627
90	639
90	649
90	695
90	716
90	736
90	737
90	754
90	771
90	806
90	810
90	838
91	806
92	425
93	518
93	631
93	809
97	106
97	329
97	598
97	830
99	305
99	311
99	459
99	473
99	737
99	819
101	104
101	138
101	179
101	185
101	213
101	256
101	257
101	264
101	271
101	277
101	314
101	318
101	354
101	479
101	544
101	554
101	559
101	588
101	593
101	632
101	642
101	660
101	692
101	722
101	736
101	737
101	759
101	791
101	806
101	811
104	179
104	185
104	207
104	232
104	256
104	257
104	264
104	271
104	277
104	282
104	283
104	314
104	319
104	354
104	360
104	459
104	479
104	544
104	554
104	575
104	588
104	593
104	619
104	628
104	632
104	669
104	692
104	722
104	736
104	737
104	753
104	788
106	598
106	830
107	308
107	518
107	631
107	770
107	809
109	317
109	327
109	336
109	372
109	709
109	849
111	119
112	266
112	270
112	393
112	756
112	758
112	848
113	292
113	410
113	464
114	229
114	690
120	145
123	378
123	451
129	486
129	666
129	755
129	758
129	850
130	135
130	213
130	271
130	279
130	318
130	495
130	499
130	503
130	541
130	608
130	627
130	642
130	649
130	692
130	713
130	716
130	736
130	754
130	766
130	784
130	792
131	637
133	224
135	213
135	279
135	314
135	461
135	495
135	499
135	503
135	608
135	642
135	649
135	716
135	754
135	766
135	821
138	213
138	230
138	264
138	277
138	318
138	345
138	461
138	495
138	642
138	660
138	702
138	736
138	792
138	821
140	286
140	769
144	433
144	756
144	820
144	835
144	848
146	350
146	602
146	626
146	629
147	555
149	632
152	300
152	563
152	769
152	813
154	216
154	312
154	487
154	545
154	765
154	814
154	820
156	302
156	308
156	396
156	518
156	803
167	231
167	325
167	382
167	459
167	491
167	524
167	695
167	703
167	737
167	810
169	258
169	407
169	485
169	558
169	601
169	605
170	368
170	698
170	723
170	783
172	181
172	211
172	222
172	323
172	382
172	390
172	423
172	428
172	491
172	500
172	524
172	527
172	533
172	567
172	618
172	653
172	810
172	819
172	838
173	255
176	807
179	185
179	256
179	257
179	264
179	271
179	277
179	314
179	354
179	479
179	544
179	554
179	575
179	588
179	593
179	632
179	692
179	722
179	736
179	737
179	759
179	811
181	211
181	323
181	390
181	428
184	282
184	351
184	809
184	831
185	256
185	264
185	271
185	277
185	283
185	314
185	354
185	360
185	479
185	519
185	554
185	575
185	588
185	593
185	632
185	669
185	722
185	736
185	737
185	811
187	803
191	379
193	492
193	738
195	369
197	727
202	263
203	310
203	528
203	596
203	667
204	728
208	437
208	450
208	555
208	786
210	264
210	459
210	588
210	736
210	832
211	323
211	390
213	230
213	251
213	264
213	279
213	314
213	318
213	345
213	461
213	495
213	499
213	503
213	541
213	551
213	565
213	608
213	642
213	649
213	660
213	702
213	716
213	722
213	736
213	754
213	766
213	784
213	792
213	806
213	821
216	312
216	487
216	545
216	639
216	765
216	814
216	825
218	248
221	398
222	323
222	325
222	382
222	390
222	428
222	491
222	500
222	524
222	527
222	533
222	567
222	618
222	737
222	810
222	819
222	838
223	464
223	741
227	292
227	553
227	575
229	690
230	345
230	461
230	495
230	551
230	608
230	642
230	660
230	702
230	736
230	792
230	821
231	325
232	519
232	571
234	350
237	321
239	282
239	329
244	308
244	518
246	511
250	358
250	605
250	699
251	499
251	642
251	649
251	736
251	792
251	821
252	291
252	320
253	292
253	464
254	286
255	540
256	264
256	271
256	277
256	283
256	314
256	354
256	360
256	440
256	459
256	479
256	519
256	544
256	554
256	556
256	559
256	575
256	588
256	593
256	619
256	632
256	669
256	692
256	693
256	721
256	722
256	736
256	737
256	753
256	791
256	799
256	806
256	811
257	277
257	314
257	319
257	466
257	544
257	632
257	722
258	286
258	407
258	485
258	558
258	601
258	605
258	769
264	271
264	277
264	314
264	318
264	354
264	360
264	479
264	519
264	544
264	551
264	559
264	575
264	588
264	593
264	619
264	632
264	642
264	660
264	716
264	722
264	736
264	737
264	753
264	792
264	811
264	821
266	270
266	393
270	393
270	756
270	758
270	848
271	277
271	279
271	314
271	318
271	354
271	360
271	459
271	479
271	495
271	570
271	575
271	586
271	588
271	593
271	619
271	632
271	669
271	692
271	713
271	721
271	722
271	736
271	737
271	754
271	792
271	806
271	811
273	547
277	283
277	314
277	319
277	354
277	360
277	459
277	479
277	495
277	544
277	551
277	554
277	555
277	565
277	575
277	588
277	593
277	619
277	632
277	660
277	669
277	692
277	693
277	722
277	736
277	737
277	791
277	792
277	806
277	811
279	318
279	461
279	499
279	503
279	541
279	608
279	642
279	649
279	660
279	716
279	722
279	736
279	754
279	766
279	784
279	792
279	821
282	459
282	527
282	618
282	677
282	736
282	737
282	771
282	831
283	314
283	354
283	479
283	575
283	593
283	632
283	669
283	736
286	407
286	769
290	325
290	382
290	524
291	320
292	402
292	464
295	849
297	395
297	568
297	732
300	563
300	813
302	308
302	396
302	518
302	803
302	827
303	773
305	736
308	396
308	518
308	631
308	748
308	770
308	809
308	827
310	528
310	596
310	667
312	487
312	545
312	765
312	814
314	354
314	360
314	459
314	479
314	495
314	519
314	554
314	559
314	570
314	575
314	588
314	593
314	619
314	632
314	649
314	661
314	669
314	692
314	722
314	736
314	737
314	752
314	753
314	759
314	791
314	792
314	799
314	806
314	811
317	327
317	336
317	372
317	709
318	345
318	461
318	495
318	499
318	608
318	642
318	649
318	660
318	702
318	716
318	722
318	736
318	754
318	766
318	784
318	792
318	821
319	544
319	575
319	593
319	722
323	382
323	390
323	428
323	500
323	524
323	527
323	533
323	618
323	810
325	382
325	491
325	500
325	524
325	567
325	703
325	737
325	810
327	336
327	372
327	709
327	849
329	432
329	753
336	372
336	709
337	641
337	790
345	461
345	642
345	660
345	702
345	736
345	792
345	821
348	585
350	602
350	629
353	426
353	849
354	360
354	479
354	544
354	554
354	575
354	588
354	593
354	619
354	632
354	669
354	722
354	736
354	737
354	791
354	806
354	811
358	605
358	699
359	658
360	459
360	479
360	575
360	588
360	593
360	619
360	632
360	669
360	722
360	736
360	737
360	791
360	806
360	811
363	452
368	698
368	723
368	783
369	688
372	709
375	521
375	695
378	451
381	756
381	758
381	820
381	848
382	390
382	423
382	428
382	459
382	491
382	500
382	524
382	527
382	533
382	567
382	618
382	653
382	737
382	810
382	838
389	661
390	428
390	500
390	524
390	527
390	810
390	838
392	570
392	586
392	619
393	756
393	758
393	848
395	472
395	568
395	732
396	518
396	803
396	827
404	481
404	741
407	485
407	558
407	601
407	605
407	769
414	631
414	809
420	720
423	428
423	533
423	567
424	727
428	500
428	524
428	527
428	533
428	567
428	618
428	810
428	838
431	650
433	756
433	820
433	835
433	848
437	450
437	786
438	585
440	479
440	588
440	619
440	669
440	736
440	737
440	832
450	786
452	555
459	519
459	521
459	524
459	527
459	559
459	575
459	586
459	588
459	593
459	618
459	627
459	632
459	669
459	695
459	721
459	722
459	736
459	737
459	753
459	788
459	791
459	806
459	810
459	811
461	495
461	499
461	565
461	608
461	642
461	649
461	660
461	702
461	716
461	736
461	754
461	766
461	792
461	806
461	821
464	603
471	536
472	732
473	669
473	819
476	753
479	544
479	554
479	565
479	575
479	581
479	588
479	593
479	619
479	632
479	669
479	692
479	693
479	722
479	736
479	737
479	799
479	806
479	811
481	741
485	558
485	601
485	605
486	666
486	755
486	756
486	758
486	835
486	848
486	850
487	545
487	765
487	814
491	500
491	524
491	527
491	567
491	618
491	737
492	738
495	499
495	541
495	642
495	649
495	660
495	702
495	716
495	722
495	736
495	737
495	754
495	792
495	806
495	821
498	589
498	685
498	842
499	503
499	541
499	608
499	627
499	642
499	649
499	660
499	716
499	722
499	736
499	754
499	766
499	784
499	792
499	806
499	821
500	524
500	527
500	533
500	567
500	810
500	838
503	608
503	632
503	642
503	649
503	716
503	736
503	754
503	766
503	784
503	792
518	631
518	748
518	770
518	809
519	588
519	593
519	632
519	661
519	722
519	736
519	737
519	806
521	527
521	627
521	640
521	695
521	736
524	527
524	533
524	567
524	618
524	737
524	771
524	810
524	838
525	639
525	777
525	825
526	713
526	716
527	533
527	567
527	618
527	627
527	653
527	737
527	771
527	810
527	838
528	596
528	667
533	567
533	618
533	653
533	810
533	838
536	717
536	741
541	608
541	642
541	649
541	716
541	722
541	736
541	754
541	784
541	792
544	575
544	588
544	593
544	632
544	669
544	693
544	722
544	736
545	765
545	814
551	702
551	722
551	736
551	792
554	575
554	588
554	593
554	632
554	669
554	692
554	722
554	791
554	811
558	601
558	605
559	583
559	734
559	737
565	575
565	722
565	736
567	810
567	838
568	732
570	586
570	593
570	669
570	806
575	588
575	593
575	632
575	669
575	692
575	722
575	736
575	737
575	791
575	806
575	811
581	588
581	737
581	753
583	737
586	736
586	806
588	593
588	619
588	632
588	669
588	692
588	721
588	722
588	736
588	737
588	753
588	791
588	806
588	811
589	685
589	842
593	619
593	632
593	642
593	649
593	661
593	669
593	692
593	713
593	721
593	722
593	736
593	737
593	753
593	759
593	791
593	792
593	799
593	806
593	811
596	667
597	822
598	830
601	605
602	629
605	699
607	687
608	627
608	642
608	649
608	660
608	716
608	722
608	736
608	754
608	766
608	784
608	792
608	821
610	633
612	717
618	627
618	653
618	707
618	737
618	810
618	838
619	632
619	669
619	692
619	722
619	736
619	737
619	753
619	791
619	799
619	806
626	629
627	649
627	713
627	716
627	754
627	766
628	669
631	770
631	809
632	642
632	669
632	692
632	693
632	713
632	716
632	722
632	736
632	737
632	753
632	754
632	759
632	791
632	792
632	806
632	811
639	753
639	777
639	825
641	790
642	649
642	660
642	702
642	713
642	716
642	722
642	736
642	754
642	766
642	784
642	792
642	821
648	789
649	660
649	713
649	716
649	722
649	736
649	754
649	766
649	784
649	792
649	806
649	811
649	821
653	838
660	716
660	722
660	736
660	754
660	766
660	792
660	821
661	722
661	736
666	755
666	756
666	758
666	835
666	848
666	850
669	692
669	722
669	736
669	737
669	791
669	806
685	842
691	719
691	743
691	757
692	721
692	722
692	736
692	737
692	753
692	754
692	791
698	723
698	783
702	722
702	736
702	792
702	821
707	810
713	716
713	722
713	736
713	754
713	766
713	784
713	806
715	837
716	722
716	736
716	754
716	766
716	784
716	792
716	806
717	741
719	743
719	757
721	722
721	736
721	754
721	799
721	806
722	736
722	737
722	754
722	784
722	791
722	792
722	799
722	806
722	811
722	821
723	783
736	737
736	754
736	766
736	784
736	791
736	792
736	799
736	806
736	811
736	821
736	849
737	771
737	788
737	791
737	806
737	810
737	811
748	809
753	777
753	788
753	791
753	825
754	766
754	784
754	792
754	821
755	756
755	758
755	835
755	848
755	850
756	758
756	820
756	835
756	848
756	850
758	820
758	835
758	848
758	850
765	814
766	784
766	792
766	806
770	809
771	838
777	825
784	792
784	806
791	806
792	806
792	821
792	832
806	811
809	831
810	838
811	832
820	835
820	848
835	848
835	850
848	850
353	0
471	0
536	0
772	2
17	3
369	3
688	3
32	5
90	5
185	5
256	5
271	5
459	5
525	5
639	5
669	5
736	5
777	5
806	5
825	5
314	11
392	11
570	11
586	11
588	11
632	11
737	11
806	11
33	15
52	15
58	15
71	15
80	15
90	15
167	15
172	15
222	15
323	15
325	15
382	15
390	15
428	15
491	15
500	15
524	15
527	15
533	15
559	15
567	15
618	15
627	15
707	15
737	15
784	15
810	15
819	15
838	15
56	16
369	17
688	17
34	19
107	19
308	19
518	19
572	19
770	19
32	20
33	20
53	20
101	20
104	20
179	20
256	20
257	20
264	20
277	20
283	20
314	20
354	20
360	20
479	20
519	20
544	20
556	20
575	20
588	20
593	20
632	20
669	20
692	20
722	20
736	20
737	20
791	20
672	25
176	28
279	28
792	28
807	28
33	32
45	32
52	32
53	32
101	32
104	32
179	32
185	32
256	32
264	32
277	32
314	32
354	32
360	32
459	32
479	32
495	32
544	32
575	32
588	32
593	32
632	32
661	32
669	32
692	32
716	32
721	32
722	32
736	32
737	32
791	32
806	32
811	32
52	33
58	33
71	33
90	33
99	33
104	33
167	33
185	33
216	33
256	33
264	33
271	33
314	33
354	33
360	33
459	33
479	33
544	33
554	33
559	33
575	33
588	33
593	33
627	33
632	33
669	33
695	33
703	33
722	33
736	33
737	33
753	33
788	33
791	33
806	33
810	33
93	34
107	34
302	34
308	34
518	34
631	34
748	34
770	34
809	34
831	36
256	39
554	39
736	39
303	43
90	45
130	45
271	45
314	45
459	45
499	45
593	45
608	45
627	45
642	45
649	45
713	45
736	45
766	45
784	45
806	45
814	46
112	48
129	48
144	48
270	48
393	48
433	48
486	48
666	48
755	48
756	48
758	48
820	48
835	48
848	48
850	48
117	49
58	52
69	52
90	52
99	52
104	52
179	52
185	52
264	52
277	52
311	52
314	52
338	52
459	52
479	52
524	52
527	52
554	52
559	52
575	52
586	52
588	52
593	52
632	52
669	52
692	52
722	52
736	52
737	52
753	52
788	52
791	52
819	52
101	53
104	53
185	53
256	53
257	53
264	53
277	53
283	53
314	53
354	53
360	53
479	53
544	53
575	53
593	53
632	53
669	53
722	53
736	53
597	54
822	54
79	57
152	57
169	57
254	57
258	57
286	57
407	57
485	57
558	57
755	57
769	57
90	58
99	58
325	58
382	58
459	58
473	58
524	58
618	58
669	58
737	58
810	58
819	58
191	62
379	62
138	63
387	63
90	69
104	69
282	69
329	69
459	69
521	69
586	69
628	69
737	69
213	70
279	70
499	70
642	70
649	70
660	70
792	70
90	71
167	71
222	71
325	71
382	71
459	71
500	71
521	71
524	71
527	71
618	71
627	71
695	71
810	71
79	74
169	74
258	74
407	74
485	74
558	74
601	74
605	74
109	77
317	77
327	77
336	77
372	77
709	77
169	79
258	79
407	79
485	79
558	79
601	79
605	79
90	80
172	80
222	80
323	80
382	80
390	80
423	80
428	80
459	80
491	80
500	80
524	80
527	80
533	80
567	80
618	80
653	80
810	80
819	80
838	80
138	83
213	83
230	83
345	83
461	83
551	83
702	83
792	83
821	83
104	90
130	90
167	90
172	90
222	90
264	90
282	90
314	90
323	90
325	90
382	90
428	90
459	90
491	90
499	90
500	90
521	90
524	90
527	90
533	90
567	90
588	90
618	90
627	90
639	90
649	90
695	90
716	90
736	90
737	90
754	90
771	90
806	90
810	90
838	90
806	91
425	92
518	93
631	93
809	93
106	97
329	97
598	97
830	97
305	99
311	99
459	99
473	99
737	99
819	99
104	101
138	101
179	101
185	101
213	101
256	101
257	101
264	101
271	101
277	101
314	101
318	101
354	101
479	101
544	101
554	101
559	101
588	101
593	101
632	101
642	101
660	101
692	101
722	101
736	101
737	101
759	101
791	101
806	101
811	101
179	104
185	104
207	104
232	104
256	104
257	104
264	104
271	104
277	104
282	104
283	104
314	104
319	104
354	104
360	104
459	104
479	104
544	104
554	104
575	104
588	104
593	104
619	104
628	104
632	104
669	104
692	104
722	104
736	104
737	104
753	104
788	104
598	106
830	106
308	107
518	107
631	107
770	107
809	107
317	109
327	109
336	109
372	109
709	109
849	109
119	111
266	112
270	112
393	112
756	112
758	112
848	112
292	113
410	113
464	113
229	114
690	114
145	120
378	123
451	123
486	129
666	129
755	129
758	129
850	129
135	130
213	130
271	130
279	130
318	130
495	130
499	130
503	130
541	130
608	130
627	130
642	130
649	130
692	130
713	130
716	130
736	130
754	130
766	130
784	130
792	130
637	131
224	133
213	135
279	135
314	135
461	135
495	135
499	135
503	135
608	135
642	135
649	135
716	135
754	135
766	135
821	135
213	138
230	138
264	138
277	138
318	138
345	138
461	138
495	138
642	138
660	138
702	138
736	138
792	138
821	138
286	140
769	140
433	144
756	144
820	144
835	144
848	144
350	146
602	146
626	146
629	146
555	147
632	149
300	152
563	152
769	152
813	152
216	154
312	154
487	154
545	154
765	154
814	154
820	154
302	156
308	156
396	156
518	156
803	156
231	167
325	167
382	167
459	167
491	167
524	167
695	167
703	167
737	167
810	167
258	169
407	169
485	169
558	169
601	169
605	169
368	170
698	170
723	170
783	170
181	172
211	172
222	172
323	172
382	172
390	172
423	172
428	172
491	172
500	172
524	172
527	172
533	172
567	172
618	172
653	172
810	172
819	172
838	172
255	173
807	176
185	179
256	179
257	179
264	179
271	179
277	179
314	179
354	179
479	179
544	179
554	179
575	179
588	179
593	179
632	179
692	179
722	179
736	179
737	179
759	179
811	179
211	181
323	181
390	181
428	181
282	184
351	184
809	184
831	184
256	185
264	185
271	185
277	185
283	185
314	185
354	185
360	185
479	185
519	185
554	185
575	185
588	185
593	185
632	185
669	185
722	185
736	185
737	185
811	185
803	187
379	191
492	193
738	193
369	195
727	197
263	202
310	203
528	203
596	203
667	203
728	204
437	208
450	208
555	208
786	208
264	210
459	210
588	210
736	210
832	210
323	211
390	211
230	213
251	213
264	213
279	213
314	213
318	213
345	213
461	213
495	213
499	213
503	213
541	213
551	213
565	213
608	213
642	213
649	213
660	213
702	213
716	213
722	213
736	213
754	213
766	213
784	213
792	213
806	213
821	213
312	216
487	216
545	216
639	216
765	216
814	216
825	216
248	218
398	221
323	222
325	222
382	222
390	222
428	222
491	222
500	222
524	222
527	222
533	222
567	222
618	222
737	222
810	222
819	222
838	222
464	223
741	223
292	227
553	227
575	227
690	229
345	230
461	230
495	230
551	230
608	230
642	230
660	230
702	230
736	230
792	230
821	230
325	231
519	232
571	232
350	234
321	237
282	239
329	239
308	244
518	244
511	246
358	250
605	250
699	250
499	251
642	251
649	251
736	251
792	251
821	251
291	252
320	252
292	253
464	253
286	254
540	255
264	256
271	256
277	256
283	256
314	256
354	256
360	256
440	256
459	256
479	256
519	256
544	256
554	256
556	256
559	256
575	256
588	256
593	256
619	256
632	256
669	256
692	256
693	256
721	256
722	256
736	256
737	256
753	256
791	256
799	256
806	256
811	256
277	257
314	257
319	257
466	257
544	257
632	257
722	257
286	258
407	258
485	258
558	258
601	258
605	258
769	258
271	264
277	264
314	264
318	264
354	264
360	264
479	264
519	264
544	264
551	264
559	264
575	264
588	264
593	264
619	264
632	264
642	264
660	264
716	264
722	264
736	264
737	264
753	264
792	264
811	264
821	264
270	266
393	266
393	270
756	270
758	270
848	270
277	271
279	271
314	271
318	271
354	271
360	271
459	271
479	271
495	271
570	271
575	271
586	271
588	271
593	271
619	271
632	271
669	271
692	271
713	271
721	271
722	271
736	271
737	271
754	271
792	271
806	271
811	271
547	273
283	277
314	277
319	277
354	277
360	277
459	277
479	277
495	277
544	277
551	277
554	277
555	277
565	277
575	277
588	277
593	277
619	277
632	277
660	277
669	277
692	277
693	277
722	277
736	277
737	277
791	277
792	277
806	277
811	277
318	279
461	279
499	279
503	279
541	279
608	279
642	279
649	279
660	279
716	279
722	279
736	279
754	279
766	279
784	279
792	279
821	279
459	282
527	282
618	282
677	282
736	282
737	282
771	282
831	282
314	283
354	283
479	283
575	283
593	283
632	283
669	283
736	283
407	286
769	286
325	290
382	290
524	290
320	291
402	292
464	292
849	295
395	297
568	297
732	297
563	300
813	300
308	302
396	302
518	302
803	302
827	302
773	303
736	305
396	308
518	308
631	308
748	308
770	308
809	308
827	308
528	310
596	310
667	310
487	312
545	312
765	312
814	312
354	314
360	314
459	314
479	314
495	314
519	314
554	314
559	314
570	314
575	314
588	314
593	314
619	314
632	314
649	314
661	314
669	314
692	314
722	314
736	314
737	314
752	314
753	314
759	314
791	314
792	314
799	314
806	314
811	314
327	317
336	317
372	317
709	317
345	318
461	318
495	318
499	318
608	318
642	318
649	318
660	318
702	318
716	318
722	318
736	318
754	318
766	318
784	318
792	318
821	318
544	319
575	319
593	319
722	319
382	323
390	323
428	323
500	323
524	323
527	323
533	323
618	323
810	323
382	325
491	325
500	325
524	325
567	325
703	325
737	325
810	325
336	327
372	327
709	327
849	327
432	329
753	329
372	336
709	336
641	337
790	337
461	345
642	345
660	345
702	345
736	345
792	345
821	345
585	348
602	350
629	350
426	353
849	353
360	354
479	354
544	354
554	354
575	354
588	354
593	354
619	354
632	354
669	354
722	354
736	354
737	354
791	354
806	354
811	354
605	358
699	358
658	359
459	360
479	360
575	360
588	360
593	360
619	360
632	360
669	360
722	360
736	360
737	360
791	360
806	360
811	360
452	363
698	368
723	368
783	368
688	369
709	372
521	375
695	375
451	378
756	381
758	381
820	381
848	381
390	382
423	382
428	382
459	382
491	382
500	382
524	382
527	382
533	382
567	382
618	382
653	382
737	382
810	382
838	382
661	389
428	390
500	390
524	390
527	390
810	390
838	390
570	392
586	392
619	392
756	393
758	393
848	393
472	395
568	395
732	395
518	396
803	396
827	396
481	404
741	404
485	407
558	407
601	407
605	407
769	407
631	414
809	414
720	420
428	423
533	423
567	423
727	424
500	428
524	428
527	428
533	428
567	428
618	428
810	428
838	428
650	431
756	433
820	433
835	433
848	433
450	437
786	437
585	438
479	440
588	440
619	440
669	440
736	440
737	440
832	440
786	450
555	452
519	459
521	459
524	459
527	459
559	459
575	459
586	459
588	459
593	459
618	459
627	459
632	459
669	459
695	459
721	459
722	459
736	459
737	459
753	459
788	459
791	459
806	459
810	459
811	459
495	461
499	461
565	461
608	461
642	461
649	461
660	461
702	461
716	461
736	461
754	461
766	461
792	461
806	461
821	461
603	464
536	471
732	472
669	473
819	473
753	476
544	479
554	479
565	479
575	479
581	479
588	479
593	479
619	479
632	479
669	479
692	479
693	479
722	479
736	479
737	479
799	479
806	479
811	479
741	481
558	485
601	485
605	485
666	486
755	486
756	486
758	486
835	486
848	486
850	486
545	487
765	487
814	487
500	491
524	491
527	491
567	491
618	491
737	491
738	492
499	495
541	495
642	495
649	495
660	495
702	495
716	495
722	495
736	495
737	495
754	495
792	495
806	495
821	495
589	498
685	498
842	498
503	499
541	499
608	499
627	499
642	499
649	499
660	499
716	499
722	499
736	499
754	499
766	499
784	499
792	499
806	499
821	499
524	500
527	500
533	500
567	500
810	500
838	500
608	503
632	503
642	503
649	503
716	503
736	503
754	503
766	503
784	503
792	503
631	518
748	518
770	518
809	518
588	519
593	519
632	519
661	519
722	519
736	519
737	519
806	519
527	521
627	521
640	521
695	521
736	521
527	524
533	524
567	524
618	524
737	524
771	524
810	524
838	524
639	525
777	525
825	525
713	526
716	526
533	527
567	527
618	527
627	527
653	527
737	527
771	527
810	527
838	527
596	528
667	528
567	533
618	533
653	533
810	533
838	533
717	536
741	536
608	541
642	541
649	541
716	541
722	541
736	541
754	541
784	541
792	541
575	544
588	544
593	544
632	544
669	544
693	544
722	544
736	544
765	545
814	545
702	551
722	551
736	551
792	551
575	554
588	554
593	554
632	554
669	554
692	554
722	554
791	554
811	554
601	558
605	558
583	559
734	559
737	559
575	565
722	565
736	565
810	567
838	567
732	568
586	570
593	570
669	570
806	570
588	575
593	575
632	575
669	575
692	575
722	575
736	575
737	575
791	575
806	575
811	575
588	581
737	581
753	581
737	583
736	586
806	586
593	588
619	588
632	588
669	588
692	588
721	588
722	588
736	588
737	588
753	588
791	588
806	588
811	588
685	589
842	589
619	593
632	593
642	593
649	593
661	593
669	593
692	593
713	593
721	593
722	593
736	593
737	593
753	593
759	593
791	593
792	593
799	593
806	593
811	593
667	596
822	597
830	598
605	601
629	602
699	605
687	607
627	608
642	608
649	608
660	608
716	608
722	608
736	608
754	608
766	608
784	608
792	608
821	608
633	610
717	612
627	618
653	618
707	618
737	618
810	618
838	618
632	619
669	619
692	619
722	619
736	619
737	619
753	619
791	619
799	619
806	619
629	626
649	627
713	627
716	627
754	627
766	627
669	628
770	631
809	631
642	632
669	632
692	632
693	632
713	632
716	632
722	632
736	632
737	632
753	632
754	632
759	632
791	632
792	632
806	632
811	632
753	639
777	639
825	639
790	641
649	642
660	642
702	642
713	642
716	642
722	642
736	642
754	642
766	642
784	642
792	642
821	642
789	648
660	649
713	649
716	649
722	649
736	649
754	649
766	649
784	649
792	649
806	649
811	649
821	649
838	653
716	660
722	660
736	660
754	660
766	660
792	660
821	660
722	661
736	661
755	666
756	666
758	666
835	666
848	666
850	666
692	669
722	669
736	669
737	669
791	669
806	669
842	685
719	691
743	691
757	691
721	692
722	692
736	692
737	692
753	692
754	692
791	692
723	698
783	698
722	702
736	702
792	702
821	702
810	707
716	713
722	713
736	713
754	713
766	713
784	713
806	713
837	715
722	716
736	716
754	716
766	716
784	716
792	716
806	716
741	717
743	719
757	719
722	721
736	721
754	721
799	721
806	721
736	722
737	722
754	722
784	722
791	722
792	722
799	722
806	722
811	722
821	722
783	723
737	736
754	736
766	736
784	736
791	736
792	736
799	736
806	736
811	736
821	736
849	736
771	737
788	737
791	737
806	737
810	737
811	737
809	748
777	753
788	753
791	753
825	753
766	754
784	754
792	754
821	754
756	755
758	755
835	755
848	755
850	755
758	756
820	756
835	756
848	756
850	756
820	758
835	758
848	758
850	758
814	765
784	766
792	766
806	766
809	770
838	771
825	777
792	784
806	784
806	791
806	792
821	792
832	792
811	806
831	809
838	810
832	811
835	820
848	820
848	835
850	835
850	848
