0	370
0	536
1	293
1	579
2	772
7	388
10	584
11	314
11	457
11	586
11	632
11	806
12	586
13	296
16	56
16	731
18	776
20	30
20	32
20	53
20	76
20	101
20	132
20	179
20	192
20	220
20	264
20	265
20	277
20	283
20	288
20	314
20	354
20	360
20	434
20	457
20	479
20	505
20	507
20	575
20	625
20	632
20	651
20	657
20	692
20	722
20	815
23	42
23	78
23	190
23	340
23	422
23	477
23	484
23	497
23	548
23	573
23	582
23	604
23	624
23	644
23	683
23	689
24	851
26	32
26	37
26	52
26	58
26	71
26	76
26	99
26	115
26	132
26	172
26	185
26	189
26	192
26	220
26	277
26	282
26	288
26	314
26	315
26	354
26	357
26	360
26	434
26	439
26	457
26	479
26	505
26	507
26	524
26	575
26	616
26	618
26	625
26	632
26	657
26	663
26	722
26	777
26	795
26	806
26	839
28	176
28	792
28	807
30	32
30	53
30	101
30	132
30	179
30	192
30	220
30	264
30	265
30	277
30	288
30	314
30	354
30	434
30	457
30	479
30	507
30	575
30	625
30	651
30	657
30	692
30	722
32	45
32	52
32	53
32	76
32	101
32	179
32	185
32	192
32	198
32	220
32	264
32	265
32	277
32	288
32	314
32	354
32	360
32	434
32	439
32	457
32	479
32	495
32	505
32	507
32	575
32	625
32	632
32	651
32	657
32	661
32	663
32	692
32	716
32	721
32	722
32	806
32	815
34	178
34	194
34	233
34	384
34	430
34	518
34	748
37	132
37	186
37	777
37	788
37	814
38	350
38	629
39	192
40	757
42	78
42	190
42	340
42	422
42	477
42	484
42	497
42	573
42	582
42	604
42	624
42	644
42	683
43	303
45	198
45	314
45	367
45	499
45	505
45	507
45	608
45	642
45	649
45	713
45	784
45	806
45	815
47	59
47	150
47	174
47	219
47	285
47	313
47	339
47	355
47	401
47	454
47	623
47	665
47	694
47	780
47	794
48	116
48	144
48	270
48	301
48	307
48	393
48	417
48	433
48	449
48	474
48	666
48	681
48	706
48	739
48	756
48	774
48	775
48	820
48	835
48	850
50	546
50	763
50	793
52	58
52	76
52	99
52	115
52	132
52	179
52	185
52	189
52	192
52	220
52	264
52	265
52	277
52	288
52	311
52	314
52	315
52	357
52	439
52	457
52	479
52	505
52	507
52	524
52	538
52	559
52	575
52	586
52	616
52	625
52	632
52	651
52	657
52	663
52	673
52	692
52	722
52	744
52	788
52	819
53	76
53	101
53	185
53	192
53	220
53	264
53	277
53	283
53	288
53	314
53	354
53	360
53	434
53	457
53	479
53	575
53	625
53	632
53	651
53	657
53	722
55	334
56	458
56	731
58	99
58	115
58	132
58	189
58	382
58	473
58	524
58	618
58	663
58	673
58	810
58	819
58	839
59	150
59	174
59	285
59	313
59	339
59	355
59	401
59	454
59	623
59	665
59	694
59	780
59	794
60	170
60	366
60	368
60	679
60	749
60	783
62	191
62	379
62	463
63	138
63	275
67	200
68	315
71	115
71	122
71	167
71	222
71	382
71	524
71	618
71	663
71	810
71	839
72	123
72	378
72	451
72	549
73	209
76	101
76	115
76	132
76	179
76	185
76	192
76	220
76	264
76	265
76	277
76	283
76	288
76	314
76	354
76	357
76	360
76	434
76	439
76	457
76	479
76	505
76	507
76	575
76	619
76	625
76	632
76	651
76	657
76	663
76	692
76	693
76	722
76	759
76	815
77	109
77	336
78	190
78	340
78	422
78	477
78	484
78	497
78	548
78	573
78	582
78	604
78	624
78	644
78	683
79	407
79	485
79	558
79	614
80	115
80	132
80	172
80	189
80	222
80	315
80	323
80	382
80	491
80	524
80	533
80	567
80	618
80	653
80	663
80	744
80	795
80	810
80	819
80	839
81	813
87	152
87	225
87	243
87	813
88	242
91	806
92	425
94	516
95	150
95	401
95	694
96	259
96	427
98	523
99	132
99	220
99	311
99	473
99	673
99	819
101	132
101	138
101	179
101	185
101	192
101	213
101	220
101	264
101	277
101	288
101	314
101	354
101	434
101	439
101	457
101	479
101	505
101	507
101	559
101	625
101	632
101	642
101	651
101	657
101	660
101	692
101	722
101	759
101	806
101	815
101	828
102	179
105	141
105	587
105	643
106	598
109	336
109	849
110	272
110	276
111	119
113	464
113	768
115	132
115	167
115	172
115	189
115	222
115	315
115	323
115	382
115	491
115	524
115	618
115	663
115	707
115	771
115	795
115	810
115	839
116	417
116	474
116	666
116	739
116	756
116	835
116	850
120	145
121	375
121	640
123	378
123	451
123	549
125	424
125	727
127	217
127	281
132	179
132	185
132	189
132	192
132	220
132	222
132	264
132	277
132	282
132	288
132	314
132	315
132	354
132	357
132	382
132	434
132	439
132	457
132	479
132	505
132	507
132	524
132	538
132	559
132	575
132	583
132	616
132	618
132	619
132	625
132	632
132	651
132	657
132	663
132	673
132	692
132	722
132	744
132	771
132	788
132	795
132	806
132	810
132	815
132	819
132	839
132	849
135	198
135	213
135	314
135	367
135	461
135	495
135	499
135	503
135	608
135	642
135	649
135	716
135	821
138	213
138	264
138	275
138	277
138	367
138	391
138	461
138	495
138	505
138	642
138	660
138	670
138	702
138	792
138	815
138	821
141	587
141	643
143	333
144	433
144	449
144	681
144	756
144	774
144	775
144	820
144	835
149	434
149	632
150	174
150	285
150	313
150	339
150	355
150	401
150	454
150	623
150	665
150	694
150	780
150	794
152	225
152	243
152	300
152	563
152	769
152	813
153	269
153	496
155	267
155	609
155	761
156	159
156	518
159	384
159	518
161	408
164	475
165	846
167	231
167	382
167	491
167	524
167	663
167	703
167	795
167	810
167	839
168	326
168	463
168	483
168	542
168	609
168	676
170	366
170	368
170	679
170	749
170	783
172	181
172	189
172	211
172	222
172	315
172	323
172	382
172	491
172	524
172	533
172	567
172	618
172	653
172	663
172	744
172	795
172	810
172	819
172	839
174	285
174	313
174	339
174	355
174	401
174	454
174	623
174	665
174	694
174	780
174	794
176	807
178	194
178	233
178	384
178	430
178	518
179	185
179	192
179	220
179	264
179	277
179	314
179	354
179	434
179	439
179	457
179	479
179	505
179	507
179	575
179	625
179	632
179	651
179	657
179	692
179	711
179	722
179	759
179	815
181	211
181	323
181	795
184	282
184	351
184	384
184	831
185	192
185	264
185	277
185	283
185	288
185	314
185	354
185	360
185	434
185	439
185	457
185	479
185	505
185	575
185	625
185	632
185	651
185	722
185	815
186	777
189	222
189	290
189	315
189	323
189	382
189	491
189	524
189	533
189	567
189	618
189	653
189	663
189	744
189	795
189	810
189	819
189	839
190	340
190	422
190	477
190	484
190	497
190	573
190	582
190	604
190	644
190	683
190	689
191	379
191	463
192	198
192	213
192	220
192	264
192	265
192	277
192	288
192	314
192	354
192	357
192	360
192	434
192	439
192	457
192	479
192	495
192	505
192	507
192	575
192	619
192	625
192	632
192	649
192	651
192	657
192	660
192	661
192	692
192	716
192	722
192	792
192	806
192	815
194	233
194	384
194	430
194	518
194	748
198	213
198	264
198	367
198	461
198	462
198	495
198	499
198	503
198	505
198	506
198	507
198	541
198	608
198	632
198	642
198	649
198	660
198	716
198	722
198	784
198	792
198	806
198	821
203	528
203	596
203	667
205	300
205	664
205	823
210	264
210	815
210	832
211	323
211	795
213	251
213	264
213	314
213	367
213	391
213	461
213	495
213	499
213	503
213	505
213	506
213	541
213	551
213	608
213	642
213	649
213	660
213	670
213	702
213	716
213	722
213	784
213	792
213	806
213	815
213	821
215	613
217	281
219	285
219	794
220	264
220	277
220	288
220	314
220	354
220	360
220	434
220	439
220	457
220	479
220	505
220	507
220	575
220	619
220	625
220	632
220	651
220	657
220	692
220	722
220	759
220	806
220	815
221	398
222	315
222	323
222	382
222	491
222	524
222	533
222	567
222	618
222	663
222	795
222	810
222	819
222	839
225	243
225	813
226	421
227	457
227	575
227	843
232	571
232	625
233	384
233	430
234	350
235	501
236	701
238	395
238	735
239	268
239	282
239	329
239	724
240	408
243	813
247	528
251	367
251	499
251	505
251	506
251	642
251	649
251	792
251	821
253	464
253	522
260	778
263	416
264	265
264	277
264	288
264	314
264	354
264	360
264	367
264	434
264	439
264	457
264	479
264	505
264	507
264	551
264	559
264	575
264	619
264	625
264	632
264	642
264	651
264	660
264	663
264	716
264	722
264	792
264	815
264	821
265	277
265	314
265	360
265	434
265	457
265	479
265	575
265	625
265	632
265	651
265	722
265	815
266	270
266	301
266	393
266	706
267	609
267	761
268	329
268	439
268	724
269	496
270	301
270	307
270	393
270	706
270	756
272	276
274	287
274	539
275	505
275	625
277	283
277	288
277	314
277	354
277	357
277	360
277	367
277	434
277	439
277	457
277	479
277	495
277	505
277	507
277	551
277	575
277	619
277	625
277	632
277	651
277	657
277	660
277	692
277	693
277	722
277	792
277	806
277	815
282	384
282	439
282	618
282	663
282	771
282	831
283	314
283	354
283	434
283	457
283	479
283	575
283	632
284	782
285	313
285	339
285	355
285	401
285	454
285	623
285	665
285	694
285	780
285	794
287	539
288	314
288	354
288	357
288	360
288	434
288	439
288	457
288	461
288	479
288	505
288	507
288	625
288	632
288	651
288	657
288	722
288	792
288	806
288	815
288	821
290	382
290	524
293	579
298	820
299	505
300	563
300	664
300	813
300	823
301	307
301	393
301	706
301	756
303	773
307	393
307	706
313	339
313	355
313	401
313	454
313	623
313	665
313	694
313	780
313	794
314	354
314	357
314	360
314	434
314	439
314	457
314	479
314	495
314	505
314	507
314	559
314	575
314	619
314	625
314	632
314	649
314	651
314	657
314	661
314	663
314	692
314	722
314	752
314	759
314	792
314	806
314	815
315	323
315	382
315	395
315	524
315	533
315	534
315	567
315	618
315	663
315	735
315	795
315	810
315	839
323	382
323	524
323	533
323	618
323	663
323	795
323	810
323	839
326	360
326	463
326	483
326	542
326	609
326	676
326	750
329	432
329	439
329	724
339	355
339	401
339	454
339	623
339	665
339	694
339	794
340	422
340	477
340	484
340	497
340	548
340	573
340	582
340	624
340	644
340	683
348	490
348	585
350	629
351	384
352	640
354	360
354	434
354	439
354	457
354	479
354	505
354	575
354	619
354	625
354	632
354	651
354	722
354	806
354	815
355	401
355	454
355	623
355	665
355	694
355	780
355	794
356	480
357	439
357	457
357	479
357	632
357	752
360	434
360	439
360	457
360	479
360	483
360	505
360	507
360	575
360	619
360	625
360	632
360	651
360	722
360	806
365	520
366	368
366	679
366	749
366	783
367	391
367	461
367	495
367	499
367	503
367	505
367	506
367	541
367	608
367	632
367	642
367	649
367	660
367	670
367	713
367	716
367	722
367	784
367	792
367	821
368	679
368	749
368	783
369	675
370	536
370	674
373	391
373	461
373	670
373	702
373	792
375	507
378	451
378	549
379	463
380	408
381	756
381	774
381	820
382	491
382	524
382	533
382	567
382	618
382	653
382	663
382	744
382	795
382	810
382	839
384	430
384	518
384	748
384	831
389	661
391	461
391	495
391	499
391	503
391	506
391	608
391	642
391	649
391	660
391	670
391	702
391	716
391	722
391	792
391	821
393	706
393	756
394	448
395	472
395	568
395	735
395	740
401	454
401	623
401	665
401	694
401	780
401	794
402	742
404	481
407	482
407	485
407	558
407	614
407	769
417	474
417	666
417	739
417	835
417	850
418	805
420	720
422	477
422	484
422	497
422	548
422	573
422	582
422	604
422	624
422	644
422	683
424	727
429	801
430	518
430	572
432	724
433	449
433	681
433	756
433	774
433	775
433	820
433	835
434	439
434	457
434	479
434	505
434	507
434	575
434	619
434	625
434	632
434	651
434	657
434	692
434	693
434	722
434	759
434	806
434	815
438	490
438	585
439	457
439	479
439	505
439	507
439	575
439	581
439	616
439	625
439	632
439	651
439	657
439	722
439	724
439	788
439	800
439	806
445	462
449	681
449	756
449	774
449	775
449	820
449	835
450	786
451	549
454	623
454	665
454	694
454	780
454	794
457	479
457	505
457	507
457	575
457	616
457	619
457	625
457	632
457	651
457	657
457	663
457	692
457	693
457	722
457	819
457	849
458	731
461	495
461	499
461	505
461	506
461	608
461	642
461	649
461	660
461	670
461	702
461	716
461	792
461	806
461	815
461	821
462	649
462	784
463	483
463	542
463	609
463	676
463	750
464	603
472	735
473	673
473	819
474	666
474	739
474	835
474	850
477	484
477	497
477	548
477	573
477	582
477	604
477	624
477	644
477	683
479	505
479	507
479	575
479	581
479	619
479	625
479	632
479	651
479	657
479	663
479	692
479	693
479	722
479	806
479	815
482	558
482	614
482	769
483	542
483	609
483	676
484	497
484	548
484	573
484	582
484	604
484	624
484	644
484	683
485	558
485	614
487	545
487	814
488	552
488	630
490	585
491	524
491	567
491	618
491	663
491	795
491	839
492	595
492	738
495	499
495	505
495	506
495	507
495	541
495	642
495	649
495	660
495	702
495	716
495	722
495	792
495	806
495	821
497	548
497	573
497	582
497	604
497	624
497	644
497	683
498	589
498	842
499	503
499	505
499	506
499	541
499	608
499	642
499	649
499	660
499	716
499	722
499	784
499	792
499	806
499	821
503	506
503	608
503	632
503	642
503	649
503	716
503	784
503	792
505	506
505	507
505	526
505	575
505	619
505	625
505	632
505	642
505	649
505	651
505	661
505	663
505	692
505	713
505	716
505	721
505	722
505	784
505	792
505	806
505	815
505	821
506	507
506	608
506	642
506	649
506	660
506	713
506	716
506	722
506	792
506	806
506	821
507	526
507	625
507	632
507	642
507	651
507	657
507	663
507	692
507	713
507	716
507	721
507	722
507	792
507	806
509	536
512	551
512	702
512	722
512	792
518	748
522	603
524	533
524	567
524	618
524	663
524	744
524	771
524	795
524	810
524	839
526	713
526	716
528	596
528	667
533	567
533	618
533	653
533	663
533	795
533	810
533	839
535	841
538	657
541	608
541	642
541	649
541	716
541	722
541	784
541	792
542	609
542	676
545	814
546	763
546	793
548	573
548	582
548	604
548	624
548	644
548	683
551	702
551	722
551	792
551	815
552	630
558	614
559	583
559	616
559	625
559	673
559	724
559	734
559	815
566	735
567	663
567	795
567	810
567	839
568	735
568	740
573	582
573	604
573	624
573	644
573	683
573	689
575	625
575	632
575	651
575	657
575	692
575	722
575	806
578	624
578	683
582	604
582	624
582	644
582	683
586	724
586	806
587	643
589	842
595	738
596	667
600	603
604	624
604	644
604	683
604	689
608	642
608	649
608	660
608	716
608	722
608	784
608	792
608	821
609	761
610	633
610	705
610	823
616	849
618	653
618	663
618	707
618	795
618	810
618	839
619	625
619	632
619	651
619	692
619	722
619	806
619	815
623	665
623	694
623	794
624	644
624	683
625	632
625	651
625	657
625	663
625	692
625	693
625	722
625	806
632	642
632	651
632	657
632	692
632	693
632	713
632	716
632	722
632	759
632	792
632	806
632	815
633	705
642	649
642	660
642	670
642	702
642	713
642	716
642	722
642	784
642	792
642	815
642	821
644	683
644	689
649	660
649	713
649	716
649	722
649	784
649	792
649	806
649	821
651	657
651	692
651	711
651	721
651	722
651	806
651	815
651	832
653	795
653	839
657	692
657	722
657	800
657	828
660	670
660	716
660	722
660	792
660	821
661	722
663	771
663	788
663	795
663	806
663	810
663	839
664	823
665	694
665	780
665	794
666	739
666	756
666	835
666	850
670	702
670	792
670	821
673	734
673	744
673	819
676	750
679	749
679	783
680	710
681	756
681	774
681	775
681	820
681	835
683	689
692	721
692	722
692	815
694	780
694	794
702	722
702	792
702	815
702	821
705	823
706	756
707	810
711	722
713	716
713	722
713	784
713	806
716	722
716	784
716	792
716	806
721	722
721	806
722	784
722	792
722	806
722	815
722	821
722	828
735	740
739	756
739	769
739	835
739	850
742	813
744	795
744	819
749	783
756	774
756	775
756	820
756	835
756	850
763	793
771	795
774	775
774	820
774	835
775	820
775	835
780	794
784	792
784	806
792	806
792	815
792	821
792	832
795	810
795	819
795	839
810	836
810	839
815	821
819	839
820	835
835	850
370	0
536	0
293	1
579	1
772	2
388	7
584	10
314	11
457	11
586	11
632	11
806	11
586	12
296	13
56	16
731	16
776	18
30	20
32	20
53	20
76	20
101	20
132	20
179	20
192	20
220	20
264	20
265	20
277	20
283	20
288	20
314	20
354	20
360	20
434	20
457	20
479	20
505	20
507	20
575	20
625	20
632	20
651	20
657	20
692	20
722	20
815	20
42	23
78	23
190	23
340	23
422	23
477	23
484	23
497	23
548	23
573	23
582	23
604	23
624	23
644	23
683	23
689	23
851	24
32	26
37	26
52	26
58	26
71	26
76	26
99	26
115	26
132	26
172	26
185	26
189	26
192	26
220	26
277	26
282	26
288	26
314	26
315	26
354	26
357	26
360	26
434	26
439	26
457	26
479	26
505	26
507	26
524	26
575	26
616	26
618	26
625	26
632	26
657	26
663	26
722	26
777	26
795	26
806	26
839	26
176	28
792	28
807	28
32	30
53	30
101	30
132	30
179	30
192	30
220	30
264	30
265	30
277	30
288	30
314	30
354	30
434	30
457	30
479	30
507	30
575	30
625	30
651	30
657	30
692	30
722	30
45	32
52	32
53	32
76	32
101	32
179	32
185	32
192	32
198	32
220	32
264	32
265	32
277	32
288	32
314	32
354	32
360	32
434	32
439	32
457	32
479	32
495	32
505	32
507	32
575	32
625	32
632	32
651	32
657	32
661	32
663	32
692	32
716	32
721	32
722	32
806	32
815	32
178	34
194	34
233	34
384	34
430	34
518	34
748	34
132	37
186	37
777	37
788	37
814	37
350	38
629	38
192	39
757	40
78	42
190	42
340	42
422	42
477	42
484	42
497	42
573	42
582	42
604	42
624	42
644	42
683	42
303	43
198	45
314	45
367	45
499	45
505	45
507	45
608	45
642	45
649	45
713	45
784	45
806	45
815	45
59	47
150	47
174	47
219	47
285	47
313	47
339	47
355	47
401	47
454	47
623	47
665	47
694	47
780	47
794	47
116	48
144	48
270	48
301	48
307	48
393	48
417	48
433	48
449	48
474	48
666	48
681	48
706	48
739	48
756	48
774	48
775	48
820	48
835	48
850	48
546	50
763	50
793	50
58	52
76	52
99	52
115	52
132	52
179	52
185	52
189	52
192	52
220	52
264	52
265	52
277	52
288	52
311	52
314	52
315	52
357	52
439	52
457	52
479	52
505	52
507	52
524	52
538	52
559	52
575	52
586	52
616	52
625	52
632	52
651	52
657	52
663	52
673	52
692	52
722	52
744	52
788	52
819	52
76	53
101	53
185	53
192	53
220	53
264	53
277	53
283	53
288	53
314	53
354	53
360	53
434	53
457	53
479	53
575	53
625	53
632	53
651	53
657	53
722	53
334	55
458	56
731	56
99	58
115	58
132	58
189	58
382	58
473	58
524	58
618	58
663	58
673	58
810	58
819	58
839	58
150	59
174	59
285	59
313	59
339	59
355	59
401	59
454	59
623	59
665	59
694	59
780	59
794	59
170	60
366	60
368	60
679	60
749	60
783	60
191	62
379	62
463	62
138	63
275	63
200	67
315	68
115	71
122	71
167	71
222	71
382	71
524	71
618	71
663	71
810	71
839	71
123	72
378	72
451	72
549	72
209	73
101	76
115	76
132	76
179	76
185	76
192	76
220	76
264	76
265	76
277	76
283	76
288	76
314	76
354	76
357	76
360	76
434	76
439	76
457	76
479	76
505	76
507	76
575	76
619	76
625	76
632	76
651	76
657	76
663	76
692	76
693	76
722	76
759	76
815	76
109	77
336	77
190	78
340	78
422	78
477	78
484	78
497	78
548	78
573	78
582	78
604	78
624	78
644	78
683	78
407	79
485	79
558	79
614	79
115	80
132	80
172	80
189	80
222	80
315	80
323	80
382	80
491	80
524	80
533	80
567	80
618	80
653	80
663	80
744	80
795	80
810	80
819	80
839	80
813	81
152	87
225	87
243	87
813	87
242	88
806	91
425	92
516	94
150	95
401	95
694	95
259	96
427	96
523	98
132	99
220	99
311	99
473	99
673	99
819	99
132	101
138	101
179	101
185	101
192	101
213	101
220	101
264	101
277	101
288	101
314	101
354	101
434	101
439	101
457	101
479	101
505	101
507	101
559	101
625	101
632	101
642	101
651	101
657	101
660	101
692	101
722	101
759	101
806	101
815	101
828	101
179	102
141	105
587	105
643	105
598	106
336	109
849	109
272	110
276	110
119	111
464	113
768	113
132	115
167	115
172	115
189	115
222	115
315	115
323	115
382	115
491	115
524	115
618	115
663	115
707	115
771	115
795	115
810	115
839	115
417	116
474	116
666	116
739	116
756	116
835	116
850	116
145	120
375	121
640	121
378	123
451	123
549	123
424	125
727	125
217	127
281	127
179	132
185	132
189	132
192	132
220	132
222	132
264	132
277	132
282	132
288	132
314	132
315	132
354	132
357	132
382	132
434	132
439	132
457	132
479	132
505	132
507	132
524	132
538	132
559	132
575	132
583	132
616	132
618	132
619	132
625	132
632	132
651	132
657	132
663	132
673	132
692	132
722	132
744	132
771	132
788	132
795	132
806	132
810	132
815	132
819	132
839	132
849	132
198	135
213	135
314	135
367	135
461	135
495	135
499	135
503	135
608	135
642	135
649	135
716	135
821	135
213	138
264	138
275	138
277	138
367	138
391	138
461	138
495	138
505	138
642	138
660	138
670	138
702	138
792	138
815	138
821	138
587	141
643	141
333	143
433	144
449	144
681	144
756	144
774	144
775	144
820	144
835	144
434	149
632	149
174	150
285	150
313	150
339	150
355	150
401	150
454	150
623	150
665	150
694	150
780	150
794	150
225	152
243	152
300	152
563	152
769	152
813	152
269	153
496	153
267	155
609	155
761	155
159	156
518	156
384	159
518	159
408	161
475	164
846	165
231	167
382	167
491	167
524	167
663	167
703	167
795	167
810	167
839	167
326	168
463	168
483	168
542	168
609	168
676	168
366	170
368	170
679	170
749	170
783	170
181	172
189	172
211	172
222	172
315	172
323	172
382	172
491	172
524	172
533	172
567	172
618	172
653	172
663	172
744	172
795	172
810	172
819	172
839	172
285	174
313	174
339	174
355	174
401	174
454	174
623	174
665	174
694	174
780	174
794	174
807	176
194	178
233	178
384	178
430	178
518	178
185	179
192	179
220	179
264	179
277	179
314	179
354	179
434	179
439	179
457	179
479	179
505	179
507	179
575	179
625	179
632	179
651	179
657	179
692	179
711	179
722	179
759	179
815	179
211	181
323	181
795	181
282	184
351	184
384	184
831	184
192	185
264	185
277	185
283	185
288	185
314	185
354	185
360	185
434	185
439	185
457	185
479	185
505	185
575	185
625	185
632	185
651	185
722	185
815	185
777	186
222	189
290	189
315	189
323	189
382	189
491	189
524	189
533	189
567	189
618	189
653	189
663	189
744	189
795	189
810	189
819	189
839	189
340	190
422	190
477	190
484	190
497	190
573	190
582	190
604	190
644	190
683	190
689	190
379	191
463	191
198	192
213	192
220	192
264	192
265	192
277	192
288	192
314	192
354	192
357	192
360	192
434	192
439	192
457	192
479	192
495	192
505	192
507	192
575	192
619	192
625	192
632	192
649	192
651	192
657	192
660	192
661	192
692	192
716	192
722	192
792	192
806	192
815	192
233	194
384	194
430	194
518	194
748	194
213	198
264	198
367	198
461	198
462	198
495	198
499	198
503	198
505	198
506	198
507	198
541	198
608	198
632	198
642	198
649	198
660	198
716	198
722	198
784	198
792	198
806	198
821	198
528	203
596	203
667	203
300	205
664	205
823	205
264	210
815	210
832	210
323	211
795	211
251	213
264	213
314	213
367	213
391	213
461	213
495	213
499	213
503	213
505	213
506	213
541	213
551	213
608	213
642	213
649	213
660	213
670	213
702	213
716	213
722	213
784	213
792	213
806	213
815	213
821	213
613	215
281	217
285	219
794	219
264	220
277	220
288	220
314	220
354	220
360	220
434	220
439	220
457	220
479	220
505	220
507	220
575	220
619	220
625	220
632	220
651	220
657	220
692	220
722	220
759	220
806	220
815	220
398	221
315	222
323	222
382	222
491	222
524	222
533	222
567	222
618	222
663	222
795	222
810	222
819	222
839	222
243	225
813	225
421	226
457	227
575	227
843	227
571	232
625	232
384	233
430	233
350	234
501	235
701	236
395	238
735	238
268	239
282	239
329	239
724	239
408	240
813	243
528	247
367	251
499	251
505	251
506	251
642	251
649	251
792	251
821	251
464	253
522	253
778	260
416	263
265	264
277	264
288	264
314	264
354	264
360	264
367	264
434	264
439	264
457	264
479	264
505	264
507	264
551	264
559	264
575	264
619	264
625	264
632	264
642	264
651	264
660	264
663	264
716	264
722	264
792	264
815	264
821	264
277	265
314	265
360	265
434	265
457	265
479	265
575	265
625	265
632	265
651	265
722	265
815	265
270	266
301	266
393	266
706	266
609	267
761	267
329	268
439	268
724	268
496	269
301	270
307	270
393	270
706	270
756	270
276	272
287	274
539	274
505	275
625	275
283	277
288	277
314	277
354	277
357	277
360	277
367	277
434	277
439	277
457	277
479	277
495	277
505	277
507	277
551	277
575	277
619	277
625	277
632	277
651	277
657	277
660	277
692	277
693	277
722	277
792	277
806	277
815	277
384	282
439	282
618	282
663	282
771	282
831	282
314	283
354	283
434	283
457	283
479	283
575	283
632	283
782	284
313	285
339	285
355	285
401	285
454	285
623	285
665	285
694	285
780	285
794	285
539	287
314	288
354	288
357	288
360	288
434	288
439	288
457	288
461	288
479	288
505	288
507	288
625	288
632	288
651	288
657	288
722	288
792	288
806	288
815	288
821	288
382	290
524	290
579	293
820	298
505	299
563	300
664	300
813	300
823	300
307	301
393	301
706	301
756	301
773	303
393	307
706	307
339	313
355	313
401	313
454	313
623	313
665	313
694	313
780	313
794	313
354	314
357	314
360	314
434	314
439	314
457	314
479	314
495	314
505	314
507	314
559	314
575	314
619	314
625	314
632	314
649	314
651	314
657	314
661	314
663	314
692	314
722	314
752	314
759	314
792	314
806	314
815	314
323	315
382	315
395	315
524	315
533	315
534	315
567	315
618	315
663	315
735	315
795	315
810	315
839	315
382	323
524	323
533	323
618	323
663	323
795	323
810	323
839	323
360	326
463	326
483	326
542	326
609	326
676	326
750	326
432	329
439	329
724	329
355	339
401	339
454	339
623	339
665	339
694	339
794	339
422	340
477	340
484	340
497	340
548	340
573	340
582	340
624	340
644	340
683	340
490	348
585	348
629	350
384	351
640	352
360	354
434	354
439	354
457	354
479	354
505	354
575	354
619	354
625	354
632	354
651	354
722	354
806	354
815	354
401	355
454	355
623	355
665	355
694	355
780	355
794	355
480	356
439	357
457	357
479	357
632	357
752	357
434	360
439	360
457	360
479	360
483	360
505	360
507	360
575	360
619	360
625	360
632	360
651	360
722	360
806	360
520	365
368	366
679	366
749	366
783	366
391	367
461	367
495	367
499	367
503	367
505	367
506	367
541	367
608	367
632	367
642	367
649	367
660	367
670	367
713	367
716	367
722	367
784	367
792	367
821	367
679	368
749	368
783	368
675	369
536	370
674	370
391	373
461	373
670	373
702	373
792	373
507	375
451	378
549	378
463	379
408	380
756	381
774	381
820	381
491	382
524	382
533	382
567	382
618	382
653	382
663	382
744	382
795	382
810	382
839	382
430	384
518	384
748	384
831	384
661	389
461	391
495	391
499	391
503	391
506	391
608	391
642	391
649	391
660	391
670	391
702	391
716	391
722	391
792	391
821	391
706	393
756	393
448	394
472	395
568	395
735	395
740	395
454	401
623	401
665	401
694	401
780	401
794	401
742	402
481	404
482	407
485	407
558	407
614	407
769	407
474	417
666	417
739	417
835	417
850	417
805	418
720	420
477	422
484	422
497	422
548	422
573	422
582	422
604	422
624	422
644	422
683	422
727	424
801	429
518	430
572	430
724	432
449	433
681	433
756	433
774	433
775	433
820	433
835	433
439	434
457	434
479	434
505	434
507	434
575	434
619	434
625	434
632	434
651	434
657	434
692	434
693	434
722	434
759	434
806	434
815	434
490	438
585	438
457	439
479	439
505	439
507	439
575	439
581	439
616	439
625	439
632	439
651	439
657	439
722	439
724	439
788	439
800	439
806	439
462	445
681	449
756	449
774	449
775	449
820	449
835	449
786	450
549	451
623	454
665	454
694	454
780	454
794	454
479	457
505	457
507	457
575	457
616	457
619	457
625	457
632	457
651	457
657	457
663	457
692	457
693	457
722	457
819	457
849	457
731	458
495	461
499	461
505	461
506	461
608	461
642	461
649	461
660	461
670	461
702	461
716	461
792	461
806	461
815	461
821	461
649	462
784	462
483	463
542	463
609	463
676	463
750	463
603	464
735	472
673	473
819	473
666	474
739	474
835	474
850	474
484	477
497	477
548	477
573	477
582	477
604	477
624	477
644	477
683	477
505	479
507	479
575	479
581	479
619	479
625	479
632	479
651	479
657	479
663	479
692	479
693	479
722	479
806	479
815	479
558	482
614	482
769	482
542	483
609	483
676	483
497	484
548	484
573	484
582	484
604	484
624	484
644	484
683	484
558	485
614	485
545	487
814	487
552	488
630	488
585	490
524	491
567	491
618	491
663	491
795	491
839	491
595	492
738	492
499	495
505	495
506	495
507	495
541	495
642	495
649	495
660	495
702	495
716	495
722	495
792	495
806	495
821	495
548	497
573	497
582	497
604	497
624	497
644	497
683	497
589	498
842	498
503	499
505	499
506	499
541	499
608	499
642	499
649	499
660	499
716	499
722	499
784	499
792	499
806	499
821	499
506	503
608	503
632	503
642	503
649	503
716	503
784	503
792	503
506	505
507	505
526	505
575	505
619	505
625	505
632	505
642	505
649	505
651	505
661	505
663	505
692	505
713	505
716	505
721	505
722	505
784	505
792	505
806	505
815	505
821	505
507	506
608	506
642	506
649	506
660	506
713	506
716	506
722	506
792	506
806	506
821	506
526	507
625	507
632	507
642	507
651	507
657	507
663	507
692	507
713	507
716	507
721	507
722	507
792	507
806	507
536	509
551	512
702	512
722	512
792	512
748	518
603	522
533	524
567	524
618	524
663	524
744	524
771	524
795	524
810	524
839	524
713	526
716	526
596	528
667	528
567	533
618	533
653	533
663	533
795	533
810	533
839	533
841	535
657	538
608	541
642	541
649	541
716	541
722	541
784	541
792	541
609	542
676	542
814	545
763	546
793	546
573	548
582	548
604	548
624	548
644	548
683	548
702	551
722	551
792	551
815	551
630	552
614	558
583	559
616	559
625	559
673	559
724	559
734	559
815	559
735	566
663	567
795	567
810	567
839	567
735	568
740	568
582	573
604	573
624	573
644	573
683	573
689	573
625	575
632	575
651	575
657	575
692	575
722	575
806	575
624	578
683	578
604	582
624	582
644	582
683	582
724	586
806	586
643	587
842	589
738	595
667	596
603	600
624	604
644	604
683	604
689	604
642	608
649	608
660	608
716	608
722	608
784	608
792	608
821	608
761	609
633	610
705	610
823	610
849	616
653	618
663	618
707	618
795	618
810	618
839	618
625	619
632	619
651	619
692	619
722	619
806	619
815	619
665	623
694	623
794	623
644	624
683	624
632	625
651	625
657	625
663	625
692	625
693	625
722	625
806	625
642	632
651	632
657	632
692	632
693	632
713	632
716	632
722	632
759	632
792	632
806	632
815	632
705	633
649	642
660	642
670	642
702	642
713	642
716	642
722	642
784	642
792	642
815	642
821	642
683	644
689	644
660	649
713	649
716	649
722	649
784	649
792	649
806	649
821	649
657	651
692	651
711	651
721	651
722	651
806	651
815	651
832	651
795	653
839	653
692	657
722	657
800	657
828	657
670	660
716	660
722	660
792	660
821	660
722	661
771	663
788	663
795	663
806	663
810	663
839	663
823	664
694	665
780	665
794	665
739	666
756	666
835	666
850	666
702	670
792	670
821	670
734	673
744	673
819	673
750	676
749	679
783	679
710	680
756	681
774	681
775	681
820	681
835	681
689	683
721	692
722	692
815	692
780	694
794	694
722	702
792	702
815	702
821	702
823	705
756	706
810	707
722	711
716	713
722	713
784	713
806	713
722	716
784	716
792	716
806	716
722	721
806	721
784	722
792	722
806	722
815	722
821	722
828	722
740	735
756	739
769	739
835	739
850	739
813	742
795	744
819	744
783	749
774	756
775	756
820	756
835	756
850	756
793	763
795	771
775	774
820	774
835	774
820	775
835	775
794	780
792	784
806	784
806	792
815	792
821	792
832	792
810	795
819	795
839	795
836	810
839	810
821	815
839	819
835	820
850	835
