231	584
231	2401
231	3291
231	507
3844	3154
3844	4374
3844	3734
3844	3296
3699	398
3699	2635
1970	2990
137	937
2896	3125
2896	3780
2655	2138
2655	1476
2655	4058
2526	2030
2526	1269
526	1398
526	3664
526	3674
526	3427
526	2183
526	4302
526	1130
526	3697
526	522
526	2100
526	1943
1239	1601
1239	3577
2976	1834
2976	4595
2976	3573
2976	3710
91	2466
91	2493
91	4611
3115	3737
3115	276
3115	2466
3115	2114
45	3734
1398	2335
1398	3799
1398	2866
1398	1643
1398	1385
1398	430
1398	719
1398	4506
1398	1948
1398	4127
1398	3023
1398	4302
1398	3697
1398	1901
1398	2217
1398	1718
1398	3145
1075	2071
1075	396
1075	4512
1075	3104
1075	1392
1075	865
1075	900
1075	2574
1075	1325
1075	4023
1075	227
1075	1221
1075	374
1075	856
1075	326
1075	1547
2897	3175
4132	4612
4132	2764
4132	4450
4132	511
4132	4571
4132	4596
4132	3296
4132	931
4132	3591
4132	4593
4132	4594
1822	206
1822	4595
1638	102
1638	2493
1638	4253
3974	4664
3974	1432
3974	49
3974	3687
3974	334
3974	4258
3974	1466
3974	4070
3974	569
1655	1314
1655	2466
1655	3780
285	1110
285	3379
2524	3674
2524	206
2524	574
472	4590
472	3708
3051	4099
3392	4003
3555	4003
1215	1380
1215	3412
793	145
793	2023
793	4506
1412	4087
2958	2573
2958	1530
2958	696
2174	4185
2174	3595
2174	3289
2174	1063
679	4185
679	2366
679	102
679	1790
679	4392
679	1063
679	3734
3704	2489
1514	1288
4494	1193
4494	1613
4494	2039
4494	3502
4494	982
4494	482
4494	1156
4494	4533
4494	304
4494	4678
4494	2051
4494	313
364	249
364	1269
4080	3690
1478	2837
1407	2872
337	2913
337	250
337	1800
337	1033
1581	3971
1581	4611
4625	66
4664	2186
4664	1315
4664	1983
4664	2274
4664	1121
4664	1031
450	2458
546	2973
546	4216
546	2952
546	2071
546	1441
546	1643
2973	4216
2973	2952
2973	2071
2973	1441
2973	1643
2973	4011
2973	1692
4216	2952
4216	2071
4216	1441
4216	1643
2952	2071
2952	3312
2952	3724
3461	4433
3461	1732
3461	3380
3461	3154
3461	3101
3461	4374
3461	1121
3461	3296
3461	1399
2076	3855
2076	4177
2076	3475
2442	3955
2442	4512
2442	2963
2442	2886
2442	1000
2671	4523
2671	3002
2671	3577
2671	4540
2671	3734
4523	3002
4523	4645
4523	3824
4523	458
4523	4392
4523	3023
4523	3921
4523	3139
4523	1952
4523	4544
4523	4173
4523	2572
4523	162
3955	1403
3955	1452
3664	2030
3664	2866
3664	847
3664	1764
3664	4326
3664	2634
3664	852
3664	903
3664	4303
3664	164
3664	3611
3664	2413
3664	42
3664	1943
287	206
287	3688
287	706
2160	2575
2160	3880
2160	356
2575	3880
2575	356
2575	3427
2575	776
1543	465
1543	1647
1543	2727
1543	1872
1543	3315
3880	356
3880	2030
3880	718
3880	1620
356	3427
356	3299
356	1221
356	1984
356	3061
356	3621
1940	3431
1940	1948
499	3212
649	4611
649	1692
2341	553
1944	3734
1944	3780
1260	3039
3319	3378
3319	2680
3319	3257
3319	885
862	553
862	3378
1018	2259
824	2278
824	3477
824	1434
824	2458
824	1282
824	2401
824	1058
824	1499
824	4500
824	3425
1615	1712
2049	326
2335	1385
2335	172
2335	896
2335	842
2939	726
4679	3592
805	1231
805	1539
805	2620
805	875
805	2803
3431	61
3431	1772
3431	62
3431	3824
3431	458
3431	4070
3431	4297
3431	4121
3431	2334
3431	4400
3431	2451
3431	1888
3599	534
3599	413
1732	856
2606	744
2606	3101
607	3154
607	3456
4598	3170
4598	2124
4598	652
4568	1600
4568	1745
4568	900
4669	1600
4669	1863
4669	3657
3208	1600
3208	749
3208	1745
3208	770
3208	1966
3208	3104
3208	1279
3208	3728
3208	1948
3208	865
3208	2301
3208	1749
3208	2318
3208	900
3208	4154
3208	2363
3208	1092
3208	30
3208	4651
3208	3660
3208	2299
3208	4414
3208	164
3208	3296
3208	962
3208	921
3208	460
3208	2604
3208	2865
3208	3436
3208	3492
3208	4159
3208	4443
1432	1607
1432	2945
1432	2551
1432	1338
1432	161
1432	2020
1432	574
1432	460
1432	3292
629	2299
629	3209
3017	1836
3855	2030
3855	3379
3760	63
3760	1396
1019	3306
1019	4381
1019	2578
1019	0
3306	4548
3306	2578
3306	0
4548	1241
4548	2668
4548	4595
194	4520
194	584
194	2493
194	574
194	3291
194	1130
194	3425
4381	0
4381	1286
4381	3556
2578	0
3790	930
4089	1414
4089	4678
4089	4595
3968	1562
3968	3597
3968	110
3968	3425
2219	1193
1840	2935
1840	249
1840	2582
4135	875
766	2112
766	249
2106	2557
2106	206
2557	2060
2557	1221
2348	3799
2348	4384
2348	4429
2348	3427
2348	3573
50	1269
2295	4304
2295	493
3304	238
3304	375
3304	1091
4182	2767
1885	2764
1885	718
1885	569
1885	574
432	4414
432	2910
2509	553
2509	979
2509	1049
1353	803
1353	2235
1353	3077
1353	745
1353	733
1353	753
1353	1550
1353	3734
1353	1901
1353	108
1353	1429
1353	2131
803	3623
803	117
803	745
803	451
803	3818
803	733
803	16
803	1831
803	1653
803	1901
4487	4090
4487	458
4487	504
2460	3101
156	719
1451	3154
1451	3734
3799	430
3799	3427
3799	4127
3799	4651
3799	2842
3799	3328
2235	3120
2235	430
2235	3427
2235	4127
2235	2630
2235	3235
145	1901
145	360
145	1335
145	2482
145	3328
4490	174
3623	4040
2837	2458
2837	650
2837	2844
2887	652
2887	2035
2887	58
2887	2580
721	476
4384	2366
4384	3222
4384	4657
4046	3077
4046	2281
4046	691
61	1246
61	1314
61	877
61	3845
61	1984
61	1335
61	3398
61	1888
3356	4227
1384	1314
1384	424
1384	290
1384	3027
1384	3063
2640	4520
2640	430
2640	4394
422	2512
422	4618
422	1836
422	2188
422	4595
3159	3379
3159	1901
3159	2633
1684	413
1684	967
1684	4515
3549	4429
2030	2569
2030	4404
2030	2212
2030	3971
2030	1436
2030	1629
2030	3807
2030	3251
2030	1157
2030	3119
2030	2402
2030	1380
2030	2256
2030	2767
2030	3427
2030	3243
2030	2363
2030	4240
2030	1490
2030	647
2030	3312
2030	2424
2030	1486
2030	4436
2030	489
2030	1126
2030	4414
2030	4365
2030	1050
2030	712
2030	2981
2030	2232
2030	1631
2030	656
2030	677
2030	1373
2030	1743
2030	1927
2030	2769
2030	2869
2030	2922
2030	2960
2030	3662
2030	4510
2030	2703
3321	323
3321	4546
1762	1259
1762	2140
1762	4584
1762	3895
1389	1071
1193	2052
1193	3539
1193	1887
1193	488
1193	1400
1193	4379
1193	2275
1193	452
1193	2363
1193	249
1193	482
1193	2687
1193	4499
1193	66
1193	507
1193	1502
1193	2051
2569	2137
2569	2177
2137	409
2137	329
2137	438
2137	260
2137	395
4404	1171
4404	3154
4404	1764
4404	2634
4404	3519
4404	3734
4404	3296
4404	1373
3280	3374
3280	1605
3280	910
3280	2886
3280	3734
3554	2342
3554	4064
2485	3417
2485	2638
3007	3055
3007	34
3007	3560
3007	2297
3007	458
3007	3823
3007	550
3007	3379
3007	504
3007	2188
3007	1221
3007	3734
3007	1500
4485	2471
4485	570
1797	982
1797	580
2729	4595
2573	847
2573	396
2573	2764
2573	1555
2573	172
2573	896
2573	2164
2573	2609
3374	1271
3374	2523
653	2764
653	578
2489	1607
2489	3832
2489	3023
2489	326
2489	2642
2489	3425
872	1607
872	3832
872	3023
872	754
872	574
872	4205
872	825
465	2023
465	3125
465	1380
465	206
465	718
3040	3184
3040	3680
2023	3125
2023	3486
2023	4505
2023	1967
2023	1966
2023	1981
2023	1647
2023	3289
2023	3647
2023	1511
2023	1403
2023	271
2023	718
2023	2989
2023	3432
2023	2609
63	1729
63	2074
63	3296
2071	1441
2071	4618
2071	1643
2071	1171
2071	3234
2071	4414
3120	3668
3120	3444
3120	3882
3120	271
3120	574
3120	138
3120	348
1441	1643
1441	2867
4015	3529
4015	3101
4015	1027
4015	2466
4015	3173
4015	1921
4015	1550
4015	2444
4015	3296
4015	1500
4015	825
4015	3212
4015	3423
4015	3663
771	645
771	4011
771	3773
771	979
857	2674
857	4047
3125	1300
3125	718
3125	1044
3125	3073
1009	30
1009	2642
3091	4090
3091	99
3091	1170
3091	1614
530	1530
645	553
645	4520
645	4090
645	2951
645	4011
645	2948
645	3170
645	1724
645	3635
645	1190
645	544
645	835
645	4071
645	2934
645	979
645	398
645	2382
645	1650
1607	4289
1607	3427
1607	647
1607	687
1607	2632
1607	3175
1607	162
1607	3708
1607	1023
1607	3328
2419	99
2419	2827
2419	3792
2419	2034
2419	2680
2419	878
553	770
553	1168
553	3140
553	99
553	1578
553	1724
553	2596
553	3679
553	4047
553	267
553	3184
553	479
553	500
553	3891
187	507
1562	3354
1562	34
1562	550
1562	652
1562	1619
1562	138
1562	1288
1251	4376
1340	2138
1340	1476
1340	4058
1340	4269
1340	366
1340	4258
1340	4188
392	3533
392	3077
392	2366
392	814
392	125
392	2175
392	1269
392	2299
4329	4025
918	2194
918	250
1224	3039
1224	3502
1224	4379
1224	982
1224	3456
1224	4533
1224	3105
1224	949
1224	958
1224	2051
3737	1971
193	2039
2052	1930
2052	1887
2052	488
2052	1897
2052	452
2052	2666
2052	2363
2052	249
2052	2687
2052	949
3486	3354
3486	2529
4289	1396
4505	3859
749	3101
467	2634
467	2302
467	4509
4535	1288
2138	1476
2138	4058
2138	1772
2138	3560
2138	172
2138	81
2138	3824
2138	2554
2138	4392
2138	1738
2138	900
2138	3299
2138	3023
2138	1646
2138	2334
2138	692
2138	1550
2138	1619
2138	1986
2138	4544
2138	2633
2138	4403
2138	1023
1476	4058
1476	692
1476	1550
1476	1619
1476	3658
4058	1654
4058	1434
4058	1295
4058	4392
4058	1738
4058	4297
4058	4500
4058	1619
4058	1221
4058	1288
4058	1060
4058	1877
275	4618
275	663
275	3036
275	3487
275	4520
275	4090
275	1171
275	2934
275	2813
275	66
275	4334
4618	4227
4618	1027
4618	2779
4618	2413
4618	1959
663	1300
663	4414
2964	3524
2964	430
2964	365
2964	2476
2964	1213
2964	30
2964	3284
2964	1379
2964	4603
2964	1050
2964	2642
1624	3379
1624	4347
3487	4358
3487	2389
3487	4347
3487	979
4520	4358
4520	1168
4520	2389
4520	979
4520	1901
37	2389
37	2281
37	2842
37	3641
37	4334
3354	1510
3354	2389
3354	1314
3354	276
3354	14
3354	570
3354	206
3354	1282
3354	3296
3354	522
3354	113
3354	1705
3354	3425
3354	4543
1427	2660
3217	2716
3217	2104
3217	2989
3217	1871
3217	4273
2716	4645
3762	4306
3762	314
2866	4090
2866	1644
2866	2919
2866	3697
2866	3296
2866	1599
168	2458
168	1221
119	3379
119	4571
119	3296
119	2942
119	2642
3912	3337
3912	2834
3847	3690
1414	4101
1414	488
1414	1810
1414	1300
1414	2901
1414	958
1414	2316
2563	488
2563	2435
1930	3690
1930	3539
1930	1887
1930	488
1930	4379
1930	1897
1930	1889
1930	2275
1930	2363
1930	249
1930	1951
1930	1300
1930	2630
1930	2687
1930	4391
1930	4643
1930	65
1930	69
1930	507
1930	1502
1930	2051
1930	3915
1930	4310
1930	313
2740	2872
1605	592
1605	1622
2194	66
2194	1907
1974	592
2707	881
2527	2074
2527	1282
2527	2493
2527	113
2527	3425
847	2195
847	4269
847	3961
847	2245
847	696
847	3315
847	4500
847	1269
847	247
847	1121
847	4248
847	3780
847	3296
847	3710
3873	2126
3873	2180
3873	3732
3690	1613
3690	2039
3690	2026
3690	1234
3690	249
4107	323
1834	3472
1834	744
1834	4024
1834	3220
1834	2871
1834	1252
1834	4011
1834	3716
1834	1110
1834	4145
1834	4166
1834	3334
1834	2620
1834	3379
1834	875
1834	1594
1834	1749
1834	1799
1834	2992
1834	2600
1834	2546
1834	105
1834	1592
1834	1221
1834	1537
1834	4411
1834	3250
1834	357
1834	901
1834	1204
1834	1576
1834	2486
1834	2505
1834	3436
1834	2161
523	1781
523	4227
523	3104
523	1981
523	1068
523	4392
523	4240
523	709
523	3315
523	1597
523	1369
523	2060
523	2751
523	608
523	2628
523	3328
2212	102
2212	3312
2212	3131
2212	3734
2212	2027
2212	3132
3380	3170
3380	3577
3380	3801
3380	3175
868	711
868	2786
920	3154
920	1579
920	3734
3417	979
2674	421
2674	3595
2674	1063
2674	574
3472	3708
409	2828
2079	3101
3199	3758
3199	267
1725	3734
3539	4379
3539	413
3539	1526
3539	4062
3539	66
2639	1674
4060	1434
1661	4011
1661	835
1661	3109
1167	982
1167	413
1167	580
1167	249
1167	1951
1167	2901
3524	4269
3524	4128
3524	1488
3524	570
3524	2424
3524	3284
3524	1227
3524	2989
3524	1379
3524	4666
3524	289
3524	4335
3524	2942
3971	3619
3971	821
3971	4374
3971	3312
3971	4292
3971	3734
3971	962
3971	885
3971	2029
3971	1452
1098	1484
1560	30
4369	2208
704	30
704	4666
704	2642
704	3211
1483	3850
1483	1221
2474	3101
2474	2016
4056	3086
4056	4595
1781	2401
1781	2164
1781	3734
1781	3296
1781	1525
744	1745
744	1510
744	1496
744	881
3300	4229
1410	967
2265	267
2558	4536
3829	4064
1745	1510
1745	4565
1745	3577
1745	3139
1745	1524
1745	3209
2904	2668
414	3379
4612	2190
1729	2190
1729	3895
1729	1033
1729	4354
1729	267
1729	2614
1729	3209
770	4167
770	99
4410	102
2074	504
2074	1261
2074	1952
2683	1710
4169	1380
4169	1579
4169	1871
4024	2366
4024	102
4024	3222
4024	1295
4024	1323
4024	2458
4024	1598
4024	3379
4469	3101
4469	4303
4469	1349
4469	4346
1320	1173
1320	1496
1320	3910
4185	875
329	3101
3522	1981
4213	1504
4090	139
4090	3824
4090	2704
4090	99
4090	1170
4090	4481
4090	1540
4090	979
4090	1986
4090	963
4090	1984
4090	4544
4090	2358
4090	162
557	1157
1938	786
1938	4537
1938	2161
4358	93
4358	3734
4358	2005
4358	3296
4358	1452
2975	504
4528	534
4528	1790
3931	2998
3931	2808
3931	4017
3931	489
3931	1731
3931	4031
3931	1814
3931	4087
3931	3734
1039	2783
2734	4540
2734	4284
2734	4121
2118	1601
2118	3101
2343	3734
396	3560
4667	719
4667	962
4667	4244
938	2938
938	413
938	4590
938	4432
938	1907
24	44
24	4431
4227	3481
4227	321
4227	1962
4227	1579
4227	1987
4227	3862
4227	1627
4227	1698
4227	2312
4227	2681
4227	3143
4227	4273
3550	3808
3550	1173
3550	1952
3550	2170
3550	1058
714	574
312	1965
1510	2406
1510	2680
1510	1183
1510	1489
335	4011
1168	2487
1168	14
1168	2183
1168	2466
1168	584
1168	3291
1168	522
1168	3425
1074	1121
80	1121
80	3734
80	1258
80	4373
49	3477
49	1293
49	257
49	3577
3052	856
2525	452
3220	3573
1926	3516
1926	3379
4101	2469
4101	1897
4101	1951
3228	549
1436	2129
1436	3403
121	875
121	3951
121	997
4	2632
4	3296
757	4409
757	3822
757	3696
757	2688
757	2181
757	2530
4142	2493
4142	3816
4142	233
2602	2530
1818	4386
1818	3581
1818	2089
1818	2541
4386	3581
4386	2089
3581	2089
3581	3137
3015	458
3015	4326
3015	504
3015	1228
1123	1269
1613	2039
1613	56
1613	2026
1613	1887
1613	488
1613	3502
1613	722
1613	2363
1613	249
1613	1156
1613	4665
1613	2192
1613	692
1613	2687
1613	949
1613	705
1613	1502
1613	2051
2938	1400
2938	4055
2938	1156
2938	44
2938	4446
760	313
1772	458
1772	504
1772	3573
669	2963
669	4117
2857	4506
1385	1004
1385	3675
2112	4595
2039	488
2039	2271
2039	1157
2039	249
3065	2556
3065	2681
4345	206
4345	4651
4345	4343
4345	3780
4345	1839
3807	661
2917	3105
2917	2169
2917	2901
1469	3502
3251	4614
3251	3105
3251	426
3251	608
2092	2271
2092	3456
2092	4086
2026	1887
2026	488
2026	534
2026	1897
2026	68
1505	2861
1505	249
1887	3502
1887	4379
1887	982
1887	462
1887	1889
1887	2872
1887	482
1887	1156
1887	1951
1887	4533
1887	4643
1887	66
1887	2051
1887	2844
1887	313
1007	569
3928	366
3928	569
1733	1789
1733	814
2454	2846
2454	992
2454	2956
2454	1863
2454	2124
2454	1952
2454	652
2454	3253
2454	4595
2454	1806
2454	1081
3055	3128
3055	4269
3055	1614
3055	3023
3055	2803
3055	2582
3055	2879
3055	2358
3055	1266
3055	3278
2117	1831
3529	3104
3529	4011
3529	4005
3529	2891
3529	574
3529	2048
3529	3296
1431	574
673	458
3687	3382
3687	2685
3687	1652
3687	3477
3687	2909
3687	3173
3687	768
2389	102
2389	1033
2389	3734
2389	3573
2389	1155
3382	3104
3382	2410
3382	646
3382	3027
3369	3058
196	661
3178	3154
3178	4450
3178	3734
3178	3296
2387	1295
4576	3734
1247	249
1247	1302
488	3502
488	4379
488	982
488	1810
488	2435
488	1889
488	413
488	580
488	2872
488	1506
488	2363
488	1156
488	934
488	2733
488	4533
488	2257
488	949
488	4643
488	958
488	2051
488	313
3589	2368
3589	3067
3589	110
3589	3058
3589	3212
1400	334
1400	4379
1400	3945
1400	3337
1400	2363
1400	4643
1400	313
1400	2703
1961	3379
1961	4595
1961	3296
3643	81
3643	1577
3643	3378
171	3379
2213	1138
2213	507
812	2946
812	1323
812	260
812	903
812	3296
1874	3154
1874	3734
1874	3296
1874	2731
1874	3425
3039	3366
3039	66
3039	1399
2741	1119
4313	279
4316	1601
2867	571
4027	4595
1016	1579
1016	1720
334	1163
334	1293
334	1778
4525	3315
4525	4651
4525	3561
34	1231
34	550
34	4297
34	3425
34	3061
34	3212
430	4539
430	4506
430	1889
430	3379
430	16
430	1300
430	2820
430	3291
430	2761
4631	1269
836	58
836	2229
836	3889
1654	3734
2941	982
2941	2271
4167	200
4167	1314
4167	3077
4167	1520
4167	3951
3530	2366
179	4025
180	3285
180	1269
4512	3285
4512	1499
4512	1325
4512	1221
4512	1739
4512	374
4512	4354
4512	4595
4512	1547
2774	982
2774	249
2774	1502
2774	205
3502	4379
3502	982
3502	2363
3502	249
3502	2568
3502	2901
3502	1169
3502	2687
3502	4499
3502	4643
3502	1612
3502	2051
3502	2844
1382	1468
2251	2354
421	834
421	3295
421	3734
421	3787
421	1023
3639	4297
3639	4595
2367	1409
3104	2764
3104	1601
3104	3796
3104	2727
3104	2208
3104	4374
3104	1222
3104	4312
3104	1882
3104	4414
3104	1050
3104	3184
3104	1183
3104	1674
1422	1282
1422	2918
1422	578
937	3477
937	4662
937	206
937	4260
937	3198
2764	1920
2764	3796
2764	2366
2764	1323
2764	3361
2764	1556
2764	2778
2764	104
2764	3542
2764	578
2764	4176
2764	4064
2764	2444
2764	2455
2764	1183
2764	3
2764	3544
4378	3754
719	4614
719	661
719	1300
719	1612
719	2665
4125	206
1176	1157
1176	3069
4308	2366
52	3734
1315	3379
1315	2466
1315	1366
1315	3166
1315	4099
1315	1397
1315	3247
4294	2345
4294	1577
4294	3661
4294	3773
4294	885
4294	3708
4294	1929
2469	66
2469	146
3533	702
3533	1556
3533	875
3533	1547
3533	1943
694	3337
694	66
1981	2633
1981	3328
442	3442
442	3379
442	718
442	1634
3707	1726
3707	1716
3707	885
3314	1716
3314	3027
2210	2963
2210	3145
200	1246
200	1314
1246	1314
1246	3077
1246	2634
2945	3379
534	2410
534	249
534	4533
1314	3580
1314	1428
1314	3077
1314	2297
1314	2634
1314	2302
1314	2612
1314	1738
1314	1546
1314	2746
1314	39
1314	3081
1314	877
1314	753
1314	2719
1314	3215
1314	3978
1314	2444
1314	2580
1314	4168
1314	1418
1314	2018
1314	4203
1314	4265
1314	3094
1314	4234
3580	4347
3580	1066
702	2620
702	875
1292	3379
1292	875
1292	3734
1292	1902
1304	2294
1304	3813
1378	3953
1378	3734
1378	1060
1378	594
1378	781
1119	4128
1119	249
1119	3175
1919	2895
1555	696
1555	687
4379	982
4379	2319
4379	2275
4379	2363
4379	249
4379	661
4379	304
4379	2901
4379	2687
4379	949
4379	69
4379	1411
4379	1502
4379	2051
4379	2877
4379	3915
4379	313
982	992
982	1897
982	3566
982	1889
982	2363
982	249
982	482
982	934
982	1951
982	1504
982	2733
982	4533
982	1269
982	2568
982	2687
982	949
982	17
982	1502
982	2051
982	3915
982	313
2685	3427
2588	1408
4026	3023
802	1519
802	1496
802	1627
1350	1627
4366	1371
4366	2189
1679	4651
811	375
4172	3154
4172	4160
4172	1209
4172	3519
4172	691
1428	3077
1428	1936
1428	4064
1428	921
1428	1266
1428	1525
3077	3090
1789	4500
1789	1619
1789	1821
1601	278
1601	62
1601	2840
1601	4362
1601	2204
1601	4463
1601	1269
1601	4279
1601	5
1601	1852
1601	921
1601	4277
1601	1943
2271	1157
2271	1810
2271	3958
2271	1751
2271	2895
2271	1221
2271	1631
2271	608
2271	2126
2271	2350
1157	1751
1647	276
1647	1910
1647	1282
1647	4611
1647	4040
1647	2632
1647	3296
3481	1850
3481	1943
2304	1043
2304	3504
1388	1267
2359	1295
4539	986
3075	3641
97	1900
3560	2297
3560	1738
3560	2803
3560	3734
3560	1986
3560	3296
3560	4544
3560	3212
2297	550
2297	2746
2297	3832
2297	39
2297	504
2297	877
2297	3094
3808	3564
3808	1221
509	493
4165	1110
4165	2471
4165	647
4165	3023
4165	1982
549	2366
549	3222
549	1121
549	2879
4417	1027
172	896
172	696
172	2398
172	1094
172	522
1810	3097
87	4057
87	4248
87	407
87	2404
4057	4248
4057	407
4057	2404
2551	3291
433	2909
433	1692
369	3986
1134	1269
1134	3734
1248	3734
3233	3033
3233	3997
462	532
462	81
462	3378
462	3101
462	2005
533	532
532	3378
532	3101
532	522
1244	1232
1244	584
1244	3444
1244	3538
1244	2255
1252	584
1252	2401
1252	3291
2195	3961
2195	2766
2195	247
834	3295
834	1190
834	652
834	3734
2345	1556
2345	4665
2345	1403
2345	1121
3033	1169
3033	3665
4230	574
4230	1550
4003	1380
4003	1556
4003	2620
4003	3379
4003	1496
4003	999
4011	1171
4011	3619
4011	2956
4011	2354
4011	4350
4011	2854
4011	4284
4011	1952
4011	4225
4011	979
4011	267
4011	2858
4011	1509
4011	2422
3367	4269
2948	3619
2948	979
3477	1282
3477	2659
3477	4071
3477	3166
3477	4047
1520	2104
4269	2458
4269	4671
4269	1696
4269	3284
4269	1646
4269	247
4269	1536
4269	2107
2846	2487
2846	3379
2846	1749
2846	4047
2846	2097
2846	3641
2846	2736
3961	2766
3961	247
82	687
82	3951
82	504
896	696
896	3951
896	2164
896	407
81	366
81	4258
81	1644
81	2779
81	3414
81	3951
81	4188
81	4540
81	4673
81	4121
81	1705
81	3710
1234	249
1234	1300
1456	1269
3833	3261
3833	507
3353	1502
992	3984
992	2891
992	2719
992	1269
992	110
2432	4678
2432	2051
2432	3527
1171	206
1171	1033
1171	3556
2270	3379
3716	3661
1255	3734
3619	4429
3619	14
3619	1130
3619	3425
591	3379
3006	3905
2381	570
2913	1279
2913	1627
2913	3209
4175	1269
2089	3379
2314	3456
2314	3439
2314	3235
139	206
139	4611
139	3780
139	2888
3426	584
3426	3688
3426	3425
2108	3154
2108	1594
2108	3734
2108	3212
3289	3212
2514	2355
2514	3444
2514	1221
2514	885
2336	2886
250	2547
250	1269
822	1910
3674	4671
3674	3635
3674	1289
3674	4657
4115	2366
3958	3456
3958	2363
3958	700
2946	1426
1426	366
2006	3162
3728	3734
3728	4544
4506	2808
4506	3296
280	3668
280	3444
3970	1529
3970	3444
1999	1138
1999	4595
2129	1293
2129	869
2129	1369
2129	3582
4580	4611
4353	2353
4151	3465
4151	4374
4151	3734
3796	4017
3796	1731
232	2733
232	4595
2245	1237
2245	1325
2245	1984
4425	424
366	4258
366	1565
366	2998
366	3414
366	4611
366	3163
366	2750
366	1442
4258	1565
4258	3154
2476	1050
2476	3109
1565	264
3140	1221
3764	2458
3764	260
3764	3663
3564	3379
3564	1594
3564	1749
3564	962
3564	2865
3564	4624
1644	2779
1644	1325
4415	2620
4415	3379
4415	1594
4415	1749
1293	2620
1293	3379
1293	875
1293	1594
1293	1749
1293	57
1293	1282
1293	578
1293	2632
1293	3250
3154	3837
3154	2227
3154	2779
3154	1209
3154	2620
3154	3379
3154	3144
3154	875
3154	1594
3154	1749
3154	57
3154	1490
3154	1222
3154	581
3154	3577
3154	4546
3154	1597
3154	247
3154	4414
3154	3734
3154	1771
3154	1001
3154	3250
454	1489
454	3451
1595	102
1595	3222
1595	1295
1595	2458
1595	1300
62	4392
62	164
62	1984
62	3296
62	1888
2697	2486
2840	3951
2840	2196
2840	267
1791	375
3146	30
1064	3680
568	2242
1138	2720
1138	1221
1231	1824
4645	1446
3824	458
3824	1027
3824	1156
3824	4611
3824	2189
3824	3212
458	1614
458	4416
458	4636
458	658
458	550
458	504
458	1081
458	2358
458	3198
458	2786
4362	1221
1897	3379
1897	3568
3776	873
3776	3296
2319	1300
2319	2681
3566	2188
1110	276
3837	2100
4128	2680
4128	1646
4128	3253
3672	2711
2495	2808
2495	718
2495	3662
1530	3101
1530	3209
2062	3519
4180	99
4180	993
1416	1027
1416	4544
2727	2301
2727	2679
2727	1712
2727	3879
2727	1286
2711	3101
2711	1712
2884	3101
1380	1512
1114	2668
451	4595
1764	3734
1764	251
1764	1698
1434	3571
1434	3573
1434	3207
1539	4544
2366	102
2366	3222
2366	1295
2366	1323
2366	2458
2366	4145
2366	2148
2366	482
2366	2553
2366	1190
2366	4436
2366	340
2366	1619
2366	3166
2366	4335
2366	1226
2366	3803
102	3222
102	1295
102	1323
102	2458
102	2148
102	3543
102	4177
102	2164
102	3813
102	2989
102	4556
102	4354
102	58
102	3986
102	1604
102	3521
3222	1295
3222	1323
3222	2458
3222	3543
3222	1092
3222	4662
3222	4103
3222	1227
3222	251
1295	1323
1295	2458
1295	1027
1295	3661
1295	570
1295	943
1295	1227
1295	2989
1295	1379
1295	407
1295	4197
1295	2730
1295	792
1295	267
1295	3573
1295	3184
1295	2852
1323	2458
1323	2148
1323	2140
1323	3543
1323	4662
1323	206
1323	4540
1323	4436
1323	2918
1323	2989
1323	2730
1323	628
1323	1828
1323	1902
1323	2337
2458	3893
2458	3896
2458	900
2458	3543
2458	1092
2458	4662
2458	206
2458	4225
2458	1484
2458	3215
2458	3935
2458	4087
2458	1227
2458	2989
2458	4260
2458	199
2458	4544
2458	1536
2458	1552
2458	1959
4326	3984
4326	206
4326	4434
3597	1221
3597	3425
3893	3889
3893	4159
3361	1771
1528	2294
1528	1369
2294	3756
2294	3773
2281	3773
2590	574
2590	4571
2590	3413
737	1496
737	4121
737	1269
1889	249
1889	2687
1889	1047
1889	3915
413	249
413	934
413	2687
413	1502
2166	1738
2166	3951
2166	2466
2166	3784
2166	4543
2998	1949
2998	2036
2998	2164
1949	2036
1949	2164
2694	249
580	249
580	1951
580	68
580	958
580	1318
580	1502
3823	4229
3823	628
3823	885
3823	2189
4565	2547
4565	1749
4565	3543
4565	1269
3378	1221
3378	2937
3378	2005
99	1170
99	267
1614	4392
1614	1058
3722	2208
2634	276
2634	2487
2634	206
2634	2466
2634	4611
2634	519
4005	2208
4005	2493
600	206
1377	1269
1377	825
1377	1928
3170	1995
3170	979
3170	4589
4145	1418
2956	1033
2956	3270
1611	3577
1611	574
1611	348
276	4540
276	4047
3101	2565
3101	2529
3101	2692
3101	4303
3101	4546
3101	2882
3101	2488
3101	4002
3101	2035
3101	2060
3101	1221
3101	374
3101	2813
3101	2966
3101	2687
3101	962
3101	3691
3101	265
3101	325
3101	468
3101	476
3101	2316
3101	2337
3101	2505
3101	2556
3101	3027
3101	2650
3101	2844
3101	2954
3101	2970
3101	2971
3101	3071
3101	3073
3101	3565
3101	3603
3101	3947
3101	4097
3430	2208
3430	152
3430	1221
3430	374
4582	152
4582	374
321	3379
321	1173
321	152
321	1325
321	1221
321	1739
321	374
321	4595
4412	842
1751	2051
1872	1027
1872	3734
1872	1547
2565	3826
2208	1259
2208	1190
2208	4611
2208	3432
2208	4466
3804	4450
3804	260
4450	1942
4450	2620
4450	1222
4450	1023
4462	4665
4462	2192
3295	3667
3295	3734
2554	1027
2554	3443
2554	3212
4192	934
3756	2150
3756	1094
3756	3296
3756	3422
696	2609
1488	986
1488	2625
1488	1094
4429	1190
4429	1952
4429	2842
4429	3425
3649	267
1544	1948
1544	271
4671	1948
3465	3653
3465	1282
2816	374
2227	1417
2227	3688
2872	249
2872	934
2872	1880
2872	2394
1529	4198
243	1027
243	1943
4492	2984
2260	3577
2724	4032
4359	3411
2617	2983
2190	560
2190	376
1557	2990
1557	3515
1557	599
1259	2140
1259	4584
1259	3895
4166	4228
4166	3780
4246	4594
3976	2012
3976	3122
2612	2746
2612	900
2612	3832
2612	39
2612	877
2612	2580
2612	1500
2612	3094
2242	2234
2323	4595
1598	3895
1598	3235
3509	662
3509	3784
1513	1836
4590	1156
4590	650
4590	192
4590	4446
2696	1836
698	1209
698	1221
2748	1836
2748	1928
3123	2301
3730	974
3730	3364
3730	3224
3730	905
4147	1269
3482	1836
3482	2301
3482	4595
1714	1836
1085	1836
974	1836
974	2301
3364	2301
3364	574
3364	113
3510	1836
2349	538
3224	1836
2056	152
2056	1257
905	1836
1836	3173
1836	3773
1836	326
1836	4461
4304	4099
4304	1397
4304	3663
3818	2842
2767	164
2767	1943
3633	1785
662	1349
662	1592
323	1932
323	4546
323	2766
323	4260
3647	1221
2963	2625
2963	1213
2963	3282
2963	2574
2963	305
2963	4335
986	1417
986	2620
986	3379
986	2804
986	3322
986	3144
986	875
986	1594
986	1749
986	2318
986	1665
986	842
4629	1269
3558	3425
4396	4595
571	1116
571	1696
571	3184
1673	2660
1673	3242
1673	3774
2308	3573
260	3282
260	2574
260	903
260	1379
260	908
2625	570
2625	3282
2625	3163
2625	305
2625	4335
4374	1222
4374	1033
4374	3131
4374	4414
4374	3296
4374	113
4374	2434
1027	570
1027	3023
1027	2053
1027	2803
1027	4665
1027	1267
1027	3511
1027	3610
1027	4402
1027	1023
1948	1699
1948	4556
3427	152
3427	1300
3427	2232
3427	3145
1556	875
1556	1116
1556	2180
4416	570
4416	3023
4416	504
4416	2097
2779	3240
2779	852
2779	3444
2779	921
2779	331
2779	2642
2779	3963
2779	4434
2779	1023
3240	3235
3240	4595
852	2368
852	544
4639	1269
4341	962
1965	4391
1965	199
1965	2051
2148	249
2148	3061
424	164
865	1470
865	84
865	420
865	1325
865	4023
865	227
865	1221
865	4595
865	326
865	1547
865	1081
865	493
865	2503
3557	2424
3557	4611
2983	507
1417	2301
1417	3322
1417	1594
1417	3456
1417	1749
1417	3439
1417	3577
1628	3734
1628	3296
4481	2803
4481	1986
4481	2505
1997	3081
1997	4087
1997	3868
1997	1710
2529	844
2529	3784
2529	1369
2529	1533
2529	3027
1726	844
1726	1369
1726	842
4070	3951
4187	2803
4187	1986
4187	3212
4636	504
4392	2620
4392	875
4392	2803
4392	1986
4392	4544
4392	4273
3896	570
3896	2424
3896	2803
3896	1227
3896	4260
3896	4544
3896	3425
658	504
1202	4544
550	1738
550	1785
550	504
550	3921
550	4544
550	3986
1738	2803
1738	3734
1738	1986
1738	4544
1738	4635
1738	4234
1738	2261
4019	3379
2140	4584
2140	2909
2140	3895
2140	1023
4584	1325
4584	841
4584	326
1063	93
1063	3212
3414	1442
3729	1852
1546	2803
1546	1986
2301	1209
2301	3379
2301	1594
2301	1749
2301	2318
2301	3577
2301	850
1785	2719
3661	4496
1209	3144
1209	3734
1209	1204
1209	2161
14	1190
14	584
14	2493
14	4611
4306	3577
844	1302
844	881
844	913
2620	3379
2620	2610
2620	2804
2620	3322
2620	3144
2620	2471
2620	3577
2620	3734
2620	264
2620	3801
3379	2804
3379	3144
3379	57
3379	2318
3379	2471
3379	3312
3379	3577
3379	4021
3379	3023
3379	1696
3379	4194
3379	4665
3379	1665
3379	2169
3379	2546
3379	271
3379	1121
3379	2630
3379	1592
3379	3744
3379	3734
3379	2455
3379	1718
3379	885
3379	1015
3379	2942
3379	3250
3379	277
3379	284
3379	391
3379	901
3379	931
3379	1301
3379	1777
3379	2107
3379	2155
3379	2548
3379	2614
3379	2932
3379	3107
3379	3122
3379	3218
3379	3459
3379	3494
3379	4077
3379	3834
3379	3884
3379	4075
3379	4126
3379	4218
3379	4247
3379	4264
2610	875
2610	1594
2610	1749
2610	1540
2804	875
2804	1594
2804	1749
3322	3439
3144	875
3144	1594
3144	1749
3144	57
3144	1496
3144	1537
3144	3734
875	2471
875	3519
875	4665
875	1269
875	3734
875	3662
1594	1749
1594	2471
1594	3312
1594	3577
1594	3734
1594	3657
3456	2363
3456	3439
3456	3577
3456	1496
3456	1300
3456	1592
3456	3296
3456	958
3456	3134
3456	3568
1749	2471
1749	3577
1749	3444
1749	1592
1749	3734
1749	1050
1749	2614
57	1537
57	3734
2318	1147
2318	2614
2471	1540
2471	3496
1578	152
1578	374
1578	3611
4653	152
4653	374
2608	1301
1491	1506
4199	1269
1506	249
1506	612
1910	1302
2430	1429
2827	3792
2827	2034
3792	2034
72	1302
2275	722
2275	1632
2275	3261
2275	1540
2275	66
722	1632
722	1951
722	3806
3261	4595
1331	3851
1331	4595
1331	4126
1716	3027
1103	4161
1311	1094
1311	1550
2746	900
2746	3832
2746	39
2746	877
2746	3734
2746	1031
2746	1689
2746	2293
2746	3094
3243	3147
1381	1710
1381	3278
452	1951
452	1190
452	3086
452	2051
1799	1300
2368	544
2368	1300
2368	515
2368	3166
2992	1269
900	4347
900	39
900	1496
900	652
900	3209
900	3094
316	3175
3815	4347
640	4347
640	842
1991	4347
1250	4347
1250	717
1250	281
1250	2337
1250	3018
2150	4347
2150	717
2150	3018
4489	4347
1820	3734
1724	110
1724	3212
4149	44
3084	3679
814	3734
190	3734
4055	30
4055	3235
4055	1397
2990	3515
2990	544
2990	4112
2990	4356
2990	3192
2990	791
2990	3
3515	599
3515	4356
3515	3192
3515	791
3515	3
790	2488
2778	1130
142	538
142	3423
4154	3209
2289	736
2465	3773
104	3086
104	1161
104	1720
3366	3945
1579	3945
1579	3752
1579	910
3945	3752
3945	980
3945	1867
3945	2231
3945	4087
3945	2706
3752	910
1850	2236
1850	3542
1850	247
1850	3056
1850	921
1850	4320
980	3491
910	1617
2406	4312
2087	1941
2087	2114
3832	39
3832	877
3832	2580
3832	3094
4127	3697
2666	584
2598	1121
624	842
238	2824
3913	4347
3337	2363
3337	249
3337	3105
3337	1130
3337	4643
3337	3058
3337	3680
4347	1092
4347	1393
4347	2523
4347	3611
4347	3425
2363	249
2363	1156
2363	934
2363	949
2363	2051
2363	3425
2363	313
249	1156
249	1589
249	612
249	1951
249	2202
249	4533
249	4678
249	2901
249	949
249	4643
249	66
249	405
249	507
249	958
249	1502
249	2316
249	2051
249	2681
249	2824
249	2844
249	3802
249	313
412	2982
1245	304
1723	3984
1723	584
1723	1302
1723	4434
124	4500
124	60
124	2229
124	2817
3984	1680
1465	482
1465	2719
1465	691
1465	4451
4350	2719
4350	2702
482	2844
482	3061
1156	3105
1156	2687
1156	2844
1156	3569
934	2733
934	958
934	3061
934	313
21	66
612	199
1490	3734
3035	3734
4229	507
3299	3951
3299	1619
3299	4249
3758	300
3895	2600
3895	1221
3895	1071
3895	4064
3895	921
377	300
31	300
31	2531
1677	300
300	1982
3635	3660
3635	1033
3635	3425
3635	3663
1617	825
1951	4678
1951	2901
1951	4643
1951	17
1951	2178
3542	3708
1995	647
1995	687
647	687
647	2124
647	4611
647	4436
647	4040
647	1787
647	1130
647	3175
687	4605
687	1453
687	3312
687	1763
687	1863
687	4540
687	4040
687	1787
687	1468
687	1130
687	3328
786	2005
1066	2719
1066	4069
1190	584
1190	979
1190	1094
1190	1130
1190	398
1190	3423
456	304
4605	2274
4605	1453
4605	2101
4605	1468
4605	636
4605	4064
4605	3780
2274	1468
2274	4571
2274	3184
1453	3312
1453	2101
1453	4225
1453	1468
1453	3787
1453	1705
3312	1763
3312	3577
3312	2101
3312	1468
3312	1915
3312	3184
3312	1576
3312	4624
1763	504
1763	2101
1763	4225
1763	1468
1763	3780
3806	705
1504	2051
1504	2923
4272	519
1222	3734
1222	3296
570	3571
570	2424
570	2919
570	2688
570	869
570	2918
570	1044
570	1379
570	3432
570	289
570	1500
570	3573
570	2836
3571	1883
2808	2965
2808	2541
2424	30
2424	1712
2424	1379
2424	3978
2424	289
2424	520
2424	1901
2424	134
1213	856
909	4500
1713	2989
1713	289
3282	1712
3282	4666
1092	4662
1092	206
1092	2989
1092	1379
1092	289
2574	3773
2574	1379
2574	4666
2574	856
903	4666
30	3284
30	3734
30	1050
30	2642
4662	206
4662	2989
4662	1379
4662	4666
4662	4260
4662	289
4662	4047
4662	1852
206	2334
206	1712
206	2989
206	1379
206	4666
206	2523
206	289
206	1984
206	267
206	1001
206	2731
206	589
709	1550
1285	3954
1285	3444
135	3954
3954	3444
3954	1339
3954	2161
4297	4595
4297	3780
4297	1060
4297	4544
581	3734
3719	313
3577	4423
3577	1033
3577	1468
3577	1719
3577	2842
3577	2060
3577	1325
3577	3734
3577	3250
3577	2100
3577	3292
3577	1023
3951	1619
16	3946
16	1547
39	877
39	3474
39	2580
39	4168
39	962
39	3094
544	3997
544	856
544	3320
1276	782
4100	4544
3023	1369
504	1182
504	1593
504	1468
504	2358
504	2643
504	3198
504	2786
504	2097
504	1828
4432	4533
1883	3734
1883	2814
1883	3422
1883	4403
1511	4611
1511	3291
1511	519
344	4611
1439	3773
2202	1502
2202	2844
622	942
3315	1237
3315	1936
4303	3175
1173	1338
1173	2101
1173	1952
1173	2170
1173	4225
1173	1058
1173	652
1173	3226
1173	2680
1173	545
1173	1033
1173	1499
1173	1915
1173	1325
1173	1619
1173	4556
1173	2222
1173	962
1173	4413
1349	736
1349	2493
1349	3816
1349	233
1349	1033
1349	3201
2466	2153
2466	1403
2466	2632
2466	3511
1867	2222
1867	962
1338	3000
1338	1915
3784	2919
3784	1033
3784	1369
3784	3432
3784	515
3784	1183
1282	4540
1282	4148
1282	1033
1282	3734
1282	589
1282	3145
1282	4503
1282	4541
736	3086
584	2153
584	2124
584	1033
584	1403
584	2632
584	2731
584	1183
3754	661
3754	856
3668	161
3668	3744
2464	882
2464	979
2464	1712
2464	268
2464	1183
882	979
882	268
882	1183
4228	1396
1583	4225
1583	1094
1583	1550
3067	791
1519	3250
1519	2255
2425	979
648	4651
648	3724
4312	3296
3139	1912
2457	3734
3081	1121
3081	2922
877	2580
877	4168
877	3094
753	2719
753	1094
753	1550
753	267
4188	3679
4188	2679
4188	3851
4188	4611
4188	4121
4188	4543
2401	2153
2401	460
2401	825
2493	3816
2493	233
2493	3173
2493	3734
3816	233
3816	1419
3816	1033
3816	2918
3816	3511
96	4595
650	1166
650	4588
4651	3173
4651	1030
4651	1283
4651	2104
4651	4205
4651	126
4651	1448
4651	2114
4651	3328
3660	4099
107	3673
3959	4595
3444	1221
3444	267
3444	3320
3444	885
3444	4442
1393	856
1393	267
4124	3226
4177	1121
4177	4544
2854	4540
2854	4284
2854	2803
2854	1499
4546	4194
4546	2820
4546	3734
4389	856
1496	2530
1496	3603
1496	3710
3519	2966
1879	3862
1261	2164
1261	3291
1261	3296
2164	1058
2164	3291
2164	4595
3488	2114
352	705
4578	3175
152	3773
152	1221
152	1739
152	520
152	1071
152	4354
152	3250
2488	4540
2488	848
2488	4284
2488	290
2488	3679
2488	4611
2488	4670
2488	2530
2488	867
2488	351
2488	40
2488	73
2488	642
2488	878
4540	4284
4540	2053
4540	3679
4540	4611
4540	4544
4284	290
4284	3679
4284	4611
4284	4670
4148	2124
4148	290
4148	652
4148	4670
4148	856
4148	113
2124	290
2124	2053
2124	3679
2124	1806
290	2679
290	3851
290	4611
290	652
290	4121
3679	4611
3679	4121
2679	3851
2679	4611
2679	4673
2679	4670
2679	4121
3851	4611
3851	4673
3851	4121
4611	4673
4611	4670
4611	4121
4611	4556
4611	288
4611	1078
4611	1401
4611	3058
4673	4121
2803	1986
2803	4544
2803	3986
2803	1236
2803	1317
2803	3212
2803	4234
4002	1221
3526	3169
4076	3440
4421	4544
4421	3376
2101	1419
2101	4225
2101	1058
2101	2680
2101	545
2101	1033
2101	1499
2101	1468
2101	1302
2101	1221
2101	1423
2101	113
1419	4225
1419	1058
1419	2680
1419	545
1419	1033
1419	1499
1419	2249
1419	1423
1419	113
1952	2680
1952	1033
1952	1499
1952	636
1952	515
1952	3780
1952	2699
555	2114
4225	1058
4225	2680
4225	1033
4225	1130
4225	1423
4225	113
1058	2680
1058	1033
1058	1325
1058	3780
1058	1423
1058	3184
1058	1705
652	4670
652	3773
652	374
652	856
652	2787
652	3797
4670	4121
4121	1442
4121	842
3185	2754
2555	661
3666	4595
3666	3527
2680	545
2680	1033
2680	1499
2680	1423
545	1033
545	1423
545	3826
1033	1499
1033	1269
1033	4047
1033	1423
1033	113
1033	3556
1499	1325
1499	3780
1499	326
1499	1423
1499	113
711	4000
1985	3425
4017	1731
4017	1814
489	1731
489	1814
489	3734
1731	4031
1731	1814
1731	4087
1731	3734
4031	1814
4031	3734
1442	3341
1442	3131
1442	4248
1442	1221
3284	2719
3284	1379
3284	4666
3284	289
3882	325
2530	58
3541	1399
1778	1637
1646	3253
1646	227
3960	161
902	608
902	4244
700	1300
700	3428
4040	1540
943	3734
835	979
4500	718
4500	375
4500	405
2733	2687
850	1300
1030	1712
1597	3734
1237	2691
1237	3710
4533	2687
4533	949
3538	4595
3538	3026
661	4343
661	2879
661	399
661	958
661	1604
661	1612
661	1890
661	4261
661	4264
125	1619
125	4077
4194	3471
4194	4478
2659	4047
2020	3475
2020	507
1217	785
1468	1367
2334	1705
2334	1888
1302	71
1302	2097
3574	4595
2682	199
2859	1130
2859	199
2196	3697
2719	1550
2999	1637
3871	2844
1109	3086
1109	4086
3813	3086
3813	298
3813	399
3086	2171
3086	1665
3086	2895
3086	873
3086	4086
3086	1397
3086	3774
4665	2192
4665	692
4665	2895
4665	2016
2192	692
2192	2895
3800	1366
3225	1712
1366	1612
1366	3794
1366	1397
1403	1620
1403	3734
1403	3296
304	3105
304	3296
3105	1300
3105	2730
3105	705
3105	2660
3105	44
1665	28
1665	164
1665	4556
1665	4498
1665	3475
2895	2016
2895	2568
2895	873
1540	825
3215	2989
2169	1269
2169	3826
1269	10
1269	58
1269	4499
1269	4544
1269	1536
1269	1396
1269	1671
1269	301
1269	362
1269	808
1269	958
1269	1137
1269	1267
1269	1429
1269	1458
1269	1828
1269	1892
1269	4268
1269	4318
1269	4496
1269	4624
2035	58
2035	2580
2398	2060
2398	4376
2766	247
2016	164
3131	3296
2568	331
2568	2051
2568	3662
4678	2687
4678	69
4678	1502
4678	3665
4678	2703
420	227
420	1547
4071	979
2668	271
2668	3734
2668	3325
2668	436
2668	525
2668	2189
382	3260
2918	3734
1300	3235
1300	2051
2188	3839
718	1256
1900	2911
2934	979
247	3734
247	628
247	3198
247	3328
3773	1094
3773	374
3773	3611
3773	1687
3773	1748
1620	1094
1620	1550
3788	1094
2342	1094
2342	4354
2820	3328
569	3868
569	3328
574	3484
574	3732
1044	589
3194	4087
3194	1622
1814	4087
1814	3734
1814	2358
4087	1622
1622	1912
3997	1604
1770	375
979	268
979	1183
979	331
979	398
979	1576
979	2382
979	3826
578	3697
578	3425
2225	507
2225	724
351	3425
873	4086
1227	1712
1227	2989
1227	1379
1227	4666
1227	289
1227	3732
1369	881
1369	3432
3937	3432
3937	4273
1712	2989
1712	1379
1712	908
2989	1379
2989	4666
2989	1166
2989	4260
2989	2842
2989	1890
2989	3411
2901	17
2901	357
4571	4047
4571	1371
3291	3680
1121	3734
1121	1031
1121	589
1121	524
1379	908
1379	4260
1379	3209
4666	4603
4666	3734
4666	3296
4666	3209
636	630
3868	407
1094	1550
1094	4354
1094	3611
1094	4064
1094	3409
1094	3423
4248	407
4248	2404
1550	1599
1550	2505
1550	3561
407	1915
407	4335
407	2404
2894	4657
2894	1752
4324	4595
4603	1050
4603	2642
908	3734
4260	289
4260	326
3419	3845
3419	3590
3845	3734
3845	3296
3845	3590
2523	2642
1936	3425
4292	3689
2842	3166
2842	667
881	3734
3432	3018
4414	3296
3288	1221
3686	999
1327	460
2048	4244
2060	1221
2060	3697
2060	2888
2060	2977
2060	4640
3602	371
3978	832
3978	3657
4176	3107
1298	3915
1298	3328
1130	1183
1130	1015
1325	4023
1325	4064
1325	4595
1325	841
1325	494
1325	326
1325	1547
1325	4413
1619	913
4023	227
4023	2916
4023	4595
4023	856
227	2916
227	374
227	842
227	856
227	326
227	1547
227	3508
227	3250
2916	1547
1221	1739
1221	374
1221	4354
1221	2173
1221	4173
1221	2540
1221	3250
1221	921
1221	132
1221	1443
1221	1854
1221	1899
1221	1927
1221	1928
1221	2379
1221	2605
1221	2874
1221	3528
1221	3910
1739	374
1739	4354
1739	3611
374	520
374	1071
374	4354
374	3611
374	1547
374	3250
520	3611
2937	3734
2937	3296
1537	4300
1537	2161
2966	418
4556	4595
2687	949
2687	958
2687	2051
2687	2844
2687	313
3734	2249
3734	1771
3734	1950
3734	1001
3734	1078
3734	717
3734	1371
3734	277
3734	1210
3734	1674
3734	2434
3734	2467
3734	2482
3734	2888
3734	3037
3734	3134
3734	3511
3734	4597
2814	524
4596	4507
4596	4480
4596	3425
4596	4234
3697	1990
946	3296
1986	4544
2879	515
2879	724
2222	4047
2222	4413
2222	4573
1071	4354
4354	3611
3611	3079
3611	3132
2086	3296
3235	682
3235	1670
3235	3278
1984	3780
1984	1888
3359	842
4064	2449
4064	1452
4064	2518
3166	4099
2507	1746
4047	2731
4047	1256
4047	3425
4047	3826
792	2883
418	4370
108	1396
108	981
2910	4595
4595	4116
4595	1060
4595	1572
4595	4062
4595	76
4595	830
4595	931
4595	1265
4595	1401
4595	1825
4595	1891
4595	1927
4595	1928
4595	1963
4595	3028
4595	3107
4595	3476
4595	3584
4595	4077
4595	3963
4595	4025
4595	4092
4595	4119
4595	4150
4595	4644
4595	1397
3780	1060
3780	1500
3780	267
3780	1001
3780	519
3780	825
2444	1500
949	2051
949	3915
995	2932
10	2255
58	2580
2580	4168
2580	3094
2413	3573
842	525
1050	913
1050	2642
856	841
856	326
856	1547
856	3332
856	2209
856	885
856	921
856	4616
841	3349
841	326
841	1547
494	326
494	1547
494	3332
494	2632
326	1547
326	921
1547	4198
2632	3296
3296	1771
3296	1950
3296	2027
3296	2572
3296	2631
3296	717
3296	1371
3296	166
3296	277
3296	399
3296	524
3296	525
3296	1411
3296	1698
3296	2029
3296	2434
3296	2482
3296	3425
3296	3511
3296	4234
3787	4434
962	4573
962	4099
962	921
962	1612
962	1680
962	2029
962	4451
264	4116
4116	3425
1771	3680
1060	3018
1500	3212
4544	1489
4544	4234
712	65
1572	4086
1572	3175
4039	1569
4586	259
2346	66
1720	3691
1720	3491
1720	3569
3691	3491
3491	2468
298	3933
298	154
298	3755
4643	1502
4643	2051
4643	3109
4235	66
267	785
267	3537
267	384
267	3320
267	913
267	4099
267	519
267	2240
267	3425
785	3537
785	3320
785	2097
785	76
3257	3889
1001	3175
1043	375
3504	375
375	912
375	1091
375	2532
1078	3425
384	3074
2731	1286
1031	1689
1286	44
1286	2609
1286	4496
1286	1397
3573	2517
3573	4616
1689	4491
705	1636
705	2038
66	67
66	1175
66	1971
66	3278
66	3248
113	1525
2358	2097
1147	1524
1147	3657
4112	3192
599	4356
599	791
913	782
3175	460
3175	2604
1740	1430
268	2631
268	1748
2631	1183
1671	1183
1183	3425
2858	2021
242	3060
4356	3192
4356	791
4356	3
4099	1839
4099	3794
4099	3663
3192	791
3192	3
3192	3561
4657	1310
2293	752
3132	146
1015	281
3145	3247
5	3328
1852	3662
921	3662
69	1502
69	2702
76	2987
70	1707
148	4092
162	967
236	1335
279	398
310	2038
360	2776
371	3278
460	2303
460	4327
468	507
480	3401
507	3906
507	3527
519	4403
587	3094
594	1196
608	3134
630	997
726	4638
735	3247
825	3425
829	2434
931	1120
958	2051
978	4310
997	3565
1047	1777
1155	4025
1175	4265
1266	2193
1266	3425
1318	2609
1329	2356
1402	3147
1409	4301
1418	4569
1446	3870
1502	2051
1502	2681
1502	2702
1502	2877
1599	2817
1612	3794
1612	4394
1612	3821
1612	1397
1612	3663
1612	3247
1616	3496
1674	4403
1717	3652
1756	2921
1854	1943
1927	2770
1947	2131
1947	3853
2021	3794
2021	4510
2051	2126
2051	3915
2051	313
2059	3738
2100	3212
2100	3665
3794	3821
3794	1397
3794	3663
3794	3247
2126	2844
2126	3423
2180	3884
2229	2968
2411	3492
2505	1943
2642	3209
2614	3657
2633	3328
2686	3662
2781	3425
2790	3061
3556	3425
3425	3089
3425	3262
3425	3511
3425	4536
2922	1943
2970	3662
3061	3527
3063	1943
3100	3662
3221	3094
3278	3906
3451	1452
3662	4033
3680	3826
3680	4403
3748	4244
3889	4004
3938	4265
4150	3423
724	4234
4349	4622
4510	1397
4510	1943
584	231
2401	231
3291	231
507	231
3154	3844
4374	3844
3734	3844
3296	3844
398	3699
2635	3699
2990	1970
937	137
3125	2896
3780	2896
2138	2655
1476	2655
4058	2655
2030	2526
1269	2526
1398	526
3664	526
3674	526
3427	526
2183	526
4302	526
1130	526
3697	526
522	526
2100	526
1943	526
1601	1239
3577	1239
1834	2976
4595	2976
3573	2976
3710	2976
2466	91
2493	91
4611	91
3737	3115
276	3115
2466	3115
2114	3115
3734	45
2335	1398
3799	1398
2866	1398
1643	1398
1385	1398
430	1398
719	1398
4506	1398
1948	1398
4127	1398
3023	1398
4302	1398
3697	1398
1901	1398
2217	1398
1718	1398
3145	1398
2071	1075
396	1075
4512	1075
3104	1075
1392	1075
865	1075
900	1075
2574	1075
1325	1075
4023	1075
227	1075
1221	1075
374	1075
856	1075
326	1075
1547	1075
3175	2897
4612	4132
2764	4132
4450	4132
511	4132
4571	4132
4596	4132
3296	4132
931	4132
3591	4132
4593	4132
4594	4132
206	1822
4595	1822
102	1638
2493	1638
4253	1638
4664	3974
1432	3974
49	3974
3687	3974
334	3974
4258	3974
1466	3974
4070	3974
569	3974
1314	1655
2466	1655
3780	1655
1110	285
3379	285
3674	2524
206	2524
574	2524
4590	472
3708	472
4099	3051
4003	3392
4003	3555
1380	1215
3412	1215
145	793
2023	793
4506	793
4087	1412
2573	2958
1530	2958
696	2958
4185	2174
3595	2174
3289	2174
1063	2174
4185	679
2366	679
102	679
1790	679
4392	679
1063	679
3734	679
2489	3704
1288	1514
1193	4494
1613	4494
2039	4494
3502	4494
982	4494
482	4494
1156	4494
4533	4494
304	4494
4678	4494
2051	4494
313	4494
249	364
1269	364
3690	4080
2837	1478
2872	1407
2913	337
250	337
1800	337
1033	337
3971	1581
4611	1581
66	4625
2186	4664
1315	4664
1983	4664
2274	4664
1121	4664
1031	4664
2458	450
2973	546
4216	546
2952	546
2071	546
1441	546
1643	546
4216	2973
2952	2973
2071	2973
1441	2973
1643	2973
4011	2973
1692	2973
2952	4216
2071	4216
1441	4216
1643	4216
2071	2952
3312	2952
3724	2952
4433	3461
1732	3461
3380	3461
3154	3461
3101	3461
4374	3461
1121	3461
3296	3461
1399	3461
3855	2076
4177	2076
3475	2076
3955	2442
4512	2442
2963	2442
2886	2442
1000	2442
4523	2671
3002	2671
3577	2671
4540	2671
3734	2671
3002	4523
4645	4523
3824	4523
458	4523
4392	4523
3023	4523
3921	4523
3139	4523
1952	4523
4544	4523
4173	4523
2572	4523
162	4523
1403	3955
1452	3955
2030	3664
2866	3664
847	3664
1764	3664
4326	3664
2634	3664
852	3664
903	3664
4303	3664
164	3664
3611	3664
2413	3664
42	3664
1943	3664
206	287
3688	287
706	287
2575	2160
3880	2160
356	2160
3880	2575
356	2575
3427	2575
776	2575
465	1543
1647	1543
2727	1543
1872	1543
3315	1543
356	3880
2030	3880
718	3880
1620	3880
3427	356
3299	356
1221	356
1984	356
3061	356
3621	356
3431	1940
1948	1940
3212	499
4611	649
1692	649
553	2341
3734	1944
3780	1944
3039	1260
3378	3319
2680	3319
3257	3319
885	3319
553	862
3378	862
2259	1018
2278	824
3477	824
1434	824
2458	824
1282	824
2401	824
1058	824
1499	824
4500	824
3425	824
1712	1615
326	2049
1385	2335
172	2335
896	2335
842	2335
726	2939
3592	4679
1231	805
1539	805
2620	805
875	805
2803	805
61	3431
1772	3431
62	3431
3824	3431
458	3431
4070	3431
4297	3431
4121	3431
2334	3431
4400	3431
2451	3431
1888	3431
534	3599
413	3599
856	1732
744	2606
3101	2606
3154	607
3456	607
3170	4598
2124	4598
652	4598
1600	4568
1745	4568
900	4568
1600	4669
1863	4669
3657	4669
1600	3208
749	3208
1745	3208
770	3208
1966	3208
3104	3208
1279	3208
3728	3208
1948	3208
865	3208
2301	3208
1749	3208
2318	3208
900	3208
4154	3208
2363	3208
1092	3208
30	3208
4651	3208
3660	3208
2299	3208
4414	3208
164	3208
3296	3208
962	3208
921	3208
460	3208
2604	3208
2865	3208
3436	3208
3492	3208
4159	3208
4443	3208
1607	1432
2945	1432
2551	1432
1338	1432
161	1432
2020	1432
574	1432
460	1432
3292	1432
2299	629
3209	629
1836	3017
2030	3855
3379	3855
63	3760
1396	3760
3306	1019
4381	1019
2578	1019
0	1019
4548	3306
2578	3306
0	3306
1241	4548
2668	4548
4595	4548
4520	194
584	194
2493	194
574	194
3291	194
1130	194
3425	194
0	4381
1286	4381
3556	4381
0	2578
930	3790
1414	4089
4678	4089
4595	4089
1562	3968
3597	3968
110	3968
3425	3968
1193	2219
2935	1840
249	1840
2582	1840
875	4135
2112	766
249	766
2557	2106
206	2106
2060	2557
1221	2557
3799	2348
4384	2348
4429	2348
3427	2348
3573	2348
1269	50
4304	2295
493	2295
238	3304
375	3304
1091	3304
2767	4182
2764	1885
718	1885
569	1885
574	1885
4414	432
2910	432
553	2509
979	2509
1049	2509
803	1353
2235	1353
3077	1353
745	1353
733	1353
753	1353
1550	1353
3734	1353
1901	1353
108	1353
1429	1353
2131	1353
3623	803
117	803
745	803
451	803
3818	803
733	803
16	803
1831	803
1653	803
1901	803
4090	4487
458	4487
504	4487
3101	2460
719	156
3154	1451
3734	1451
430	3799
3427	3799
4127	3799
4651	3799
2842	3799
3328	3799
3120	2235
430	2235
3427	2235
4127	2235
2630	2235
3235	2235
1901	145
360	145
1335	145
2482	145
3328	145
174	4490
4040	3623
2458	2837
650	2837
2844	2837
652	2887
2035	2887
58	2887
2580	2887
476	721
2366	4384
3222	4384
4657	4384
3077	4046
2281	4046
691	4046
1246	61
1314	61
877	61
3845	61
1984	61
1335	61
3398	61
1888	61
4227	3356
1314	1384
424	1384
290	1384
3027	1384
3063	1384
4520	2640
430	2640
4394	2640
2512	422
4618	422
1836	422
2188	422
4595	422
3379	3159
1901	3159
2633	3159
413	1684
967	1684
4515	1684
4429	3549
2569	2030
4404	2030
2212	2030
3971	2030
1436	2030
1629	2030
3807	2030
3251	2030
1157	2030
3119	2030
2402	2030
1380	2030
2256	2030
2767	2030
3427	2030
3243	2030
2363	2030
4240	2030
1490	2030
647	2030
3312	2030
2424	2030
1486	2030
4436	2030
489	2030
1126	2030
4414	2030
4365	2030
1050	2030
712	2030
2981	2030
2232	2030
1631	2030
656	2030
677	2030
1373	2030
1743	2030
1927	2030
2769	2030
2869	2030
2922	2030
2960	2030
3662	2030
4510	2030
2703	2030
323	3321
4546	3321
1259	1762
2140	1762
4584	1762
3895	1762
1071	1389
2052	1193
3539	1193
1887	1193
488	1193
1400	1193
4379	1193
2275	1193
452	1193
2363	1193
249	1193
482	1193
2687	1193
4499	1193
66	1193
507	1193
1502	1193
2051	1193
2137	2569
2177	2569
409	2137
329	2137
438	2137
260	2137
395	2137
1171	4404
3154	4404
1764	4404
2634	4404
3519	4404
3734	4404
3296	4404
1373	4404
3374	3280
1605	3280
910	3280
2886	3280
3734	3280
2342	3554
4064	3554
3417	2485
2638	2485
3055	3007
34	3007
3560	3007
2297	3007
458	3007
3823	3007
550	3007
3379	3007
504	3007
2188	3007
1221	3007
3734	3007
1500	3007
2471	4485
570	4485
982	1797
580	1797
4595	2729
847	2573
396	2573
2764	2573
1555	2573
172	2573
896	2573
2164	2573
2609	2573
1271	3374
2523	3374
2764	653
578	653
1607	2489
3832	2489
3023	2489
326	2489
2642	2489
3425	2489
1607	872
3832	872
3023	872
754	872
574	872
4205	872
825	872
2023	465
3125	465
1380	465
206	465
718	465
3184	3040
3680	3040
3125	2023
3486	2023
4505	2023
1967	2023
1966	2023
1981	2023
1647	2023
3289	2023
3647	2023
1511	2023
1403	2023
271	2023
718	2023
2989	2023
3432	2023
2609	2023
1729	63
2074	63
3296	63
1441	2071
4618	2071
1643	2071
1171	2071
3234	2071
4414	2071
3668	3120
3444	3120
3882	3120
271	3120
574	3120
138	3120
348	3120
1643	1441
2867	1441
3529	4015
3101	4015
1027	4015
2466	4015
3173	4015
1921	4015
1550	4015
2444	4015
3296	4015
1500	4015
825	4015
3212	4015
3423	4015
3663	4015
645	771
4011	771
3773	771
979	771
2674	857
4047	857
1300	3125
718	3125
1044	3125
3073	3125
30	1009
2642	1009
4090	3091
99	3091
1170	3091
1614	3091
1530	530
553	645
4520	645
4090	645
2951	645
4011	645
2948	645
3170	645
1724	645
3635	645
1190	645
544	645
835	645
4071	645
2934	645
979	645
398	645
2382	645
1650	645
4289	1607
3427	1607
647	1607
687	1607
2632	1607
3175	1607
162	1607
3708	1607
1023	1607
3328	1607
99	2419
2827	2419
3792	2419
2034	2419
2680	2419
878	2419
770	553
1168	553
3140	553
99	553
1578	553
1724	553
2596	553
3679	553
4047	553
267	553
3184	553
479	553
500	553
3891	553
507	187
3354	1562
34	1562
550	1562
652	1562
1619	1562
138	1562
1288	1562
4376	1251
2138	1340
1476	1340
4058	1340
4269	1340
366	1340
4258	1340
4188	1340
3533	392
3077	392
2366	392
814	392
125	392
2175	392
1269	392
2299	392
4025	4329
2194	918
250	918
3039	1224
3502	1224
4379	1224
982	1224
3456	1224
4533	1224
3105	1224
949	1224
958	1224
2051	1224
1971	3737
2039	193
1930	2052
1887	2052
488	2052
1897	2052
452	2052
2666	2052
2363	2052
249	2052
2687	2052
949	2052
3354	3486
2529	3486
1396	4289
3859	4505
3101	749
2634	467
2302	467
4509	467
1288	4535
1476	2138
4058	2138
1772	2138
3560	2138
172	2138
81	2138
3824	2138
2554	2138
4392	2138
1738	2138
900	2138
3299	2138
3023	2138
1646	2138
2334	2138
692	2138
1550	2138
1619	2138
1986	2138
4544	2138
2633	2138
4403	2138
1023	2138
4058	1476
692	1476
1550	1476
1619	1476
3658	1476
1654	4058
1434	4058
1295	4058
4392	4058
1738	4058
4297	4058
4500	4058
1619	4058
1221	4058
1288	4058
1060	4058
1877	4058
4618	275
663	275
3036	275
3487	275
4520	275
4090	275
1171	275
2934	275
2813	275
66	275
4334	275
4227	4618
1027	4618
2779	4618
2413	4618
1959	4618
1300	663
4414	663
3524	2964
430	2964
365	2964
2476	2964
1213	2964
30	2964
3284	2964
1379	2964
4603	2964
1050	2964
2642	2964
3379	1624
4347	1624
4358	3487
2389	3487
4347	3487
979	3487
4358	4520
1168	4520
2389	4520
979	4520
1901	4520
2389	37
2281	37
2842	37
3641	37
4334	37
1510	3354
2389	3354
1314	3354
276	3354
14	3354
570	3354
206	3354
1282	3354
3296	3354
522	3354
113	3354
1705	3354
3425	3354
4543	3354
2660	1427
2716	3217
2104	3217
2989	3217
1871	3217
4273	3217
4645	2716
4306	3762
314	3762
4090	2866
1644	2866
2919	2866
3697	2866
3296	2866
1599	2866
2458	168
1221	168
3379	119
4571	119
3296	119
2942	119
2642	119
3337	3912
2834	3912
3690	3847
4101	1414
488	1414
1810	1414
1300	1414
2901	1414
958	1414
2316	1414
488	2563
2435	2563
3690	1930
3539	1930
1887	1930
488	1930
4379	1930
1897	1930
1889	1930
2275	1930
2363	1930
249	1930
1951	1930
1300	1930
2630	1930
2687	1930
4391	1930
4643	1930
65	1930
69	1930
507	1930
1502	1930
2051	1930
3915	1930
4310	1930
313	1930
2872	2740
592	1605
1622	1605
66	2194
1907	2194
592	1974
881	2707
2074	2527
1282	2527
2493	2527
113	2527
3425	2527
2195	847
4269	847
3961	847
2245	847
696	847
3315	847
4500	847
1269	847
247	847
1121	847
4248	847
3780	847
3296	847
3710	847
2126	3873
2180	3873
3732	3873
1613	3690
2039	3690
2026	3690
1234	3690
249	3690
323	4107
3472	1834
744	1834
4024	1834
3220	1834
2871	1834
1252	1834
4011	1834
3716	1834
1110	1834
4145	1834
4166	1834
3334	1834
2620	1834
3379	1834
875	1834
1594	1834
1749	1834
1799	1834
2992	1834
2600	1834
2546	1834
105	1834
1592	1834
1221	1834
1537	1834
4411	1834
3250	1834
357	1834
901	1834
1204	1834
1576	1834
2486	1834
2505	1834
3436	1834
2161	1834
1781	523
4227	523
3104	523
1981	523
1068	523
4392	523
4240	523
709	523
3315	523
1597	523
1369	523
2060	523
2751	523
608	523
2628	523
3328	523
102	2212
3312	2212
3131	2212
3734	2212
2027	2212
3132	2212
3170	3380
3577	3380
3801	3380
3175	3380
711	868
2786	868
3154	920
1579	920
3734	920
979	3417
421	2674
3595	2674
1063	2674
574	2674
3708	3472
2828	409
3101	2079
3758	3199
267	3199
3734	1725
4379	3539
413	3539
1526	3539
4062	3539
66	3539
1674	2639
1434	4060
4011	1661
835	1661
3109	1661
982	1167
413	1167
580	1167
249	1167
1951	1167
2901	1167
4269	3524
4128	3524
1488	3524
570	3524
2424	3524
3284	3524
1227	3524
2989	3524
1379	3524
4666	3524
289	3524
4335	3524
2942	3524
3619	3971
821	3971
4374	3971
3312	3971
4292	3971
3734	3971
962	3971
885	3971
2029	3971
1452	3971
1484	1098
30	1560
2208	4369
30	704
4666	704
2642	704
3211	704
3850	1483
1221	1483
3101	2474
2016	2474
3086	4056
4595	4056
2401	1781
2164	1781
3734	1781
3296	1781
1525	1781
1745	744
1510	744
1496	744
881	744
4229	3300
967	1410
267	2265
4536	2558
4064	3829
1510	1745
4565	1745
3577	1745
3139	1745
1524	1745
3209	1745
2668	2904
3379	414
2190	4612
2190	1729
3895	1729
1033	1729
4354	1729
267	1729
2614	1729
3209	1729
4167	770
99	770
102	4410
504	2074
1261	2074
1952	2074
1710	2683
1380	4169
1579	4169
1871	4169
2366	4024
102	4024
3222	4024
1295	4024
1323	4024
2458	4024
1598	4024
3379	4024
3101	4469
4303	4469
1349	4469
4346	4469
1173	1320
1496	1320
3910	1320
875	4185
3101	329
1981	3522
1504	4213
139	4090
3824	4090
2704	4090
99	4090
1170	4090
4481	4090
1540	4090
979	4090
1986	4090
963	4090
1984	4090
4544	4090
2358	4090
162	4090
1157	557
786	1938
4537	1938
2161	1938
93	4358
3734	4358
2005	4358
3296	4358
1452	4358
504	2975
534	4528
1790	4528
2998	3931
2808	3931
4017	3931
489	3931
1731	3931
4031	3931
1814	3931
4087	3931
3734	3931
2783	1039
4540	2734
4284	2734
4121	2734
1601	2118
3101	2118
3734	2343
3560	396
719	4667
962	4667
4244	4667
2938	938
413	938
4590	938
4432	938
1907	938
44	24
4431	24
3481	4227
321	4227
1962	4227
1579	4227
1987	4227
3862	4227
1627	4227
1698	4227
2312	4227
2681	4227
3143	4227
4273	4227
3808	3550
1173	3550
1952	3550
2170	3550
1058	3550
574	714
1965	312
2406	1510
2680	1510
1183	1510
1489	1510
4011	335
2487	1168
14	1168
2183	1168
2466	1168
584	1168
3291	1168
522	1168
3425	1168
1121	1074
1121	80
3734	80
1258	80
4373	80
3477	49
1293	49
257	49
3577	49
856	3052
452	2525
3573	3220
3516	1926
3379	1926
2469	4101
1897	4101
1951	4101
549	3228
2129	1436
3403	1436
875	121
3951	121
997	121
2632	4
3296	4
4409	757
3822	757
3696	757
2688	757
2181	757
2530	757
2493	4142
3816	4142
233	4142
2530	2602
4386	1818
3581	1818
2089	1818
2541	1818
3581	4386
2089	4386
2089	3581
3137	3581
458	3015
4326	3015
504	3015
1228	3015
1269	1123
2039	1613
56	1613
2026	1613
1887	1613
488	1613
3502	1613
722	1613
2363	1613
249	1613
1156	1613
4665	1613
2192	1613
692	1613
2687	1613
949	1613
705	1613
1502	1613
2051	1613
1400	2938
4055	2938
1156	2938
44	2938
4446	2938
313	760
458	1772
504	1772
3573	1772
2963	669
4117	669
4506	2857
1004	1385
3675	1385
4595	2112
488	2039
2271	2039
1157	2039
249	2039
2556	3065
2681	3065
206	4345
4651	4345
4343	4345
3780	4345
1839	4345
661	3807
3105	2917
2169	2917
2901	2917
3502	1469
4614	3251
3105	3251
426	3251
608	3251
2271	2092
3456	2092
4086	2092
1887	2026
488	2026
534	2026
1897	2026
68	2026
2861	1505
249	1505
3502	1887
4379	1887
982	1887
462	1887
1889	1887
2872	1887
482	1887
1156	1887
1951	1887
4533	1887
4643	1887
66	1887
2051	1887
2844	1887
313	1887
569	1007
366	3928
569	3928
1789	1733
814	1733
2846	2454
992	2454
2956	2454
1863	2454
2124	2454
1952	2454
652	2454
3253	2454
4595	2454
1806	2454
1081	2454
3128	3055
4269	3055
1614	3055
3023	3055
2803	3055
2582	3055
2879	3055
2358	3055
1266	3055
3278	3055
1831	2117
3104	3529
4011	3529
4005	3529
2891	3529
574	3529
2048	3529
3296	3529
574	1431
458	673
3382	3687
2685	3687
1652	3687
3477	3687
2909	3687
3173	3687
768	3687
102	2389
1033	2389
3734	2389
3573	2389
1155	2389
3104	3382
2410	3382
646	3382
3027	3382
3058	3369
661	196
3154	3178
4450	3178
3734	3178
3296	3178
1295	2387
3734	4576
249	1247
1302	1247
3502	488
4379	488
982	488
1810	488
2435	488
1889	488
413	488
580	488
2872	488
1506	488
2363	488
1156	488
934	488
2733	488
4533	488
2257	488
949	488
4643	488
958	488
2051	488
313	488
2368	3589
3067	3589
110	3589
3058	3589
3212	3589
334	1400
4379	1400
3945	1400
3337	1400
2363	1400
4643	1400
313	1400
2703	1400
3379	1961
4595	1961
3296	1961
81	3643
1577	3643
3378	3643
3379	171
1138	2213
507	2213
2946	812
1323	812
260	812
903	812
3296	812
3154	1874
3734	1874
3296	1874
2731	1874
3425	1874
3366	3039
66	3039
1399	3039
1119	2741
279	4313
1601	4316
571	2867
4595	4027
1579	1016
1720	1016
1163	334
1293	334
1778	334
3315	4525
4651	4525
3561	4525
1231	34
550	34
4297	34
3425	34
3061	34
3212	34
4539	430
4506	430
1889	430
3379	430
16	430
1300	430
2820	430
3291	430
2761	430
1269	4631
58	836
2229	836
3889	836
3734	1654
982	2941
2271	2941
200	4167
1314	4167
3077	4167
1520	4167
3951	4167
2366	3530
4025	179
3285	180
1269	180
3285	4512
1499	4512
1325	4512
1221	4512
1739	4512
374	4512
4354	4512
4595	4512
1547	4512
982	2774
249	2774
1502	2774
205	2774
4379	3502
982	3502
2363	3502
249	3502
2568	3502
2901	3502
1169	3502
2687	3502
4499	3502
4643	3502
1612	3502
2051	3502
2844	3502
1468	1382
2354	2251
834	421
3295	421
3734	421
3787	421
1023	421
4297	3639
4595	3639
1409	2367
2764	3104
1601	3104
3796	3104
2727	3104
2208	3104
4374	3104
1222	3104
4312	3104
1882	3104
4414	3104
1050	3104
3184	3104
1183	3104
1674	3104
1282	1422
2918	1422
578	1422
3477	937
4662	937
206	937
4260	937
3198	937
1920	2764
3796	2764
2366	2764
1323	2764
3361	2764
1556	2764
2778	2764
104	2764
3542	2764
578	2764
4176	2764
4064	2764
2444	2764
2455	2764
1183	2764
3	2764
3544	2764
3754	4378
4614	719
661	719
1300	719
1612	719
2665	719
206	4125
1157	1176
3069	1176
2366	4308
3734	52
3379	1315
2466	1315
1366	1315
3166	1315
4099	1315
1397	1315
3247	1315
2345	4294
1577	4294
3661	4294
3773	4294
885	4294
3708	4294
1929	4294
66	2469
146	2469
702	3533
1556	3533
875	3533
1547	3533
1943	3533
3337	694
66	694
2633	1981
3328	1981
3442	442
3379	442
718	442
1634	442
1726	3707
1716	3707
885	3707
1716	3314
3027	3314
2963	2210
3145	2210
1246	200
1314	200
1314	1246
3077	1246
2634	1246
3379	2945
2410	534
249	534
4533	534
3580	1314
1428	1314
3077	1314
2297	1314
2634	1314
2302	1314
2612	1314
1738	1314
1546	1314
2746	1314
39	1314
3081	1314
877	1314
753	1314
2719	1314
3215	1314
3978	1314
2444	1314
2580	1314
4168	1314
1418	1314
2018	1314
4203	1314
4265	1314
3094	1314
4234	1314
4347	3580
1066	3580
2620	702
875	702
3379	1292
875	1292
3734	1292
1902	1292
2294	1304
3813	1304
3953	1378
3734	1378
1060	1378
594	1378
781	1378
4128	1119
249	1119
3175	1119
2895	1919
696	1555
687	1555
982	4379
2319	4379
2275	4379
2363	4379
249	4379
661	4379
304	4379
2901	4379
2687	4379
949	4379
69	4379
1411	4379
1502	4379
2051	4379
2877	4379
3915	4379
313	4379
992	982
1897	982
3566	982
1889	982
2363	982
249	982
482	982
934	982
1951	982
1504	982
2733	982
4533	982
1269	982
2568	982
2687	982
949	982
17	982
1502	982
2051	982
3915	982
313	982
3427	2685
1408	2588
3023	4026
1519	802
1496	802
1627	802
1627	1350
1371	4366
2189	4366
4651	1679
375	811
3154	4172
4160	4172
1209	4172
3519	4172
691	4172
3077	1428
1936	1428
4064	1428
921	1428
1266	1428
1525	1428
3090	3077
4500	1789
1619	1789
1821	1789
278	1601
62	1601
2840	1601
4362	1601
2204	1601
4463	1601
1269	1601
4279	1601
5	1601
1852	1601
921	1601
4277	1601
1943	1601
1157	2271
1810	2271
3958	2271
1751	2271
2895	2271
1221	2271
1631	2271
608	2271
2126	2271
2350	2271
1751	1157
276	1647
1910	1647
1282	1647
4611	1647
4040	1647
2632	1647
3296	1647
1850	3481
1943	3481
1043	2304
3504	2304
1267	1388
1295	2359
986	4539
3641	3075
1900	97
2297	3560
1738	3560
2803	3560
3734	3560
1986	3560
3296	3560
4544	3560
3212	3560
550	2297
2746	2297
3832	2297
39	2297
504	2297
877	2297
3094	2297
3564	3808
1221	3808
493	509
1110	4165
2471	4165
647	4165
3023	4165
1982	4165
2366	549
3222	549
1121	549
2879	549
1027	4417
896	172
696	172
2398	172
1094	172
522	172
3097	1810
4057	87
4248	87
407	87
2404	87
4248	4057
407	4057
2404	4057
3291	2551
2909	433
1692	433
3986	369
1269	1134
3734	1134
3734	1248
3033	3233
3997	3233
532	462
81	462
3378	462
3101	462
2005	462
532	533
3378	532
3101	532
522	532
1232	1244
584	1244
3444	1244
3538	1244
2255	1244
584	1252
2401	1252
3291	1252
3961	2195
2766	2195
247	2195
3295	834
1190	834
652	834
3734	834
1556	2345
4665	2345
1403	2345
1121	2345
1169	3033
3665	3033
574	4230
1550	4230
1380	4003
1556	4003
2620	4003
3379	4003
1496	4003
999	4003
1171	4011
3619	4011
2956	4011
2354	4011
4350	4011
2854	4011
4284	4011
1952	4011
4225	4011
979	4011
267	4011
2858	4011
1509	4011
2422	4011
4269	3367
3619	2948
979	2948
1282	3477
2659	3477
4071	3477
3166	3477
4047	3477
2104	1520
2458	4269
4671	4269
1696	4269
3284	4269
1646	4269
247	4269
1536	4269
2107	4269
2487	2846
3379	2846
1749	2846
4047	2846
2097	2846
3641	2846
2736	2846
2766	3961
247	3961
687	82
3951	82
504	82
696	896
3951	896
2164	896
407	896
366	81
4258	81
1644	81
2779	81
3414	81
3951	81
4188	81
4540	81
4673	81
4121	81
1705	81
3710	81
249	1234
1300	1234
1269	1456
3261	3833
507	3833
1502	3353
3984	992
2891	992
2719	992
1269	992
110	992
4678	2432
2051	2432
3527	2432
206	1171
1033	1171
3556	1171
3379	2270
3661	3716
3734	1255
4429	3619
14	3619
1130	3619
3425	3619
3379	591
3905	3006
570	2381
1279	2913
1627	2913
3209	2913
1269	4175
3379	2089
3456	2314
3439	2314
3235	2314
206	139
4611	139
3780	139
2888	139
584	3426
3688	3426
3425	3426
3154	2108
1594	2108
3734	2108
3212	2108
3212	3289
2355	2514
3444	2514
1221	2514
885	2514
2886	2336
2547	250
1269	250
1910	822
4671	3674
3635	3674
1289	3674
4657	3674
2366	4115
3456	3958
2363	3958
700	3958
1426	2946
366	1426
3162	2006
3734	3728
4544	3728
2808	4506
3296	4506
3668	280
3444	280
1529	3970
3444	3970
1138	1999
4595	1999
1293	2129
869	2129
1369	2129
3582	2129
4611	4580
2353	4353
3465	4151
4374	4151
3734	4151
4017	3796
1731	3796
2733	232
4595	232
1237	2245
1325	2245
1984	2245
424	4425
4258	366
1565	366
2998	366
3414	366
4611	366
3163	366
2750	366
1442	366
1565	4258
3154	4258
1050	2476
3109	2476
264	1565
1221	3140
2458	3764
260	3764
3663	3764
3379	3564
1594	3564
1749	3564
962	3564
2865	3564
4624	3564
2779	1644
1325	1644
2620	4415
3379	4415
1594	4415
1749	4415
2620	1293
3379	1293
875	1293
1594	1293
1749	1293
57	1293
1282	1293
578	1293
2632	1293
3250	1293
3837	3154
2227	3154
2779	3154
1209	3154
2620	3154
3379	3154
3144	3154
875	3154
1594	3154
1749	3154
57	3154
1490	3154
1222	3154
581	3154
3577	3154
4546	3154
1597	3154
247	3154
4414	3154
3734	3154
1771	3154
1001	3154
3250	3154
1489	454
3451	454
102	1595
3222	1595
1295	1595
2458	1595
1300	1595
4392	62
164	62
1984	62
3296	62
1888	62
2486	2697
3951	2840
2196	2840
267	2840
375	1791
30	3146
3680	1064
2242	568
2720	1138
1221	1138
1824	1231
1446	4645
458	3824
1027	3824
1156	3824
4611	3824
2189	3824
3212	3824
1614	458
4416	458
4636	458
658	458
550	458
504	458
1081	458
2358	458
3198	458
2786	458
1221	4362
3379	1897
3568	1897
873	3776
3296	3776
1300	2319
2681	2319
2188	3566
276	1110
2100	3837
2680	4128
1646	4128
3253	4128
2711	3672
2808	2495
718	2495
3662	2495
3101	1530
3209	1530
3519	2062
99	4180
993	4180
1027	1416
4544	1416
2301	2727
2679	2727
1712	2727
3879	2727
1286	2727
3101	2711
1712	2711
3101	2884
1512	1380
2668	1114
4595	451
3734	1764
251	1764
1698	1764
3571	1434
3573	1434
3207	1434
4544	1539
102	2366
3222	2366
1295	2366
1323	2366
2458	2366
4145	2366
2148	2366
482	2366
2553	2366
1190	2366
4436	2366
340	2366
1619	2366
3166	2366
4335	2366
1226	2366
3803	2366
3222	102
1295	102
1323	102
2458	102
2148	102
3543	102
4177	102
2164	102
3813	102
2989	102
4556	102
4354	102
58	102
3986	102
1604	102
3521	102
1295	3222
1323	3222
2458	3222
3543	3222
1092	3222
4662	3222
4103	3222
1227	3222
251	3222
1323	1295
2458	1295
1027	1295
3661	1295
570	1295
943	1295
1227	1295
2989	1295
1379	1295
407	1295
4197	1295
2730	1295
792	1295
267	1295
3573	1295
3184	1295
2852	1295
2458	1323
2148	1323
2140	1323
3543	1323
4662	1323
206	1323
4540	1323
4436	1323
2918	1323
2989	1323
2730	1323
628	1323
1828	1323
1902	1323
2337	1323
3893	2458
3896	2458
900	2458
3543	2458
1092	2458
4662	2458
206	2458
4225	2458
1484	2458
3215	2458
3935	2458
4087	2458
1227	2458
2989	2458
4260	2458
199	2458
4544	2458
1536	2458
1552	2458
1959	2458
3984	4326
206	4326
4434	4326
1221	3597
3425	3597
3889	3893
4159	3893
1771	3361
2294	1528
1369	1528
3756	2294
3773	2294
3773	2281
574	2590
4571	2590
3413	2590
1496	737
4121	737
1269	737
249	1889
2687	1889
1047	1889
3915	1889
249	413
934	413
2687	413
1502	413
1738	2166
3951	2166
2466	2166
3784	2166
4543	2166
1949	2998
2036	2998
2164	2998
2036	1949
2164	1949
249	2694
249	580
1951	580
68	580
958	580
1318	580
1502	580
4229	3823
628	3823
885	3823
2189	3823
2547	4565
1749	4565
3543	4565
1269	4565
1221	3378
2937	3378
2005	3378
1170	99
267	99
4392	1614
1058	1614
2208	3722
276	2634
2487	2634
206	2634
2466	2634
4611	2634
519	2634
2208	4005
2493	4005
206	600
1269	1377
825	1377
1928	1377
1995	3170
979	3170
4589	3170
1418	4145
1033	2956
3270	2956
3577	1611
574	1611
348	1611
4540	276
4047	276
2565	3101
2529	3101
2692	3101
4303	3101
4546	3101
2882	3101
2488	3101
4002	3101
2035	3101
2060	3101
1221	3101
374	3101
2813	3101
2966	3101
2687	3101
962	3101
3691	3101
265	3101
325	3101
468	3101
476	3101
2316	3101
2337	3101
2505	3101
2556	3101
3027	3101
2650	3101
2844	3101
2954	3101
2970	3101
2971	3101
3071	3101
3073	3101
3565	3101
3603	3101
3947	3101
4097	3101
2208	3430
152	3430
1221	3430
374	3430
152	4582
374	4582
3379	321
1173	321
152	321
1325	321
1221	321
1739	321
374	321
4595	321
842	4412
2051	1751
1027	1872
3734	1872
1547	1872
3826	2565
1259	2208
1190	2208
4611	2208
3432	2208
4466	2208
4450	3804
260	3804
1942	4450
2620	4450
1222	4450
1023	4450
4665	4462
2192	4462
3667	3295
3734	3295
1027	2554
3443	2554
3212	2554
934	4192
2150	3756
1094	3756
3296	3756
3422	3756
2609	696
986	1488
2625	1488
1094	1488
1190	4429
1952	4429
2842	4429
3425	4429
267	3649
1948	1544
271	1544
1948	4671
3653	3465
1282	3465
374	2816
1417	2227
3688	2227
249	2872
934	2872
1880	2872
2394	2872
4198	1529
1027	243
1943	243
2984	4492
3577	2260
4032	2724
3411	4359
2983	2617
560	2190
376	2190
2990	1557
3515	1557
599	1557
2140	1259
4584	1259
3895	1259
4228	4166
3780	4166
4594	4246
2012	3976
3122	3976
2746	2612
900	2612
3832	2612
39	2612
877	2612
2580	2612
1500	2612
3094	2612
2234	2242
4595	2323
3895	1598
3235	1598
662	3509
3784	3509
1836	1513
1156	4590
650	4590
192	4590
4446	4590
1836	2696
1209	698
1221	698
1836	2748
1928	2748
2301	3123
974	3730
3364	3730
3224	3730
905	3730
1269	4147
1836	3482
2301	3482
4595	3482
1836	1714
1836	1085
1836	974
2301	974
2301	3364
574	3364
113	3364
1836	3510
538	2349
1836	3224
152	2056
1257	2056
1836	905
3173	1836
3773	1836
326	1836
4461	1836
4099	4304
1397	4304
3663	4304
2842	3818
164	2767
1943	2767
1785	3633
1349	662
1592	662
1932	323
4546	323
2766	323
4260	323
1221	3647
2625	2963
1213	2963
3282	2963
2574	2963
305	2963
4335	2963
1417	986
2620	986
3379	986
2804	986
3322	986
3144	986
875	986
1594	986
1749	986
2318	986
1665	986
842	986
1269	4629
3425	3558
4595	4396
1116	571
1696	571
3184	571
2660	1673
3242	1673
3774	1673
3573	2308
3282	260
2574	260
903	260
1379	260
908	260
570	2625
3282	2625
3163	2625
305	2625
4335	2625
1222	4374
1033	4374
3131	4374
4414	4374
3296	4374
113	4374
2434	4374
570	1027
3023	1027
2053	1027
2803	1027
4665	1027
1267	1027
3511	1027
3610	1027
4402	1027
1023	1027
1699	1948
4556	1948
152	3427
1300	3427
2232	3427
3145	3427
875	1556
1116	1556
2180	1556
570	4416
3023	4416
504	4416
2097	4416
3240	2779
852	2779
3444	2779
921	2779
331	2779
2642	2779
3963	2779
4434	2779
1023	2779
3235	3240
4595	3240
2368	852
544	852
1269	4639
962	4341
4391	1965
199	1965
2051	1965
249	2148
3061	2148
164	424
1470	865
84	865
420	865
1325	865
4023	865
227	865
1221	865
4595	865
326	865
1547	865
1081	865
493	865
2503	865
2424	3557
4611	3557
507	2983
2301	1417
3322	1417
1594	1417
3456	1417
1749	1417
3439	1417
3577	1417
3734	1628
3296	1628
2803	4481
1986	4481
2505	4481
3081	1997
4087	1997
3868	1997
1710	1997
844	2529
3784	2529
1369	2529
1533	2529
3027	2529
844	1726
1369	1726
842	1726
3951	4070
2803	4187
1986	4187
3212	4187
504	4636
2620	4392
875	4392
2803	4392
1986	4392
4544	4392
4273	4392
570	3896
2424	3896
2803	3896
1227	3896
4260	3896
4544	3896
3425	3896
504	658
4544	1202
1738	550
1785	550
504	550
3921	550
4544	550
3986	550
2803	1738
3734	1738
1986	1738
4544	1738
4635	1738
4234	1738
2261	1738
3379	4019
4584	2140
2909	2140
3895	2140
1023	2140
1325	4584
841	4584
326	4584
93	1063
3212	1063
1442	3414
1852	3729
2803	1546
1986	1546
1209	2301
3379	2301
1594	2301
1749	2301
2318	2301
3577	2301
850	2301
2719	1785
4496	3661
3144	1209
3734	1209
1204	1209
2161	1209
1190	14
584	14
2493	14
4611	14
3577	4306
1302	844
881	844
913	844
3379	2620
2610	2620
2804	2620
3322	2620
3144	2620
2471	2620
3577	2620
3734	2620
264	2620
3801	2620
2804	3379
3144	3379
57	3379
2318	3379
2471	3379
3312	3379
3577	3379
4021	3379
3023	3379
1696	3379
4194	3379
4665	3379
1665	3379
2169	3379
2546	3379
271	3379
1121	3379
2630	3379
1592	3379
3744	3379
3734	3379
2455	3379
1718	3379
885	3379
1015	3379
2942	3379
3250	3379
277	3379
284	3379
391	3379
901	3379
931	3379
1301	3379
1777	3379
2107	3379
2155	3379
2548	3379
2614	3379
2932	3379
3107	3379
3122	3379
3218	3379
3459	3379
3494	3379
4077	3379
3834	3379
3884	3379
4075	3379
4126	3379
4218	3379
4247	3379
4264	3379
875	2610
1594	2610
1749	2610
1540	2610
875	2804
1594	2804
1749	2804
3439	3322
875	3144
1594	3144
1749	3144
57	3144
1496	3144
1537	3144
3734	3144
2471	875
3519	875
4665	875
1269	875
3734	875
3662	875
1749	1594
2471	1594
3312	1594
3577	1594
3734	1594
3657	1594
2363	3456
3439	3456
3577	3456
1496	3456
1300	3456
1592	3456
3296	3456
958	3456
3134	3456
3568	3456
2471	1749
3577	1749
3444	1749
1592	1749
3734	1749
1050	1749
2614	1749
1537	57
3734	57
1147	2318
2614	2318
1540	2471
3496	2471
152	1578
374	1578
3611	1578
152	4653
374	4653
1301	2608
1506	1491
1269	4199
249	1506
612	1506
1302	1910
1429	2430
3792	2827
2034	2827
2034	3792
1302	72
722	2275
1632	2275
3261	2275
1540	2275
66	2275
1632	722
1951	722
3806	722
4595	3261
3851	1331
4595	1331
4126	1331
3027	1716
4161	1103
1094	1311
1550	1311
900	2746
3832	2746
39	2746
877	2746
3734	2746
1031	2746
1689	2746
2293	2746
3094	2746
3147	3243
1710	1381
3278	1381
1951	452
1190	452
3086	452
2051	452
1300	1799
544	2368
1300	2368
515	2368
3166	2368
1269	2992
4347	900
39	900
1496	900
652	900
3209	900
3094	900
3175	316
4347	3815
4347	640
842	640
4347	1991
4347	1250
717	1250
281	1250
2337	1250
3018	1250
4347	2150
717	2150
3018	2150
4347	4489
3734	1820
110	1724
3212	1724
44	4149
3679	3084
3734	814
3734	190
30	4055
3235	4055
1397	4055
3515	2990
544	2990
4112	2990
4356	2990
3192	2990
791	2990
3	2990
599	3515
4356	3515
3192	3515
791	3515
3	3515
2488	790
1130	2778
538	142
3423	142
3209	4154
736	2289
3773	2465
3086	104
1161	104
1720	104
3945	3366
3945	1579
3752	1579
910	1579
3752	3945
980	3945
1867	3945
2231	3945
4087	3945
2706	3945
910	3752
2236	1850
3542	1850
247	1850
3056	1850
921	1850
4320	1850
3491	980
1617	910
4312	2406
1941	2087
2114	2087
39	3832
877	3832
2580	3832
3094	3832
3697	4127
584	2666
1121	2598
842	624
2824	238
4347	3913
2363	3337
249	3337
3105	3337
1130	3337
4643	3337
3058	3337
3680	3337
1092	4347
1393	4347
2523	4347
3611	4347
3425	4347
249	2363
1156	2363
934	2363
949	2363
2051	2363
3425	2363
313	2363
1156	249
1589	249
612	249
1951	249
2202	249
4533	249
4678	249
2901	249
949	249
4643	249
66	249
405	249
507	249
958	249
1502	249
2316	249
2051	249
2681	249
2824	249
2844	249
3802	249
313	249
2982	412
304	1245
3984	1723
584	1723
1302	1723
4434	1723
4500	124
60	124
2229	124
2817	124
1680	3984
482	1465
2719	1465
691	1465
4451	1465
2719	4350
2702	4350
2844	482
3061	482
3105	1156
2687	1156
2844	1156
3569	1156
2733	934
958	934
3061	934
313	934
66	21
199	612
3734	1490
3734	3035
507	4229
3951	3299
1619	3299
4249	3299
300	3758
2600	3895
1221	3895
1071	3895
4064	3895
921	3895
300	377
300	31
2531	31
300	1677
1982	300
3660	3635
1033	3635
3425	3635
3663	3635
825	1617
4678	1951
2901	1951
4643	1951
17	1951
2178	1951
3708	3542
647	1995
687	1995
687	647
2124	647
4611	647
4436	647
4040	647
1787	647
1130	647
3175	647
4605	687
1453	687
3312	687
1763	687
1863	687
4540	687
4040	687
1787	687
1468	687
1130	687
3328	687
2005	786
2719	1066
4069	1066
584	1190
979	1190
1094	1190
1130	1190
398	1190
3423	1190
304	456
2274	4605
1453	4605
2101	4605
1468	4605
636	4605
4064	4605
3780	4605
1468	2274
4571	2274
3184	2274
3312	1453
2101	1453
4225	1453
1468	1453
3787	1453
1705	1453
1763	3312
3577	3312
2101	3312
1468	3312
1915	3312
3184	3312
1576	3312
4624	3312
504	1763
2101	1763
4225	1763
1468	1763
3780	1763
705	3806
2051	1504
2923	1504
519	4272
3734	1222
3296	1222
3571	570
2424	570
2919	570
2688	570
869	570
2918	570
1044	570
1379	570
3432	570
289	570
1500	570
3573	570
2836	570
1883	3571
2965	2808
2541	2808
30	2424
1712	2424
1379	2424
3978	2424
289	2424
520	2424
1901	2424
134	2424
856	1213
4500	909
2989	1713
289	1713
1712	3282
4666	3282
4662	1092
206	1092
2989	1092
1379	1092
289	1092
3773	2574
1379	2574
4666	2574
856	2574
4666	903
3284	30
3734	30
1050	30
2642	30
206	4662
2989	4662
1379	4662
4666	4662
4260	4662
289	4662
4047	4662
1852	4662
2334	206
1712	206
2989	206
1379	206
4666	206
2523	206
289	206
1984	206
267	206
1001	206
2731	206
589	206
1550	709
3954	1285
3444	1285
3954	135
3444	3954
1339	3954
2161	3954
4595	4297
3780	4297
1060	4297
4544	4297
3734	581
313	3719
4423	3577
1033	3577
1468	3577
1719	3577
2842	3577
2060	3577
1325	3577
3734	3577
3250	3577
2100	3577
3292	3577
1023	3577
1619	3951
3946	16
1547	16
877	39
3474	39
2580	39
4168	39
962	39
3094	39
3997	544
856	544
3320	544
782	1276
4544	4100
1369	3023
1182	504
1593	504
1468	504
2358	504
2643	504
3198	504
2786	504
2097	504
1828	504
4533	4432
3734	1883
2814	1883
3422	1883
4403	1883
4611	1511
3291	1511
519	1511
4611	344
3773	1439
1502	2202
2844	2202
942	622
1237	3315
1936	3315
3175	4303
1338	1173
2101	1173
1952	1173
2170	1173
4225	1173
1058	1173
652	1173
3226	1173
2680	1173
545	1173
1033	1173
1499	1173
1915	1173
1325	1173
1619	1173
4556	1173
2222	1173
962	1173
4413	1173
736	1349
2493	1349
3816	1349
233	1349
1033	1349
3201	1349
2153	2466
1403	2466
2632	2466
3511	2466
2222	1867
962	1867
3000	1338
1915	1338
2919	3784
1033	3784
1369	3784
3432	3784
515	3784
1183	3784
4540	1282
4148	1282
1033	1282
3734	1282
589	1282
3145	1282
4503	1282
4541	1282
3086	736
2153	584
2124	584
1033	584
1403	584
2632	584
2731	584
1183	584
661	3754
856	3754
161	3668
3744	3668
882	2464
979	2464
1712	2464
268	2464
1183	2464
979	882
268	882
1183	882
1396	4228
4225	1583
1094	1583
1550	1583
791	3067
3250	1519
2255	1519
979	2425
4651	648
3724	648
3296	4312
1912	3139
3734	2457
1121	3081
2922	3081
2580	877
4168	877
3094	877
2719	753
1094	753
1550	753
267	753
3679	4188
2679	4188
3851	4188
4611	4188
4121	4188
4543	4188
2153	2401
460	2401
825	2401
3816	2493
233	2493
3173	2493
3734	2493
233	3816
1419	3816
1033	3816
2918	3816
3511	3816
4595	96
1166	650
4588	650
3173	4651
1030	4651
1283	4651
2104	4651
4205	4651
126	4651
1448	4651
2114	4651
3328	4651
4099	3660
3673	107
4595	3959
1221	3444
267	3444
3320	3444
885	3444
4442	3444
856	1393
267	1393
3226	4124
1121	4177
4544	4177
4540	2854
4284	2854
2803	2854
1499	2854
4194	4546
2820	4546
3734	4546
856	4389
2530	1496
3603	1496
3710	1496
2966	3519
3862	1879
2164	1261
3291	1261
3296	1261
1058	2164
3291	2164
4595	2164
2114	3488
705	352
3175	4578
3773	152
1221	152
1739	152
520	152
1071	152
4354	152
3250	152
4540	2488
848	2488
4284	2488
290	2488
3679	2488
4611	2488
4670	2488
2530	2488
867	2488
351	2488
40	2488
73	2488
642	2488
878	2488
4284	4540
2053	4540
3679	4540
4611	4540
4544	4540
290	4284
3679	4284
4611	4284
4670	4284
2124	4148
290	4148
652	4148
4670	4148
856	4148
113	4148
290	2124
2053	2124
3679	2124
1806	2124
2679	290
3851	290
4611	290
652	290
4121	290
4611	3679
4121	3679
3851	2679
4611	2679
4673	2679
4670	2679
4121	2679
4611	3851
4673	3851
4121	3851
4673	4611
4670	4611
4121	4611
4556	4611
288	4611
1078	4611
1401	4611
3058	4611
4121	4673
1986	2803
4544	2803
3986	2803
1236	2803
1317	2803
3212	2803
4234	2803
1221	4002
3169	3526
3440	4076
4544	4421
3376	4421
1419	2101
4225	2101
1058	2101
2680	2101
545	2101
1033	2101
1499	2101
1468	2101
1302	2101
1221	2101
1423	2101
113	2101
4225	1419
1058	1419
2680	1419
545	1419
1033	1419
1499	1419
2249	1419
1423	1419
113	1419
2680	1952
1033	1952
1499	1952
636	1952
515	1952
3780	1952
2699	1952
2114	555
1058	4225
2680	4225
1033	4225
1130	4225
1423	4225
113	4225
2680	1058
1033	1058
1325	1058
3780	1058
1423	1058
3184	1058
1705	1058
4670	652
3773	652
374	652
856	652
2787	652
3797	652
4121	4670
1442	4121
842	4121
2754	3185
661	2555
4595	3666
3527	3666
545	2680
1033	2680
1499	2680
1423	2680
1033	545
1423	545
3826	545
1499	1033
1269	1033
4047	1033
1423	1033
113	1033
3556	1033
1325	1499
3780	1499
326	1499
1423	1499
113	1499
4000	711
3425	1985
1731	4017
1814	4017
1731	489
1814	489
3734	489
4031	1731
1814	1731
4087	1731
3734	1731
1814	4031
3734	4031
3341	1442
3131	1442
4248	1442
1221	1442
2719	3284
1379	3284
4666	3284
289	3284
325	3882
58	2530
1399	3541
1637	1778
3253	1646
227	1646
161	3960
608	902
4244	902
1300	700
3428	700
1540	4040
3734	943
979	835
718	4500
375	4500
405	4500
2687	2733
1300	850
1712	1030
3734	1597
2691	1237
3710	1237
2687	4533
949	4533
4595	3538
3026	3538
4343	661
2879	661
399	661
958	661
1604	661
1612	661
1890	661
4261	661
4264	661
1619	125
4077	125
3471	4194
4478	4194
4047	2659
3475	2020
507	2020
785	1217
1367	1468
1705	2334
1888	2334
71	1302
2097	1302
4595	3574
199	2682
1130	2859
199	2859
3697	2196
1550	2719
1637	2999
2844	3871
3086	1109
4086	1109
3086	3813
298	3813
399	3813
2171	3086
1665	3086
2895	3086
873	3086
4086	3086
1397	3086
3774	3086
2192	4665
692	4665
2895	4665
2016	4665
692	2192
2895	2192
1366	3800
1712	3225
1612	1366
3794	1366
1397	1366
1620	1403
3734	1403
3296	1403
3105	304
3296	304
1300	3105
2730	3105
705	3105
2660	3105
44	3105
28	1665
164	1665
4556	1665
4498	1665
3475	1665
2016	2895
2568	2895
873	2895
825	1540
2989	3215
1269	2169
3826	2169
10	1269
58	1269
4499	1269
4544	1269
1536	1269
1396	1269
1671	1269
301	1269
362	1269
808	1269
958	1269
1137	1269
1267	1269
1429	1269
1458	1269
1828	1269
1892	1269
4268	1269
4318	1269
4496	1269
4624	1269
58	2035
2580	2035
2060	2398
4376	2398
247	2766
164	2016
3296	3131
331	2568
2051	2568
3662	2568
2687	4678
69	4678
1502	4678
3665	4678
2703	4678
227	420
1547	420
979	4071
271	2668
3734	2668
3325	2668
436	2668
525	2668
2189	2668
3260	382
3734	2918
3235	1300
2051	1300
3839	2188
1256	718
2911	1900
979	2934
3734	247
628	247
3198	247
3328	247
1094	3773
374	3773
3611	3773
1687	3773
1748	3773
1094	1620
1550	1620
1094	3788
1094	2342
4354	2342
3328	2820
3868	569
3328	569
3484	574
3732	574
589	1044
4087	3194
1622	3194
4087	1814
3734	1814
2358	1814
1622	4087
1912	1622
1604	3997
375	1770
268	979
1183	979
331	979
398	979
1576	979
2382	979
3826	979
3697	578
3425	578
507	2225
724	2225
3425	351
4086	873
1712	1227
2989	1227
1379	1227
4666	1227
289	1227
3732	1227
881	1369
3432	1369
3432	3937
4273	3937
2989	1712
1379	1712
908	1712
1379	2989
4666	2989
1166	2989
4260	2989
2842	2989
1890	2989
3411	2989
17	2901
357	2901
4047	4571
1371	4571
3680	3291
3734	1121
1031	1121
589	1121
524	1121
908	1379
4260	1379
3209	1379
4603	4666
3734	4666
3296	4666
3209	4666
630	636
407	3868
1550	1094
4354	1094
3611	1094
4064	1094
3409	1094
3423	1094
407	4248
2404	4248
1599	1550
2505	1550
3561	1550
1915	407
4335	407
2404	407
4657	2894
1752	2894
4595	4324
1050	4603
2642	4603
3734	908
289	4260
326	4260
3845	3419
3590	3419
3734	3845
3296	3845
3590	3845
2642	2523
3425	1936
3689	4292
3166	2842
667	2842
3734	881
3018	3432
3296	4414
1221	3288
999	3686
460	1327
4244	2048
1221	2060
3697	2060
2888	2060
2977	2060
4640	2060
371	3602
832	3978
3657	3978
3107	4176
3915	1298
3328	1298
1183	1130
1015	1130
4023	1325
4064	1325
4595	1325
841	1325
494	1325
326	1325
1547	1325
4413	1325
913	1619
227	4023
2916	4023
4595	4023
856	4023
2916	227
374	227
842	227
856	227
326	227
1547	227
3508	227
3250	227
1547	2916
1739	1221
374	1221
4354	1221
2173	1221
4173	1221
2540	1221
3250	1221
921	1221
132	1221
1443	1221
1854	1221
1899	1221
1927	1221
1928	1221
2379	1221
2605	1221
2874	1221
3528	1221
3910	1221
374	1739
4354	1739
3611	1739
520	374
1071	374
4354	374
3611	374
1547	374
3250	374
3611	520
3734	2937
3296	2937
4300	1537
2161	1537
418	2966
4595	4556
949	2687
958	2687
2051	2687
2844	2687
313	2687
2249	3734
1771	3734
1950	3734
1001	3734
1078	3734
717	3734
1371	3734
277	3734
1210	3734
1674	3734
2434	3734
2467	3734
2482	3734
2888	3734
3037	3734
3134	3734
3511	3734
4597	3734
524	2814
4507	4596
4480	4596
3425	4596
4234	4596
1990	3697
3296	946
4544	1986
515	2879
724	2879
4047	2222
4413	2222
4573	2222
4354	1071
3611	4354
3079	3611
3132	3611
3296	2086
682	3235
1670	3235
3278	3235
3780	1984
1888	1984
842	3359
2449	4064
1452	4064
2518	4064
4099	3166
1746	2507
2731	4047
1256	4047
3425	4047
3826	4047
2883	792
4370	418
1396	108
981	108
4595	2910
4116	4595
1060	4595
1572	4595
4062	4595
76	4595
830	4595
931	4595
1265	4595
1401	4595
1825	4595
1891	4595
1927	4595
1928	4595
1963	4595
3028	4595
3107	4595
3476	4595
3584	4595
4077	4595
3963	4595
4025	4595
4092	4595
4119	4595
4150	4595
4644	4595
1397	4595
1060	3780
1500	3780
267	3780
1001	3780
519	3780
825	3780
1500	2444
2051	949
3915	949
2932	995
2255	10
2580	58
4168	2580
3094	2580
3573	2413
525	842
913	1050
2642	1050
841	856
326	856
1547	856
3332	856
2209	856
885	856
921	856
4616	856
3349	841
326	841
1547	841
326	494
1547	494
3332	494
2632	494
1547	326
921	326
4198	1547
3296	2632
1771	3296
1950	3296
2027	3296
2572	3296
2631	3296
717	3296
1371	3296
166	3296
277	3296
399	3296
524	3296
525	3296
1411	3296
1698	3296
2029	3296
2434	3296
2482	3296
3425	3296
3511	3296
4234	3296
4434	3787
4573	962
4099	962
921	962
1612	962
1680	962
2029	962
4451	962
4116	264
3425	4116
3680	1771
3018	1060
3212	1500
1489	4544
4234	4544
65	712
4086	1572
3175	1572
1569	4039
259	4586
66	2346
3691	1720
3491	1720
3569	1720
3491	3691
2468	3491
3933	298
154	298
3755	298
1502	4643
2051	4643
3109	4643
66	4235
785	267
3537	267
384	267
3320	267
913	267
4099	267
519	267
2240	267
3425	267
3537	785
3320	785
2097	785
76	785
3889	3257
3175	1001
375	1043
375	3504
912	375
1091	375
2532	375
3425	1078
3074	384
1286	2731
1689	1031
44	1286
2609	1286
4496	1286
1397	1286
2517	3573
4616	3573
4491	1689
1636	705
2038	705
67	66
1175	66
1971	66
3278	66
3248	66
1525	113
2097	2358
1524	1147
3657	1147
3192	4112
4356	599
791	599
782	913
460	3175
2604	3175
1430	1740
2631	268
1748	268
1183	2631
1183	1671
3425	1183
2021	2858
3060	242
3192	4356
791	4356
3	4356
1839	4099
3794	4099
3663	4099
791	3192
3	3192
3561	3192
1310	4657
752	2293
146	3132
281	1015
3247	3145
3328	5
3662	1852
3662	921
1502	69
2702	69
2987	76
1707	70
4092	148
967	162
1335	236
398	279
2038	310
2776	360
3278	371
2303	460
4327	460
507	468
3401	480
3906	507
3527	507
4403	519
3094	587
1196	594
3134	608
997	630
4638	726
3247	735
3425	825
2434	829
1120	931
2051	958
4310	978
3565	997
1777	1047
4025	1155
4265	1175
2193	1266
3425	1266
2609	1318
2356	1329
3147	1402
4301	1409
4569	1418
3870	1446
2051	1502
2681	1502
2702	1502
2877	1502
2817	1599
3794	1612
4394	1612
3821	1612
1397	1612
3663	1612
3247	1612
3496	1616
4403	1674
3652	1717
2921	1756
1943	1854
2770	1927
2131	1947
3853	1947
3794	2021
4510	2021
2126	2051
3915	2051
313	2051
3738	2059
3212	2100
3665	2100
3821	3794
1397	3794
3663	3794
3247	3794
2844	2126
3423	2126
3884	2180
2968	2229
3492	2411
1943	2505
3209	2642
3657	2614
3328	2633
3662	2686
3425	2781
3061	2790
3425	3556
3089	3425
3262	3425
3511	3425
4536	3425
1943	2922
3662	2970
3527	3061
1943	3063
3662	3100
3094	3221
3906	3278
1452	3451
4033	3662
3826	3680
4403	3680
4244	3748
4004	3889
4265	3938
3423	4150
4234	724
4622	4349
1397	4510
1943	4510
