3	21
5	218
5	232
5	1064
7	679
8	1025
10	90
10	511
10	649
11	345
11	632
11	681
11	801
11	863
11	1044
11	1114
11	1438
11	1483
12	100
12	1224
14	733
14	1444
15	62
15	70
15	180
15	202
15	361
15	365
15	382
15	478
15	502
15	819
15	908
15	948
15	1098
15	1140
15	1193
15	1305
15	1377
15	1432
15	1464
16	1050
17	593
17	812
17	830
17	929
17	1206
17	1336
17	1487
19	1328
23	104
23	124
23	671
23	830
23	911
23	1421
26	574
26	819
26	1017
26	1126
26	1309
26	1432
28	29
28	547
28	1254
29	58
29	303
29	547
32	112
33	142
34	545
34	1376
35	413
35	531
35	568
35	577
35	681
35	795
35	863
35	1131
35	1187
36	52
36	62
36	63
36	199
36	202
36	203
36	258
36	419
36	478
36	492
36	526
36	574
36	644
36	780
36	819
36	864
36	908
36	914
36	940
36	974
36	1024
36	1026
36	1126
36	1161
36	1193
36	1230
36	1305
36	1309
36	1410
39	159
39	333
39	371
39	614
39	861
39	1036
39	1217
40	425
40	483
40	1143
40	1259
40	1378
40	1485
42	263
42	1030
44	260
46	62
46	63
46	70
46	105
46	119
46	140
46	144
46	180
46	202
46	203
46	258
46	334
46	361
46	369
46	419
46	478
46	502
46	515
46	526
46	563
46	574
46	576
46	592
46	639
46	644
46	645
46	780
46	789
46	819
46	864
46	901
46	908
46	914
46	950
46	974
46	989
46	1024
46	1026
46	1086
46	1093
46	1098
46	1120
46	1126
46	1134
46	1182
46	1193
46	1233
46	1305
46	1309
46	1377
46	1410
46	1416
46	1419
46	1432
46	1495
47	413
47	681
47	863
48	1100
50	512
50	1134
50	1411
50	1435
51	96
51	189
51	250
51	251
51	290
51	339
51	573
51	814
51	860
51	1101
51	1185
51	1414
52	62
52	199
52	202
52	203
52	258
52	419
52	478
52	492
52	526
52	574
52	583
52	780
52	819
52	864
52	914
52	974
52	1024
52	1026
52	1161
52	1230
52	1305
52	1309
54	969
59	235
60	392
60	428
60	516
60	809
61	535
61	845
62	63
62	94
62	105
62	199
62	202
62	203
62	361
62	382
62	419
62	478
62	492
62	526
62	574
62	644
62	780
62	819
62	864
62	908
62	914
62	974
62	1024
62	1026
62	1126
62	1134
62	1161
62	1182
62	1193
62	1230
62	1272
62	1279
62	1305
62	1309
62	1410
62	1432
63	105
63	119
63	144
63	180
63	203
63	258
63	326
63	346
63	361
63	411
63	419
63	478
63	492
63	502
63	574
63	576
63	644
63	780
63	819
63	864
63	908
63	914
63	974
63	989
63	996
63	1024
63	1026
63	1120
63	1126
63	1134
63	1161
63	1182
63	1193
63	1233
63	1249
63	1305
63	1309
63	1406
63	1410
63	1419
63	1432
67	1128
70	258
70	365
70	411
70	791
70	948
70	1098
70	1140
70	1309
70	1377
70	1406
70	1446
70	1464
71	133
71	285
71	353
71	368
71	513
71	666
71	921
71	1028
71	1033
71	1123
71	1387
73	1228
73	1276
73	1324
73	1346
75	200
75	710
75	1130
75	1171
75	1237
75	1251
75	1429
77	405
77	544
77	704
78	992
78	1268
79	202
79	713
85	561
85	1385
86	260
88	558
89	1415
90	511
91	225
91	1111
94	180
94	256
94	382
94	502
94	574
94	908
94	914
94	1120
94	1134
94	1144
94	1159
94	1305
94	1358
94	1419
94	1432
96	250
96	251
96	290
96	339
96	417
96	573
96	814
96	824
96	860
96	1101
96	1166
96	1185
96	1414
97	413
97	568
97	577
103	976
103	1353
103	1412
104	830
104	911
104	1421
105	119
105	140
105	180
105	203
105	258
105	361
105	369
105	419
105	492
105	526
105	531
105	571
105	574
105	576
105	611
105	639
105	789
105	819
105	864
105	908
105	914
105	950
105	989
105	996
105	1024
105	1126
105	1161
105	1182
105	1193
105	1230
105	1305
105	1309
105	1406
105	1410
105	1419
111	315
111	350
111	603
111	820
112	821
114	536
117	803
117	828
117	997
117	1243
119	180
119	258
119	369
119	592
119	789
119	854
119	1086
119	1093
119	1182
119	1193
119	1309
119	1434
119	1495
124	671
124	830
124	911
124	1421
125	608
126	269
133	285
133	353
133	368
133	513
133	666
133	921
133	1123
138	576
139	995
140	180
140	203
140	497
140	515
140	531
140	645
140	943
140	1134
140	1309
140	1419
144	180
144	238
144	326
144	421
144	592
144	789
144	901
144	943
144	950
144	1093
144	1120
144	1134
144	1182
144	1233
144	1495
145	240
145	808
145	981
147	171
148	686
148	841
148	1273
150	398
153	778
153	1039
159	333
159	371
159	614
159	861
159	1036
159	1217
163	681
163	1044
163	1114
163	1483
164	498
167	425
170	410
170	491
170	519
170	653
170	655
170	1028
170	1089
170	1209
170	1282
170	1335
174	1172
176	457
176	759
180	202
180	203
180	256
180	258
180	326
180	334
180	369
180	382
180	421
180	492
180	515
180	574
180	576
180	587
180	592
180	767
180	789
180	888
180	901
180	908
180	914
180	943
180	950
180	1086
180	1093
180	1120
180	1134
180	1140
180	1159
180	1161
180	1182
180	1233
180	1272
180	1305
180	1309
180	1416
180	1419
180	1432
180	1495
184	256
184	269
184	382
184	469
184	512
184	579
184	663
184	691
184	862
184	905
184	908
184	914
184	1027
184	1134
184	1144
184	1159
184	1194
184	1272
184	1305
184	1358
184	1411
184	1419
184	1432
185	1432
186	760
188	936
189	290
191	849
191	1063
191	1222
191	1481
194	946
196	745
199	202
199	203
199	258
199	269
199	361
199	419
199	478
199	492
199	502
199	526
199	574
199	579
199	780
199	819
199	864
199	908
199	914
199	974
199	989
199	996
199	1026
199	1126
199	1144
199	1161
199	1230
199	1305
199	1309
199	1349
199	1410
199	1419
199	1432
199	1474
200	710
200	1130
200	1171
200	1237
200	1251
200	1429
202	203
202	258
202	361
202	419
202	478
202	492
202	502
202	526
202	574
202	579
202	644
202	646
202	780
202	819
202	862
202	864
202	908
202	914
202	974
202	989
202	1024
202	1026
202	1096
202	1126
202	1134
202	1161
202	1193
202	1230
202	1272
202	1279
202	1305
202	1309
202	1349
202	1358
202	1410
202	1411
202	1432
203	258
203	361
203	393
203	419
203	437
203	478
203	492
203	502
203	515
203	526
203	559
203	574
203	583
203	639
203	644
203	645
203	780
203	819
203	864
203	908
203	914
203	974
203	989
203	1024
203	1026
203	1096
203	1126
203	1161
203	1193
203	1230
203	1305
203	1309
203	1406
203	1419
204	349
204	1145
210	799
215	562
217	748
218	232
218	1064
219	356
219	494
219	501
219	697
219	1030
219	1512
221	432
221	484
221	524
221	1386
226	778
232	1064
234	283
236	664
236	943
239	292
239	706
239	1278
240	808
240	981
242	1314
247	378
248	376
248	514
250	251
250	290
250	339
250	573
250	814
250	860
250	1185
250	1414
251	290
251	339
251	417
251	573
251	814
251	860
251	1101
251	1185
251	1414
256	382
256	502
256	512
256	579
256	663
256	862
256	905
256	908
256	914
256	1120
256	1134
256	1144
256	1159
256	1230
256	1272
256	1305
256	1358
256	1411
256	1419
258	361
258	369
258	419
258	421
258	478
258	492
258	515
258	526
258	563
258	574
258	576
258	592
258	639
258	645
258	780
258	789
258	819
258	864
258	901
258	908
258	914
258	950
258	974
258	996
258	1017
258	1024
258	1026
258	1086
258	1093
258	1096
258	1126
258	1161
258	1182
258	1193
258	1230
258	1233
258	1305
258	1309
258	1406
258	1410
258	1416
258	1419
258	1432
258	1495
258	1514
260	423
261	779
261	1361
262	1061
262	1129
263	1030
264	1004
264	1122
264	1399
269	492
269	579
269	691
269	908
269	928
269	1144
269	1194
269	1305
269	1411
273	523
273	754
273	1222
273	1365
273	1505
274	620
274	945
275	917
279	460
279	719
280	601
285	353
285	368
285	513
285	921
285	1033
285	1060
285	1070
285	1123
285	1387
289	780
289	1126
290	339
290	573
290	814
290	860
290	1101
290	1166
290	1185
290	1414
292	706
292	1278
296	424
296	458
296	553
296	762
296	926
296	1042
296	1158
296	1365
296	1445
303	328
303	523
303	547
303	993
303	1314
303	1365
307	1197
309	413
309	827
309	1043
309	1044
309	1428
314	599
314	1056
314	1313
315	350
315	603
315	820
317	1345
320	578
320	594
320	607
320	659
320	1208
320	1290
320	1514
324	1147
326	435
326	592
326	789
326	888
326	1182
326	1233
326	1249
326	1309
326	1416
326	1495
328	564
328	876
328	915
328	993
328	1069
328	1075
328	1461
333	371
333	614
333	861
333	1036
333	1217
334	355
334	369
334	400
334	421
334	576
334	587
334	767
334	789
334	888
334	901
334	950
334	1086
334	1093
334	1182
334	1416
334	1495
339	573
339	814
339	860
339	1101
339	1185
339	1414
345	632
345	863
345	1483
346	592
346	1249
349	1145
350	603
350	820
353	368
353	513
353	666
353	921
353	1123
355	400
355	587
355	767
355	1086
355	1416
356	501
356	697
356	1030
356	1512
359	871
361	478
361	492
361	502
361	526
361	574
361	644
361	646
361	780
361	819
361	864
361	908
361	940
361	989
361	1024
361	1026
361	1126
361	1161
361	1193
361	1305
361	1309
361	1419
362	376
362	514
364	485
364	708
364	1143
365	948
365	1098
365	1140
365	1377
365	1464
366	497
366	1428
368	513
368	653
368	655
368	666
368	921
368	1028
368	1033
368	1123
368	1209
368	1282
368	1387
369	421
369	529
369	576
369	587
369	592
369	767
369	789
369	888
369	901
369	950
369	1086
369	1093
369	1182
369	1309
369	1416
369	1495
371	614
371	861
371	1036
371	1217
376	514
376	540
382	492
382	502
382	512
382	531
382	663
382	829
382	905
382	908
382	914
382	943
382	950
382	1027
382	1120
382	1126
382	1134
382	1144
382	1159
382	1272
382	1305
382	1358
382	1411
382	1419
382	1432
383	525
383	1023
386	716
388	781
388	1058
388	1190
390	1180
390	1289
392	428
392	613
392	809
392	1071
400	587
400	1086
400	1416
404	794
405	544
405	704
408	1269
410	491
410	519
410	653
410	655
410	1089
410	1209
410	1282
410	1335
411	572
411	791
411	975
411	1098
411	1140
411	1446
411	1464
413	515
413	568
413	577
413	681
413	787
413	795
413	827
413	863
413	1014
413	1043
413	1044
413	1187
413	1333
413	1438
413	1483
417	1414
419	478
419	492
419	502
419	526
419	574
419	583
419	644
419	780
419	819
419	864
419	908
419	914
419	940
419	974
419	989
419	1024
419	1026
419	1096
419	1126
419	1161
419	1193
419	1230
419	1305
419	1309
419	1349
419	1410
419	1432
420	707
421	576
421	587
421	592
421	767
421	789
421	888
421	901
421	950
421	1086
421	1093
421	1182
421	1309
421	1416
421	1495
422	834
422	964
424	458
424	762
424	1445
425	483
425	1143
425	1259
425	1378
425	1485
426	778
427	752
428	535
428	819
428	992
428	1024
429	946
432	524
433	763
433	878
433	1321
435	592
437	940
437	1019
444	513
447	585
447	1052
447	1486
449	489
449	1298
457	759
458	762
458	1158
458	1445
460	482
460	606
460	719
461	922
465	613
468	779
468	1075
468	1241
468	1361
468	1390
468	1461
469	908
469	1134
469	1144
469	1159
469	1305
469	1411
472	535
472	834
472	945
474	523
478	492
478	502
478	526
478	574
478	644
478	646
478	780
478	819
478	864
478	908
478	914
478	940
478	974
478	989
478	996
478	1024
478	1026
478	1096
478	1126
478	1161
478	1193
478	1230
478	1231
478	1279
478	1305
478	1309
478	1410
478	1423
478	1432
483	1143
483	1259
483	1378
483	1485
484	524
484	1386
485	708
485	1143
489	549
489	576
489	1012
489	1298
489	1316
490	736
491	519
491	653
491	655
491	1028
491	1089
491	1209
491	1282
491	1335
492	502
492	526
492	559
492	574
492	579
492	644
492	646
492	780
492	819
492	864
492	908
492	914
492	940
492	974
492	984
492	996
492	1024
492	1026
492	1096
492	1126
492	1144
492	1161
492	1182
492	1272
492	1305
492	1309
492	1411
494	501
494	697
497	531
497	645
497	728
497	943
497	1067
501	697
501	1030
501	1512
502	512
502	526
502	574
502	579
502	644
502	663
502	780
502	819
502	864
502	908
502	914
502	1017
502	1024
502	1026
502	1096
502	1126
502	1134
502	1161
502	1182
502	1193
502	1230
502	1279
502	1305
502	1309
502	1411
502	1432
508	798
511	649
512	579
512	663
512	691
512	862
512	905
512	1134
512	1144
512	1159
512	1272
512	1305
512	1358
512	1411
512	1419
513	653
513	666
513	921
513	1028
513	1033
513	1060
513	1070
513	1123
513	1209
513	1387
514	540
515	531
515	681
515	863
515	950
515	1014
515	1093
515	1182
515	1207
515	1305
515	1309
515	1419
515	1483
518	1394
519	653
519	655
519	1209
519	1282
519	1335
523	754
523	1365
524	1386
525	1023
526	574
526	639
526	644
526	780
526	819
526	864
526	908
526	914
526	989
526	1007
526	1026
526	1126
526	1134
526	1161
526	1193
526	1305
526	1309
526	1411
526	1419
526	1432
529	592
530	747
531	563
531	645
531	943
531	1134
531	1180
531	1187
531	1494
535	834
535	945
544	704
545	1376
546	682
546	933
547	1254
548	1088
549	1012
549	1298
549	1316
551	908
551	1300
553	665
553	762
553	926
553	1184
553	1350
553	1445
555	985
558	1025
558	1357
558	1371
559	780
559	819
559	864
559	974
561	1385
563	1134
563	1305
564	876
564	915
564	993
564	1069
564	1075
564	1461
568	577
568	681
568	863
571	1139
572	791
572	975
572	1446
573	814
573	824
573	860
573	1101
573	1185
573	1414
574	639
574	644
574	780
574	819
574	864
574	908
574	914
574	940
574	989
574	996
574	1017
574	1024
574	1026
574	1096
574	1126
574	1134
574	1159
574	1161
574	1182
574	1193
574	1230
574	1305
574	1309
574	1349
574	1410
574	1411
574	1419
574	1423
574	1432
576	587
576	767
576	789
576	950
576	959
576	1086
576	1093
576	1120
576	1134
576	1182
576	1298
576	1305
576	1309
576	1416
576	1495
577	681
577	787
577	863
577	1014
577	1043
577	1044
577	1187
577	1438
578	594
578	607
578	659
578	1208
578	1290
579	663
579	691
579	908
579	914
579	928
579	1134
579	1144
579	1159
579	1194
579	1272
579	1305
579	1358
579	1411
579	1419
583	780
583	974
583	1024
585	1052
585	1486
586	1496
587	767
587	789
587	901
587	950
587	1086
587	1093
587	1182
587	1416
587	1495
592	888
592	901
592	1086
592	1182
592	1249
592	1309
592	1416
592	1495
593	644
593	812
593	830
593	929
593	1026
593	1206
593	1336
593	1487
594	607
594	659
594	1208
594	1290
594	1514
599	1056
599	1313
603	820
605	841
605	858
607	659
607	1208
607	1290
611	919
613	809
613	945
614	861
614	1036
614	1217
615	783
615	1403
617	1395
619	679
620	945
628	886
632	681
632	863
632	1044
632	1114
639	819
639	864
639	989
639	1126
639	1193
639	1309
644	780
644	819
644	864
644	908
644	914
644	1024
644	1026
644	1096
644	1126
644	1161
644	1193
644	1305
644	1309
644	1410
644	1432
645	819
645	908
645	1309
645	1419
646	864
646	908
646	996
646	1134
646	1161
646	1305
646	1309
646	1411
646	1432
646	1514
649	1513
653	655
653	1028
653	1089
653	1209
653	1282
653	1335
655	1028
655	1089
655	1209
655	1282
655	1335
657	1200
659	1208
659	1290
660	1402
661	691
661	928
661	1194
661	1411
663	691
663	862
663	905
663	908
663	1027
663	1134
663	1144
663	1159
663	1272
663	1305
663	1358
663	1411
663	1419
663	1432
664	914
664	943
664	1233
665	762
665	1184
665	1350
666	762
666	921
666	1123
666	1350
671	830
671	911
671	1421
675	1512
681	787
681	863
681	879
681	1014
681	1043
681	1044
681	1114
681	1187
681	1333
681	1438
681	1483
682	927
682	933
682	1351
685	955
685	1181
686	841
691	905
691	928
691	1134
691	1144
691	1159
691	1194
691	1272
691	1305
691	1358
691	1411
697	1030
697	1512
699	825
705	1185
706	1278
708	945
708	1143
710	1130
710	1171
710	1237
710	1251
710	1429
714	782
718	747
718	752
723	1201
731	835
733	1444
734	1351
738	1179
738	1314
738	1343
738	1489
738	1512
740	1348
745	1115
747	752
748	1266
754	1365
758	1287
761	819
762	926
762	1158
762	1184
762	1350
762	1445
767	789
767	901
767	950
767	1086
767	1093
767	1182
767	1416
767	1495
769	1426
775	1179
775	1215
775	1489
775	1512
778	992
778	1039
779	1075
779	1241
779	1361
779	1390
779	1461
780	819
780	864
780	908
780	914
780	940
780	974
780	989
780	1024
780	1026
780	1096
780	1126
780	1161
780	1193
780	1230
780	1231
780	1305
780	1309
780	1349
780	1410
780	1432
781	1058
781	1190
783	1403
787	863
787	1044
787	1368
787	1438
789	819
789	888
789	901
789	950
789	1086
789	1093
789	1182
789	1308
789	1309
789	1416
789	1495
791	975
791	1098
791	1140
791	1446
795	863
795	1131
795	1187
797	829
801	1114
801	1483
803	828
803	997
803	1243
808	981
809	866
812	830
812	929
812	1206
812	1487
814	860
814	1101
814	1166
814	1185
814	1414
819	864
819	908
819	914
819	950
819	974
819	989
819	1024
819	1026
819	1086
819	1096
819	1126
819	1161
819	1182
819	1193
819	1230
819	1231
819	1305
819	1309
819	1410
819	1419
819	1514
824	1414
827	1043
827	1044
827	1333
828	997
828	1243
829	1134
829	1159
830	911
830	929
830	1026
830	1206
830	1336
830	1421
830	1487
834	928
834	1071
841	858
841	1273
845	1401
848	1025
849	1063
849	1481
854	1193
860	1101
860	1185
860	1414
861	1036
861	1217
862	908
862	914
862	949
862	1134
862	1144
862	1159
862	1272
862	1305
862	1358
862	1411
862	1419
863	1014
863	1043
863	1044
863	1114
863	1187
863	1333
863	1438
863	1483
864	908
864	914
864	974
864	989
864	1007
864	1024
864	1026
864	1096
864	1126
864	1161
864	1182
864	1193
864	1230
864	1231
864	1305
864	1309
864	1423
864	1432
872	1428
876	915
876	993
876	1069
876	1075
876	1461
879	1014
888	901
888	950
888	1086
888	1093
888	1182
888	1309
888	1416
888	1495
890	1466
897	1214
898	1221
901	950
901	1086
901	1182
901	1416
901	1495
905	1027
905	1126
905	1134
905	1144
905	1159
905	1272
905	1305
905	1358
905	1411
908	914
908	949
908	1017
908	1024
908	1026
908	1096
908	1126
908	1134
908	1144
908	1159
908	1161
908	1182
908	1193
908	1230
908	1272
908	1279
908	1305
908	1309
908	1358
908	1410
908	1411
908	1419
908	1432
911	1421
914	949
914	974
914	989
914	1017
914	1026
914	1120
914	1126
914	1134
914	1144
914	1161
914	1182
914	1193
914	1230
914	1272
914	1279
914	1305
914	1309
914	1410
914	1411
914	1419
914	1432
915	993
915	1069
915	1075
915	1461
921	1123
926	1042
926	1445
927	1351
928	945
928	1071
928	1144
928	1194
928	1411
929	1206
929	1487
933	1351
940	1026
940	1126
940	1161
940	1305
940	1309
940	1432
942	1453
942	1460
943	950
943	1120
943	1134
943	1233
943	1305
945	1071
948	1098
948	1140
948	1377
948	1464
949	1272
949	1419
950	1026
950	1086
950	1093
950	1120
950	1134
950	1182
950	1308
950	1309
950	1416
950	1495
955	1181
960	1498
968	1334
973	989
974	1024
974	1026
974	1126
974	1161
974	1193
974	1231
974	1260
974	1305
975	1446
976	1353
976	1412
984	1305
984	1411
989	1024
989	1026
989	1126
989	1161
989	1182
989	1193
989	1230
989	1260
989	1410
992	1139
992	1310
992	1392
992	1428
993	1069
993	1075
993	1461
996	1302
996	1309
997	1243
1001	1142
1004	1122
1004	1399
1005	1514
1007	1024
1007	1305
1012	1298
1012	1316
1013	1467
1014	1044
1014	1438
1014	1483
1017	1134
1017	1193
1017	1419
1017	1432
1024	1026
1024	1126
1024	1161
1024	1193
1024	1230
1024	1305
1024	1309
1024	1410
1024	1432
1025	1357
1026	1096
1026	1126
1026	1134
1026	1161
1026	1182
1026	1193
1026	1230
1026	1305
1026	1309
1026	1410
1026	1419
1026	1432
1027	1126
1027	1134
1027	1159
1027	1272
1027	1305
1027	1411
1027	1419
1027	1424
1027	1432
1027	1501
1028	1089
1028	1209
1028	1282
1028	1335
1028	1350
1029	1217
1030	1512
1032	1245
1033	1060
1033	1070
1033	1123
1033	1387
1036	1217
1042	1445
1043	1044
1043	1438
1044	1114
1044	1333
1044	1368
1044	1438
1044	1483
1052	1486
1056	1313
1058	1190
1059	1393
1060	1070
1060	1123
1061	1129
1063	1481
1068	1071
1069	1075
1069	1461
1070	1123
1070	1387
1075	1241
1075	1361
1075	1390
1075	1461
1082	1228
1082	1276
1083	1273
1086	1093
1086	1182
1086	1309
1086	1416
1086	1495
1089	1209
1089	1282
1089	1335
1093	1120
1093	1182
1093	1309
1093	1416
1093	1495
1096	1126
1096	1161
1096	1193
1096	1230
1096	1305
1096	1309
1096	1410
1096	1423
1096	1432
1098	1140
1098	1377
1098	1406
1098	1464
1101	1185
1101	1414
1114	1483
1120	1134
1120	1159
1120	1182
1120	1272
1120	1358
1120	1416
1122	1399
1123	1387
1126	1134
1126	1144
1126	1161
1126	1193
1126	1230
1126	1231
1126	1272
1126	1305
1126	1309
1126	1349
1126	1410
1126	1411
1126	1419
1126	1432
1130	1171
1130	1237
1130	1251
1130	1429
1131	1187
1134	1144
1134	1159
1134	1161
1134	1182
1134	1233
1134	1272
1134	1279
1134	1305
1134	1309
1134	1358
1134	1411
1134	1419
1134	1432
1139	1392
1140	1377
1140	1464
1143	1259
1143	1378
1143	1485
1144	1159
1144	1194
1144	1272
1144	1305
1144	1358
1144	1411
1144	1419
1148	1183
1158	1445
1159	1272
1159	1305
1159	1358
1159	1411
1159	1419
1159	1432
1161	1193
1161	1230
1161	1260
1161	1279
1161	1305
1161	1309
1161	1410
1161	1423
1161	1432
1165	1270
1171	1237
1171	1251
1171	1429
1179	1215
1179	1314
1179	1343
1179	1489
1179	1512
1180	1289
1182	1193
1182	1305
1182	1309
1182	1406
1182	1410
1182	1416
1182	1432
1182	1495
1184	1350
1185	1414
1193	1230
1193	1305
1193	1309
1193	1410
1193	1419
1193	1432
1194	1305
1194	1411
1206	1336
1206	1487
1208	1242
1208	1290
1209	1282
1209	1335
1210	1257
1215	1489
1215	1512
1222	1505
1228	1276
1228	1324
1228	1346
1230	1279
1230	1305
1230	1309
1230	1410
1230	1419
1237	1251
1237	1429
1241	1361
1241	1390
1241	1461
1242	1290
1245	1280
1251	1429
1259	1378
1259	1485
1272	1305
1272	1358
1272	1411
1272	1419
1272	1432
1276	1324
1276	1346
1279	1305
1279	1423
1279	1432
1282	1335
1305	1309
1305	1358
1305	1410
1305	1411
1305	1419
1305	1423
1305	1432
1305	1514
1309	1406
1309	1410
1309	1416
1309	1419
1309	1432
1309	1495
1314	1343
1314	1365
1314	1489
1314	1512
1330	1461
1333	1438
1343	1489
1343	1512
1353	1412
1357	1497
1358	1411
1358	1419
1358	1432
1361	1390
1361	1461
1377	1464
1378	1485
1390	1461
1395	1440
1410	1432
1411	1419
1411	1432
1416	1495
1419	1432
1438	1483
1453	1460
1489	1512
21	3
218	5
232	5
1064	5
679	7
1025	8
90	10
511	10
649	10
345	11
632	11
681	11
801	11
863	11
1044	11
1114	11
1438	11
1483	11
100	12
1224	12
733	14
1444	14
62	15
70	15
180	15
202	15
361	15
365	15
382	15
478	15
502	15
819	15
908	15
948	15
1098	15
1140	15
1193	15
1305	15
1377	15
1432	15
1464	15
1050	16
593	17
812	17
830	17
929	17
1206	17
1336	17
1487	17
1328	19
104	23
124	23
671	23
830	23
911	23
1421	23
574	26
819	26
1017	26
1126	26
1309	26
1432	26
29	28
547	28
1254	28
58	29
303	29
547	29
112	32
142	33
545	34
1376	34
413	35
531	35
568	35
577	35
681	35
795	35
863	35
1131	35
1187	35
52	36
62	36
63	36
199	36
202	36
203	36
258	36
419	36
478	36
492	36
526	36
574	36
644	36
780	36
819	36
864	36
908	36
914	36
940	36
974	36
1024	36
1026	36
1126	36
1161	36
1193	36
1230	36
1305	36
1309	36
1410	36
159	39
333	39
371	39
614	39
861	39
1036	39
1217	39
425	40
483	40
1143	40
1259	40
1378	40
1485	40
263	42
1030	42
260	44
62	46
63	46
70	46
105	46
119	46
140	46
144	46
180	46
202	46
203	46
258	46
334	46
361	46
369	46
419	46
478	46
502	46
515	46
526	46
563	46
574	46
576	46
592	46
639	46
644	46
645	46
780	46
789	46
819	46
864	46
901	46
908	46
914	46
950	46
974	46
989	46
1024	46
1026	46
1086	46
1093	46
1098	46
1120	46
1126	46
1134	46
1182	46
1193	46
1233	46
1305	46
1309	46
1377	46
1410	46
1416	46
1419	46
1432	46
1495	46
413	47
681	47
863	47
1100	48
512	50
1134	50
1411	50
1435	50
96	51
189	51
250	51
251	51
290	51
339	51
573	51
814	51
860	51
1101	51
1185	51
1414	51
62	52
199	52
202	52
203	52
258	52
419	52
478	52
492	52
526	52
574	52
583	52
780	52
819	52
864	52
914	52
974	52
1024	52
1026	52
1161	52
1230	52
1305	52
1309	52
969	54
235	59
392	60
428	60
516	60
809	60
535	61
845	61
63	62
94	62
105	62
199	62
202	62
203	62
361	62
382	62
419	62
478	62
492	62
526	62
574	62
644	62
780	62
819	62
864	62
908	62
914	62
974	62
1024	62
1026	62
1126	62
1134	62
1161	62
1182	62
1193	62
1230	62
1272	62
1279	62
1305	62
1309	62
1410	62
1432	62
105	63
119	63
144	63
180	63
203	63
258	63
326	63
346	63
361	63
411	63
419	63
478	63
492	63
502	63
574	63
576	63
644	63
780	63
819	63
864	63
908	63
914	63
974	63
989	63
996	63
1024	63
1026	63
1120	63
1126	63
1134	63
1161	63
1182	63
1193	63
1233	63
1249	63
1305	63
1309	63
1406	63
1410	63
1419	63
1432	63
1128	67
258	70
365	70
411	70
791	70
948	70
1098	70
1140	70
1309	70
1377	70
1406	70
1446	70
1464	70
133	71
285	71
353	71
368	71
513	71
666	71
921	71
1028	71
1033	71
1123	71
1387	71
1228	73
1276	73
1324	73
1346	73
200	75
710	75
1130	75
1171	75
1237	75
1251	75
1429	75
405	77
544	77
704	77
992	78
1268	78
202	79
713	79
561	85
1385	85
260	86
558	88
1415	89
511	90
225	91
1111	91
180	94
256	94
382	94
502	94
574	94
908	94
914	94
1120	94
1134	94
1144	94
1159	94
1305	94
1358	94
1419	94
1432	94
250	96
251	96
290	96
339	96
417	96
573	96
814	96
824	96
860	96
1101	96
1166	96
1185	96
1414	96
413	97
568	97
577	97
976	103
1353	103
1412	103
830	104
911	104
1421	104
119	105
140	105
180	105
203	105
258	105
361	105
369	105
419	105
492	105
526	105
531	105
571	105
574	105
576	105
611	105
639	105
789	105
819	105
864	105
908	105
914	105
950	105
989	105
996	105
1024	105
1126	105
1161	105
1182	105
1193	105
1230	105
1305	105
1309	105
1406	105
1410	105
1419	105
315	111
350	111
603	111
820	111
821	112
536	114
803	117
828	117
997	117
1243	117
180	119
258	119
369	119
592	119
789	119
854	119
1086	119
1093	119
1182	119
1193	119
1309	119
1434	119
1495	119
671	124
830	124
911	124
1421	124
608	125
269	126
285	133
353	133
368	133
513	133
666	133
921	133
1123	133
576	138
995	139
180	140
203	140
497	140
515	140
531	140
645	140
943	140
1134	140
1309	140
1419	140
180	144
238	144
326	144
421	144
592	144
789	144
901	144
943	144
950	144
1093	144
1120	144
1134	144
1182	144
1233	144
1495	144
240	145
808	145
981	145
171	147
686	148
841	148
1273	148
398	150
778	153
1039	153
333	159
371	159
614	159
861	159
1036	159
1217	159
681	163
1044	163
1114	163
1483	163
498	164
425	167
410	170
491	170
519	170
653	170
655	170
1028	170
1089	170
1209	170
1282	170
1335	170
1172	174
457	176
759	176
202	180
203	180
256	180
258	180
326	180
334	180
369	180
382	180
421	180
492	180
515	180
574	180
576	180
587	180
592	180
767	180
789	180
888	180
901	180
908	180
914	180
943	180
950	180
1086	180
1093	180
1120	180
1134	180
1140	180
1159	180
1161	180
1182	180
1233	180
1272	180
1305	180
1309	180
1416	180
1419	180
1432	180
1495	180
256	184
269	184
382	184
469	184
512	184
579	184
663	184
691	184
862	184
905	184
908	184
914	184
1027	184
1134	184
1144	184
1159	184
1194	184
1272	184
1305	184
1358	184
1411	184
1419	184
1432	184
1432	185
760	186
936	188
290	189
849	191
1063	191
1222	191
1481	191
946	194
745	196
202	199
203	199
258	199
269	199
361	199
419	199
478	199
492	199
502	199
526	199
574	199
579	199
780	199
819	199
864	199
908	199
914	199
974	199
989	199
996	199
1026	199
1126	199
1144	199
1161	199
1230	199
1305	199
1309	199
1349	199
1410	199
1419	199
1432	199
1474	199
710	200
1130	200
1171	200
1237	200
1251	200
1429	200
203	202
258	202
361	202
419	202
478	202
492	202
502	202
526	202
574	202
579	202
644	202
646	202
780	202
819	202
862	202
864	202
908	202
914	202
974	202
989	202
1024	202
1026	202
1096	202
1126	202
1134	202
1161	202
1193	202
1230	202
1272	202
1279	202
1305	202
1309	202
1349	202
1358	202
1410	202
1411	202
1432	202
258	203
361	203
393	203
419	203
437	203
478	203
492	203
502	203
515	203
526	203
559	203
574	203
583	203
639	203
644	203
645	203
780	203
819	203
864	203
908	203
914	203
974	203
989	203
1024	203
1026	203
1096	203
1126	203
1161	203
1193	203
1230	203
1305	203
1309	203
1406	203
1419	203
349	204
1145	204
799	210
562	215
748	217
232	218
1064	218
356	219
494	219
501	219
697	219
1030	219
1512	219
432	221
484	221
524	221
1386	221
778	226
1064	232
283	234
664	236
943	236
292	239
706	239
1278	239
808	240
981	240
1314	242
378	247
376	248
514	248
251	250
290	250
339	250
573	250
814	250
860	250
1185	250
1414	250
290	251
339	251
417	251
573	251
814	251
860	251
1101	251
1185	251
1414	251
382	256
502	256
512	256
579	256
663	256
862	256
905	256
908	256
914	256
1120	256
1134	256
1144	256
1159	256
1230	256
1272	256
1305	256
1358	256
1411	256
1419	256
361	258
369	258
419	258
421	258
478	258
492	258
515	258
526	258
563	258
574	258
576	258
592	258
639	258
645	258
780	258
789	258
819	258
864	258
901	258
908	258
914	258
950	258
974	258
996	258
1017	258
1024	258
1026	258
1086	258
1093	258
1096	258
1126	258
1161	258
1182	258
1193	258
1230	258
1233	258
1305	258
1309	258
1406	258
1410	258
1416	258
1419	258
1432	258
1495	258
1514	258
423	260
779	261
1361	261
1061	262
1129	262
1030	263
1004	264
1122	264
1399	264
492	269
579	269
691	269
908	269
928	269
1144	269
1194	269
1305	269
1411	269
523	273
754	273
1222	273
1365	273
1505	273
620	274
945	274
917	275
460	279
719	279
601	280
353	285
368	285
513	285
921	285
1033	285
1060	285
1070	285
1123	285
1387	285
780	289
1126	289
339	290
573	290
814	290
860	290
1101	290
1166	290
1185	290
1414	290
706	292
1278	292
424	296
458	296
553	296
762	296
926	296
1042	296
1158	296
1365	296
1445	296
328	303
523	303
547	303
993	303
1314	303
1365	303
1197	307
413	309
827	309
1043	309
1044	309
1428	309
599	314
1056	314
1313	314
350	315
603	315
820	315
1345	317
578	320
594	320
607	320
659	320
1208	320
1290	320
1514	320
1147	324
435	326
592	326
789	326
888	326
1182	326
1233	326
1249	326
1309	326
1416	326
1495	326
564	328
876	328
915	328
993	328
1069	328
1075	328
1461	328
371	333
614	333
861	333
1036	333
1217	333
355	334
369	334
400	334
421	334
576	334
587	334
767	334
789	334
888	334
901	334
950	334
1086	334
1093	334
1182	334
1416	334
1495	334
573	339
814	339
860	339
1101	339
1185	339
1414	339
632	345
863	345
1483	345
592	346
1249	346
1145	349
603	350
820	350
368	353
513	353
666	353
921	353
1123	353
400	355
587	355
767	355
1086	355
1416	355
501	356
697	356
1030	356
1512	356
871	359
478	361
492	361
502	361
526	361
574	361
644	361
646	361
780	361
819	361
864	361
908	361
940	361
989	361
1024	361
1026	361
1126	361
1161	361
1193	361
1305	361
1309	361
1419	361
376	362
514	362
485	364
708	364
1143	364
948	365
1098	365
1140	365
1377	365
1464	365
497	366
1428	366
513	368
653	368
655	368
666	368
921	368
1028	368
1033	368
1123	368
1209	368
1282	368
1387	368
421	369
529	369
576	369
587	369
592	369
767	369
789	369
888	369
901	369
950	369
1086	369
1093	369
1182	369
1309	369
1416	369
1495	369
614	371
861	371
1036	371
1217	371
514	376
540	376
492	382
502	382
512	382
531	382
663	382
829	382
905	382
908	382
914	382
943	382
950	382
1027	382
1120	382
1126	382
1134	382
1144	382
1159	382
1272	382
1305	382
1358	382
1411	382
1419	382
1432	382
525	383
1023	383
716	386
781	388
1058	388
1190	388
1180	390
1289	390
428	392
613	392
809	392
1071	392
587	400
1086	400
1416	400
794	404
544	405
704	405
1269	408
491	410
519	410
653	410
655	410
1089	410
1209	410
1282	410
1335	410
572	411
791	411
975	411
1098	411
1140	411
1446	411
1464	411
515	413
568	413
577	413
681	413
787	413
795	413
827	413
863	413
1014	413
1043	413
1044	413
1187	413
1333	413
1438	413
1483	413
1414	417
478	419
492	419
502	419
526	419
574	419
583	419
644	419
780	419
819	419
864	419
908	419
914	419
940	419
974	419
989	419
1024	419
1026	419
1096	419
1126	419
1161	419
1193	419
1230	419
1305	419
1309	419
1349	419
1410	419
1432	419
707	420
576	421
587	421
592	421
767	421
789	421
888	421
901	421
950	421
1086	421
1093	421
1182	421
1309	421
1416	421
1495	421
834	422
964	422
458	424
762	424
1445	424
483	425
1143	425
1259	425
1378	425
1485	425
778	426
752	427
535	428
819	428
992	428
1024	428
946	429
524	432
763	433
878	433
1321	433
592	435
940	437
1019	437
513	444
585	447
1052	447
1486	447
489	449
1298	449
759	457
762	458
1158	458
1445	458
482	460
606	460
719	460
922	461
613	465
779	468
1075	468
1241	468
1361	468
1390	468
1461	468
908	469
1134	469
1144	469
1159	469
1305	469
1411	469
535	472
834	472
945	472
523	474
492	478
502	478
526	478
574	478
644	478
646	478
780	478
819	478
864	478
908	478
914	478
940	478
974	478
989	478
996	478
1024	478
1026	478
1096	478
1126	478
1161	478
1193	478
1230	478
1231	478
1279	478
1305	478
1309	478
1410	478
1423	478
1432	478
1143	483
1259	483
1378	483
1485	483
524	484
1386	484
708	485
1143	485
549	489
576	489
1012	489
1298	489
1316	489
736	490
519	491
653	491
655	491
1028	491
1089	491
1209	491
1282	491
1335	491
502	492
526	492
559	492
574	492
579	492
644	492
646	492
780	492
819	492
864	492
908	492
914	492
940	492
974	492
984	492
996	492
1024	492
1026	492
1096	492
1126	492
1144	492
1161	492
1182	492
1272	492
1305	492
1309	492
1411	492
501	494
697	494
531	497
645	497
728	497
943	497
1067	497
697	501
1030	501
1512	501
512	502
526	502
574	502
579	502
644	502
663	502
780	502
819	502
864	502
908	502
914	502
1017	502
1024	502
1026	502
1096	502
1126	502
1134	502
1161	502
1182	502
1193	502
1230	502
1279	502
1305	502
1309	502
1411	502
1432	502
798	508
649	511
579	512
663	512
691	512
862	512
905	512
1134	512
1144	512
1159	512
1272	512
1305	512
1358	512
1411	512
1419	512
653	513
666	513
921	513
1028	513
1033	513
1060	513
1070	513
1123	513
1209	513
1387	513
540	514
531	515
681	515
863	515
950	515
1014	515
1093	515
1182	515
1207	515
1305	515
1309	515
1419	515
1483	515
1394	518
653	519
655	519
1209	519
1282	519
1335	519
754	523
1365	523
1386	524
1023	525
574	526
639	526
644	526
780	526
819	526
864	526
908	526
914	526
989	526
1007	526
1026	526
1126	526
1134	526
1161	526
1193	526
1305	526
1309	526
1411	526
1419	526
1432	526
592	529
747	530
563	531
645	531
943	531
1134	531
1180	531
1187	531
1494	531
834	535
945	535
704	544
1376	545
682	546
933	546
1254	547
1088	548
1012	549
1298	549
1316	549
908	551
1300	551
665	553
762	553
926	553
1184	553
1350	553
1445	553
985	555
1025	558
1357	558
1371	558
780	559
819	559
864	559
974	559
1385	561
1134	563
1305	563
876	564
915	564
993	564
1069	564
1075	564
1461	564
577	568
681	568
863	568
1139	571
791	572
975	572
1446	572
814	573
824	573
860	573
1101	573
1185	573
1414	573
639	574
644	574
780	574
819	574
864	574
908	574
914	574
940	574
989	574
996	574
1017	574
1024	574
1026	574
1096	574
1126	574
1134	574
1159	574
1161	574
1182	574
1193	574
1230	574
1305	574
1309	574
1349	574
1410	574
1411	574
1419	574
1423	574
1432	574
587	576
767	576
789	576
950	576
959	576
1086	576
1093	576
1120	576
1134	576
1182	576
1298	576
1305	576
1309	576
1416	576
1495	576
681	577
787	577
863	577
1014	577
1043	577
1044	577
1187	577
1438	577
594	578
607	578
659	578
1208	578
1290	578
663	579
691	579
908	579
914	579
928	579
1134	579
1144	579
1159	579
1194	579
1272	579
1305	579
1358	579
1411	579
1419	579
780	583
974	583
1024	583
1052	585
1486	585
1496	586
767	587
789	587
901	587
950	587
1086	587
1093	587
1182	587
1416	587
1495	587
888	592
901	592
1086	592
1182	592
1249	592
1309	592
1416	592
1495	592
644	593
812	593
830	593
929	593
1026	593
1206	593
1336	593
1487	593
607	594
659	594
1208	594
1290	594
1514	594
1056	599
1313	599
820	603
841	605
858	605
659	607
1208	607
1290	607
919	611
809	613
945	613
861	614
1036	614
1217	614
783	615
1403	615
1395	617
679	619
945	620
886	628
681	632
863	632
1044	632
1114	632
819	639
864	639
989	639
1126	639
1193	639
1309	639
780	644
819	644
864	644
908	644
914	644
1024	644
1026	644
1096	644
1126	644
1161	644
1193	644
1305	644
1309	644
1410	644
1432	644
819	645
908	645
1309	645
1419	645
864	646
908	646
996	646
1134	646
1161	646
1305	646
1309	646
1411	646
1432	646
1514	646
1513	649
655	653
1028	653
1089	653
1209	653
1282	653
1335	653
1028	655
1089	655
1209	655
1282	655
1335	655
1200	657
1208	659
1290	659
1402	660
691	661
928	661
1194	661
1411	661
691	663
862	663
905	663
908	663
1027	663
1134	663
1144	663
1159	663
1272	663
1305	663
1358	663
1411	663
1419	663
1432	663
914	664
943	664
1233	664
762	665
1184	665
1350	665
762	666
921	666
1123	666
1350	666
830	671
911	671
1421	671
1512	675
787	681
863	681
879	681
1014	681
1043	681
1044	681
1114	681
1187	681
1333	681
1438	681
1483	681
927	682
933	682
1351	682
955	685
1181	685
841	686
905	691
928	691
1134	691
1144	691
1159	691
1194	691
1272	691
1305	691
1358	691
1411	691
1030	697
1512	697
825	699
1185	705
1278	706
945	708
1143	708
1130	710
1171	710
1237	710
1251	710
1429	710
782	714
747	718
752	718
1201	723
835	731
1444	733
1351	734
1179	738
1314	738
1343	738
1489	738
1512	738
1348	740
1115	745
752	747
1266	748
1365	754
1287	758
819	761
926	762
1158	762
1184	762
1350	762
1445	762
789	767
901	767
950	767
1086	767
1093	767
1182	767
1416	767
1495	767
1426	769
1179	775
1215	775
1489	775
1512	775
992	778
1039	778
1075	779
1241	779
1361	779
1390	779
1461	779
819	780
864	780
908	780
914	780
940	780
974	780
989	780
1024	780
1026	780
1096	780
1126	780
1161	780
1193	780
1230	780
1231	780
1305	780
1309	780
1349	780
1410	780
1432	780
1058	781
1190	781
1403	783
863	787
1044	787
1368	787
1438	787
819	789
888	789
901	789
950	789
1086	789
1093	789
1182	789
1308	789
1309	789
1416	789
1495	789
975	791
1098	791
1140	791
1446	791
863	795
1131	795
1187	795
829	797
1114	801
1483	801
828	803
997	803
1243	803
981	808
866	809
830	812
929	812
1206	812
1487	812
860	814
1101	814
1166	814
1185	814
1414	814
864	819
908	819
914	819
950	819
974	819
989	819
1024	819
1026	819
1086	819
1096	819
1126	819
1161	819
1182	819
1193	819
1230	819
1231	819
1305	819
1309	819
1410	819
1419	819
1514	819
1414	824
1043	827
1044	827
1333	827
997	828
1243	828
1134	829
1159	829
911	830
929	830
1026	830
1206	830
1336	830
1421	830
1487	830
928	834
1071	834
858	841
1273	841
1401	845
1025	848
1063	849
1481	849
1193	854
1101	860
1185	860
1414	860
1036	861
1217	861
908	862
914	862
949	862
1134	862
1144	862
1159	862
1272	862
1305	862
1358	862
1411	862
1419	862
1014	863
1043	863
1044	863
1114	863
1187	863
1333	863
1438	863
1483	863
908	864
914	864
974	864
989	864
1007	864
1024	864
1026	864
1096	864
1126	864
1161	864
1182	864
1193	864
1230	864
1231	864
1305	864
1309	864
1423	864
1432	864
1428	872
915	876
993	876
1069	876
1075	876
1461	876
1014	879
901	888
950	888
1086	888
1093	888
1182	888
1309	888
1416	888
1495	888
1466	890
1214	897
1221	898
950	901
1086	901
1182	901
1416	901
1495	901
1027	905
1126	905
1134	905
1144	905
1159	905
1272	905
1305	905
1358	905
1411	905
914	908
949	908
1017	908
1024	908
1026	908
1096	908
1126	908
1134	908
1144	908
1159	908
1161	908
1182	908
1193	908
1230	908
1272	908
1279	908
1305	908
1309	908
1358	908
1410	908
1411	908
1419	908
1432	908
1421	911
949	914
974	914
989	914
1017	914
1026	914
1120	914
1126	914
1134	914
1144	914
1161	914
1182	914
1193	914
1230	914
1272	914
1279	914
1305	914
1309	914
1410	914
1411	914
1419	914
1432	914
993	915
1069	915
1075	915
1461	915
1123	921
1042	926
1445	926
1351	927
945	928
1071	928
1144	928
1194	928
1411	928
1206	929
1487	929
1351	933
1026	940
1126	940
1161	940
1305	940
1309	940
1432	940
1453	942
1460	942
950	943
1120	943
1134	943
1233	943
1305	943
1071	945
1098	948
1140	948
1377	948
1464	948
1272	949
1419	949
1026	950
1086	950
1093	950
1120	950
1134	950
1182	950
1308	950
1309	950
1416	950
1495	950
1181	955
1498	960
1334	968
989	973
1024	974
1026	974
1126	974
1161	974
1193	974
1231	974
1260	974
1305	974
1446	975
1353	976
1412	976
1305	984
1411	984
1024	989
1026	989
1126	989
1161	989
1182	989
1193	989
1230	989
1260	989
1410	989
1139	992
1310	992
1392	992
1428	992
1069	993
1075	993
1461	993
1302	996
1309	996
1243	997
1142	1001
1122	1004
1399	1004
1514	1005
1024	1007
1305	1007
1298	1012
1316	1012
1467	1013
1044	1014
1438	1014
1483	1014
1134	1017
1193	1017
1419	1017
1432	1017
1026	1024
1126	1024
1161	1024
1193	1024
1230	1024
1305	1024
1309	1024
1410	1024
1432	1024
1357	1025
1096	1026
1126	1026
1134	1026
1161	1026
1182	1026
1193	1026
1230	1026
1305	1026
1309	1026
1410	1026
1419	1026
1432	1026
1126	1027
1134	1027
1159	1027
1272	1027
1305	1027
1411	1027
1419	1027
1424	1027
1432	1027
1501	1027
1089	1028
1209	1028
1282	1028
1335	1028
1350	1028
1217	1029
1512	1030
1245	1032
1060	1033
1070	1033
1123	1033
1387	1033
1217	1036
1445	1042
1044	1043
1438	1043
1114	1044
1333	1044
1368	1044
1438	1044
1483	1044
1486	1052
1313	1056
1190	1058
1393	1059
1070	1060
1123	1060
1129	1061
1481	1063
1071	1068
1075	1069
1461	1069
1123	1070
1387	1070
1241	1075
1361	1075
1390	1075
1461	1075
1228	1082
1276	1082
1273	1083
1093	1086
1182	1086
1309	1086
1416	1086
1495	1086
1209	1089
1282	1089
1335	1089
1120	1093
1182	1093
1309	1093
1416	1093
1495	1093
1126	1096
1161	1096
1193	1096
1230	1096
1305	1096
1309	1096
1410	1096
1423	1096
1432	1096
1140	1098
1377	1098
1406	1098
1464	1098
1185	1101
1414	1101
1483	1114
1134	1120
1159	1120
1182	1120
1272	1120
1358	1120
1416	1120
1399	1122
1387	1123
1134	1126
1144	1126
1161	1126
1193	1126
1230	1126
1231	1126
1272	1126
1305	1126
1309	1126
1349	1126
1410	1126
1411	1126
1419	1126
1432	1126
1171	1130
1237	1130
1251	1130
1429	1130
1187	1131
1144	1134
1159	1134
1161	1134
1182	1134
1233	1134
1272	1134
1279	1134
1305	1134
1309	1134
1358	1134
1411	1134
1419	1134
1432	1134
1392	1139
1377	1140
1464	1140
1259	1143
1378	1143
1485	1143
1159	1144
1194	1144
1272	1144
1305	1144
1358	1144
1411	1144
1419	1144
1183	1148
1445	1158
1272	1159
1305	1159
1358	1159
1411	1159
1419	1159
1432	1159
1193	1161
1230	1161
1260	1161
1279	1161
1305	1161
1309	1161
1410	1161
1423	1161
1432	1161
1270	1165
1237	1171
1251	1171
1429	1171
1215	1179
1314	1179
1343	1179
1489	1179
1512	1179
1289	1180
1193	1182
1305	1182
1309	1182
1406	1182
1410	1182
1416	1182
1432	1182
1495	1182
1350	1184
1414	1185
1230	1193
1305	1193
1309	1193
1410	1193
1419	1193
1432	1193
1305	1194
1411	1194
1336	1206
1487	1206
1242	1208
1290	1208
1282	1209
1335	1209
1257	1210
1489	1215
1512	1215
1505	1222
1276	1228
1324	1228
1346	1228
1279	1230
1305	1230
1309	1230
1410	1230
1419	1230
1251	1237
1429	1237
1361	1241
1390	1241
1461	1241
1290	1242
1280	1245
1429	1251
1378	1259
1485	1259
1305	1272
1358	1272
1411	1272
1419	1272
1432	1272
1324	1276
1346	1276
1305	1279
1423	1279
1432	1279
1335	1282
1309	1305
1358	1305
1410	1305
1411	1305
1419	1305
1423	1305
1432	1305
1514	1305
1406	1309
1410	1309
1416	1309
1419	1309
1432	1309
1495	1309
1343	1314
1365	1314
1489	1314
1512	1314
1461	1330
1438	1333
1489	1343
1512	1343
1412	1353
1497	1357
1411	1358
1419	1358
1432	1358
1390	1361
1461	1361
1464	1377
1485	1378
1461	1390
1440	1395
1432	1410
1419	1411
1432	1411
1495	1416
1432	1419
1483	1438
1460	1453
1512	1489
