1	8
1	293
1	579
2	44
3	369
3	675
3	688
5	37
5	90
5	103
5	136
5	185
5	186
5	198
5	256
5	271
5	439
5	457
5	459
5	505
5	639
5	669
5	736
5	777
5	806
8	293
8	579
9	62
9	191
9	379
10	718
11	457
11	570
11	586
11	632
11	737
11	806
12	586
13	296
13	591
15	52
15	58
15	71
15	90
15	122
15	132
15	172
15	222
15	315
15	323
15	390
15	491
15	500
15	515
15	524
15	527
15	533
15	567
15	663
15	707
15	737
15	744
15	784
15	810
15	819
15	839
23	78
23	82
23	166
23	190
23	340
23	422
23	484
23	548
23	573
23	582
23	644
23	683
23	689
24	851
28	636
28	807
29	313
29	330
29	339
29	355
29	401
29	454
29	455
29	476
29	623
29	665
29	694
29	700
29	794
30	103
30	104
30	132
30	179
30	256
30	264
30	265
30	277
30	288
30	434
30	457
30	507
30	575
30	576
30	593
30	625
30	712
30	736
30	737
31	292
31	471
34	107
34	178
34	233
34	316
34	384
34	430
34	504
34	518
34	631
34	748
36	384
36	504
37	132
37	136
37	186
37	216
37	639
37	737
37	777
37	788
38	146
38	346
38	377
38	626
38	629
39	256
39	361
39	554
39	736
41	103
48	116
48	144
48	270
48	301
48	307
48	393
48	417
48	486
48	666
48	739
48	758
48	774
48	775
48	797
48	850
52	58
52	69
52	76
52	90
52	104
52	132
52	179
52	185
52	264
52	265
52	277
52	288
52	311
52	315
52	439
52	457
52	459
52	505
52	507
52	524
52	527
52	554
52	575
52	586
52	593
52	625
52	632
52	663
52	669
52	673
52	712
52	736
52	737
52	744
52	753
52	788
52	798
52	819
58	90
58	132
58	459
58	473
58	524
58	663
58	669
58	673
58	737
58	810
58	819
58	839
62	191
62	379
63	138
63	275
63	387
64	78
64	166
64	573
64	644
64	683
65	347
67	200
68	315
69	90
69	104
69	268
69	282
69	329
69	439
69	459
69	521
69	586
69	628
69	636
69	737
69	798
71	90
71	122
71	222
71	459
71	500
71	521
71	524
71	527
71	636
71	663
71	695
71	810
71	839
72	123
72	451
72	549
74	258
74	407
74	485
74	558
74	601
76	90
76	103
76	104
76	132
76	179
76	185
76	256
76	264
76	265
76	271
76	277
76	283
76	288
76	360
76	434
76	439
76	457
76	505
76	507
76	519
76	554
76	575
76	576
76	593
76	619
76	625
76	632
76	663
76	669
76	693
76	736
76	737
76	753
76	759
76	799
77	109
77	327
77	372
77	709
77	729
78	82
78	166
78	190
78	340
78	422
78	484
78	548
78	573
78	582
78	644
78	668
78	683
81	813
82	166
82	190
82	340
82	422
82	484
82	548
82	573
82	582
82	644
82	683
85	170
85	368
85	679
86	718
90	103
90	104
90	132
90	172
90	198
90	222
90	264
90	282
90	315
90	323
90	439
90	459
90	491
90	500
90	505
90	507
90	515
90	521
90	524
90	527
90	533
90	567
90	636
90	639
90	649
90	663
90	695
90	716
90	736
90	737
90	754
90	771
90	798
90	806
90	810
90	839
92	425
94	516
96	259
98	523
102	179
103	104
103	132
103	179
103	185
103	256
103	264
103	265
103	271
103	277
103	288
103	318
103	360
103	361
103	434
103	439
103	457
103	459
103	478
103	505
103	507
103	554
103	575
103	576
103	593
103	619
103	625
103	632
103	636
103	669
103	713
103	716
103	736
103	737
103	759
103	806
104	132
104	179
104	185
104	256
104	264
104	265
104	271
104	277
104	282
104	283
104	288
104	304
104	360
104	434
104	439
104	457
104	459
104	505
104	507
104	554
104	575
104	576
104	593
104	619
104	625
104	628
104	632
104	669
104	712
104	736
104	737
104	753
104	788
104	798
105	141
105	386
105	587
107	178
107	316
107	384
107	518
107	631
109	327
109	372
109	709
109	729
109	849
110	272
110	276
111	119
113	292
113	464
113	768
114	158
114	229
114	260
114	399
114	690
114	778
116	417
116	486
116	666
116	739
116	758
116	850
121	375
121	521
123	451
123	549
131	637
132	179
132	185
132	222
132	256
132	264
132	277
132	282
132	288
132	305
132	315
132	434
132	439
132	457
132	459
132	500
132	505
132	507
132	515
132	524
132	527
132	570
132	575
132	576
132	583
132	593
132	619
132	625
132	628
132	632
132	663
132	669
132	673
132	695
132	712
132	736
132	737
132	744
132	771
132	788
132	798
132	806
132	810
132	819
132	839
132	849
134	672
135	198
135	213
135	461
135	495
135	636
135	642
135	649
135	716
135	754
135	821
136	639
136	737
138	213
138	264
138	275
138	277
138	318
138	391
138	461
138	495
138	505
138	642
138	670
138	736
138	821
140	286
140	686
140	769
140	844
141	386
141	587
143	333
144	774
144	775
146	346
146	602
146	626
146	629
147	555
149	434
149	632
152	225
152	243
152	300
152	769
152	797
152	813
153	269
154	216
154	487
154	765
155	267
155	609
156	159
156	518
156	803
158	229
158	260
158	399
158	690
158	778
159	384
159	518
159	803
160	450
160	555
160	786
161	408
163	733
166	190
166	340
166	422
166	484
166	548
166	573
166	582
166	644
166	668
166	683
168	326
168	483
168	609
168	676
168	834
170	368
170	679
172	211
172	222
172	315
172	323
172	390
172	423
172	491
172	500
172	515
172	524
172	527
172	533
172	567
172	663
172	744
172	810
172	819
172	839
177	703
178	233
178	316
178	384
178	430
178	518
179	185
179	256
179	264
179	271
179	277
179	434
179	439
179	457
179	505
179	507
179	554
179	575
179	576
179	593
179	625
179	632
179	711
179	736
179	737
179	759
179	798
183	193
183	331
183	738
185	256
185	264
185	271
185	277
185	283
185	288
185	360
185	361
185	434
185	439
185	457
185	505
185	519
185	554
185	575
185	576
185	593
185	625
185	632
185	669
185	736
185	737
185	798
186	639
186	753
186	777
187	268
187	803
190	340
190	422
190	484
190	573
190	582
190	644
190	683
190	689
191	379
193	331
193	738
195	369
195	675
198	213
198	264
198	271
198	459
198	461
198	462
198	495
198	505
198	506
198	507
198	521
198	527
198	541
198	577
198	593
198	632
198	636
198	642
198	649
198	716
198	736
198	754
198	784
198	798
198	806
198	821
203	310
203	435
203	528
203	667
204	728
206	452
206	603
211	323
211	390
213	251
213	264
213	318
213	361
213	391
213	461
213	478
213	495
213	505
213	506
213	541
213	551
213	565
213	577
213	636
213	642
213	649
213	670
213	716
213	736
213	754
213	784
213	798
213	806
213	821
216	487
216	531
216	639
216	765
217	281
218	248
221	398
222	315
222	323
222	390
222	491
222	500
222	515
222	524
222	527
222	533
222	567
222	663
222	737
222	810
222	819
222	839
223	464
223	537
223	741
225	243
225	797
225	813
226	421
229	690
233	384
233	430
237	321
237	592
237	647
240	408
243	797
243	813
245	406
246	511
249	292
250	699
251	505
251	506
251	636
251	642
251	649
251	736
251	821
254	286
256	264
256	265
256	271
256	277
256	283
256	288
256	360
256	361
256	434
256	439
256	457
256	459
256	505
256	507
256	519
256	554
256	556
256	575
256	576
256	593
256	619
256	625
256	632
256	669
256	693
256	712
256	736
256	737
256	753
256	799
256	806
258	286
258	407
258	482
258	485
258	558
258	601
258	769
260	399
260	690
260	778
264	265
264	271
264	277
264	288
264	304
264	318
264	360
264	361
264	434
264	439
264	457
264	505
264	507
264	519
264	551
264	575
264	576
264	593
264	619
264	625
264	632
264	642
264	663
264	716
264	736
264	737
264	753
264	821
265	271
265	277
265	360
265	434
265	457
265	555
265	575
265	593
265	625
265	632
265	736
266	270
266	301
266	393
267	609
268	329
268	411
268	439
268	521
270	301
270	307
270	393
270	758
270	797
271	277
271	288
271	318
271	360
271	434
271	439
271	457
271	459
271	495
271	505
271	506
271	507
271	570
271	575
271	576
271	586
271	593
271	619
271	625
271	632
271	636
271	663
271	669
271	713
271	736
271	737
271	754
271	806
272	276
274	287
274	539
275	387
275	505
275	625
275	736
277	283
277	288
277	360
277	361
277	434
277	439
277	457
277	459
277	478
277	495
277	505
277	507
277	551
277	554
277	555
277	565
277	575
277	576
277	593
277	619
277	625
277	632
277	669
277	693
277	712
277	736
277	737
277	806
282	384
282	439
282	459
282	504
282	527
282	663
282	736
282	737
282	771
282	798
283	434
283	457
283	575
283	593
283	632
283	669
283	712
283	736
284	782
286	407
286	482
286	769
287	539
288	360
288	434
288	439
288	457
288	461
288	505
288	507
288	554
288	565
288	576
288	593
288	625
288	632
288	636
288	669
288	712
288	736
288	737
288	798
288	806
288	821
290	515
290	524
292	464
292	742
293	579
293	730
299	505
299	733
300	664
300	813
301	307
301	393
301	758
301	797
304	434
304	457
305	636
305	673
305	736
307	393
310	435
310	528
310	667
311	638
313	330
313	339
313	355
313	401
313	454
313	455
313	476
313	623
313	665
313	694
313	700
313	794
315	323
315	395
315	459
315	515
315	524
315	527
315	533
315	567
315	636
315	663
315	735
315	736
315	737
315	810
315	839
316	384
316	430
316	518
316	631
318	391
318	461
318	495
318	505
318	506
318	507
318	636
318	642
318	649
318	670
318	716
318	736
318	754
318	784
318	798
318	821
321	592
321	647
322	840
323	390
323	500
323	515
323	524
323	527
323	533
323	663
323	810
323	839
326	360
326	483
326	576
326	609
326	676
326	834
327	372
327	709
327	729
327	849
329	432
329	439
329	753
330	355
330	397
330	401
330	454
330	455
330	476
330	623
330	665
330	694
330	794
331	738
334	561
339	355
339	401
339	454
339	455
339	476
339	623
339	665
339	694
339	700
339	794
340	422
340	484
340	548
340	573
340	582
340	644
340	683
343	656
346	377
346	626
346	629
346	679
347	418
348	490
353	370
353	849
355	401
355	454
355	455
355	476
355	623
355	665
355	694
355	700
355	753
355	794
360	434
360	439
360	457
360	459
360	483
360	505
360	507
360	575
360	576
360	593
360	619
360	625
360	632
360	669
360	736
360	737
360	806
361	459
361	505
361	625
361	636
361	736
361	737
361	806
361	849
368	679
369	675
369	688
370	536
372	709
372	729
373	391
373	461
373	670
375	507
375	521
375	695
377	629
380	408
381	758
381	774
384	430
384	504
384	518
384	631
384	748
386	587
389	661
390	500
390	515
390	524
390	527
390	810
390	839
391	461
391	495
391	506
391	636
391	642
391	649
391	670
391	716
391	736
391	754
391	821
393	758
393	797
395	400
395	472
395	591
395	726
395	735
397	665
399	690
399	778
400	633
400	705
401	454
401	455
401	476
401	623
401	654
401	665
401	694
401	700
401	794
403	436
407	482
407	485
407	558
407	601
407	769
417	486
417	666
417	739
417	758
417	850
422	484
422	548
422	573
422	582
422	644
422	683
423	515
423	533
423	567
430	518
431	650
434	439
434	457
434	505
434	507
434	519
434	554
434	575
434	576
434	593
434	619
434	625
434	632
434	669
434	693
434	712
434	736
434	737
434	753
434	759
434	806
435	528
435	667
438	490
439	457
439	459
439	505
439	507
439	519
439	521
439	527
439	554
439	575
439	576
439	581
439	593
439	625
439	628
439	632
439	669
439	736
439	737
439	753
439	788
439	798
439	806
443	447
448	529
450	786
451	549
452	555
454	455
454	476
454	623
454	654
454	665
454	694
454	700
454	753
454	794
455	476
455	623
455	654
455	665
455	694
455	700
455	794
457	459
457	505
457	507
457	527
457	554
457	575
457	576
457	593
457	619
457	625
457	628
457	632
457	663
457	669
457	693
457	712
457	736
457	737
457	753
457	798
457	819
457	849
458	731
459	505
459	507
459	519
459	521
459	524
459	527
459	575
459	586
459	593
459	632
459	636
459	663
459	669
459	695
459	736
459	737
459	753
459	788
459	798
459	806
459	810
459	839
461	495
461	505
461	506
461	565
461	636
461	642
461	649
461	670
461	716
461	736
461	754
461	798
461	806
461	821
462	636
462	649
462	725
462	784
464	603
465	659
467	751
469	671
471	536
472	735
473	669
473	673
473	819
476	623
476	665
476	694
476	700
476	753
476	794
478	495
478	505
478	506
478	507
478	526
478	541
478	636
478	642
478	649
478	716
478	736
478	754
478	798
481	741
482	558
482	769
483	609
483	676
483	834
484	548
484	573
484	582
484	644
484	683
485	558
485	601
486	666
486	739
486	758
486	850
487	765
491	500
491	515
491	524
491	527
491	567
491	663
491	737
491	839
495	505
495	506
495	507
495	541
495	636
495	642
495	649
495	716
495	736
495	737
495	754
495	798
495	806
495	821
498	589
500	515
500	524
500	527
500	533
500	567
500	663
500	810
500	839
504	518
504	631
505	506
505	507
505	526
505	570
505	575
505	576
505	593
505	619
505	625
505	632
505	636
505	642
505	649
505	661
505	663
505	669
505	713
505	716
505	736
505	737
505	754
505	784
505	798
505	806
505	821
506	507
506	577
506	636
506	642
506	649
506	713
506	716
506	736
506	754
506	798
506	806
506	821
507	526
507	554
507	570
507	576
507	593
507	625
507	632
507	636
507	642
507	663
507	669
507	712
507	713
507	716
507	736
507	737
507	753
507	754
507	798
507	806
509	536
509	717
512	551
515	524
515	527
515	533
515	567
515	663
515	744
515	810
515	819
515	836
515	839
518	631
518	748
519	576
519	593
519	632
519	661
519	736
519	737
519	806
521	527
521	636
521	695
521	736
524	527
524	533
524	567
524	663
524	737
524	744
524	771
524	810
524	839
526	713
526	716
526	798
527	533
527	567
527	576
527	636
527	663
527	737
527	771
527	810
527	839
528	667
532	725
533	567
533	663
533	810
533	839
535	841
536	717
536	741
536	798
537	656
541	636
541	642
541	649
541	716
541	736
541	754
541	784
543	554
548	573
548	582
548	644
548	683
551	736
552	630
554	575
554	576
554	593
554	625
554	632
554	663
554	669
554	711
556	625
558	601
564	849
565	575
565	736
566	735
567	663
567	810
567	839
570	586
570	593
570	636
570	669
570	798
570	806
573	582
573	644
573	683
573	689
575	576
575	593
575	625
575	632
575	669
575	712
575	736
575	737
575	806
576	593
576	609
576	619
576	625
576	632
576	636
576	663
576	669
576	712
576	713
576	736
576	737
576	798
576	806
577	594
577	632
577	636
577	649
577	716
577	736
577	754
577	798
577	806
578	683
581	737
581	753
582	644
582	668
582	683
583	737
586	736
586	806
591	726
591	735
592	647
593	619
593	625
593	632
593	636
593	642
593	649
593	661
593	669
593	712
593	713
593	736
593	737
593	753
593	759
593	799
593	806
600	603
602	629
612	717
619	625
619	632
619	669
619	736
619	737
619	753
619	799
619	806
620	625
623	665
623	694
623	700
623	794
625	632
625	663
625	669
625	693
625	712
625	736
625	737
625	806
626	629
628	669
632	636
632	642
632	669
632	693
632	712
632	713
632	716
632	736
632	737
632	753
632	754
632	759
632	798
632	806
633	705
636	642
636	649
636	663
636	695
636	713
636	716
636	736
636	737
636	754
636	784
636	798
636	806
636	821
639	753
639	777
641	790
642	649
642	670
642	713
642	716
642	736
642	754
642	784
642	798
642	821
644	683
644	689
644	753
645	846
646	742
649	713
649	716
649	736
649	754
649	784
649	798
649	806
649	821
661	736
663	669
663	736
663	737
663	771
663	788
663	806
663	810
663	839
665	694
665	794
666	739
666	758
666	850
669	712
669	736
669	737
669	798
669	806
670	736
670	821
673	734
673	744
673	819
675	688
676	834
680	710
683	689
686	844
690	778
691	757
694	700
694	753
694	794
699	797
700	794
707	810
709	729
712	736
712	737
713	716
713	736
713	754
713	784
713	798
713	806
716	736
716	754
716	784
716	798
716	806
717	741
726	735
736	737
736	754
736	784
736	798
736	799
736	806
736	821
736	849
737	771
737	788
737	798
737	806
737	810
737	839
739	758
739	769
739	850
742	813
744	819
753	777
753	788
753	794
754	784
754	798
754	821
758	774
758	775
758	797
758	850
774	775
784	806
797	813
798	806
798	821
798	832
810	836
810	839
819	839
8	1
293	1
579	1
44	2
369	3
675	3
688	3
37	5
90	5
103	5
136	5
185	5
186	5
198	5
256	5
271	5
439	5
457	5
459	5
505	5
639	5
669	5
736	5
777	5
806	5
293	8
579	8
62	9
191	9
379	9
718	10
457	11
570	11
586	11
632	11
737	11
806	11
586	12
296	13
591	13
52	15
58	15
71	15
90	15
122	15
132	15
172	15
222	15
315	15
323	15
390	15
491	15
500	15
515	15
524	15
527	15
533	15
567	15
663	15
707	15
737	15
744	15
784	15
810	15
819	15
839	15
78	23
82	23
166	23
190	23
340	23
422	23
484	23
548	23
573	23
582	23
644	23
683	23
689	23
851	24
636	28
807	28
313	29
330	29
339	29
355	29
401	29
454	29
455	29
476	29
623	29
665	29
694	29
700	29
794	29
103	30
104	30
132	30
179	30
256	30
264	30
265	30
277	30
288	30
434	30
457	30
507	30
575	30
576	30
593	30
625	30
712	30
736	30
737	30
292	31
471	31
107	34
178	34
233	34
316	34
384	34
430	34
504	34
518	34
631	34
748	34
384	36
504	36
132	37
136	37
186	37
216	37
639	37
737	37
777	37
788	37
146	38
346	38
377	38
626	38
629	38
256	39
361	39
554	39
736	39
103	41
116	48
144	48
270	48
301	48
307	48
393	48
417	48
486	48
666	48
739	48
758	48
774	48
775	48
797	48
850	48
58	52
69	52
76	52
90	52
104	52
132	52
179	52
185	52
264	52
265	52
277	52
288	52
311	52
315	52
439	52
457	52
459	52
505	52
507	52
524	52
527	52
554	52
575	52
586	52
593	52
625	52
632	52
663	52
669	52
673	52
712	52
736	52
737	52
744	52
753	52
788	52
798	52
819	52
90	58
132	58
459	58
473	58
524	58
663	58
669	58
673	58
737	58
810	58
819	58
839	58
191	62
379	62
138	63
275	63
387	63
78	64
166	64
573	64
644	64
683	64
347	65
200	67
315	68
90	69
104	69
268	69
282	69
329	69
439	69
459	69
521	69
586	69
628	69
636	69
737	69
798	69
90	71
122	71
222	71
459	71
500	71
521	71
524	71
527	71
636	71
663	71
695	71
810	71
839	71
123	72
451	72
549	72
258	74
407	74
485	74
558	74
601	74
90	76
103	76
104	76
132	76
179	76
185	76
256	76
264	76
265	76
271	76
277	76
283	76
288	76
360	76
434	76
439	76
457	76
505	76
507	76
519	76
554	76
575	76
576	76
593	76
619	76
625	76
632	76
663	76
669	76
693	76
736	76
737	76
753	76
759	76
799	76
109	77
327	77
372	77
709	77
729	77
82	78
166	78
190	78
340	78
422	78
484	78
548	78
573	78
582	78
644	78
668	78
683	78
813	81
166	82
190	82
340	82
422	82
484	82
548	82
573	82
582	82
644	82
683	82
170	85
368	85
679	85
718	86
103	90
104	90
132	90
172	90
198	90
222	90
264	90
282	90
315	90
323	90
439	90
459	90
491	90
500	90
505	90
507	90
515	90
521	90
524	90
527	90
533	90
567	90
636	90
639	90
649	90
663	90
695	90
716	90
736	90
737	90
754	90
771	90
798	90
806	90
810	90
839	90
425	92
516	94
259	96
523	98
179	102
104	103
132	103
179	103
185	103
256	103
264	103
265	103
271	103
277	103
288	103
318	103
360	103
361	103
434	103
439	103
457	103
459	103
478	103
505	103
507	103
554	103
575	103
576	103
593	103
619	103
625	103
632	103
636	103
669	103
713	103
716	103
736	103
737	103
759	103
806	103
132	104
179	104
185	104
256	104
264	104
265	104
271	104
277	104
282	104
283	104
288	104
304	104
360	104
434	104
439	104
457	104
459	104
505	104
507	104
554	104
575	104
576	104
593	104
619	104
625	104
628	104
632	104
669	104
712	104
736	104
737	104
753	104
788	104
798	104
141	105
386	105
587	105
178	107
316	107
384	107
518	107
631	107
327	109
372	109
709	109
729	109
849	109
272	110
276	110
119	111
292	113
464	113
768	113
158	114
229	114
260	114
399	114
690	114
778	114
417	116
486	116
666	116
739	116
758	116
850	116
375	121
521	121
451	123
549	123
637	131
179	132
185	132
222	132
256	132
264	132
277	132
282	132
288	132
305	132
315	132
434	132
439	132
457	132
459	132
500	132
505	132
507	132
515	132
524	132
527	132
570	132
575	132
576	132
583	132
593	132
619	132
625	132
628	132
632	132
663	132
669	132
673	132
695	132
712	132
736	132
737	132
744	132
771	132
788	132
798	132
806	132
810	132
819	132
839	132
849	132
672	134
198	135
213	135
461	135
495	135
636	135
642	135
649	135
716	135
754	135
821	135
639	136
737	136
213	138
264	138
275	138
277	138
318	138
391	138
461	138
495	138
505	138
642	138
670	138
736	138
821	138
286	140
686	140
769	140
844	140
386	141
587	141
333	143
774	144
775	144
346	146
602	146
626	146
629	146
555	147
434	149
632	149
225	152
243	152
300	152
769	152
797	152
813	152
269	153
216	154
487	154
765	154
267	155
609	155
159	156
518	156
803	156
229	158
260	158
399	158
690	158
778	158
384	159
518	159
803	159
450	160
555	160
786	160
408	161
733	163
190	166
340	166
422	166
484	166
548	166
573	166
582	166
644	166
668	166
683	166
326	168
483	168
609	168
676	168
834	168
368	170
679	170
211	172
222	172
315	172
323	172
390	172
423	172
491	172
500	172
515	172
524	172
527	172
533	172
567	172
663	172
744	172
810	172
819	172
839	172
703	177
233	178
316	178
384	178
430	178
518	178
185	179
256	179
264	179
271	179
277	179
434	179
439	179
457	179
505	179
507	179
554	179
575	179
576	179
593	179
625	179
632	179
711	179
736	179
737	179
759	179
798	179
193	183
331	183
738	183
256	185
264	185
271	185
277	185
283	185
288	185
360	185
361	185
434	185
439	185
457	185
505	185
519	185
554	185
575	185
576	185
593	185
625	185
632	185
669	185
736	185
737	185
798	185
639	186
753	186
777	186
268	187
803	187
340	190
422	190
484	190
573	190
582	190
644	190
683	190
689	190
379	191
331	193
738	193
369	195
675	195
213	198
264	198
271	198
459	198
461	198
462	198
495	198
505	198
506	198
507	198
521	198
527	198
541	198
577	198
593	198
632	198
636	198
642	198
649	198
716	198
736	198
754	198
784	198
798	198
806	198
821	198
310	203
435	203
528	203
667	203
728	204
452	206
603	206
323	211
390	211
251	213
264	213
318	213
361	213
391	213
461	213
478	213
495	213
505	213
506	213
541	213
551	213
565	213
577	213
636	213
642	213
649	213
670	213
716	213
736	213
754	213
784	213
798	213
806	213
821	213
487	216
531	216
639	216
765	216
281	217
248	218
398	221
315	222
323	222
390	222
491	222
500	222
515	222
524	222
527	222
533	222
567	222
663	222
737	222
810	222
819	222
839	222
464	223
537	223
741	223
243	225
797	225
813	225
421	226
690	229
384	233
430	233
321	237
592	237
647	237
408	240
797	243
813	243
406	245
511	246
292	249
699	250
505	251
506	251
636	251
642	251
649	251
736	251
821	251
286	254
264	256
265	256
271	256
277	256
283	256
288	256
360	256
361	256
434	256
439	256
457	256
459	256
505	256
507	256
519	256
554	256
556	256
575	256
576	256
593	256
619	256
625	256
632	256
669	256
693	256
712	256
736	256
737	256
753	256
799	256
806	256
286	258
407	258
482	258
485	258
558	258
601	258
769	258
399	260
690	260
778	260
265	264
271	264
277	264
288	264
304	264
318	264
360	264
361	264
434	264
439	264
457	264
505	264
507	264
519	264
551	264
575	264
576	264
593	264
619	264
625	264
632	264
642	264
663	264
716	264
736	264
737	264
753	264
821	264
271	265
277	265
360	265
434	265
457	265
555	265
575	265
593	265
625	265
632	265
736	265
270	266
301	266
393	266
609	267
329	268
411	268
439	268
521	268
301	270
307	270
393	270
758	270
797	270
277	271
288	271
318	271
360	271
434	271
439	271
457	271
459	271
495	271
505	271
506	271
507	271
570	271
575	271
576	271
586	271
593	271
619	271
625	271
632	271
636	271
663	271
669	271
713	271
736	271
737	271
754	271
806	271
276	272
287	274
539	274
387	275
505	275
625	275
736	275
283	277
288	277
360	277
361	277
434	277
439	277
457	277
459	277
478	277
495	277
505	277
507	277
551	277
554	277
555	277
565	277
575	277
576	277
593	277
619	277
625	277
632	277
669	277
693	277
712	277
736	277
737	277
806	277
384	282
439	282
459	282
504	282
527	282
663	282
736	282
737	282
771	282
798	282
434	283
457	283
575	283
593	283
632	283
669	283
712	283
736	283
782	284
407	286
482	286
769	286
539	287
360	288
434	288
439	288
457	288
461	288
505	288
507	288
554	288
565	288
576	288
593	288
625	288
632	288
636	288
669	288
712	288
736	288
737	288
798	288
806	288
821	288
515	290
524	290
464	292
742	292
579	293
730	293
505	299
733	299
664	300
813	300
307	301
393	301
758	301
797	301
434	304
457	304
636	305
673	305
736	305
393	307
435	310
528	310
667	310
638	311
330	313
339	313
355	313
401	313
454	313
455	313
476	313
623	313
665	313
694	313
700	313
794	313
323	315
395	315
459	315
515	315
524	315
527	315
533	315
567	315
636	315
663	315
735	315
736	315
737	315
810	315
839	315
384	316
430	316
518	316
631	316
391	318
461	318
495	318
505	318
506	318
507	318
636	318
642	318
649	318
670	318
716	318
736	318
754	318
784	318
798	318
821	318
592	321
647	321
840	322
390	323
500	323
515	323
524	323
527	323
533	323
663	323
810	323
839	323
360	326
483	326
576	326
609	326
676	326
834	326
372	327
709	327
729	327
849	327
432	329
439	329
753	329
355	330
397	330
401	330
454	330
455	330
476	330
623	330
665	330
694	330
794	330
738	331
561	334
355	339
401	339
454	339
455	339
476	339
623	339
665	339
694	339
700	339
794	339
422	340
484	340
548	340
573	340
582	340
644	340
683	340
656	343
377	346
626	346
629	346
679	346
418	347
490	348
370	353
849	353
401	355
454	355
455	355
476	355
623	355
665	355
694	355
700	355
753	355
794	355
434	360
439	360
457	360
459	360
483	360
505	360
507	360
575	360
576	360
593	360
619	360
625	360
632	360
669	360
736	360
737	360
806	360
459	361
505	361
625	361
636	361
736	361
737	361
806	361
849	361
679	368
675	369
688	369
536	370
709	372
729	372
391	373
461	373
670	373
507	375
521	375
695	375
629	377
408	380
758	381
774	381
430	384
504	384
518	384
631	384
748	384
587	386
661	389
500	390
515	390
524	390
527	390
810	390
839	390
461	391
495	391
506	391
636	391
642	391
649	391
670	391
716	391
736	391
754	391
821	391
758	393
797	393
400	395
472	395
591	395
726	395
735	395
665	397
690	399
778	399
633	400
705	400
454	401
455	401
476	401
623	401
654	401
665	401
694	401
700	401
794	401
436	403
482	407
485	407
558	407
601	407
769	407
486	417
666	417
739	417
758	417
850	417
484	422
548	422
573	422
582	422
644	422
683	422
515	423
533	423
567	423
518	430
650	431
439	434
457	434
505	434
507	434
519	434
554	434
575	434
576	434
593	434
619	434
625	434
632	434
669	434
693	434
712	434
736	434
737	434
753	434
759	434
806	434
528	435
667	435
490	438
457	439
459	439
505	439
507	439
519	439
521	439
527	439
554	439
575	439
576	439
581	439
593	439
625	439
628	439
632	439
669	439
736	439
737	439
753	439
788	439
798	439
806	439
447	443
529	448
786	450
549	451
555	452
455	454
476	454
623	454
654	454
665	454
694	454
700	454
753	454
794	454
476	455
623	455
654	455
665	455
694	455
700	455
794	455
459	457
505	457
507	457
527	457
554	457
575	457
576	457
593	457
619	457
625	457
628	457
632	457
663	457
669	457
693	457
712	457
736	457
737	457
753	457
798	457
819	457
849	457
731	458
505	459
507	459
519	459
521	459
524	459
527	459
575	459
586	459
593	459
632	459
636	459
663	459
669	459
695	459
736	459
737	459
753	459
788	459
798	459
806	459
810	459
839	459
495	461
505	461
506	461
565	461
636	461
642	461
649	461
670	461
716	461
736	461
754	461
798	461
806	461
821	461
636	462
649	462
725	462
784	462
603	464
659	465
751	467
671	469
536	471
735	472
669	473
673	473
819	473
623	476
665	476
694	476
700	476
753	476
794	476
495	478
505	478
506	478
507	478
526	478
541	478
636	478
642	478
649	478
716	478
736	478
754	478
798	478
741	481
558	482
769	482
609	483
676	483
834	483
548	484
573	484
582	484
644	484
683	484
558	485
601	485
666	486
739	486
758	486
850	486
765	487
500	491
515	491
524	491
527	491
567	491
663	491
737	491
839	491
505	495
506	495
507	495
541	495
636	495
642	495
649	495
716	495
736	495
737	495
754	495
798	495
806	495
821	495
589	498
515	500
524	500
527	500
533	500
567	500
663	500
810	500
839	500
518	504
631	504
506	505
507	505
526	505
570	505
575	505
576	505
593	505
619	505
625	505
632	505
636	505
642	505
649	505
661	505
663	505
669	505
713	505
716	505
736	505
737	505
754	505
784	505
798	505
806	505
821	505
507	506
577	506
636	506
642	506
649	506
713	506
716	506
736	506
754	506
798	506
806	506
821	506
526	507
554	507
570	507
576	507
593	507
625	507
632	507
636	507
642	507
663	507
669	507
712	507
713	507
716	507
736	507
737	507
753	507
754	507
798	507
806	507
536	509
717	509
551	512
524	515
527	515
533	515
567	515
663	515
744	515
810	515
819	515
836	515
839	515
631	518
748	518
576	519
593	519
632	519
661	519
736	519
737	519
806	519
527	521
636	521
695	521
736	521
527	524
533	524
567	524
663	524
737	524
744	524
771	524
810	524
839	524
713	526
716	526
798	526
533	527
567	527
576	527
636	527
663	527
737	527
771	527
810	527
839	527
667	528
725	532
567	533
663	533
810	533
839	533
841	535
717	536
741	536
798	536
656	537
636	541
642	541
649	541
716	541
736	541
754	541
784	541
554	543
573	548
582	548
644	548
683	548
736	551
630	552
575	554
576	554
593	554
625	554
632	554
663	554
669	554
711	554
625	556
601	558
849	564
575	565
736	565
735	566
663	567
810	567
839	567
586	570
593	570
636	570
669	570
798	570
806	570
582	573
644	573
683	573
689	573
576	575
593	575
625	575
632	575
669	575
712	575
736	575
737	575
806	575
593	576
609	576
619	576
625	576
632	576
636	576
663	576
669	576
712	576
713	576
736	576
737	576
798	576
806	576
594	577
632	577
636	577
649	577
716	577
736	577
754	577
798	577
806	577
683	578
737	581
753	581
644	582
668	582
683	582
737	583
736	586
806	586
726	591
735	591
647	592
619	593
625	593
632	593
636	593
642	593
649	593
661	593
669	593
712	593
713	593
736	593
737	593
753	593
759	593
799	593
806	593
603	600
629	602
717	612
625	619
632	619
669	619
736	619
737	619
753	619
799	619
806	619
625	620
665	623
694	623
700	623
794	623
632	625
663	625
669	625
693	625
712	625
736	625
737	625
806	625
629	626
669	628
636	632
642	632
669	632
693	632
712	632
713	632
716	632
736	632
737	632
753	632
754	632
759	632
798	632
806	632
705	633
642	636
649	636
663	636
695	636
713	636
716	636
736	636
737	636
754	636
784	636
798	636
806	636
821	636
753	639
777	639
790	641
649	642
670	642
713	642
716	642
736	642
754	642
784	642
798	642
821	642
683	644
689	644
753	644
846	645
742	646
713	649
716	649
736	649
754	649
784	649
798	649
806	649
821	649
736	661
669	663
736	663
737	663
771	663
788	663
806	663
810	663
839	663
694	665
794	665
739	666
758	666
850	666
712	669
736	669
737	669
798	669
806	669
736	670
821	670
734	673
744	673
819	673
688	675
834	676
710	680
689	683
844	686
778	690
757	691
700	694
753	694
794	694
797	699
794	700
810	707
729	709
736	712
737	712
716	713
736	713
754	713
784	713
798	713
806	713
736	716
754	716
784	716
798	716
806	716
741	717
735	726
737	736
754	736
784	736
798	736
799	736
806	736
821	736
849	736
771	737
788	737
798	737
806	737
810	737
839	737
758	739
769	739
850	739
813	742
819	744
777	753
788	753
794	753
784	754
798	754
821	754
774	758
775	758
797	758
850	758
775	774
806	784
813	797
806	798
821	798
832	798
836	810
839	810
839	819
