231	1931
231	1347
231	584
231	3291
231	507
3699	398
3699	3049
137	937
137	2070
358	652
358	3253
2655	2138
2655	4074
2526	1269
526	1398
526	3607
526	561
526	2490
526	4243
526	991
526	3674
526	3427
526	2183
526	86
526	3779
526	1130
526	522
526	1943
3863	2489
3863	4611
3863	718
3863	1036
3863	3184
3863	3425
91	4611
91	3389
3115	1097
3115	4034
3115	276
3115	1347
3115	59
3115	3980
3115	3389
3115	3080
2718	4447
1398	3799
1398	680
1398	1385
1398	430
1398	4506
1398	1948
1398	540
1398	4127
1398	3390
1398	1024
1398	3779
1398	3651
1398	1718
4132	1580
4132	4450
4132	473
4132	4571
4132	4596
4132	3296
4132	274
4132	931
4132	3591
4132	4564
4132	4593
1638	102
1638	3980
1638	4253
3408	2935
3408	3291
2524	3674
2524	206
471	2469
471	507
3193	2930
3193	4545
1215	2791
1215	189
1215	1380
1215	3412
793	2023
793	4506
793	3389
4045	3920
4045	2413
4045	521
2174	4185
2174	3503
679	4185
679	2366
679	102
679	4392
679	4674
679	3734
679	3437
924	4506
924	2507
924	2706
924	4061
924	3708
1263	1176
1263	1601
3704	2489
4494	1613
4494	3502
4494	982
4494	482
4494	1156
4494	4533
4494	4678
4494	2447
4494	2045
4494	2051
4494	313
4494	4527
364	249
364	1269
3757	1775
1478	2837
1478	2978
1478	3909
4625	3682
4625	66
4625	1549
4664	1315
4664	2274
4664	1040
4664	1121
1136	3108
546	2973
546	817
546	4216
546	2952
546	2584
546	2071
546	1441
2973	817
2973	4216
2973	2952
2973	2584
2973	2071
2973	1441
2973	4011
817	4216
817	2952
817	2071
817	1441
4216	2952
4216	2584
4216	2071
4216	1441
2952	2584
2952	2071
2952	3312
2952	3724
3461	4433
3461	3380
3461	3101
3461	4374
3461	4105
3461	1121
3461	3296
3461	1399
4433	2397
2671	4523
2671	1618
2671	3992
2671	230
2671	3577
2671	3734
1869	4112
4523	1975
4523	3692
4523	4645
4523	3824
4523	458
4523	4392
4523	345
4523	3921
4523	3139
4523	1952
4523	4173
4523	2572
4523	162
3955	1403
3955	1452
95	1150
2142	2845
4675	1414
4675	982
4675	4464
4675	249
4675	4643
4675	2051
287	206
287	706
2160	2575
2160	356
2160	561
2160	2490
2575	356
2575	561
2575	2490
2575	2667
2575	3427
356	561
356	2490
356	2667
356	3427
356	3299
356	1984
356	3061
356	3621
1940	230
1940	1948
3866	249
649	2090
649	4611
649	739
3952	3734
1944	1567
1944	3734
1944	3780
1260	3039
1018	529
1018	2259
3607	1852
3607	921
4360	1602
4360	2767
824	2278
824	4136
824	1434
824	1058
824	4500
824	922
824	1845
824	3425
1575	3991
370	4611
370	1269
370	4067
1615	1712
2042	4454
2042	4105
2042	1286
561	2490
561	194
561	3799
561	3714
561	2489
561	2278
561	3214
561	335
561	1473
561	2208
561	4429
561	2667
561	3427
561	14
561	59
561	2164
561	1033
561	718
561	1130
561	3734
561	922
2490	3427
2490	3896
3372	407
4679	3592
4680	1797
4680	1167
4680	1613
4680	760
4680	249
4680	1117
4680	3003
2362	2166
2362	4437
2362	1801
2362	3488
2362	3438
2362	870
3599	534
3599	3791
4637	2029
1754	2672
4598	3695
4598	3170
4598	2124
4598	1518
4598	652
1287	123
4669	1600
4669	1863
3208	1600
3208	3396
3208	749
3208	3365
3208	2805
3208	1745
3208	770
3208	246
3208	3104
3208	4663
3208	1279
3208	3728
3208	2254
3208	4207
3208	1948
3208	865
3208	4454
3208	1749
3208	2318
3208	900
3208	2363
3208	30
3208	4651
3208	3660
3208	2098
3208	2299
3208	4414
3208	435
3208	3296
3208	921
3208	521
3208	1003
3208	2459
3208	2604
3208	2865
1432	3778
1432	3900
1432	1607
1432	2945
1432	1338
1432	161
1432	2020
1432	3046
629	4454
629	2299
3017	112
3017	1836
3760	140
3760	63
659	2617
2407	3108
3108	2536
3108	2111
3108	2315
3108	3040
3108	2194
3108	3522
3108	2938
3108	572
3108	2613
3108	2945
3108	3336
3108	2304
3108	2123
3108	3600
3108	2353
3108	3841
3108	658
3108	3456
3108	1799
3108	2666
3108	4143
3108	2274
3108	2199
3108	2332
3108	1774
3108	2171
3108	1299
3108	1719
3108	3291
3108	1121
3108	4666
3108	4414
3108	2222
3108	3375
3108	3642
3108	739
3108	74
3108	70
3108	970
3108	1079
3108	1429
3108	1467
3108	1633
3108	1752
3108	1779
3108	2040
3108	2050
3108	2051
3108	3794
3108	2157
3108	2269
3108	2437
3108	2467
3108	2505
3108	2519
3108	2552
3108	2637
3108	3242
3108	3413
3108	3838
3108	3948
3108	1888
4532	2536
542	2536
2536	194
2536	4381
2536	950
2536	2578
2536	0
2536	1
2536	389
194	1437
194	1347
194	584
194	2098
194	3389
194	3291
194	1130
194	3425
4381	0
4381	1286
4381	3556
950	2578
950	0
950	1437
2578	0
2578	1437
2567	1414
2567	507
441	249
441	1269
441	3351
441	205
140	2111
140	4107
140	4112
140	3972
3396	2189
1840	2935
1840	249
217	766
217	707
217	148
217	2438
766	249
766	707
766	2447
2818	3222
2818	1842
2106	2557
2106	206
2557	2060
2287	847
2287	3609
2287	3077
2287	4011
2287	81
2287	2667
2287	3427
2287	1689
2348	3799
2348	4384
2348	4206
2348	4429
2348	2667
2348	3427
2348	3573
3195	979
3195	3780
1332	61
1332	1562
1332	112
1332	3638
1332	584
1332	4596
2111	2933
2111	4488
2111	3813
2111	4665
2111	2192
2111	906
2111	1567
2111	2171
2111	2895
2111	66
2111	804
4660	2295
4182	2767
951	458
951	504
1885	718
1885	569
1214	1510
3900	2368
3900	2955
3900	1194
2509	1767
2509	979
2315	2146
2315	3734
2315	3296
2315	3175
2315	3230
2315	1709
1353	803
1353	4554
1353	633
1353	3077
1353	745
1353	775
1353	733
1353	738
1353	3734
1353	108
1353	1429
1353	2131
803	4554
803	745
803	775
803	4252
803	3818
803	733
803	167
803	1753
803	1653
2460	3101
1451	3734
1451	548
3799	639
3799	748
3799	430
3799	2667
3799	3427
3799	4127
3799	4651
3799	2842
3770	1314
4490	174
2933	3534
2933	3567
2933	1574
2933	4488
2933	3813
2933	3086
2933	4665
2933	2192
2933	906
2933	1567
2933	2171
2933	2895
2933	86
2933	1397
2837	650
2837	2844
596	3962
596	1369
2887	652
2887	4427
2887	58
2887	2580
2887	308
3894	1328
3894	921
4384	2366
4384	3222
4384	4657
4574	3437
1348	3222
1348	3896
1348	206
1348	2070
1348	2989
4655	2569
4655	1601
4655	86
4655	1943
1386	2938
1386	249
1808	4046
1808	4064
3385	1437
3385	1981
3385	3296
3385	1779
4046	3077
4046	2281
4046	691
1596	1625
1596	2888
61	1246
61	1314
61	2947
61	2145
61	877
61	1984
61	1335
61	4028
61	1888
2930	1975
2930	847
2930	863
2930	896
2930	81
2930	3728
2930	577
2930	102
2930	2166
2930	2554
2930	4333
2930	4392
2930	3896
2930	3942
2930	3723
2930	3677
2930	1738
2930	1308
2930	2098
2930	2882
2930	1856
2930	2632
2930	1367
2930	2365
4088	966
4088	504
3356	4227
422	2512
422	112
422	1836
422	2098
422	2188
422	1270
492	1191
492	590
4254	4056
4254	625
4254	3824
4254	4571
4254	1847
4254	4064
4254	1535
3159	185
1684	818
1684	967
1684	4515
3321	323
3321	4546
3321	618
1762	3814
1762	529
1762	2140
1762	4584
4238	4015
4238	1098
4238	1788
3814	529
3814	1729
3814	2140
3814	4584
2569	1262
4130	119
4130	2325
4457	4015
4457	4465
4457	3334
4457	2007
4457	3785
4457	1349
4457	3734
4457	3437
4457	1788
4457	1211
1767	3417
1767	4336
1767	3823
1767	1800
3007	3055
3007	2010
3007	3560
3007	458
3007	3823
3007	550
3007	2979
3007	504
3007	2188
3007	3734
3007	1788
3714	178
3714	2171
3714	4036
3714	946
3714	2209
3714	3573
3714	3230
3714	2253
4485	2471
4485	570
1797	982
1797	580
2791	2474
2791	1736
2791	3412
2221	1551
2221	1607
2221	3832
2221	786
2221	1567
2221	2955
2221	2833
2221	326
2221	1270
2221	122
2282	1551
2282	1607
2282	786
2282	1349
2282	2833
2282	326
2282	1270
2282	122
2282	3425
2489	1551
2489	1607
2489	3832
2489	2833
2489	326
2489	2642
2489	3425
2278	4122
3040	1223
3040	3184
3040	3230
3040	3680
2023	1981
2023	3647
2023	1511
2023	1403
2023	271
2023	718
2023	2989
2023	2223
2023	1980
2023	2609
1437	4667
1437	1314
1437	569
1437	1984
1437	3296
1437	1078
63	1729
63	2074
63	3296
2584	2071
2584	1441
1551	1528
1551	2294
1551	2281
1551	4429
1551	814
2071	1441
2071	4414
2071	1337
2071	922
621	2443
621	2472
4015	3858
4015	620
4015	2726
4015	3529
4015	577
4015	3101
4015	3793
4015	3173
4015	1921
4015	3389
4015	3437
4015	3296
4015	1788
4015	825
4015	3212
4015	3663
771	1370
771	4011
771	1518
771	979
771	2226
529	4011
529	2140
529	4584
529	4500
529	1567
529	4354
529	3611
529	1878
529	2378
1009	30
1009	2642
3091	4090
3091	99
3091	1170
639	2734
639	758
639	1716
639	1648
639	161
639	128
639	2226
639	1689
639	767
1370	4011
1370	4071
1370	979
1607	4289
1607	3427
1607	647
1607	687
1607	2632
1607	15
1607	3175
1607	162
1607	3708
1607	1957
1607	1023
3345	770
3345	541
3345	3723
3345	1369
3345	41
3345	3734
3345	2413
3345	901
4444	4611
4444	3780
4444	519
1562	4495
1562	2037
1562	550
1562	345
1562	652
1562	138
1251	4376
4495	652
2962	1314
2962	2612
2962	2746
2962	900
2962	3832
2962	39
2962	877
2962	3390
2962	652
2962	2580
1485	3779
1618	1792
1618	2182
1618	302
1340	2138
1340	4074
1340	4269
1340	366
392	3077
392	2366
392	814
392	1347
392	2175
392	1269
392	2299
918	2194
193	4338
2052	4266
2052	1887
2052	3283
2052	969
2052	452
2052	2666
2052	2363
2052	249
2052	707
2052	949
2052	1868
2052	2370
1975	2138
1975	4090
1975	4034
1975	1314
1975	3692
1975	3723
1975	3677
1975	3638
1975	4262
1975	1986
1975	4234
4289	1207
1191	3962
1191	41
1191	1270
749	3101
749	1518
2138	4074
2138	3678
2138	4351
2138	3302
2138	3560
2138	3467
2138	81
2138	3692
2138	3824
2138	2554
2138	816
2138	2875
2138	4392
2138	3942
2138	3638
2138	1738
2138	900
2138	3299
2138	3793
2138	2200
2138	2334
2138	692
2138	1337
2138	1747
2138	1986
2138	1788
2138	2340
2138	1542
2138	4204
2138	1023
4074	1530
4074	1738
4074	2200
4074	692
4074	1337
4074	1747
2978	3444
275	663
275	3036
275	4090
275	66
275	4334
663	4414
2964	430
2964	2476
2964	318
2964	30
2964	2070
2964	123
2964	4603
2964	2642
1624	4347
37	2281
37	2842
37	4334
3927	4036
2716	4645
2716	1518
48	2202
3762	4306
3762	2597
1630	2895
3885	3337
3885	3046
3885	3175
119	681
119	4674
119	1567
119	3389
119	4571
119	3296
119	2942
119	988
119	2642
3912	3337
3912	2438
1659	2515
1414	512
1414	4101
1414	516
1414	3283
1414	1810
1414	2901
1414	958
1414	2316
1414	4083
732	1365
4422	867
2905	3339
2831	123
1702	691
1605	273
1605	1622
2194	66
2194	1907
1974	3638
2707	881
4257	922
847	620
847	2510
847	1609
847	2195
847	4269
847	696
847	3315
847	4500
847	3389
847	1269
847	1121
847	4248
847	3780
847	3296
847	2823
1977	3175
3305	3296
2463	2846
3873	2126
3873	2305
4107	323
1834	3472
1834	744
1834	4024
1834	3220
1834	1154
1834	3106
1834	2871
1834	1252
1834	4011
1834	775
1834	4145
1834	4166
1834	3334
1834	2620
1834	4105
1834	1594
1834	1749
1834	1799
1834	2992
1834	590
1834	688
1834	4276
1834	105
1834	41
1834	218
1834	4411
1834	357
1834	806
1834	901
1834	1204
1834	1576
1834	2505
1834	2161
3214	692
3214	979
3214	41
3858	4163
3858	3635
3858	152
3858	374
3365	868
3365	711
523	1781
523	4227
523	3104
523	1981
523	1068
523	1291
523	4392
523	4105
523	4240
523	709
523	3315
523	1597
523	1369
523	2060
523	608
523	774
523	2628
3380	189
3380	3170
3380	3577
3380	3175
3380	1262
3380	4009
4472	4054
868	711
868	2786
4554	4061
3417	979
3405	4659
3405	3793
3405	3816
3405	3980
3405	233
3405	2858
4336	442
4336	2019
4336	969
4336	1800
3181	70
4460	865
3472	3708
409	2828
2079	3101
3199	3758
3199	551
3539	4379
3539	1526
3539	2447
3539	4062
3539	66
3539	1542
3539	1925
1545	1269
4060	1434
1588	3249
1588	3312
1588	4191
1588	3734
1588	4198
1167	982
1167	580
1167	249
1167	1951
1167	2901
3812	570
512	982
1098	1484
1098	15
1560	30
1560	2070
3781	2146
4369	2208
417	1262
1483	3850
1483	2125
2474	3101
2474	2016
2474	3846
4056	3086
4056	695
1174	2096
1061	3645
1061	1380
1061	345
1781	2164
1781	3389
1781	1337
1781	3734
1781	3296
1781	1525
744	2805
744	1745
744	1510
744	1496
744	881
2805	881
2805	1001
3300	4229
1410	967
2558	4536
2258	3829
3829	4064
1745	1510
1745	4479
1745	4565
1745	3577
1745	3139
1745	292
1745	2223
1745	1524
1745	2321
1745	4564
1729	1033
1729	4122
1729	1567
1729	4354
1729	2614
770	4167
770	99
770	4437
4410	102
3678	692
4063	702
4063	185
4063	547
2762	3055
2762	3723
2074	3424
2074	504
2074	1952
2074	906
2074	4620
2074	605
423	1913
423	1671
423	2969
4169	1380
4169	1871
4024	884
4024	1154
4024	2366
4024	102
4024	3222
4024	1598
4024	3082
4469	3101
4469	1349
4469	3980
1362	661
329	3101
329	1518
3522	1981
3522	4009
4213	123
2629	550
2629	1567
4090	3302
4090	139
4090	3692
4090	3824
4090	2704
4090	99
4090	1170
4090	3942
4090	1540
4090	979
4090	1986
4090	963
4090	1984
4090	2378
4090	162
4358	1097
4358	92
4358	93
4358	3734
4358	3296
4358	1452
1097	92
1097	1962
1097	3734
1097	4338
2975	504
2975	3046
2975	1270
680	1510
1197	4651
1342	1613
4034	1530
4034	3677
4034	3638
4034	1738
4034	1546
4034	474
4034	879
4034	4234
2734	4284
2734	4121
2734	128
1069	102
2118	1601
2118	3101
2343	3734
2343	1788
4659	396
4659	81
4659	3793
4659	1271
4659	3846
4659	3425
396	3560
396	3793
396	3012
938	2938
938	4432
938	1907
938	2810
2839	206
1306	1154
4227	3481
4227	1374
4227	1962
4227	1987
4227	815
4227	1433
4227	1627
4227	2158
4227	2312
4227	2433
4227	2681
4227	3143
3550	1173
3550	1952
3550	1058
3550	4122
3550	2226
3550	689
4545	3529
4545	4392
4545	1738
4545	2365
4545	1397
1495	652
620	849
620	2345
620	4530
620	333
620	696
620	190
620	3424
620	1349
620	4437
620	3291
620	4278
620	769
620	1391
620	2642
620	3511
1510	4479
1510	2406
1510	1135
1510	292
1510	1183
1510	1489
335	4011
335	345
2784	2064
2784	1369
4550	1385
4550	650
4550	3734
2726	1567
2726	3708
884	2294
884	4064
80	1121
80	3734
80	1258
3220	3573
309	3104
309	4374
309	1518
309	3734
309	3296
1352	1304
4101	2469
4101	1951
3228	549
1436	541
1436	3403
1230	969
1154	102
1154	2146
1154	1290
1154	3082
1154	133
1154	1747
1154	2937
1154	3734
1154	3296
121	4437
121	3779
4351	3389
4351	2642
4357	2478
4398	2089
3015	458
3015	504
3015	1228
1123	1269
1613	56
1613	2026
1613	3255
1613	1887
1613	3502
1613	3283
1613	2363
1613	249
1613	1156
1613	4488
1613	4665
1613	2192
1613	692
1613	3179
1613	707
1613	949
1613	218
1613	1765
1613	551
1613	810
1613	1502
1613	2051
2935	2810
2935	4009
2938	1400
2938	3283
2938	1156
2938	160
2938	4083
2938	4446
2938	4527
760	313
669	2963
669	2246
669	4117
1385	1004
1385	3675
3065	2681
1798	1889
1798	794
1798	3826
2397	206
2397	3780
1469	3502
3251	3105
3251	3389
3251	2447
3251	4338
3251	608
1992	205
56	3255
2026	1887
2026	534
2026	3283
2026	218
2026	1868
3255	1570
3255	4665
3255	2192
3255	692
3255	2970
1887	3502
1887	4379
1887	982
1887	462
1887	1889
1887	482
1887	1156
1887	1951
1887	4533
1887	2447
1887	218
1887	1868
1887	4643
1887	551
1887	66
1887	2051
1887	2844
1887	313
1887	4527
1007	569
1007	933
3928	3949
3928	366
3928	569
2454	2846
2454	992
2454	1863
2454	2124
2454	1952
2454	652
2454	3253
2454	1806
2454	1957
3055	4269
3055	3692
3055	2879
3055	26
3055	3278
2116	3312
246	2070
246	2999
246	1637
246	3889
3529	3104
3529	4011
3529	4005
3529	2048
3529	3296
3529	1036
3609	3695
3609	3509
3609	570
3609	2632
3369	3058
196	661
2613	4121
3178	3336
3178	4450
3178	3734
3178	3296
3589	3638
3589	2368
3589	1264
3589	3067
3589	2395
3589	3046
3589	110
3589	1796
3589	3058
3589	3212
1400	334
1400	4379
1400	3337
1400	2363
1400	1868
1400	4643
1400	1925
1400	2045
1400	313
1400	4527
1400	2703
4606	863
4606	1121
1961	3296
4315	1273
2213	507
904	1036
3360	4086
812	903
812	4437
812	1337
812	3296
3695	1315
3695	863
3695	4269
3695	758
3695	2227
3695	3389
3695	1984
3695	2173
3695	1482
3695	2737
3695	990
3695	3410
3695	3584
3302	1314
2861	478
3039	66
3039	1399
2741	1119
2741	478
4316	1601
4027	1406
334	1778
334	4081
1322	2274
1322	1269
1322	958
116	3682
18	2366
18	230
3850	4133
430	4539
430	4506
430	1889
430	3817
430	4042
430	1708
430	2820
430	3291
430	136
430	695
430	2761
92	1598
92	3633
92	1264
92	3166
92	667
92	1507
92	2073
4631	1269
1815	1863
4167	1314
4167	3077
4167	2145
4167	738
3530	2366
179	4025
3949	4163
3949	986
3949	1481
3949	152
3949	652
3949	374
3949	2787
180	3285
180	1269
740	3285
740	4011
178	1567
178	1269
178	4571
178	3425
2774	982
2774	249
2774	707
2774	1502
2774	205
2010	577
2010	230
2010	550
2010	3638
2010	3793
3502	4379
3502	982
3502	3283
3502	2570
3502	2363
3502	249
3502	2197
3502	707
3502	2901
3502	4643
3502	551
3502	1612
3502	2045
3502	2051
3502	3624
3502	2844
2251	2354
421	3734
421	3787
421	1023
3639	4297
1223	4224
1223	886
1223	3104
1223	102
1223	584
1223	3827
1223	4611
1223	4017
1223	3296
1223	2642
4224	886
4224	3104
4224	4374
4224	2909
4224	3315
4224	4502
4224	3230
886	3104
886	2334
886	4502
3104	1601
3104	4243
3104	2727
3104	2208
3104	4374
3104	1222
3104	4312
3104	4414
3104	4502
3104	3184
3104	1183
3104	1072
3104	1674
3104	1908
1610	1422
1610	4011
1610	3692
1610	2308
1610	1347
1610	578
1610	1286
1610	691
1422	1347
1422	578
937	206
937	3198
937	3751
1150	4352
1150	865
1150	1325
1150	4354
1150	1878
1150	326
1176	4676
1176	297
4308	2366
52	3734
1315	3166
1315	1397
1315	1621
1315	2753
1315	3080
1315	3247
2462	1442
2469	66
694	3337
694	66
1981	435
442	3442
442	991
442	718
442	1634
442	122
3442	4437
3442	122
2210	2963
1246	1314
1246	3077
846	1796
3249	2947
534	2410
534	249
534	4533
534	3230
1314	1428
1314	3077
1314	2064
1314	2612
1314	1738
1314	1546
1314	2246
1314	2746
1314	2979
1314	39
1314	3081
1314	877
1314	4276
1314	2719
1314	86
1314	3978
1314	4502
1314	2580
1314	4168
1314	13
1314	4203
1314	4265
1314	4234
702	2620
1235	1601
1235	3734
1235	435
1304	2294
1304	3813
1304	906
1304	1567
1378	3953
1378	1518
1378	3734
1378	594
2085	1625
2085	696
2085	4416
2085	4611
2085	3389
2085	1337
1119	249
1119	2197
1119	707
1119	3175
2410	4454
2410	4122
47	1555
1555	696
1555	687
2090	4379
2090	982
2090	412
2090	1907
2090	2178
4379	982
4379	3283
4379	3775
4379	2570
4379	2275
4379	2363
4379	249
4379	661
4379	707
4379	2901
4379	2447
4379	949
4379	1868
4379	1542
4379	69
4379	1502
4379	1925
4379	2051
4379	3820
4379	3915
4379	313
4379	4527
982	3283
982	992
982	2570
982	1889
982	495
982	2363
982	249
982	482
982	1951
982	4533
982	1269
982	949
982	551
982	1542
982	17
982	1502
982	2045
982	2051
982	3624
982	3915
982	313
2588	1408
2510	4011
2510	81
2510	2979
2510	3635
2510	979
2510	2226
262	206
262	3780
262	3212
438	3389
3283	2271
3283	97
3283	2014
3283	3353
3283	2435
3283	3337
3283	1156
3283	4533
3283	4678
3283	2447
3283	949
3283	218
3283	1868
3283	4643
3283	551
3283	1542
3283	958
3283	1925
3283	2045
3283	2051
3283	2844
3283	3820
3283	313
3283	4527
811	375
811	1845
3106	4172
3106	2727
3106	986
3106	1209
3106	57
3106	1440
3106	3577
3106	3519
3106	1337
3106	3734
3106	691
3106	2161
4172	1473
4172	4160
4172	1209
4172	3519
4172	691
1428	3077
1428	4064
1428	921
1428	1525
3077	3090
3077	2145
3336	1789
3336	4019
1789	4500
1789	1821
1601	278
1601	4243
1601	2840
1601	4333
1601	2007
1601	2246
1601	2204
1601	4440
1601	2152
1601	1240
1601	1269
1601	86
1601	1337
1601	4279
1601	2378
1601	5
1601	1852
1601	921
1601	2080
1601	2156
1601	4277
1601	1943
2271	1810
2271	3958
2271	2895
2271	4338
2271	1631
2271	608
2271	1775
2271	2126
4464	478
4464	249
4464	794
3481	1943
2304	1043
2304	3504
4539	986
3075	440
97	4295
2652	4295
4295	1847
4295	4064
3560	3677
3560	3638
3560	1738
3560	1308
3560	3734
3560	1986
3560	3296
3560	3212
4323	99
4323	4297
2806	3239
3608	4663
3608	522
278	2146
764	3734
4165	2471
4165	647
4165	1753
4165	1982
4165	1262
549	2366
549	3222
549	4189
549	1299
549	1121
549	2879
1810	4488
1810	707
1810	1925
1810	3097
4057	4248
4057	407
2481	4468
1134	1269
1134	3734
1248	3734
1248	689
3233	3924
3233	3033
3233	3997
3981	4531
462	81
462	3378
462	3101
462	3179
863	986
863	355
863	3734
863	2814
863	3296
189	914
956	3230
849	206
1252	1347
1252	584
1252	3291
1609	2195
4676	4374
4676	3734
4676	435
4676	3296
2345	4665
2345	1403
2345	1121
3924	3033
4011	3619
4011	2354
4011	2146
4011	3656
4011	2854
4011	4284
4011	1952
4011	1567
4011	979
4011	2226
4011	2858
4011	2378
4011	1509
4011	2422
3367	4269
4269	4671
4269	2107
273	662
273	206
273	2413
273	1274
2846	2947
2846	1749
2846	3980
2846	4047
2846	861
2846	2736
4044	3078
4044	3722
4044	3312
4044	3577
4044	127
4044	3734
4044	3296
478	661
478	2325
82	687
82	504
82	4437
896	3992
896	696
896	3827
896	2164
896	407
896	229
896	585
896	1270
81	3992
81	366
81	1644
81	3793
81	2098
81	4673
81	4121
3923	3101
4243	4374
4243	3272
4243	1000
4243	86
4243	3779
4243	3734
4243	3296
4243	1943
1590	3101
1234	249
1234	1518
1234	4251
1234	4527
1456	1269
2014	249
2014	707
3353	1502
994	4064
2013	3105
992	3984
992	1347
992	2719
992	1269
992	110
991	249
991	3984
991	3148
991	4062
991	110
2435	3230
2443	2472
2443	3230
4538	3230
2950	998
3619	4136
3619	4429
3619	14
3619	1567
3619	1130
3619	3425
4136	98
4136	1347
4136	4611
4136	1033
4136	3734
1374	540
2913	1279
2913	540
2913	1627
1279	540
2089	2653
2314	3456
139	206
139	4611
139	3780
139	2888
1273	571
1273	4374
1273	2610
1273	2632
1273	298
3426	584
3426	3425
2108	3723
2108	1594
2108	1337
2108	3734
2108	3212
2514	3444
2514	885
3992	2166
3992	1440
3992	3577
3992	3960
3992	161
3992	4285
3992	976
3992	3904
3674	4671
3674	3635
3674	720
3674	935
3674	1289
3674	86
3674	4657
3674	1845
4115	2366
3958	3456
3958	2363
3958	700
3958	2447
3728	2146
3728	3677
3728	2098
3728	1856
3728	3734
3728	3230
966	3082
4479	292
173	3542
173	4437
173	3173
173	699
4506	3296
4506	3213
3970	1529
3970	3444
2757	74
4580	4611
4151	3465
4151	4374
4151	3734
366	2998
366	540
366	4611
366	2900
366	1442
631	2124
1644	1325
4415	2620
4415	1594
4415	1749
4415	1337
1473	4105
1473	4611
1473	4178
4634	1726
4634	3962
4634	1369
4634	4274
2064	1849
2064	2947
2064	22
2064	41
2064	4064
2064	10
2064	2413
2064	15
1849	2947
1849	3962
3775	707
2019	3126
2019	1419
2019	712
2019	901
821	3617
625	1347
625	652
625	1083
2947	4645
2947	2632
4439	4414
2697	2885
2840	2196
1791	375
2130	299
1233	3265
1099	1269
3692	458
3692	504
3692	1653
3692	3813
3692	2833
3692	1270
3692	3212
3127	3698
4645	86
4645	1446
2402	4178
3824	458
3824	3723
3824	1156
3824	4611
3824	2189
3824	3212
458	4416
458	4636
458	658
458	550
458	504
458	4632
458	2833
458	3198
458	2786
458	976
458	1076
458	1270
758	2366
758	206
333	86
333	2021
333	1397
333	1943
2570	2363
2570	2447
2570	3296
2570	1868
2570	551
2570	3675
2570	2681
2570	4527
3645	345
775	2182
4160	1262
3672	2711
4114	1079
577	3606
577	4596
577	1788
1530	3101
1530	3083
2062	2070
2062	3519
2727	2679
2727	1712
2727	3879
2727	1286
2711	3101
2711	1712
1380	345
4367	3175
729	3222
729	4651
3856	3389
1764	3734
1764	251
1764	2191
1434	86
1434	3573
1434	2305
437	86
1539	230
1539	1856
2037	1799
2366	102
2366	3222
2366	4145
2366	482
2366	3715
2366	340
2366	1054
2366	3166
2366	4335
2366	1226
2366	3803
102	3222
102	4042
102	2070
102	2906
102	4177
102	2164
102	3082
102	3813
102	133
102	2989
102	3394
102	4354
102	58
102	4061
102	1604
3222	2070
3222	4103
3222	251
3222	3096
2704	3082
22	15
2182	4429
2182	3577
2182	3425
2182	4084
3893	3889
1528	2294
1528	1369
2294	3756
2294	1290
2294	1635
2281	1635
2590	1567
2590	4571
2590	3230
2590	3413
1889	249
1889	3915
2166	1738
2166	4543
2998	2164
2998	2940
541	869
541	1369
580	249
580	1951
580	707
580	958
580	1318
580	1502
580	1796
3823	4229
3823	628
3823	885
3823	2189
4565	1749
4565	1269
3378	2937
969	1800
969	979
969	1095
969	617
969	2060
969	3734
969	559
969	573
969	670
969	1079
969	1196
969	1376
969	1642
969	1670
969	1773
969	1925
969	2091
969	2853
99	1170
350	3296
3722	2208
3722	1125
4005	2208
4005	2191
600	206
3841	1464
4531	1542
9	4500
9	3491
3170	979
3170	2022
3170	2307
4592	1749
1611	3577
276	4437
276	59
276	4047
3101	2782
3101	3677
3101	2692
3101	4546
3101	2882
3101	4604
3101	1606
3101	2060
3101	374
3101	2966
3101	1083
3101	3691
3101	2586
3101	265
3101	468
3101	476
3101	2316
3101	2083
3101	2337
3101	2505
3101	2844
3101	2912
3101	2970
3101	3071
3101	3103
3101	3565
3101	3603
3101	4009
3101	4097
4163	152
4163	374
4163	3422
4163	3883
4652	3425
2208	1347
2208	4611
2208	927
2794	2667
2794	3427
2254	3606
2254	1369
2254	957
2254	3221
3804	4450
2146	4352
2146	835
2146	979
2146	2937
2146	2413
2146	2632
2146	2226
2146	800
2146	4097
339	3494
4450	1942
4450	2620
4450	1222
4450	1023
1859	2610
1859	3734
1859	308
1859	298
1859	3229
4207	696
4207	3465
4207	1586
4207	3296
4207	2125
4207	3451
2554	3443
2554	3827
2554	3212
3756	3296
3756	3422
696	1165
696	1567
696	2833
696	1804
696	1957
696	2609
948	3810
948	1836
3141	3173
1942	861
230	100
230	1888
4206	2842
4206	3124
4206	3230
4429	1952
4429	2842
4429	3124
4429	3425
3656	687
3656	3660
3656	2164
3656	1033
3656	2222
4671	1948
3465	2902
3465	4448
3465	3653
2902	3494
4448	4674
2816	374
2227	1417
1159	4229
1529	4198
243	86
243	1943
2260	3577
4290	3546
2103	1308
2103	2310
2103	1486
2103	3573
176	1868
4359	3230
4359	3411
2617	2983
1557	3515
1557	599
4166	4122
4166	3503
4166	3780
3976	2012
2612	2746
2612	900
2612	3832
2612	39
2612	877
2612	3390
2612	2580
2612	4285
2562	249
3509	662
1513	1836
1722	1269
1722	1861
2696	1836
3810	112
3810	816
3810	4147
3810	400
3810	1085
3810	3510
3810	3224
3810	2056
3810	905
3810	100
3810	906
3810	1567
112	4147
112	1085
112	3224
112	4602
112	905
112	2320
112	4248
816	1836
4147	1269
4147	861
1714	1836
1085	1836
3510	1836
3224	1836
2056	152
2056	1257
905	1836
2320	1836
2320	1914
1836	3173
1836	326
1836	815
2371	1542
2782	1868
3818	2842
883	3883
2767	86
2767	1943
3633	3160
662	1481
662	1349
662	2223
323	1932
323	4546
2963	3282
2963	2574
2963	2070
2963	4335
2963	922
986	1417
986	2620
986	4105
986	1594
986	1749
986	2318
986	1440
3363	1639
3513	4288
571	1321
571	3184
3420	4438
1639	2156
2308	4465
2308	3573
33	1594
4374	1222
4374	1033
4374	4414
4374	3296
4374	1908
4374	3624
4374	2434
1948	1699
1948	1878
2667	3427
2667	152
2667	1811
2667	2232
3427	152
3427	1811
3427	2232
4465	3606
4465	3437
4465	861
4465	2841
3334	3606
3334	861
2007	3534
2007	570
2007	3282
2007	2574
2007	903
2007	2989
2007	3734
2007	3437
2007	3110
4416	570
4416	504
4416	1240
4416	1270
4416	595
1843	1033
1843	3780
1843	1462
852	2368
4642	298
4639	1269
100	1024
1965	4391
1965	2051
3272	3456
3272	4549
3083	3624
865	84
865	420
865	1325
865	4023
865	1878
865	326
865	2223
865	2503
2983	507
2983	1904
540	1442
540	4500
1417	1594
1417	3456
1417	1749
1417	3577
1417	3010
1628	3734
1628	3296
4454	4105
4454	4651
4454	3660
4454	2223
1997	3081
1997	4087
1726	844
1726	1369
1726	2940
1726	1904
2875	980
2875	1717
4636	504
4392	3677
4392	3638
4392	1308
4392	2620
4392	1856
4392	41
4392	1986
3896	1308
3896	570
3896	2424
3896	2070
3896	1856
3896	3425
3896	3239
3942	1337
3942	585
3942	3212
3723	1738
3723	1788
3723	3230
3723	2083
658	504
3677	1738
3677	1546
3677	1308
3677	2098
3677	2854
3677	1856
3677	4234
550	3638
550	4262
550	1738
550	504
550	3921
550	2833
550	1337
550	1878
550	1270
3638	1738
3638	1546
3638	1308
3638	3337
3638	4177
3638	2882
3638	1986
3638	4203
3638	4234
4262	504
4262	4632
1738	1856
1738	3734
1738	1986
1738	4234
2140	4584
2140	2909
2140	1878
2140	1023
4584	1325
4584	1878
4584	326
3785	3606
3785	3437
3785	861
1546	1986
1308	2098
1308	1271
1308	1856
318	1518
1209	4105
1209	3389
1209	3734
1209	1204
1209	2161
14	584
14	4611
4306	3577
3962	844
3962	1749
3962	1369
3962	2940
3962	881
3962	4414
3962	2597
3962	2223
844	1302
844	881
2620	2610
2620	2471
2620	3577
2620	3779
2620	3734
2620	2845
2620	342
2610	1594
2610	1749
2610	1540
1290	3456
1290	2318
4105	2318
4105	1490
4105	3577
4105	4670
4105	128
4105	3419
4105	3734
4105	3546
4105	4204
4105	2438
4105	2614
4105	2789
4105	4656
1594	1749
1594	2471
1594	3312
1594	3577
1594	3734
1594	2845
1594	3010
3456	2363
3456	3577
3456	1496
3456	3296
3456	4007
3456	1542
3456	958
3456	3134
3456	3339
1749	2471
1749	590
1749	3577
1749	3444
1749	4054
1749	3734
1749	2845
1749	3010
1749	2614
57	3734
2318	3010
2318	1147
2318	2614
2471	1540
2471	3496
4653	152
4653	374
2608	1301
1491	1506
4199	1269
1506	249
1506	612
2215	1567
2430	1429
3297	2827
3297	4648
3297	2820
2827	4648
2827	1591
1993	2060
2275	1632
2275	3261
2275	1540
2275	551
2275	66
1331	3851
1331	4126
1716	3038
1207	1952
1142	1496
397	652
397	3253
2246	2183
2246	86
2746	900
2746	3832
2746	39
2746	877
2746	3390
2746	3734
2746	1689
64	346
64	1079
452	1951
452	3086
452	2447
452	1868
452	2051
355	1023
2368	3166
2992	1269
2992	4579
900	4347
900	39
900	3390
900	1496
900	652
316	3175
2167	4297
2167	711
2167	4000
4489	4347
681	4347
681	3451
345	3577
345	1419
345	1269
345	3152
2909	218
2979	3780
2979	3230
2979	4321
814	3734
190	3734
3515	599
3515	4356
3515	791
3515	3
2310	4134
2310	4082
495	2051
2778	1567
2778	1130
3534	1868
3534	3682
104	123
104	3086
104	1567
104	1161
104	2045
925	590
925	1761
2066	2236
590	980
590	903
590	1256
590	3556
590	2921
590	3463
2723	3842
980	3491
3842	1925
2406	4312
2406	3230
4013	2424
3832	39
3832	877
3832	3390
3832	2580
1481	152
1481	374
473	59
473	1567
2666	584
3424	206
3424	584
3424	3046
3424	957
3424	4543
3831	1408
2598	1121
725	3734
1440	1325
1440	4413
238	2824
3337	2363
3337	249
3337	3105
3337	1130
3337	4643
3337	3058
3337	3680
4347	3611
4347	1391
4347	1845
4347	3425
2363	249
2363	1156
2363	707
2363	2447
2363	949
2363	218
2363	1868
2363	551
2363	1925
2363	2045
2363	2051
2363	3425
2363	313
2363	4527
491	249
491	1925
249	1156
249	612
249	1951
249	2202
249	3548
249	1518
249	4533
249	3179
249	4678
249	2901
249	2447
249	949
249	1868
249	4643
249	551
249	66
249	1542
249	405
249	507
249	958
249	1502
249	2316
249	1925
249	2045
249	2051
249	2239
249	2681
249	2824
249	2844
249	313
249	4527
412	2045
412	2982
412	3310
964	2226
964	3624
1245	1518
1245	3136
3090	123
3090	3230
1723	1105
1723	3984
1723	584
1723	1302
1723	1567
1723	3389
1723	3230
1723	4377
1105	2105
1105	3246
3350	1753
3922	3230
1464	988
1203	206
482	707
482	2844
482	3061
1156	3105
1156	707
1156	1925
1156	2844
1156	3569
21	66
4271	661
1490	3734
4143	585
4229	507
3299	4249
3793	3606
3793	1788
474	3726
474	3973
1185	1286
1185	1270
3758	300
3758	3219
31	300
300	1518
300	1982
3635	3660
3635	1033
3635	3046
3635	3425
3635	3791
3635	3663
2197	4533
2197	2051
2236	308
1617	825
1951	4678
1951	707
1951	2901
1951	1868
1951	4643
1951	551
1951	17
1951	2178
3542	3708
3877	1753
647	687
647	2124
647	4611
647	4040
647	1787
647	1130
647	3368
647	15
647	3175
687	4605
687	3312
687	1863
687	4040
687	1787
687	1130
687	3368
687	15
786	1811
786	1957
1065	1399
1753	1296
1753	1568
1753	3601
3567	3179
4605	2274
4605	4064
4605	3780
4605	306
2274	4571
2274	3184
3312	3577
3312	1915
3312	3184
3312	1576
3312	3152
2183	86
2139	3389
4272	519
1222	1567
1222	3734
1222	3296
570	2424
570	2688
570	869
570	1567
570	289
570	218
570	4620
570	1788
570	3573
570	3046
570	1296
570	2836
2424	30
2424	1712
2424	3978
2424	289
1713	2989
1713	617
1713	289
3282	2070
3282	1712
3282	4666
3282	3110
2574	4666
2574	3437
2574	3110
903	4666
903	3437
903	3110
30	3734
30	2642
30	3152
206	2070
206	2334
206	1712
206	2989
206	4666
206	289
206	1984
206	1001
206	637
206	3229
2070	2989
4297	2906
4297	3780
581	3734
3719	3230
3719	313
3577	1033
3577	4122
3577	1719
3577	2842
3577	2060
3577	1325
3577	3734
3577	4338
3577	4204
3577	51
3577	1023
3443	1996
39	877
39	3390
39	2580
39	4168
127	787
127	584
127	4096
127	585
127	782
3606	2241
3606	2989
3606	4248
3606	3437
3606	4335
3606	1788
4288	2337
4288	3107
504	1593
504	1024
504	4632
504	2833
504	3046
504	3198
504	2786
504	976
504	1076
504	1270
504	1780
4432	4533
1883	3734
1883	2814
1883	3422
1511	4611
1511	3291
1511	519
344	4611
4674	4571
4674	3734
4674	3296
4674	2642
1135	3105
1135	228
2202	1296
2202	1502
2202	2844
622	942
3315	3489
3489	1173
3489	1347
3489	1338
3489	2478
3489	3827
3489	652
3489	2119
1173	1338
1173	1455
1173	1952
1173	1058
1173	652
1173	1033
1173	4122
1173	1915
1173	1325
1173	2222
1173	4413
1173	2226
1173	689
1349	736
1349	3816
1349	233
1349	1033
1349	2000
2656	3230
1347	1952
1347	1033
1347	2222
1347	1083
1347	4620
1338	2478
1338	1915
1338	2226
4437	3471
4437	3734
4437	782
1586	2609
787	1957
736	3086
584	2124
584	1033
584	1690
584	1567
584	1403
584	2632
584	1183
2478	2226
1648	4065
3668	161
3668	585
3067	791
3402	4103
3402	480
1519	2255
648	4651
648	3724
4312	3296
3139	2063
3139	1912
2457	3734
3441	4407
3081	1121
3081	2922
877	3390
877	2580
877	4168
59	3827
59	3518
3816	3980
3816	233
3816	1419
3816	1033
3816	444
3816	3511
3980	233
3980	1033
3980	1525
4131	4651
4131	10
4131	1925
4131	2411
2595	4064
650	3124
650	4588
483	3972
4651	3173
4651	1283
4651	2104
2200	1160
2200	2961
3726	1001
3726	2853
107	4656
2906	3080
3444	3320
3444	885
4237	4657
1914	3518
4177	1121
2098	1856
2854	4284
4546	3438
4546	870
4546	2820
4546	3734
3390	1496
3390	2937
1496	1662
1496	3624
1496	3603
3519	2966
3519	3080
935	2995
2164	1455
2164	1058
2164	3291
1801	1269
3173	4037
3173	699
152	4354
4284	4191
4284	4611
4284	4670
4191	2679
4191	4611
4191	652
2124	1040
2124	1518
2124	1806
2124	1663
1040	1518
1040	652
1040	3253
1040	1806
1040	1663
1040	2327
1518	652
1518	4670
1518	4121
1518	2676
1518	1298
1518	922
1518	1806
1518	1663
1518	75
1518	235
1518	684
1518	815
1518	2408
1518	2564
1518	1397
2679	3851
2679	2763
2679	4611
2679	4673
2679	4670
2679	4121
3851	2763
3851	4611
3851	4673
3851	4121
2763	4611
2763	4121
4611	4673
4611	4670
4611	4121
4611	1567
4611	2940
4611	1842
4611	2739
4611	1482
4611	1078
4611	4278
4611	2028
4611	3058
4673	4121
4604	4250
1419	1455
1419	1058
1419	1033
1419	1462
1455	1058
1455	1033
1455	4122
1455	3425
1952	1033
1952	3780
1952	308
1952	1462
1952	2699
1058	1033
1058	1325
1058	3780
1058	3184
1058	1462
652	4670
652	374
652	2787
652	3797
4670	4121
4121	1442
3148	1024
3148	1258
3148	3100
3941	3925
1024	692
1024	170
1606	3219
1312	3219
3082	1269
3082	2980
3082	4064
3082	17
2555	661
2555	3616
1033	4122
1033	1567
1033	1269
1033	3503
1033	4047
1033	1462
1033	1521
1033	3556
4122	1325
4122	1462
711	4000
3281	2672
1985	3425
4017	936
4017	1814
627	936
627	1814
489	936
489	1814
489	3734
936	4031
936	1814
936	4087
936	3734
4031	1814
4031	3734
1442	3341
1442	4248
1561	66
1561	1502
1778	1637
3960	161
902	608
700	1567
700	3428
4040	1540
4040	1811
4040	15
4040	353
1787	15
835	979
4500	718
4500	1878
4500	375
4500	405
4500	1462
1597	3734
4533	707
4533	949
4533	2045
1240	1337
1240	435
4488	3086
4488	3296
661	1054
661	2879
661	929
661	958
661	1604
661	1612
661	1890
661	4219
661	4261
661	4264
3438	870
3438	3230
2659	4047
2020	3475
2020	507
2020	3883
1921	1788
2334	3389
2334	3437
2334	1888
1302	71
2719	1759
2175	123
2999	1637
3871	2844
1637	435
123	3086
123	2895
123	851
123	4112
123	1535
123	26
123	521
123	678
123	3939
226	1567
1109	3086
1109	4086
3813	3086
3813	1567
3813	298
3086	906
3086	1567
3086	2171
3086	2895
3086	4086
3086	1397
4665	2192
4665	692
4665	2895
4665	2016
2192	692
2192	2895
906	1567
906	298
1567	2171
1567	1540
1567	4047
1567	2632
3225	1712
3225	3642
1403	3389
1403	3734
1403	3296
1403	1036
3179	794
3105	2821
2895	2016
1540	825
3389	2955
3389	2632
3389	2173
3389	1078
3389	4278
3389	2609
1826	2705
1269	675
1269	10
1269	58
1269	1671
1269	197
1269	301
1269	362
1269	808
1269	957
1269	958
1269	1137
1269	1429
1269	1892
1269	2798
1269	4226
1269	4268
1269	4322
1269	4496
160	1706
4678	218
4678	69
4678	1502
4678	2703
2241	1337
2241	1811
2241	1788
4071	979
4036	998
271	2943
128	347
128	689
2188	3839
707	2447
707	1868
707	4643
707	958
707	1925
707	2051
707	3278
707	313
718	1256
718	1957
1054	3425
2342	4354
3445	3175
569	1811
1814	4087
1814	3734
4087	1622
1622	1912
3997	15
3997	1604
1770	375
979	4278
979	1183
979	398
979	894
979	957
979	1576
979	3826
86	861
86	1542
86	2922
86	3706
86	4510
86	1943
3779	1943
578	3425
1104	85
1104	743
1104	2329
4037	3682
1719	585
1369	881
1369	2597
1369	2223
1369	1759
2940	2888
1712	2989
1712	3437
1712	3110
2989	4666
2989	617
2989	2842
2989	3437
2989	2522
2989	1890
2989	3411
2901	4082
2901	17
2901	357
4571	4047
4571	1371
4571	2850
3291	3680
1121	3734
1121	347
4666	4603
4666	3734
4666	435
4666	3437
4666	3296
4666	1003
784	4248
784	3734
4248	407
407	1915
407	4335
407	1406
4603	2642
617	289
1057	2299
1057	1612
1057	1795
1057	2753
3419	3590
2068	941
2842	3166
2842	667
2842	2223
881	3734
881	2223
2447	949
2447	218
2447	3230
2447	1117
2447	1925
2447	205
4414	2597
4414	3296
4414	699
41	2077
41	435
41	3038
2077	3038
3124	3166
3124	667
3124	522
2060	927
2060	2888
2060	2977
4427	3471
4427	58
4427	2580
4427	308
4176	3230
4176	3107
1298	3915
3743	3422
1130	1183
1130	1957
4455	1542
1325	4023
1325	4064
1325	1878
1325	326
1325	4413
1325	4178
1337	3734
1337	1986
1337	1788
1337	1270
374	4354
374	3611
2937	3734
2937	3296
2937	169
2966	2912
440	4596
440	3437
440	1788
945	3463
3734	3437
3734	1811
3734	4484
3734	1950
3734	1001
3734	3269
3734	1078
3734	717
3734	1371
3734	1903
3734	804
3734	1674
3734	1908
3734	2028
3734	3624
3734	2434
3734	2467
3734	2888
3734	3037
3734	3134
3734	3152
3734	3511
3734	4388
2662	4596
4596	4507
4596	4480
4596	3425
4596	4234
2845	2503
946	3296
946	1270
2879	724
2222	4047
2222	4413
4354	3611
3611	3132
2086	3296
1984	3780
1984	308
1984	1888
4064	308
4064	3230
4064	2307
4064	2449
4064	3229
4064	1452
4064	4009
4064	2518
3166	435
2507	1746
435	1183
435	4232
435	4411
435	2758
435	521
435	2614
435	2865
4047	957
4047	1256
4047	3425
4047	3826
1141	2214
3437	1788
3437	3110
3437	2642
2542	1189
108	981
3780	1788
3780	1001
3780	519
3780	637
3780	825
4502	861
3642	1871
861	4251
861	4082
949	1868
949	2051
949	3915
949	4527
995	2932
10	2255
58	2580
58	308
58	2226
2580	308
2580	4168
308	2080
2413	3573
3013	4009
1878	326
1878	3512
326	921
3160	2325
218	551
218	695
218	1502
2632	3296
3296	1950
3296	2572
3296	717
3296	4204
3296	1371
3296	525
3296	1845
3296	1957
3296	2028
3296	2029
3296	2099
3296	3624
3296	2434
3296	3425
3296	3511
3296	2753
3296	4234
1006	3511
4620	967
2223	3239
2223	4524
1788	1270
1788	3212
1788	1888
2380	3691
2380	3491
2380	2321
4251	712
712	65
2125	610
1572	4086
1572	3175
1868	4337
1868	69
1868	1502
1868	1971
1868	3624
1868	3569
3691	3491
3691	3682
3691	2045
3491	2468
298	3755
2395	2858
2395	3663
3651	595
4643	1502
4643	2051
2340	3230
3257	3889
1001	3175
1043	375
3504	375
375	1091
1827	4338
1078	2378
1078	3425
551	701
551	958
551	1117
551	2045
551	2051
551	4527
3320	689
3219	1623
3219	3326
228	2572
1286	2609
1286	4496
1286	1397
2226	689
2226	4370
2226	3826
3573	2378
3573	813
1804	2378
1804	1525
689	767
66	1175
66	1971
66	2823
66	3278
66	3248
4338	468
4338	804
3046	1270
3198	1270
976	1270
1036	4486
1076	1270
1270	2609
1147	1524
1147	1741
599	4356
599	791
3175	968
3175	2604
3175	4401
1634	122
4560	1671
4560	1183
4560	4232
1740	1430
1980	3230
1980	1671
1980	4232
1980	4337
4278	3230
4278	1671
4278	1183
4278	4232
3230	1671
3230	4232
3230	921
3230	70
3230	691
3230	716
3230	967
3230	2080
3230	2268
3230	2552
3230	2853
3230	3245
3230	3939
3230	4265
3230	4311
1671	1183
1671	4232
1183	4232
1183	3425
2858	2021
4356	791
4356	3
4134	4082
4657	3012
2758	3080
1542	1631
4061	774
4204	4242
2942	299
2378	3061
17	2239
921	3229
69	1502
70	1707
122	1256
122	1904
122	1795
148	4092
158	2327
162	967
236	1335
279	398
297	2438
353	1117
360	2776
371	3278
3708	1268
468	507
468	810
480	3401
507	4575
507	3906
507	3527
537	1925
548	2051
594	1196
594	3709
608	3134
618	2604
693	1262
695	3527
804	4394
818	4575
825	1957
825	3425
901	2284
915	2327
931	1120
958	2051
977	2189
978	4310
1003	1524
1011	1262
1017	2327
1117	313
1146	4527
1155	4025
1175	4265
1196	3049
1318	2609
1329	2356
1399	1925
1446	3870
1502	2051
1502	2681
1502	4527
1599	2817
1612	3794
1612	1795
1612	4394
1612	3821
1612	1397
1612	1621
1612	2753
1612	3663
1612	3080
1612	3247
1616	3496
1627	2849
1662	3134
1675	3134
1717	3652
1756	2921
1854	1943
1925	4527
1927	2770
1947	2131
1947	3853
1957	3425
1958	3061
2021	3794
2021	4510
2045	2051
2051	2126
2051	3624
2051	3915
2051	313
2051	4527
2073	3791
3794	1795
3794	3624
3794	3821
3794	1397
3794	1621
3794	2753
3794	3663
3794	3080
3794	3247
2126	2844
2229	2968
2239	3248
1795	3624
1795	3134
1795	4394
1795	1397
3624	2844
2505	1943
2781	3425
2790	2903
2790	3061
2799	3229
3556	3425
3425	3089
3425	3511
3425	4536
2915	3076
2915	3278
2922	1943
2985	3265
3037	3229
3061	3527
3063	1943
3239	4569
3239	4656
3278	3906
3451	1452
1452	3972
3590	3791
3680	3826
3797	4009
3915	4527
724	4234
4349	4622
4510	1397
4510	1943
2753	3663
1931	231
1347	231
584	231
3291	231
507	231
398	3699
3049	3699
937	137
2070	137
652	358
3253	358
2138	2655
4074	2655
1269	2526
1398	526
3607	526
561	526
2490	526
4243	526
991	526
3674	526
3427	526
2183	526
86	526
3779	526
1130	526
522	526
1943	526
2489	3863
4611	3863
718	3863
1036	3863
3184	3863
3425	3863
4611	91
3389	91
1097	3115
4034	3115
276	3115
1347	3115
59	3115
3980	3115
3389	3115
3080	3115
4447	2718
3799	1398
680	1398
1385	1398
430	1398
4506	1398
1948	1398
540	1398
4127	1398
3390	1398
1024	1398
3779	1398
3651	1398
1718	1398
1580	4132
4450	4132
473	4132
4571	4132
4596	4132
3296	4132
274	4132
931	4132
3591	4132
4564	4132
4593	4132
102	1638
3980	1638
4253	1638
2935	3408
3291	3408
3674	2524
206	2524
2469	471
507	471
2930	3193
4545	3193
2791	1215
189	1215
1380	1215
3412	1215
2023	793
4506	793
3389	793
3920	4045
2413	4045
521	4045
4185	2174
3503	2174
4185	679
2366	679
102	679
4392	679
4674	679
3734	679
3437	679
4506	924
2507	924
2706	924
4061	924
3708	924
1176	1263
1601	1263
2489	3704
1613	4494
3502	4494
982	4494
482	4494
1156	4494
4533	4494
4678	4494
2447	4494
2045	4494
2051	4494
313	4494
4527	4494
249	364
1269	364
1775	3757
2837	1478
2978	1478
3909	1478
3682	4625
66	4625
1549	4625
1315	4664
2274	4664
1040	4664
1121	4664
3108	1136
2973	546
817	546
4216	546
2952	546
2584	546
2071	546
1441	546
817	2973
4216	2973
2952	2973
2584	2973
2071	2973
1441	2973
4011	2973
4216	817
2952	817
2071	817
1441	817
2952	4216
2584	4216
2071	4216
1441	4216
2584	2952
2071	2952
3312	2952
3724	2952
4433	3461
3380	3461
3101	3461
4374	3461
4105	3461
1121	3461
3296	3461
1399	3461
2397	4433
4523	2671
1618	2671
3992	2671
230	2671
3577	2671
3734	2671
4112	1869
1975	4523
3692	4523
4645	4523
3824	4523
458	4523
4392	4523
345	4523
3921	4523
3139	4523
1952	4523
4173	4523
2572	4523
162	4523
1403	3955
1452	3955
1150	95
2845	2142
1414	4675
982	4675
4464	4675
249	4675
4643	4675
2051	4675
206	287
706	287
2575	2160
356	2160
561	2160
2490	2160
356	2575
561	2575
2490	2575
2667	2575
3427	2575
561	356
2490	356
2667	356
3427	356
3299	356
1984	356
3061	356
3621	356
230	1940
1948	1940
249	3866
2090	649
4611	649
739	649
3734	3952
1567	1944
3734	1944
3780	1944
3039	1260
529	1018
2259	1018
1852	3607
921	3607
1602	4360
2767	4360
2278	824
4136	824
1434	824
1058	824
4500	824
922	824
1845	824
3425	824
3991	1575
4611	370
1269	370
4067	370
1712	1615
4454	2042
4105	2042
1286	2042
2490	561
194	561
3799	561
3714	561
2489	561
2278	561
3214	561
335	561
1473	561
2208	561
4429	561
2667	561
3427	561
14	561
59	561
2164	561
1033	561
718	561
1130	561
3734	561
922	561
3427	2490
3896	2490
407	3372
3592	4679
1797	4680
1167	4680
1613	4680
760	4680
249	4680
1117	4680
3003	4680
2166	2362
4437	2362
1801	2362
3488	2362
3438	2362
870	2362
534	3599
3791	3599
2029	4637
2672	1754
3695	4598
3170	4598
2124	4598
1518	4598
652	4598
123	1287
1600	4669
1863	4669
1600	3208
3396	3208
749	3208
3365	3208
2805	3208
1745	3208
770	3208
246	3208
3104	3208
4663	3208
1279	3208
3728	3208
2254	3208
4207	3208
1948	3208
865	3208
4454	3208
1749	3208
2318	3208
900	3208
2363	3208
30	3208
4651	3208
3660	3208
2098	3208
2299	3208
4414	3208
435	3208
3296	3208
921	3208
521	3208
1003	3208
2459	3208
2604	3208
2865	3208
3778	1432
3900	1432
1607	1432
2945	1432
1338	1432
161	1432
2020	1432
3046	1432
4454	629
2299	629
112	3017
1836	3017
140	3760
63	3760
2617	659
3108	2407
2536	3108
2111	3108
2315	3108
3040	3108
2194	3108
3522	3108
2938	3108
572	3108
2613	3108
2945	3108
3336	3108
2304	3108
2123	3108
3600	3108
2353	3108
3841	3108
658	3108
3456	3108
1799	3108
2666	3108
4143	3108
2274	3108
2199	3108
2332	3108
1774	3108
2171	3108
1299	3108
1719	3108
3291	3108
1121	3108
4666	3108
4414	3108
2222	3108
3375	3108
3642	3108
739	3108
74	3108
70	3108
970	3108
1079	3108
1429	3108
1467	3108
1633	3108
1752	3108
1779	3108
2040	3108
2050	3108
2051	3108
3794	3108
2157	3108
2269	3108
2437	3108
2467	3108
2505	3108
2519	3108
2552	3108
2637	3108
3242	3108
3413	3108
3838	3108
3948	3108
1888	3108
2536	4532
2536	542
194	2536
4381	2536
950	2536
2578	2536
0	2536
1	2536
389	2536
1437	194
1347	194
584	194
2098	194
3389	194
3291	194
1130	194
3425	194
0	4381
1286	4381
3556	4381
2578	950
0	950
1437	950
0	2578
1437	2578
1414	2567
507	2567
249	441
1269	441
3351	441
205	441
2111	140
4107	140
4112	140
3972	140
2189	3396
2935	1840
249	1840
766	217
707	217
148	217
2438	217
249	766
707	766
2447	766
3222	2818
1842	2818
2557	2106
206	2106
2060	2557
847	2287
3609	2287
3077	2287
4011	2287
81	2287
2667	2287
3427	2287
1689	2287
3799	2348
4384	2348
4206	2348
4429	2348
2667	2348
3427	2348
3573	2348
979	3195
3780	3195
61	1332
1562	1332
112	1332
3638	1332
584	1332
4596	1332
2933	2111
4488	2111
3813	2111
4665	2111
2192	2111
906	2111
1567	2111
2171	2111
2895	2111
66	2111
804	2111
2295	4660
2767	4182
458	951
504	951
718	1885
569	1885
1510	1214
2368	3900
2955	3900
1194	3900
1767	2509
979	2509
2146	2315
3734	2315
3296	2315
3175	2315
3230	2315
1709	2315
803	1353
4554	1353
633	1353
3077	1353
745	1353
775	1353
733	1353
738	1353
3734	1353
108	1353
1429	1353
2131	1353
4554	803
745	803
775	803
4252	803
3818	803
733	803
167	803
1753	803
1653	803
3101	2460
3734	1451
548	1451
639	3799
748	3799
430	3799
2667	3799
3427	3799
4127	3799
4651	3799
2842	3799
1314	3770
174	4490
3534	2933
3567	2933
1574	2933
4488	2933
3813	2933
3086	2933
4665	2933
2192	2933
906	2933
1567	2933
2171	2933
2895	2933
86	2933
1397	2933
650	2837
2844	2837
3962	596
1369	596
652	2887
4427	2887
58	2887
2580	2887
308	2887
1328	3894
921	3894
2366	4384
3222	4384
4657	4384
3437	4574
3222	1348
3896	1348
206	1348
2070	1348
2989	1348
2569	4655
1601	4655
86	4655
1943	4655
2938	1386
249	1386
4046	1808
4064	1808
1437	3385
1981	3385
3296	3385
1779	3385
3077	4046
2281	4046
691	4046
1625	1596
2888	1596
1246	61
1314	61
2947	61
2145	61
877	61
1984	61
1335	61
4028	61
1888	61
1975	2930
847	2930
863	2930
896	2930
81	2930
3728	2930
577	2930
102	2930
2166	2930
2554	2930
4333	2930
4392	2930
3896	2930
3942	2930
3723	2930
3677	2930
1738	2930
1308	2930
2098	2930
2882	2930
1856	2930
2632	2930
1367	2930
2365	2930
966	4088
504	4088
4227	3356
2512	422
112	422
1836	422
2098	422
2188	422
1270	422
1191	492
590	492
4056	4254
625	4254
3824	4254
4571	4254
1847	4254
4064	4254
1535	4254
185	3159
818	1684
967	1684
4515	1684
323	3321
4546	3321
618	3321
3814	1762
529	1762
2140	1762
4584	1762
4015	4238
1098	4238
1788	4238
529	3814
1729	3814
2140	3814
4584	3814
1262	2569
119	4130
2325	4130
4015	4457
4465	4457
3334	4457
2007	4457
3785	4457
1349	4457
3734	4457
3437	4457
1788	4457
1211	4457
3417	1767
4336	1767
3823	1767
1800	1767
3055	3007
2010	3007
3560	3007
458	3007
3823	3007
550	3007
2979	3007
504	3007
2188	3007
3734	3007
1788	3007
178	3714
2171	3714
4036	3714
946	3714
2209	3714
3573	3714
3230	3714
2253	3714
2471	4485
570	4485
982	1797
580	1797
2474	2791
1736	2791
3412	2791
1551	2221
1607	2221
3832	2221
786	2221
1567	2221
2955	2221
2833	2221
326	2221
1270	2221
122	2221
1551	2282
1607	2282
786	2282
1349	2282
2833	2282
326	2282
1270	2282
122	2282
3425	2282
1551	2489
1607	2489
3832	2489
2833	2489
326	2489
2642	2489
3425	2489
4122	2278
1223	3040
3184	3040
3230	3040
3680	3040
1981	2023
3647	2023
1511	2023
1403	2023
271	2023
718	2023
2989	2023
2223	2023
1980	2023
2609	2023
4667	1437
1314	1437
569	1437
1984	1437
3296	1437
1078	1437
1729	63
2074	63
3296	63
2071	2584
1441	2584
1528	1551
2294	1551
2281	1551
4429	1551
814	1551
1441	2071
4414	2071
1337	2071
922	2071
2443	621
2472	621
3858	4015
620	4015
2726	4015
3529	4015
577	4015
3101	4015
3793	4015
3173	4015
1921	4015
3389	4015
3437	4015
3296	4015
1788	4015
825	4015
3212	4015
3663	4015
1370	771
4011	771
1518	771
979	771
2226	771
4011	529
2140	529
4584	529
4500	529
1567	529
4354	529
3611	529
1878	529
2378	529
30	1009
2642	1009
4090	3091
99	3091
1170	3091
2734	639
758	639
1716	639
1648	639
161	639
128	639
2226	639
1689	639
767	639
4011	1370
4071	1370
979	1370
4289	1607
3427	1607
647	1607
687	1607
2632	1607
15	1607
3175	1607
162	1607
3708	1607
1957	1607
1023	1607
770	3345
541	3345
3723	3345
1369	3345
41	3345
3734	3345
2413	3345
901	3345
4611	4444
3780	4444
519	4444
4495	1562
2037	1562
550	1562
345	1562
652	1562
138	1562
4376	1251
652	4495
1314	2962
2612	2962
2746	2962
900	2962
3832	2962
39	2962
877	2962
3390	2962
652	2962
2580	2962
3779	1485
1792	1618
2182	1618
302	1618
2138	1340
4074	1340
4269	1340
366	1340
3077	392
2366	392
814	392
1347	392
2175	392
1269	392
2299	392
2194	918
4338	193
4266	2052
1887	2052
3283	2052
969	2052
452	2052
2666	2052
2363	2052
249	2052
707	2052
949	2052
1868	2052
2370	2052
2138	1975
4090	1975
4034	1975
1314	1975
3692	1975
3723	1975
3677	1975
3638	1975
4262	1975
1986	1975
4234	1975
1207	4289
3962	1191
41	1191
1270	1191
3101	749
1518	749
4074	2138
3678	2138
4351	2138
3302	2138
3560	2138
3467	2138
81	2138
3692	2138
3824	2138
2554	2138
816	2138
2875	2138
4392	2138
3942	2138
3638	2138
1738	2138
900	2138
3299	2138
3793	2138
2200	2138
2334	2138
692	2138
1337	2138
1747	2138
1986	2138
1788	2138
2340	2138
1542	2138
4204	2138
1023	2138
1530	4074
1738	4074
2200	4074
692	4074
1337	4074
1747	4074
3444	2978
663	275
3036	275
4090	275
66	275
4334	275
4414	663
430	2964
2476	2964
318	2964
30	2964
2070	2964
123	2964
4603	2964
2642	2964
4347	1624
2281	37
2842	37
4334	37
4036	3927
4645	2716
1518	2716
2202	48
4306	3762
2597	3762
2895	1630
3337	3885
3046	3885
3175	3885
681	119
4674	119
1567	119
3389	119
4571	119
3296	119
2942	119
988	119
2642	119
3337	3912
2438	3912
2515	1659
512	1414
4101	1414
516	1414
3283	1414
1810	1414
2901	1414
958	1414
2316	1414
4083	1414
1365	732
867	4422
3339	2905
123	2831
691	1702
273	1605
1622	1605
66	2194
1907	2194
3638	1974
881	2707
922	4257
620	847
2510	847
1609	847
2195	847
4269	847
696	847
3315	847
4500	847
3389	847
1269	847
1121	847
4248	847
3780	847
3296	847
2823	847
3175	1977
3296	3305
2846	2463
2126	3873
2305	3873
323	4107
3472	1834
744	1834
4024	1834
3220	1834
1154	1834
3106	1834
2871	1834
1252	1834
4011	1834
775	1834
4145	1834
4166	1834
3334	1834
2620	1834
4105	1834
1594	1834
1749	1834
1799	1834
2992	1834
590	1834
688	1834
4276	1834
105	1834
41	1834
218	1834
4411	1834
357	1834
806	1834
901	1834
1204	1834
1576	1834
2505	1834
2161	1834
692	3214
979	3214
41	3214
4163	3858
3635	3858
152	3858
374	3858
868	3365
711	3365
1781	523
4227	523
3104	523
1981	523
1068	523
1291	523
4392	523
4105	523
4240	523
709	523
3315	523
1597	523
1369	523
2060	523
608	523
774	523
2628	523
189	3380
3170	3380
3577	3380
3175	3380
1262	3380
4009	3380
4054	4472
711	868
2786	868
4061	4554
979	3417
4659	3405
3793	3405
3816	3405
3980	3405
233	3405
2858	3405
442	4336
2019	4336
969	4336
1800	4336
70	3181
865	4460
3708	3472
2828	409
3101	2079
3758	3199
551	3199
4379	3539
1526	3539
2447	3539
4062	3539
66	3539
1542	3539
1925	3539
1269	1545
1434	4060
3249	1588
3312	1588
4191	1588
3734	1588
4198	1588
982	1167
580	1167
249	1167
1951	1167
2901	1167
570	3812
982	512
1484	1098
15	1098
30	1560
2070	1560
2146	3781
2208	4369
1262	417
3850	1483
2125	1483
3101	2474
2016	2474
3846	2474
3086	4056
695	4056
2096	1174
3645	1061
1380	1061
345	1061
2164	1781
3389	1781
1337	1781
3734	1781
3296	1781
1525	1781
2805	744
1745	744
1510	744
1496	744
881	744
881	2805
1001	2805
4229	3300
967	1410
4536	2558
3829	2258
4064	3829
1510	1745
4479	1745
4565	1745
3577	1745
3139	1745
292	1745
2223	1745
1524	1745
2321	1745
4564	1745
1033	1729
4122	1729
1567	1729
4354	1729
2614	1729
4167	770
99	770
4437	770
102	4410
692	3678
702	4063
185	4063
547	4063
3055	2762
3723	2762
3424	2074
504	2074
1952	2074
906	2074
4620	2074
605	2074
1913	423
1671	423
2969	423
1380	4169
1871	4169
884	4024
1154	4024
2366	4024
102	4024
3222	4024
1598	4024
3082	4024
3101	4469
1349	4469
3980	4469
661	1362
3101	329
1518	329
1981	3522
4009	3522
123	4213
550	2629
1567	2629
3302	4090
139	4090
3692	4090
3824	4090
2704	4090
99	4090
1170	4090
3942	4090
1540	4090
979	4090
1986	4090
963	4090
1984	4090
2378	4090
162	4090
1097	4358
92	4358
93	4358
3734	4358
3296	4358
1452	4358
92	1097
1962	1097
3734	1097
4338	1097
504	2975
3046	2975
1270	2975
1510	680
4651	1197
1613	1342
1530	4034
3677	4034
3638	4034
1738	4034
1546	4034
474	4034
879	4034
4234	4034
4284	2734
4121	2734
128	2734
102	1069
1601	2118
3101	2118
3734	2343
1788	2343
396	4659
81	4659
3793	4659
1271	4659
3846	4659
3425	4659
3560	396
3793	396
3012	396
2938	938
4432	938
1907	938
2810	938
206	2839
1154	1306
3481	4227
1374	4227
1962	4227
1987	4227
815	4227
1433	4227
1627	4227
2158	4227
2312	4227
2433	4227
2681	4227
3143	4227
1173	3550
1952	3550
1058	3550
4122	3550
2226	3550
689	3550
3529	4545
4392	4545
1738	4545
2365	4545
1397	4545
652	1495
849	620
2345	620
4530	620
333	620
696	620
190	620
3424	620
1349	620
4437	620
3291	620
4278	620
769	620
1391	620
2642	620
3511	620
4479	1510
2406	1510
1135	1510
292	1510
1183	1510
1489	1510
4011	335
345	335
2064	2784
1369	2784
1385	4550
650	4550
3734	4550
1567	2726
3708	2726
2294	884
4064	884
1121	80
3734	80
1258	80
3573	3220
3104	309
4374	309
1518	309
3734	309
3296	309
1304	1352
2469	4101
1951	4101
549	3228
541	1436
3403	1436
969	1230
102	1154
2146	1154
1290	1154
3082	1154
133	1154
1747	1154
2937	1154
3734	1154
3296	1154
4437	121
3779	121
3389	4351
2642	4351
2478	4357
2089	4398
458	3015
504	3015
1228	3015
1269	1123
56	1613
2026	1613
3255	1613
1887	1613
3502	1613
3283	1613
2363	1613
249	1613
1156	1613
4488	1613
4665	1613
2192	1613
692	1613
3179	1613
707	1613
949	1613
218	1613
1765	1613
551	1613
810	1613
1502	1613
2051	1613
2810	2935
4009	2935
1400	2938
3283	2938
1156	2938
160	2938
4083	2938
4446	2938
4527	2938
313	760
2963	669
2246	669
4117	669
1004	1385
3675	1385
2681	3065
1889	1798
794	1798
3826	1798
206	2397
3780	2397
3502	1469
3105	3251
3389	3251
2447	3251
4338	3251
608	3251
205	1992
3255	56
1887	2026
534	2026
3283	2026
218	2026
1868	2026
1570	3255
4665	3255
2192	3255
692	3255
2970	3255
3502	1887
4379	1887
982	1887
462	1887
1889	1887
482	1887
1156	1887
1951	1887
4533	1887
2447	1887
218	1887
1868	1887
4643	1887
551	1887
66	1887
2051	1887
2844	1887
313	1887
4527	1887
569	1007
933	1007
3949	3928
366	3928
569	3928
2846	2454
992	2454
1863	2454
2124	2454
1952	2454
652	2454
3253	2454
1806	2454
1957	2454
4269	3055
3692	3055
2879	3055
26	3055
3278	3055
3312	2116
2070	246
2999	246
1637	246
3889	246
3104	3529
4011	3529
4005	3529
2048	3529
3296	3529
1036	3529
3695	3609
3509	3609
570	3609
2632	3609
3058	3369
661	196
4121	2613
3336	3178
4450	3178
3734	3178
3296	3178
3638	3589
2368	3589
1264	3589
3067	3589
2395	3589
3046	3589
110	3589
1796	3589
3058	3589
3212	3589
334	1400
4379	1400
3337	1400
2363	1400
1868	1400
4643	1400
1925	1400
2045	1400
313	1400
4527	1400
2703	1400
863	4606
1121	4606
3296	1961
1273	4315
507	2213
1036	904
4086	3360
903	812
4437	812
1337	812
3296	812
1315	3695
863	3695
4269	3695
758	3695
2227	3695
3389	3695
1984	3695
2173	3695
1482	3695
2737	3695
990	3695
3410	3695
3584	3695
1314	3302
478	2861
66	3039
1399	3039
1119	2741
478	2741
1601	4316
1406	4027
1778	334
4081	334
2274	1322
1269	1322
958	1322
3682	116
2366	18
230	18
4133	3850
4539	430
4506	430
1889	430
3817	430
4042	430
1708	430
2820	430
3291	430
136	430
695	430
2761	430
1598	92
3633	92
1264	92
3166	92
667	92
1507	92
2073	92
1269	4631
1863	1815
1314	4167
3077	4167
2145	4167
738	4167
2366	3530
4025	179
4163	3949
986	3949
1481	3949
152	3949
652	3949
374	3949
2787	3949
3285	180
1269	180
3285	740
4011	740
1567	178
1269	178
4571	178
3425	178
982	2774
249	2774
707	2774
1502	2774
205	2774
577	2010
230	2010
550	2010
3638	2010
3793	2010
4379	3502
982	3502
3283	3502
2570	3502
2363	3502
249	3502
2197	3502
707	3502
2901	3502
4643	3502
551	3502
1612	3502
2045	3502
2051	3502
3624	3502
2844	3502
2354	2251
3734	421
3787	421
1023	421
4297	3639
4224	1223
886	1223
3104	1223
102	1223
584	1223
3827	1223
4611	1223
4017	1223
3296	1223
2642	1223
886	4224
3104	4224
4374	4224
2909	4224
3315	4224
4502	4224
3230	4224
3104	886
2334	886
4502	886
1601	3104
4243	3104
2727	3104
2208	3104
4374	3104
1222	3104
4312	3104
4414	3104
4502	3104
3184	3104
1183	3104
1072	3104
1674	3104
1908	3104
1422	1610
4011	1610
3692	1610
2308	1610
1347	1610
578	1610
1286	1610
691	1610
1347	1422
578	1422
206	937
3198	937
3751	937
4352	1150
865	1150
1325	1150
4354	1150
1878	1150
326	1150
4676	1176
297	1176
2366	4308
3734	52
3166	1315
1397	1315
1621	1315
2753	1315
3080	1315
3247	1315
1442	2462
66	2469
3337	694
66	694
435	1981
3442	442
991	442
718	442
1634	442
122	442
4437	3442
122	3442
2963	2210
1314	1246
3077	1246
1796	846
2947	3249
2410	534
249	534
4533	534
3230	534
1428	1314
3077	1314
2064	1314
2612	1314
1738	1314
1546	1314
2246	1314
2746	1314
2979	1314
39	1314
3081	1314
877	1314
4276	1314
2719	1314
86	1314
3978	1314
4502	1314
2580	1314
4168	1314
13	1314
4203	1314
4265	1314
4234	1314
2620	702
1601	1235
3734	1235
435	1235
2294	1304
3813	1304
906	1304
1567	1304
3953	1378
1518	1378
3734	1378
594	1378
1625	2085
696	2085
4416	2085
4611	2085
3389	2085
1337	2085
249	1119
2197	1119
707	1119
3175	1119
4454	2410
4122	2410
1555	47
696	1555
687	1555
4379	2090
982	2090
412	2090
1907	2090
2178	2090
982	4379
3283	4379
3775	4379
2570	4379
2275	4379
2363	4379
249	4379
661	4379
707	4379
2901	4379
2447	4379
949	4379
1868	4379
1542	4379
69	4379
1502	4379
1925	4379
2051	4379
3820	4379
3915	4379
313	4379
4527	4379
3283	982
992	982
2570	982
1889	982
495	982
2363	982
249	982
482	982
1951	982
4533	982
1269	982
949	982
551	982
1542	982
17	982
1502	982
2045	982
2051	982
3624	982
3915	982
313	982
1408	2588
4011	2510
81	2510
2979	2510
3635	2510
979	2510
2226	2510
206	262
3780	262
3212	262
3389	438
2271	3283
97	3283
2014	3283
3353	3283
2435	3283
3337	3283
1156	3283
4533	3283
4678	3283
2447	3283
949	3283
218	3283
1868	3283
4643	3283
551	3283
1542	3283
958	3283
1925	3283
2045	3283
2051	3283
2844	3283
3820	3283
313	3283
4527	3283
375	811
1845	811
4172	3106
2727	3106
986	3106
1209	3106
57	3106
1440	3106
3577	3106
3519	3106
1337	3106
3734	3106
691	3106
2161	3106
1473	4172
4160	4172
1209	4172
3519	4172
691	4172
3077	1428
4064	1428
921	1428
1525	1428
3090	3077
2145	3077
1789	3336
4019	3336
4500	1789
1821	1789
278	1601
4243	1601
2840	1601
4333	1601
2007	1601
2246	1601
2204	1601
4440	1601
2152	1601
1240	1601
1269	1601
86	1601
1337	1601
4279	1601
2378	1601
5	1601
1852	1601
921	1601
2080	1601
2156	1601
4277	1601
1943	1601
1810	2271
3958	2271
2895	2271
4338	2271
1631	2271
608	2271
1775	2271
2126	2271
478	4464
249	4464
794	4464
1943	3481
1043	2304
3504	2304
986	4539
440	3075
4295	97
4295	2652
1847	4295
4064	4295
3677	3560
3638	3560
1738	3560
1308	3560
3734	3560
1986	3560
3296	3560
3212	3560
99	4323
4297	4323
3239	2806
4663	3608
522	3608
2146	278
3734	764
2471	4165
647	4165
1753	4165
1982	4165
1262	4165
2366	549
3222	549
4189	549
1299	549
1121	549
2879	549
4488	1810
707	1810
1925	1810
3097	1810
4248	4057
407	4057
4468	2481
1269	1134
3734	1134
3734	1248
689	1248
3924	3233
3033	3233
3997	3233
4531	3981
81	462
3378	462
3101	462
3179	462
986	863
355	863
3734	863
2814	863
3296	863
914	189
3230	956
206	849
1347	1252
584	1252
3291	1252
2195	1609
4374	4676
3734	4676
435	4676
3296	4676
4665	2345
1403	2345
1121	2345
3033	3924
3619	4011
2354	4011
2146	4011
3656	4011
2854	4011
4284	4011
1952	4011
1567	4011
979	4011
2226	4011
2858	4011
2378	4011
1509	4011
2422	4011
4269	3367
4671	4269
2107	4269
662	273
206	273
2413	273
1274	273
2947	2846
1749	2846
3980	2846
4047	2846
861	2846
2736	2846
3078	4044
3722	4044
3312	4044
3577	4044
127	4044
3734	4044
3296	4044
661	478
2325	478
687	82
504	82
4437	82
3992	896
696	896
3827	896
2164	896
407	896
229	896
585	896
1270	896
3992	81
366	81
1644	81
3793	81
2098	81
4673	81
4121	81
3101	3923
4374	4243
3272	4243
1000	4243
86	4243
3779	4243
3734	4243
3296	4243
1943	4243
3101	1590
249	1234
1518	1234
4251	1234
4527	1234
1269	1456
249	2014
707	2014
1502	3353
4064	994
3105	2013
3984	992
1347	992
2719	992
1269	992
110	992
249	991
3984	991
3148	991
4062	991
110	991
3230	2435
2472	2443
3230	2443
3230	4538
998	2950
4136	3619
4429	3619
14	3619
1567	3619
1130	3619
3425	3619
98	4136
1347	4136
4611	4136
1033	4136
3734	4136
540	1374
1279	2913
540	2913
1627	2913
540	1279
2653	2089
3456	2314
206	139
4611	139
3780	139
2888	139
571	1273
4374	1273
2610	1273
2632	1273
298	1273
584	3426
3425	3426
3723	2108
1594	2108
1337	2108
3734	2108
3212	2108
3444	2514
885	2514
2166	3992
1440	3992
3577	3992
3960	3992
161	3992
4285	3992
976	3992
3904	3992
4671	3674
3635	3674
720	3674
935	3674
1289	3674
86	3674
4657	3674
1845	3674
2366	4115
3456	3958
2363	3958
700	3958
2447	3958
2146	3728
3677	3728
2098	3728
1856	3728
3734	3728
3230	3728
3082	966
292	4479
3542	173
4437	173
3173	173
699	173
3296	4506
3213	4506
1529	3970
3444	3970
74	2757
4611	4580
3465	4151
4374	4151
3734	4151
2998	366
540	366
4611	366
2900	366
1442	366
2124	631
1325	1644
2620	4415
1594	4415
1749	4415
1337	4415
4105	1473
4611	1473
4178	1473
1726	4634
3962	4634
1369	4634
4274	4634
1849	2064
2947	2064
22	2064
41	2064
4064	2064
10	2064
2413	2064
15	2064
2947	1849
3962	1849
707	3775
3126	2019
1419	2019
712	2019
901	2019
3617	821
1347	625
652	625
1083	625
4645	2947
2632	2947
4414	4439
2885	2697
2196	2840
375	1791
299	2130
3265	1233
1269	1099
458	3692
504	3692
1653	3692
3813	3692
2833	3692
1270	3692
3212	3692
3698	3127
86	4645
1446	4645
4178	2402
458	3824
3723	3824
1156	3824
4611	3824
2189	3824
3212	3824
4416	458
4636	458
658	458
550	458
504	458
4632	458
2833	458
3198	458
2786	458
976	458
1076	458
1270	458
2366	758
206	758
86	333
2021	333
1397	333
1943	333
2363	2570
2447	2570
3296	2570
1868	2570
551	2570
3675	2570
2681	2570
4527	2570
345	3645
2182	775
1262	4160
2711	3672
1079	4114
3606	577
4596	577
1788	577
3101	1530
3083	1530
2070	2062
3519	2062
2679	2727
1712	2727
3879	2727
1286	2727
3101	2711
1712	2711
345	1380
3175	4367
3222	729
4651	729
3389	3856
3734	1764
251	1764
2191	1764
86	1434
3573	1434
2305	1434
86	437
230	1539
1856	1539
1799	2037
102	2366
3222	2366
4145	2366
482	2366
3715	2366
340	2366
1054	2366
3166	2366
4335	2366
1226	2366
3803	2366
3222	102
4042	102
2070	102
2906	102
4177	102
2164	102
3082	102
3813	102
133	102
2989	102
3394	102
4354	102
58	102
4061	102
1604	102
2070	3222
4103	3222
251	3222
3096	3222
3082	2704
15	22
4429	2182
3577	2182
3425	2182
4084	2182
3889	3893
2294	1528
1369	1528
3756	2294
1290	2294
1635	2294
1635	2281
1567	2590
4571	2590
3230	2590
3413	2590
249	1889
3915	1889
1738	2166
4543	2166
2164	2998
2940	2998
869	541
1369	541
249	580
1951	580
707	580
958	580
1318	580
1502	580
1796	580
4229	3823
628	3823
885	3823
2189	3823
1749	4565
1269	4565
2937	3378
1800	969
979	969
1095	969
617	969
2060	969
3734	969
559	969
573	969
670	969
1079	969
1196	969
1376	969
1642	969
1670	969
1773	969
1925	969
2091	969
2853	969
1170	99
3296	350
2208	3722
1125	3722
2208	4005
2191	4005
206	600
1464	3841
1542	4531
4500	9
3491	9
979	3170
2022	3170
2307	3170
1749	4592
3577	1611
4437	276
59	276
4047	276
2782	3101
3677	3101
2692	3101
4546	3101
2882	3101
4604	3101
1606	3101
2060	3101
374	3101
2966	3101
1083	3101
3691	3101
2586	3101
265	3101
468	3101
476	3101
2316	3101
2083	3101
2337	3101
2505	3101
2844	3101
2912	3101
2970	3101
3071	3101
3103	3101
3565	3101
3603	3101
4009	3101
4097	3101
152	4163
374	4163
3422	4163
3883	4163
3425	4652
1347	2208
4611	2208
927	2208
2667	2794
3427	2794
3606	2254
1369	2254
957	2254
3221	2254
4450	3804
4352	2146
835	2146
979	2146
2937	2146
2413	2146
2632	2146
2226	2146
800	2146
4097	2146
3494	339
1942	4450
2620	4450
1222	4450
1023	4450
2610	1859
3734	1859
308	1859
298	1859
3229	1859
696	4207
3465	4207
1586	4207
3296	4207
2125	4207
3451	4207
3443	2554
3827	2554
3212	2554
3296	3756
3422	3756
1165	696
1567	696
2833	696
1804	696
1957	696
2609	696
3810	948
1836	948
3173	3141
861	1942
100	230
1888	230
2842	4206
3124	4206
3230	4206
1952	4429
2842	4429
3124	4429
3425	4429
687	3656
3660	3656
2164	3656
1033	3656
2222	3656
1948	4671
2902	3465
4448	3465
3653	3465
3494	2902
4674	4448
374	2816
1417	2227
4229	1159
4198	1529
86	243
1943	243
3577	2260
3546	4290
1308	2103
2310	2103
1486	2103
3573	2103
1868	176
3230	4359
3411	4359
2983	2617
3515	1557
599	1557
4122	4166
3503	4166
3780	4166
2012	3976
2746	2612
900	2612
3832	2612
39	2612
877	2612
3390	2612
2580	2612
4285	2612
249	2562
662	3509
1836	1513
1269	1722
1861	1722
1836	2696
112	3810
816	3810
4147	3810
400	3810
1085	3810
3510	3810
3224	3810
2056	3810
905	3810
100	3810
906	3810
1567	3810
4147	112
1085	112
3224	112
4602	112
905	112
2320	112
4248	112
1836	816
1269	4147
861	4147
1836	1714
1836	1085
1836	3510
1836	3224
152	2056
1257	2056
1836	905
1836	2320
1914	2320
3173	1836
326	1836
815	1836
1542	2371
1868	2782
2842	3818
3883	883
86	2767
1943	2767
3160	3633
1481	662
1349	662
2223	662
1932	323
4546	323
3282	2963
2574	2963
2070	2963
4335	2963
922	2963
1417	986
2620	986
4105	986
1594	986
1749	986
2318	986
1440	986
1639	3363
4288	3513
1321	571
3184	571
4438	3420
2156	1639
4465	2308
3573	2308
1594	33
1222	4374
1033	4374
4414	4374
3296	4374
1908	4374
3624	4374
2434	4374
1699	1948
1878	1948
3427	2667
152	2667
1811	2667
2232	2667
152	3427
1811	3427
2232	3427
3606	4465
3437	4465
861	4465
2841	4465
3606	3334
861	3334
3534	2007
570	2007
3282	2007
2574	2007
903	2007
2989	2007
3734	2007
3437	2007
3110	2007
570	4416
504	4416
1240	4416
1270	4416
595	4416
1033	1843
3780	1843
1462	1843
2368	852
298	4642
1269	4639
1024	100
4391	1965
2051	1965
3456	3272
4549	3272
3624	3083
84	865
420	865
1325	865
4023	865
1878	865
326	865
2223	865
2503	865
507	2983
1904	2983
1442	540
4500	540
1594	1417
3456	1417
1749	1417
3577	1417
3010	1417
3734	1628
3296	1628
4105	4454
4651	4454
3660	4454
2223	4454
3081	1997
4087	1997
844	1726
1369	1726
2940	1726
1904	1726
980	2875
1717	2875
504	4636
3677	4392
3638	4392
1308	4392
2620	4392
1856	4392
41	4392
1986	4392
1308	3896
570	3896
2424	3896
2070	3896
1856	3896
3425	3896
3239	3896
1337	3942
585	3942
3212	3942
1738	3723
1788	3723
3230	3723
2083	3723
504	658
1738	3677
1546	3677
1308	3677
2098	3677
2854	3677
1856	3677
4234	3677
3638	550
4262	550
1738	550
504	550
3921	550
2833	550
1337	550
1878	550
1270	550
1738	3638
1546	3638
1308	3638
3337	3638
4177	3638
2882	3638
1986	3638
4203	3638
4234	3638
504	4262
4632	4262
1856	1738
3734	1738
1986	1738
4234	1738
4584	2140
2909	2140
1878	2140
1023	2140
1325	4584
1878	4584
326	4584
3606	3785
3437	3785
861	3785
1986	1546
2098	1308
1271	1308
1856	1308
1518	318
4105	1209
3389	1209
3734	1209
1204	1209
2161	1209
584	14
4611	14
3577	4306
844	3962
1749	3962
1369	3962
2940	3962
881	3962
4414	3962
2597	3962
2223	3962
1302	844
881	844
2610	2620
2471	2620
3577	2620
3779	2620
3734	2620
2845	2620
342	2620
1594	2610
1749	2610
1540	2610
3456	1290
2318	1290
2318	4105
1490	4105
3577	4105
4670	4105
128	4105
3419	4105
3734	4105
3546	4105
4204	4105
2438	4105
2614	4105
2789	4105
4656	4105
1749	1594
2471	1594
3312	1594
3577	1594
3734	1594
2845	1594
3010	1594
2363	3456
3577	3456
1496	3456
3296	3456
4007	3456
1542	3456
958	3456
3134	3456
3339	3456
2471	1749
590	1749
3577	1749
3444	1749
4054	1749
3734	1749
2845	1749
3010	1749
2614	1749
3734	57
3010	2318
1147	2318
2614	2318
1540	2471
3496	2471
152	4653
374	4653
1301	2608
1506	1491
1269	4199
249	1506
612	1506
1567	2215
1429	2430
2827	3297
4648	3297
2820	3297
4648	2827
1591	2827
2060	1993
1632	2275
3261	2275
1540	2275
551	2275
66	2275
3851	1331
4126	1331
3038	1716
1952	1207
1496	1142
652	397
3253	397
2183	2246
86	2246
900	2746
3832	2746
39	2746
877	2746
3390	2746
3734	2746
1689	2746
346	64
1079	64
1951	452
3086	452
2447	452
1868	452
2051	452
1023	355
3166	2368
1269	2992
4579	2992
4347	900
39	900
3390	900
1496	900
652	900
3175	316
4297	2167
711	2167
4000	2167
4347	4489
4347	681
3451	681
3577	345
1419	345
1269	345
3152	345
218	2909
3780	2979
3230	2979
4321	2979
3734	814
3734	190
599	3515
4356	3515
791	3515
3	3515
4134	2310
4082	2310
2051	495
1567	2778
1130	2778
1868	3534
3682	3534
123	104
3086	104
1567	104
1161	104
2045	104
590	925
1761	925
2236	2066
980	590
903	590
1256	590
3556	590
2921	590
3463	590
3842	2723
3491	980
1925	3842
4312	2406
3230	2406
2424	4013
39	3832
877	3832
3390	3832
2580	3832
152	1481
374	1481
59	473
1567	473
584	2666
206	3424
584	3424
3046	3424
957	3424
4543	3424
1408	3831
1121	2598
3734	725
1325	1440
4413	1440
2824	238
2363	3337
249	3337
3105	3337
1130	3337
4643	3337
3058	3337
3680	3337
3611	4347
1391	4347
1845	4347
3425	4347
249	2363
1156	2363
707	2363
2447	2363
949	2363
218	2363
1868	2363
551	2363
1925	2363
2045	2363
2051	2363
3425	2363
313	2363
4527	2363
249	491
1925	491
1156	249
612	249
1951	249
2202	249
3548	249
1518	249
4533	249
3179	249
4678	249
2901	249
2447	249
949	249
1868	249
4643	249
551	249
66	249
1542	249
405	249
507	249
958	249
1502	249
2316	249
1925	249
2045	249
2051	249
2239	249
2681	249
2824	249
2844	249
313	249
4527	249
2045	412
2982	412
3310	412
2226	964
3624	964
1518	1245
3136	1245
123	3090
3230	3090
1105	1723
3984	1723
584	1723
1302	1723
1567	1723
3389	1723
3230	1723
4377	1723
2105	1105
3246	1105
1753	3350
3230	3922
988	1464
206	1203
707	482
2844	482
3061	482
3105	1156
707	1156
1925	1156
2844	1156
3569	1156
66	21
661	4271
3734	1490
585	4143
507	4229
4249	3299
3606	3793
1788	3793
3726	474
3973	474
1286	1185
1270	1185
300	3758
3219	3758
300	31
1518	300
1982	300
3660	3635
1033	3635
3046	3635
3425	3635
3791	3635
3663	3635
4533	2197
2051	2197
308	2236
825	1617
4678	1951
707	1951
2901	1951
1868	1951
4643	1951
551	1951
17	1951
2178	1951
3708	3542
1753	3877
687	647
2124	647
4611	647
4040	647
1787	647
1130	647
3368	647
15	647
3175	647
4605	687
3312	687
1863	687
4040	687
1787	687
1130	687
3368	687
15	687
1811	786
1957	786
1399	1065
1296	1753
1568	1753
3601	1753
3179	3567
2274	4605
4064	4605
3780	4605
306	4605
4571	2274
3184	2274
3577	3312
1915	3312
3184	3312
1576	3312
3152	3312
86	2183
3389	2139
519	4272
1567	1222
3734	1222
3296	1222
2424	570
2688	570
869	570
1567	570
289	570
218	570
4620	570
1788	570
3573	570
3046	570
1296	570
2836	570
30	2424
1712	2424
3978	2424
289	2424
2989	1713
617	1713
289	1713
2070	3282
1712	3282
4666	3282
3110	3282
4666	2574
3437	2574
3110	2574
4666	903
3437	903
3110	903
3734	30
2642	30
3152	30
2070	206
2334	206
1712	206
2989	206
4666	206
289	206
1984	206
1001	206
637	206
3229	206
2989	2070
2906	4297
3780	4297
3734	581
3230	3719
313	3719
1033	3577
4122	3577
1719	3577
2842	3577
2060	3577
1325	3577
3734	3577
4338	3577
4204	3577
51	3577
1023	3577
1996	3443
877	39
3390	39
2580	39
4168	39
787	127
584	127
4096	127
585	127
782	127
2241	3606
2989	3606
4248	3606
3437	3606
4335	3606
1788	3606
2337	4288
3107	4288
1593	504
1024	504
4632	504
2833	504
3046	504
3198	504
2786	504
976	504
1076	504
1270	504
1780	504
4533	4432
3734	1883
2814	1883
3422	1883
4611	1511
3291	1511
519	1511
4611	344
4571	4674
3734	4674
3296	4674
2642	4674
3105	1135
228	1135
1296	2202
1502	2202
2844	2202
942	622
3489	3315
1173	3489
1347	3489
1338	3489
2478	3489
3827	3489
652	3489
2119	3489
1338	1173
1455	1173
1952	1173
1058	1173
652	1173
1033	1173
4122	1173
1915	1173
1325	1173
2222	1173
4413	1173
2226	1173
689	1173
736	1349
3816	1349
233	1349
1033	1349
2000	1349
3230	2656
1952	1347
1033	1347
2222	1347
1083	1347
4620	1347
2478	1338
1915	1338
2226	1338
3471	4437
3734	4437
782	4437
2609	1586
1957	787
3086	736
2124	584
1033	584
1690	584
1567	584
1403	584
2632	584
1183	584
2226	2478
4065	1648
161	3668
585	3668
791	3067
4103	3402
480	3402
2255	1519
4651	648
3724	648
3296	4312
2063	3139
1912	3139
3734	2457
4407	3441
1121	3081
2922	3081
3390	877
2580	877
4168	877
3827	59
3518	59
3980	3816
233	3816
1419	3816
1033	3816
444	3816
3511	3816
233	3980
1033	3980
1525	3980
4651	4131
10	4131
1925	4131
2411	4131
4064	2595
3124	650
4588	650
3972	483
3173	4651
1283	4651
2104	4651
1160	2200
2961	2200
1001	3726
2853	3726
4656	107
3080	2906
3320	3444
885	3444
4657	4237
3518	1914
1121	4177
1856	2098
4284	2854
3438	4546
870	4546
2820	4546
3734	4546
1496	3390
2937	3390
1662	1496
3624	1496
3603	1496
2966	3519
3080	3519
2995	935
1455	2164
1058	2164
3291	2164
1269	1801
4037	3173
699	3173
4354	152
4191	4284
4611	4284
4670	4284
2679	4191
4611	4191
652	4191
1040	2124
1518	2124
1806	2124
1663	2124
1518	1040
652	1040
3253	1040
1806	1040
1663	1040
2327	1040
652	1518
4670	1518
4121	1518
2676	1518
1298	1518
922	1518
1806	1518
1663	1518
75	1518
235	1518
684	1518
815	1518
2408	1518
2564	1518
1397	1518
3851	2679
2763	2679
4611	2679
4673	2679
4670	2679
4121	2679
2763	3851
4611	3851
4673	3851
4121	3851
4611	2763
4121	2763
4673	4611
4670	4611
4121	4611
1567	4611
2940	4611
1842	4611
2739	4611
1482	4611
1078	4611
4278	4611
2028	4611
3058	4611
4121	4673
4250	4604
1455	1419
1058	1419
1033	1419
1462	1419
1058	1455
1033	1455
4122	1455
3425	1455
1033	1952
3780	1952
308	1952
1462	1952
2699	1952
1033	1058
1325	1058
3780	1058
3184	1058
1462	1058
4670	652
374	652
2787	652
3797	652
4121	4670
1442	4121
1024	3148
1258	3148
3100	3148
3925	3941
692	1024
170	1024
3219	1606
3219	1312
1269	3082
2980	3082
4064	3082
17	3082
661	2555
3616	2555
4122	1033
1567	1033
1269	1033
3503	1033
4047	1033
1462	1033
1521	1033
3556	1033
1325	4122
1462	4122
4000	711
2672	3281
3425	1985
936	4017
1814	4017
936	627
1814	627
936	489
1814	489
3734	489
4031	936
1814	936
4087	936
3734	936
1814	4031
3734	4031
3341	1442
4248	1442
66	1561
1502	1561
1637	1778
161	3960
608	902
1567	700
3428	700
1540	4040
1811	4040
15	4040
353	4040
15	1787
979	835
718	4500
1878	4500
375	4500
405	4500
1462	4500
3734	1597
707	4533
949	4533
2045	4533
1337	1240
435	1240
3086	4488
3296	4488
1054	661
2879	661
929	661
958	661
1604	661
1612	661
1890	661
4219	661
4261	661
4264	661
870	3438
3230	3438
4047	2659
3475	2020
507	2020
3883	2020
1788	1921
3389	2334
3437	2334
1888	2334
71	1302
1759	2719
123	2175
1637	2999
2844	3871
435	1637
3086	123
2895	123
851	123
4112	123
1535	123
26	123
521	123
678	123
3939	123
1567	226
3086	1109
4086	1109
3086	3813
1567	3813
298	3813
906	3086
1567	3086
2171	3086
2895	3086
4086	3086
1397	3086
2192	4665
692	4665
2895	4665
2016	4665
692	2192
2895	2192
1567	906
298	906
2171	1567
1540	1567
4047	1567
2632	1567
1712	3225
3642	3225
3389	1403
3734	1403
3296	1403
1036	1403
794	3179
2821	3105
2016	2895
825	1540
2955	3389
2632	3389
2173	3389
1078	3389
4278	3389
2609	3389
2705	1826
675	1269
10	1269
58	1269
1671	1269
197	1269
301	1269
362	1269
808	1269
957	1269
958	1269
1137	1269
1429	1269
1892	1269
2798	1269
4226	1269
4268	1269
4322	1269
4496	1269
1706	160
218	4678
69	4678
1502	4678
2703	4678
1337	2241
1811	2241
1788	2241
979	4071
998	4036
2943	271
347	128
689	128
3839	2188
2447	707
1868	707
4643	707
958	707
1925	707
2051	707
3278	707
313	707
1256	718
1957	718
3425	1054
4354	2342
3175	3445
1811	569
4087	1814
3734	1814
1622	4087
1912	1622
15	3997
1604	3997
375	1770
4278	979
1183	979
398	979
894	979
957	979
1576	979
3826	979
861	86
1542	86
2922	86
3706	86
4510	86
1943	86
1943	3779
3425	578
85	1104
743	1104
2329	1104
3682	4037
585	1719
881	1369
2597	1369
2223	1369
1759	1369
2888	2940
2989	1712
3437	1712
3110	1712
4666	2989
617	2989
2842	2989
3437	2989
2522	2989
1890	2989
3411	2989
4082	2901
17	2901
357	2901
4047	4571
1371	4571
2850	4571
3680	3291
3734	1121
347	1121
4603	4666
3734	4666
435	4666
3437	4666
3296	4666
1003	4666
4248	784
3734	784
407	4248
1915	407
4335	407
1406	407
2642	4603
289	617
2299	1057
1612	1057
1795	1057
2753	1057
3590	3419
941	2068
3166	2842
667	2842
2223	2842
3734	881
2223	881
949	2447
218	2447
3230	2447
1117	2447
1925	2447
205	2447
2597	4414
3296	4414
699	4414
2077	41
435	41
3038	41
3038	2077
3166	3124
667	3124
522	3124
927	2060
2888	2060
2977	2060
3471	4427
58	4427
2580	4427
308	4427
3230	4176
3107	4176
3915	1298
3422	3743
1183	1130
1957	1130
1542	4455
4023	1325
4064	1325
1878	1325
326	1325
4413	1325
4178	1325
3734	1337
1986	1337
1788	1337
1270	1337
4354	374
3611	374
3734	2937
3296	2937
169	2937
2912	2966
4596	440
3437	440
1788	440
3463	945
3437	3734
1811	3734
4484	3734
1950	3734
1001	3734
3269	3734
1078	3734
717	3734
1371	3734
1903	3734
804	3734
1674	3734
1908	3734
2028	3734
3624	3734
2434	3734
2467	3734
2888	3734
3037	3734
3134	3734
3152	3734
3511	3734
4388	3734
4596	2662
4507	4596
4480	4596
3425	4596
4234	4596
2503	2845
3296	946
1270	946
724	2879
4047	2222
4413	2222
3611	4354
3132	3611
3296	2086
3780	1984
308	1984
1888	1984
308	4064
3230	4064
2307	4064
2449	4064
3229	4064
1452	4064
4009	4064
2518	4064
435	3166
1746	2507
1183	435
4232	435
4411	435
2758	435
521	435
2614	435
2865	435
957	4047
1256	4047
3425	4047
3826	4047
2214	1141
1788	3437
3110	3437
2642	3437
1189	2542
981	108
1788	3780
1001	3780
519	3780
637	3780
825	3780
861	4502
1871	3642
4251	861
4082	861
1868	949
2051	949
3915	949
4527	949
2932	995
2255	10
2580	58
308	58
2226	58
308	2580
4168	2580
2080	308
3573	2413
4009	3013
326	1878
3512	1878
921	326
2325	3160
551	218
695	218
1502	218
3296	2632
1950	3296
2572	3296
717	3296
4204	3296
1371	3296
525	3296
1845	3296
1957	3296
2028	3296
2029	3296
2099	3296
3624	3296
2434	3296
3425	3296
3511	3296
2753	3296
4234	3296
3511	1006
967	4620
3239	2223
4524	2223
1270	1788
3212	1788
1888	1788
3691	2380
3491	2380
2321	2380
712	4251
65	712
610	2125
4086	1572
3175	1572
4337	1868
69	1868
1502	1868
1971	1868
3624	1868
3569	1868
3491	3691
3682	3691
2045	3691
2468	3491
3755	298
2858	2395
3663	2395
595	3651
1502	4643
2051	4643
3230	2340
3889	3257
3175	1001
375	1043
375	3504
1091	375
4338	1827
2378	1078
3425	1078
701	551
958	551
1117	551
2045	551
2051	551
4527	551
689	3320
1623	3219
3326	3219
2572	228
2609	1286
4496	1286
1397	1286
689	2226
4370	2226
3826	2226
2378	3573
813	3573
2378	1804
1525	1804
767	689
1175	66
1971	66
2823	66
3278	66
3248	66
468	4338
804	4338
1270	3046
1270	3198
1270	976
4486	1036
1270	1076
2609	1270
1524	1147
1741	1147
4356	599
791	599
968	3175
2604	3175
4401	3175
122	1634
1671	4560
1183	4560
4232	4560
1430	1740
3230	1980
1671	1980
4232	1980
4337	1980
3230	4278
1671	4278
1183	4278
4232	4278
1671	3230
4232	3230
921	3230
70	3230
691	3230
716	3230
967	3230
2080	3230
2268	3230
2552	3230
2853	3230
3245	3230
3939	3230
4265	3230
4311	3230
1183	1671
4232	1671
4232	1183
3425	1183
2021	2858
791	4356
3	4356
4082	4134
3012	4657
3080	2758
1631	1542
774	4061
4242	4204
299	2942
3061	2378
2239	17
3229	921
1502	69
1707	70
1256	122
1904	122
1795	122
4092	148
2327	158
967	162
1335	236
398	279
2438	297
1117	353
2776	360
3278	371
1268	3708
507	468
810	468
3401	480
4575	507
3906	507
3527	507
1925	537
2051	548
1196	594
3709	594
3134	608
2604	618
1262	693
3527	695
4394	804
4575	818
1957	825
3425	825
2284	901
2327	915
1120	931
2051	958
2189	977
4310	978
1524	1003
1262	1011
2327	1017
313	1117
4527	1146
4025	1155
4265	1175
3049	1196
2609	1318
2356	1329
1925	1399
3870	1446
2051	1502
2681	1502
4527	1502
2817	1599
3794	1612
1795	1612
4394	1612
3821	1612
1397	1612
1621	1612
2753	1612
3663	1612
3080	1612
3247	1612
3496	1616
2849	1627
3134	1662
3134	1675
3652	1717
2921	1756
1943	1854
4527	1925
2770	1927
2131	1947
3853	1947
3425	1957
3061	1958
3794	2021
4510	2021
2051	2045
2126	2051
3624	2051
3915	2051
313	2051
4527	2051
3791	2073
1795	3794
3624	3794
3821	3794
1397	3794
1621	3794
2753	3794
3663	3794
3080	3794
3247	3794
2844	2126
2968	2229
3248	2239
3624	1795
3134	1795
4394	1795
1397	1795
2844	3624
1943	2505
3425	2781
2903	2790
3061	2790
3229	2799
3425	3556
3089	3425
3511	3425
4536	3425
3076	2915
3278	2915
1943	2922
3265	2985
3229	3037
3527	3061
1943	3063
4569	3239
4656	3239
3906	3278
1452	3451
3972	1452
3791	3590
3826	3680
4009	3797
4527	3915
4234	724
4622	4349
1397	4510
1943	4510
3663	2753
