5	1064
6	173
6	590
6	1227
6	1247
7	679
12	560
12	656
12	1205
13	428
14	733
14	816
14	1444
15	70
15	202
15	502
15	785
15	819
15	822
15	908
15	1377
15	1432
17	593
17	812
17	830
17	874
17	929
17	972
17	1336
19	1328
23	372
23	671
23	830
23	911
23	1421
26	819
26	1432
28	547
28	1051
28	1254
31	1337
33	152
34	545
34	1376
35	442
35	531
35	567
35	568
35	770
35	863
35	970
35	1021
35	1131
35	1366
35	1507
36	63
36	155
36	202
36	203
36	373
36	419
36	479
36	488
36	509
36	517
36	635
36	722
36	780
36	819
36	864
36	908
36	914
36	940
36	1026
36	1054
36	1161
36	1230
36	1410
37	731
37	835
38	1265
41	1516
42	263
42	1030
47	567
47	863
47	970
47	1366
47	1507
50	1134
50	1411
51	96
51	120
51	251
51	290
51	338
51	339
51	521
51	573
51	598
51	637
51	711
51	817
51	1101
51	1105
51	1185
51	1232
51	1244
51	1414
53	121
53	410
53	491
53	519
53	653
53	655
53	923
53	1089
53	1282
53	1335
53	1397
55	818
58	401
59	998
59	1405
60	392
60	428
61	535
61	818
61	845
63	105
63	119
63	134
63	155
63	203
63	223
63	326
63	346
63	373
63	419
63	502
63	576
63	635
63	722
63	780
63	785
63	819
63	822
63	864
63	908
63	914
63	989
63	996
63	1026
63	1054
63	1134
63	1161
63	1182
63	1233
63	1249
63	1341
63	1388
63	1406
63	1410
63	1432
66	898
66	1499
70	791
70	1213
70	1377
70	1406
73	805
73	1324
75	200
75	710
75	1081
75	1171
75	1251
75	1422
75	1458
76	994
77	405
77	704
77	764
78	534
78	992
79	202
79	713
80	111
84	310
84	357
84	614
84	753
84	861
84	895
84	1022
84	1072
84	1108
84	1326
87	262
87	1061
88	558
88	844
94	502
94	822
94	908
94	914
94	1054
94	1134
94	1144
94	1262
94	1432
96	120
96	251
96	290
96	338
96	339
96	521
96	573
96	598
96	637
96	711
96	817
96	824
96	1101
96	1105
96	1166
96	1185
96	1232
96	1244
96	1341
96	1414
98	219
98	224
98	356
98	501
98	554
98	697
98	738
98	775
98	802
98	880
98	1030
98	1179
98	1215
98	1252
98	1314
98	1327
98	1344
98	1489
98	1512
102	562
105	119
105	134
105	140
105	155
105	203
105	223
105	369
105	373
105	419
105	509
105	531
105	571
105	576
105	611
105	639
105	722
105	785
105	789
105	819
105	822
105	864
105	908
105	914
105	947
105	989
105	996
105	1054
105	1161
105	1182
105	1199
105	1230
105	1341
105	1388
105	1406
105	1410
108	1457
111	350
111	1000
118	160
118	296
118	474
118	523
118	993
118	1150
119	223
119	369
119	592
119	677
119	789
119	822
119	947
119	1086
119	1093
119	1182
119	1199
119	1388
119	1434
120	251
120	290
120	338
120	339
120	521
120	573
120	598
120	637
120	711
120	817
120	824
120	1101
120	1105
120	1185
120	1232
120	1244
120	1414
121	170
121	368
121	410
121	491
121	519
121	653
121	655
121	923
121	1089
121	1282
121	1335
121	1397
122	314
122	374
122	889
122	1313
126	269
126	684
132	932
134	140
134	204
134	349
134	366
134	497
134	515
134	531
134	683
134	822
134	908
134	1341
134	1406
136	416
138	576
140	203
140	497
140	515
140	531
140	785
140	822
140	1134
143	1134
143	1144
143	1411
145	240
145	808
145	811
145	981
148	841
148	1273
155	202
155	203
155	223
155	373
155	419
155	502
155	509
155	517
155	635
155	639
155	722
155	780
155	785
155	819
155	864
155	908
155	914
155	940
155	989
155	1026
155	1054
155	1161
155	1182
155	1230
155	1341
155	1349
155	1410
155	1423
158	1066
160	564
160	631
160	993
160	1069
160	1075
162	1445
163	906
163	931
163	1114
163	1483
166	269
166	826
166	1411
170	410
170	491
170	519
170	653
170	655
170	923
170	1028
170	1089
170	1149
170	1282
170	1335
170	1397
173	590
173	1227
173	1247
174	642
174	1172
176	457
176	759
181	1031
185	1432
186	760
191	206
191	849
194	946
200	710
200	1171
200	1251
200	1422
202	203
202	373
202	399
202	419
202	479
202	488
202	502
202	509
202	579
202	635
202	722
202	780
202	785
202	819
202	822
202	864
202	908
202	914
202	989
202	1026
202	1054
202	1134
202	1161
202	1230
202	1262
202	1272
202	1279
202	1349
202	1410
202	1411
202	1432
203	373
203	393
203	419
203	479
203	502
203	509
203	515
203	517
203	583
203	635
203	639
203	722
203	780
203	785
203	819
203	822
203	864
203	908
203	914
203	989
203	1026
203	1054
203	1161
203	1230
203	1341
203	1406
204	349
204	683
204	1145
205	312
205	567
205	702
205	863
205	970
205	1043
206	849
209	386
211	370
212	320
212	578
212	594
212	658
212	659
212	1208
212	1256
212	1284
212	1290
214	504
219	356
219	494
219	501
219	554
219	697
219	1030
219	1252
219	1327
219	1344
219	1482
219	1512
222	239
222	292
222	344
222	364
222	485
222	496
222	643
222	650
222	692
222	706
222	708
222	1278
223	326
223	334
223	369
223	576
223	592
223	677
223	789
223	822
223	888
223	934
223	947
223	1086
223	1093
223	1182
223	1233
223	1253
223	1388
223	1416
224	738
224	880
224	1179
224	1314
224	1344
224	1489
224	1512
226	1234
236	664
239	292
239	706
239	1278
240	808
240	981
242	1314
244	758
245	298
248	376
248	514
251	290
251	338
251	339
251	521
251	573
251	598
251	637
251	711
251	817
251	1101
251	1105
251	1185
251	1232
251	1244
251	1341
251	1414
259	642
261	641
262	1061
263	1030
267	1275
269	509
269	579
269	826
269	908
269	1144
269	1411
272	682
272	1191
272	1351
273	523
273	754
273	1505
274	847
274	945
280	601
285	353
285	368
285	624
285	1033
285	1060
285	1123
285	1387
285	1451
289	780
290	338
290	339
290	521
290	573
290	598
290	637
290	711
290	817
290	1101
290	1105
290	1166
290	1185
290	1232
290	1244
290	1414
292	706
292	1278
296	337
296	424
296	553
296	1002
296	1158
296	1176
296	1322
296	1445
298	894
300	710
301	791
301	975
303	523
303	547
303	993
303	1314
304	993
306	495
308	1427
310	357
310	614
310	753
310	861
310	895
310	1022
310	1072
310	1108
310	1326
312	567
312	702
312	970
312	1043
313	395
313	589
313	615
313	783
313	807
313	990
313	1403
314	374
314	889
314	1313
319	1163
320	578
320	594
320	658
320	659
320	1208
320	1256
320	1284
320	1290
322	1300
324	1508
326	592
326	677
326	744
326	789
326	822
326	888
326	947
326	1182
326	1233
326	1249
326	1416
332	650
334	369
334	400
334	576
334	677
334	690
334	756
334	789
334	888
334	934
334	947
334	958
334	1009
334	1086
334	1093
334	1164
334	1182
334	1416
334	1493
337	553
337	1002
337	1176
337	1445
338	339
338	521
338	573
338	598
338	637
338	711
338	817
338	1101
338	1105
338	1185
338	1232
338	1244
338	1414
339	521
339	573
339	598
339	637
339	711
339	817
339	1101
339	1105
339	1185
339	1232
339	1244
339	1414
344	364
344	485
344	496
344	650
344	692
344	708
345	863
345	906
345	931
345	1483
346	592
346	744
346	1249
347	1118
349	962
349	1145
353	368
353	624
353	666
353	1123
353	1451
356	501
356	554
356	697
356	1030
356	1252
356	1327
356	1344
356	1512
357	861
357	1022
357	1072
359	871
362	376
362	514
364	485
364	496
364	643
364	650
364	692
364	708
364	1143
366	497
368	624
368	653
368	655
368	666
368	1028
368	1033
368	1123
368	1282
368	1387
368	1451
369	529
369	576
369	592
369	677
369	690
369	756
369	789
369	822
369	888
369	934
369	947
369	958
369	1009
369	1086
369	1093
369	1164
369	1182
369	1416
369	1493
370	1459
372	671
372	830
372	911
372	1421
373	419
373	479
373	488
373	502
373	509
373	635
373	639
373	722
373	780
373	785
373	819
373	822
373	864
373	908
373	914
373	940
373	1026
373	1054
373	1134
373	1161
373	1178
373	1230
373	1272
373	1410
373	1411
373	1432
374	889
374	1313
376	514
383	507
383	525
386	1510
390	1289
391	553
391	666
391	1176
391	1184
391	1350
391	1458
392	428
392	613
392	1071
395	589
395	615
395	783
395	807
395	990
395	1403
396	448
399	822
400	690
400	1086
400	1416
401	1150
401	1151
401	1264
405	704
405	764
408	1269
410	491
410	519
410	653
410	655
410	923
410	1089
410	1282
410	1335
410	1397
415	464
418	825
419	479
419	488
419	502
419	509
419	583
419	635
419	722
419	780
419	785
419	819
419	822
419	864
419	908
419	914
419	940
419	989
419	1026
419	1054
419	1161
419	1230
419	1349
419	1410
419	1432
422	550
422	964
422	1319
424	1322
424	1445
428	535
428	819
428	992
432	1226
442	531
442	770
442	863
442	1507
445	902
457	759
459	567
460	482
460	606
465	613
468	641
468	1075
468	1241
468	1390
472	535
472	847
472	945
474	523
479	488
479	509
479	532
479	583
479	780
479	836
479	914
479	1026
484	709
484	1226
484	1386
485	496
485	643
485	650
485	692
485	708
485	1143
488	509
488	635
488	651
488	780
488	1026
488	1054
488	1230
489	539
489	549
489	576
489	1012
489	1051
489	1103
489	1286
489	1298
489	1304
489	1316
491	519
491	653
491	655
491	923
491	1028
491	1089
491	1282
491	1335
491	1397
494	501
494	554
494	697
494	1252
494	1327
496	643
496	650
496	692
496	708
497	531
497	728
497	785
497	1067
497	1430
501	554
501	697
501	1030
501	1252
501	1327
501	1344
501	1512
502	509
502	579
502	635
502	722
502	780
502	785
502	819
502	822
502	864
502	908
502	914
502	1026
502	1054
502	1134
502	1161
502	1182
502	1230
502	1262
502	1279
502	1411
502	1432
503	742
507	525
509	517
509	583
509	635
509	639
509	722
509	780
509	785
509	819
509	822
509	864
509	908
509	914
509	989
509	990
509	1026
509	1053
509	1054
509	1161
509	1230
509	1388
509	1410
509	1411
509	1432
510	550
515	531
515	595
515	785
515	822
515	863
515	906
515	931
515	1093
515	1182
515	1207
515	1483
517	635
517	780
517	819
517	864
517	1054
518	1394
519	653
519	655
519	923
519	1282
519	1335
519	1397
521	573
521	598
521	637
521	711
521	817
521	824
521	1101
521	1105
521	1185
521	1232
521	1244
521	1341
521	1414
523	754
529	592
529	677
529	934
529	947
531	563
531	770
531	822
531	1134
531	1384
531	1507
535	847
535	945
538	600
539	549
539	1012
539	1051
539	1264
539	1286
539	1298
539	1304
539	1316
541	1005
545	1376
547	1254
548	1088
549	1012
549	1051
549	1286
549	1298
549	1304
549	1316
551	908
551	1300
553	1002
553	1176
553	1184
553	1350
553	1445
553	1458
554	697
554	1030
554	1252
554	1327
554	1344
554	1512
558	1025
558	1357
558	1371
558	1463
560	656
560	1205
561	1312
561	1385
563	1134
563	1199
564	631
564	993
564	1069
564	1075
567	702
567	787
567	863
567	970
567	1043
567	1125
567	1366
567	1472
567	1507
568	863
568	1366
568	1507
570	781
570	1058
570	1190
571	1139
571	1388
573	598
573	637
573	711
573	817
573	824
573	1101
573	1105
573	1185
573	1232
573	1244
573	1414
576	677
576	789
576	822
576	934
576	947
576	958
576	959
576	1009
576	1086
576	1093
576	1134
576	1182
576	1298
576	1304
576	1388
576	1416
578	594
578	658
578	659
578	1208
578	1256
578	1284
578	1290
579	826
579	908
579	914
579	1134
579	1144
579	1272
579	1411
583	780
583	1054
589	615
589	783
589	1403
590	793
590	1227
590	1247
592	677
592	744
592	888
592	934
592	947
592	1009
592	1086
592	1182
592	1249
592	1416
593	812
593	830
593	874
593	929
593	972
593	1026
593	1336
594	658
594	659
594	1208
594	1256
594	1284
594	1290
598	637
598	705
598	711
598	817
598	1101
598	1105
598	1185
598	1232
598	1414
605	841
611	919
613	945
614	753
614	861
614	895
614	1022
614	1108
615	783
615	990
615	1403
619	679
621	1323
624	653
624	666
624	1123
624	1451
627	739
627	1431
628	886
631	993
631	1069
631	1075
634	761
635	722
635	780
635	785
635	819
635	864
635	908
635	989
635	1026
635	1054
635	1161
635	1410
635	1432
637	711
637	817
637	1101
637	1105
637	1185
637	1232
637	1244
637	1341
637	1414
639	785
639	819
639	864
639	989
639	1054
641	1075
641	1241
641	1390
642	1172
643	650
643	692
643	708
643	1143
647	751
647	1318
649	1370
649	1513
650	692
650	708
653	655
653	923
653	1028
653	1089
653	1282
653	1335
653	1397
655	923
655	1028
655	1089
655	1282
655	1335
655	1397
656	1205
658	659
658	1208
658	1242
658	1256
658	1284
658	1290
659	1208
659	1256
659	1284
659	1290
661	826
661	1411
664	914
664	1233
666	1123
666	1176
666	1350
666	1451
666	1458
671	830
671	911
671	1421
675	1344
675	1512
677	690
677	756
677	789
677	822
677	888
677	934
677	947
677	958
677	1009
677	1086
677	1093
677	1164
677	1182
677	1416
677	1493
680	1234
682	1191
682	1351
683	1145
685	955
685	1181
690	789
690	934
690	947
690	1086
690	1416
690	1493
692	708
692	1143
697	1030
697	1252
697	1327
697	1344
697	1512
701	1395
702	970
702	1043
702	1472
705	1185
706	1278
708	945
708	1143
709	1226
709	1386
710	1081
710	1171
710	1251
710	1422
710	1458
711	817
711	1101
711	1105
711	1166
711	1185
711	1232
711	1244
711	1414
714	782
715	1319
722	780
722	785
722	819
722	822
722	864
722	908
722	914
722	989
722	1026
722	1054
722	1134
722	1161
722	1182
722	1230
722	1262
722	1272
722	1279
722	1341
722	1423
722	1432
723	1360
731	835
733	816
733	1444
738	880
738	1179
738	1314
738	1489
738	1512
739	1431
744	1134
753	861
753	895
753	1022
753	1072
753	1108
753	1326
755	1112
756	934
756	958
756	1009
756	1086
761	819
765	979
769	1151
769	1426
770	863
770	970
770	1021
770	1366
770	1507
774	1427
775	802
775	1179
775	1215
775	1344
775	1489
775	1512
780	785
780	819
780	864
780	908
780	914
780	940
780	989
780	1026
780	1054
780	1161
780	1230
780	1341
780	1349
780	1410
780	1432
781	1058
781	1190
783	807
783	1403
785	789
785	819
785	822
785	864
785	908
785	914
785	940
785	989
785	1026
785	1054
785	1161
785	1341
785	1406
785	1424
785	1432
787	863
787	931
787	1125
787	1133
787	1366
787	1368
787	1507
789	819
789	822
789	888
789	934
789	947
789	958
789	1009
789	1086
789	1093
789	1164
789	1182
789	1253
789	1388
789	1416
789	1493
790	1265
791	975
797	829
797	1285
802	1179
802	1215
802	1344
802	1489
802	1512
807	1403
808	811
808	981
812	830
812	874
812	929
812	972
815	1364
816	1444
817	1101
817	1105
817	1166
817	1185
817	1232
817	1244
817	1414
819	822
819	864
819	908
819	914
819	989
819	1026
819	1054
819	1086
819	1161
819	1182
819	1230
819	1341
819	1410
822	908
822	914
822	940
822	947
822	996
822	1054
822	1086
822	1093
822	1134
822	1161
822	1182
822	1233
822	1279
822	1341
822	1388
822	1406
822	1410
822	1432
824	1414
826	908
826	1134
826	1144
826	1272
826	1411
826	1432
829	1134
829	1285
830	874
830	911
830	929
830	972
830	1026
830	1336
830	1421
839	1339
841	1273
841	1319
843	1195
844	1371
845	962
846	1298
846	1304
847	945
847	1327
851	942
851	1453
861	895
861	1022
861	1072
861	1108
863	906
863	931
863	970
863	1043
863	1114
863	1125
863	1133
863	1366
863	1483
863	1507
864	908
864	914
864	989
864	1026
864	1054
864	1161
864	1182
864	1230
864	1423
864	1432
874	929
874	972
880	1179
880	1314
880	1344
880	1489
880	1512
882	986
882	1124
888	934
888	947
888	1009
888	1086
888	1093
888	1182
888	1416
889	1313
895	1022
895	1072
895	1108
895	1326
898	1499
905	1027
905	1134
905	1144
905	1272
905	1411
906	931
906	1114
906	1125
906	1133
906	1483
908	914
908	949
908	1026
908	1054
908	1134
908	1144
908	1161
908	1178
908	1182
908	1230
908	1262
908	1272
908	1279
908	1388
908	1410
908	1411
908	1432
911	1421
914	949
914	989
914	1026
914	1054
914	1134
914	1144
914	1161
914	1182
914	1230
914	1262
914	1272
914	1279
914	1341
914	1410
914	1411
914	1432
923	1028
923	1089
923	1282
923	1335
923	1397
929	972
931	1114
931	1125
931	1133
931	1483
934	947
934	958
934	1009
934	1086
934	1093
934	1182
934	1388
934	1416
934	1490
934	1493
940	1026
940	1054
940	1161
940	1178
940	1432
942	1453
945	1071
945	1327
947	958
947	1009
947	1086
947	1093
947	1182
947	1388
947	1416
947	1493
949	1262
949	1272
955	1181
958	1009
958	1086
958	1093
958	1164
958	1182
958	1416
958	1493
960	1498
961	994
962	1273
962	1319
970	1043
970	1125
970	1133
970	1366
970	1472
970	1507
972	1026
986	1124
989	1026
989	1054
989	1161
989	1182
989	1230
989	1410
992	1139
992	1392
993	1069
993	1075
996	1199
996	1302
1001	1409
1001	1413
1002	1176
1009	1086
1009	1182
1009	1416
1009	1493
1012	1286
1012	1298
1012	1304
1012	1316
1016	1430
1022	1072
1022	1108
1022	1326
1025	1357
1026	1054
1026	1134
1026	1161
1026	1182
1026	1230
1026	1262
1026	1410
1026	1432
1027	1134
1027	1272
1027	1411
1027	1424
1027	1432
1028	1089
1028	1282
1028	1335
1028	1350
1028	1397
1029	1108
1030	1252
1030	1327
1030	1512
1033	1060
1033	1123
1033	1387
1039	1234
1043	1125
1043	1133
1043	1507
1051	1150
1051	1264
1051	1286
1051	1298
1051	1304
1051	1316
1054	1134
1054	1144
1054	1161
1054	1178
1054	1230
1054	1262
1054	1279
1054	1341
1054	1349
1054	1410
1054	1411
1054	1423
1054	1432
1058	1190
1060	1123
1067	1430
1068	1071
1069	1075
1071	1327
1072	1108
1072	1326
1075	1241
1075	1390
1081	1171
1081	1251
1081	1422
1081	1458
1083	1273
1086	1093
1086	1164
1086	1182
1086	1388
1086	1416
1086	1493
1089	1282
1089	1335
1089	1397
1093	1164
1093	1182
1093	1253
1093	1388
1093	1416
1093	1493
1101	1105
1101	1185
1101	1232
1101	1414
1103	1298
1103	1304
1105	1185
1105	1232
1105	1244
1105	1414
1114	1133
1114	1483
1123	1387
1123	1451
1125	1133
1125	1366
1125	1368
1125	1507
1131	1507
1133	1368
1133	1483
1133	1507
1134	1144
1134	1161
1134	1182
1134	1233
1134	1262
1134	1272
1134	1279
1134	1388
1134	1411
1134	1432
1137	1273
1139	1392
1143	1378
1143	1485
1144	1262
1144	1272
1144	1411
1148	1183
1150	1264
1151	1264
1158	1322
1158	1445
1161	1230
1161	1279
1161	1341
1161	1410
1161	1423
1161	1432
1164	1416
1164	1493
1171	1251
1171	1422
1171	1458
1176	1184
1176	1350
1176	1445
1176	1458
1179	1215
1179	1314
1179	1344
1179	1489
1179	1512
1182	1388
1182	1406
1182	1410
1182	1416
1182	1432
1182	1493
1184	1350
1184	1458
1185	1232
1185	1414
1191	1351
1199	1302
1199	1434
1208	1242
1208	1256
1208	1284
1208	1290
1213	1377
1215	1344
1215	1489
1215	1512
1226	1386
1227	1247
1230	1279
1230	1341
1230	1410
1232	1244
1232	1341
1232	1414
1233	1388
1241	1390
1242	1256
1242	1284
1242	1290
1244	1414
1251	1422
1251	1458
1252	1327
1252	1344
1252	1512
1256	1284
1256	1290
1262	1272
1262	1388
1262	1432
1272	1388
1272	1411
1272	1432
1273	1319
1277	1430
1279	1423
1279	1432
1282	1335
1282	1397
1284	1290
1286	1298
1286	1304
1286	1316
1295	1370
1298	1304
1304	1316
1312	1385
1314	1344
1314	1489
1314	1512
1317	1321
1319	1327
1322	1445
1327	1344
1327	1482
1327	1512
1335	1397
1341	1377
1341	1406
1341	1410
1341	1414
1344	1489
1344	1512
1350	1458
1353	1412
1366	1507
1371	1463
1378	1485
1383	1473
1387	1451
1388	1416
1395	1440
1409	1413
1410	1432
1411	1432
1416	1493
1422	1458
1489	1512
1064	5
173	6
590	6
1227	6
1247	6
679	7
560	12
656	12
1205	12
428	13
733	14
816	14
1444	14
70	15
202	15
502	15
785	15
819	15
822	15
908	15
1377	15
1432	15
593	17
812	17
830	17
874	17
929	17
972	17
1336	17
1328	19
372	23
671	23
830	23
911	23
1421	23
819	26
1432	26
547	28
1051	28
1254	28
1337	31
152	33
545	34
1376	34
442	35
531	35
567	35
568	35
770	35
863	35
970	35
1021	35
1131	35
1366	35
1507	35
63	36
155	36
202	36
203	36
373	36
419	36
479	36
488	36
509	36
517	36
635	36
722	36
780	36
819	36
864	36
908	36
914	36
940	36
1026	36
1054	36
1161	36
1230	36
1410	36
731	37
835	37
1265	38
1516	41
263	42
1030	42
567	47
863	47
970	47
1366	47
1507	47
1134	50
1411	50
96	51
120	51
251	51
290	51
338	51
339	51
521	51
573	51
598	51
637	51
711	51
817	51
1101	51
1105	51
1185	51
1232	51
1244	51
1414	51
121	53
410	53
491	53
519	53
653	53
655	53
923	53
1089	53
1282	53
1335	53
1397	53
818	55
401	58
998	59
1405	59
392	60
428	60
535	61
818	61
845	61
105	63
119	63
134	63
155	63
203	63
223	63
326	63
346	63
373	63
419	63
502	63
576	63
635	63
722	63
780	63
785	63
819	63
822	63
864	63
908	63
914	63
989	63
996	63
1026	63
1054	63
1134	63
1161	63
1182	63
1233	63
1249	63
1341	63
1388	63
1406	63
1410	63
1432	63
898	66
1499	66
791	70
1213	70
1377	70
1406	70
805	73
1324	73
200	75
710	75
1081	75
1171	75
1251	75
1422	75
1458	75
994	76
405	77
704	77
764	77
534	78
992	78
202	79
713	79
111	80
310	84
357	84
614	84
753	84
861	84
895	84
1022	84
1072	84
1108	84
1326	84
262	87
1061	87
558	88
844	88
502	94
822	94
908	94
914	94
1054	94
1134	94
1144	94
1262	94
1432	94
120	96
251	96
290	96
338	96
339	96
521	96
573	96
598	96
637	96
711	96
817	96
824	96
1101	96
1105	96
1166	96
1185	96
1232	96
1244	96
1341	96
1414	96
219	98
224	98
356	98
501	98
554	98
697	98
738	98
775	98
802	98
880	98
1030	98
1179	98
1215	98
1252	98
1314	98
1327	98
1344	98
1489	98
1512	98
562	102
119	105
134	105
140	105
155	105
203	105
223	105
369	105
373	105
419	105
509	105
531	105
571	105
576	105
611	105
639	105
722	105
785	105
789	105
819	105
822	105
864	105
908	105
914	105
947	105
989	105
996	105
1054	105
1161	105
1182	105
1199	105
1230	105
1341	105
1388	105
1406	105
1410	105
1457	108
350	111
1000	111
160	118
296	118
474	118
523	118
993	118
1150	118
223	119
369	119
592	119
677	119
789	119
822	119
947	119
1086	119
1093	119
1182	119
1199	119
1388	119
1434	119
251	120
290	120
338	120
339	120
521	120
573	120
598	120
637	120
711	120
817	120
824	120
1101	120
1105	120
1185	120
1232	120
1244	120
1414	120
170	121
368	121
410	121
491	121
519	121
653	121
655	121
923	121
1089	121
1282	121
1335	121
1397	121
314	122
374	122
889	122
1313	122
269	126
684	126
932	132
140	134
204	134
349	134
366	134
497	134
515	134
531	134
683	134
822	134
908	134
1341	134
1406	134
416	136
576	138
203	140
497	140
515	140
531	140
785	140
822	140
1134	140
1134	143
1144	143
1411	143
240	145
808	145
811	145
981	145
841	148
1273	148
202	155
203	155
223	155
373	155
419	155
502	155
509	155
517	155
635	155
639	155
722	155
780	155
785	155
819	155
864	155
908	155
914	155
940	155
989	155
1026	155
1054	155
1161	155
1182	155
1230	155
1341	155
1349	155
1410	155
1423	155
1066	158
564	160
631	160
993	160
1069	160
1075	160
1445	162
906	163
931	163
1114	163
1483	163
269	166
826	166
1411	166
410	170
491	170
519	170
653	170
655	170
923	170
1028	170
1089	170
1149	170
1282	170
1335	170
1397	170
590	173
1227	173
1247	173
642	174
1172	174
457	176
759	176
1031	181
1432	185
760	186
206	191
849	191
946	194
710	200
1171	200
1251	200
1422	200
203	202
373	202
399	202
419	202
479	202
488	202
502	202
509	202
579	202
635	202
722	202
780	202
785	202
819	202
822	202
864	202
908	202
914	202
989	202
1026	202
1054	202
1134	202
1161	202
1230	202
1262	202
1272	202
1279	202
1349	202
1410	202
1411	202
1432	202
373	203
393	203
419	203
479	203
502	203
509	203
515	203
517	203
583	203
635	203
639	203
722	203
780	203
785	203
819	203
822	203
864	203
908	203
914	203
989	203
1026	203
1054	203
1161	203
1230	203
1341	203
1406	203
349	204
683	204
1145	204
312	205
567	205
702	205
863	205
970	205
1043	205
849	206
386	209
370	211
320	212
578	212
594	212
658	212
659	212
1208	212
1256	212
1284	212
1290	212
504	214
356	219
494	219
501	219
554	219
697	219
1030	219
1252	219
1327	219
1344	219
1482	219
1512	219
239	222
292	222
344	222
364	222
485	222
496	222
643	222
650	222
692	222
706	222
708	222
1278	222
326	223
334	223
369	223
576	223
592	223
677	223
789	223
822	223
888	223
934	223
947	223
1086	223
1093	223
1182	223
1233	223
1253	223
1388	223
1416	223
738	224
880	224
1179	224
1314	224
1344	224
1489	224
1512	224
1234	226
664	236
292	239
706	239
1278	239
808	240
981	240
1314	242
758	244
298	245
376	248
514	248
290	251
338	251
339	251
521	251
573	251
598	251
637	251
711	251
817	251
1101	251
1105	251
1185	251
1232	251
1244	251
1341	251
1414	251
642	259
641	261
1061	262
1030	263
1275	267
509	269
579	269
826	269
908	269
1144	269
1411	269
682	272
1191	272
1351	272
523	273
754	273
1505	273
847	274
945	274
601	280
353	285
368	285
624	285
1033	285
1060	285
1123	285
1387	285
1451	285
780	289
338	290
339	290
521	290
573	290
598	290
637	290
711	290
817	290
1101	290
1105	290
1166	290
1185	290
1232	290
1244	290
1414	290
706	292
1278	292
337	296
424	296
553	296
1002	296
1158	296
1176	296
1322	296
1445	296
894	298
710	300
791	301
975	301
523	303
547	303
993	303
1314	303
993	304
495	306
1427	308
357	310
614	310
753	310
861	310
895	310
1022	310
1072	310
1108	310
1326	310
567	312
702	312
970	312
1043	312
395	313
589	313
615	313
783	313
807	313
990	313
1403	313
374	314
889	314
1313	314
1163	319
578	320
594	320
658	320
659	320
1208	320
1256	320
1284	320
1290	320
1300	322
1508	324
592	326
677	326
744	326
789	326
822	326
888	326
947	326
1182	326
1233	326
1249	326
1416	326
650	332
369	334
400	334
576	334
677	334
690	334
756	334
789	334
888	334
934	334
947	334
958	334
1009	334
1086	334
1093	334
1164	334
1182	334
1416	334
1493	334
553	337
1002	337
1176	337
1445	337
339	338
521	338
573	338
598	338
637	338
711	338
817	338
1101	338
1105	338
1185	338
1232	338
1244	338
1414	338
521	339
573	339
598	339
637	339
711	339
817	339
1101	339
1105	339
1185	339
1232	339
1244	339
1414	339
364	344
485	344
496	344
650	344
692	344
708	344
863	345
906	345
931	345
1483	345
592	346
744	346
1249	346
1118	347
962	349
1145	349
368	353
624	353
666	353
1123	353
1451	353
501	356
554	356
697	356
1030	356
1252	356
1327	356
1344	356
1512	356
861	357
1022	357
1072	357
871	359
376	362
514	362
485	364
496	364
643	364
650	364
692	364
708	364
1143	364
497	366
624	368
653	368
655	368
666	368
1028	368
1033	368
1123	368
1282	368
1387	368
1451	368
529	369
576	369
592	369
677	369
690	369
756	369
789	369
822	369
888	369
934	369
947	369
958	369
1009	369
1086	369
1093	369
1164	369
1182	369
1416	369
1493	369
1459	370
671	372
830	372
911	372
1421	372
419	373
479	373
488	373
502	373
509	373
635	373
639	373
722	373
780	373
785	373
819	373
822	373
864	373
908	373
914	373
940	373
1026	373
1054	373
1134	373
1161	373
1178	373
1230	373
1272	373
1410	373
1411	373
1432	373
889	374
1313	374
514	376
507	383
525	383
1510	386
1289	390
553	391
666	391
1176	391
1184	391
1350	391
1458	391
428	392
613	392
1071	392
589	395
615	395
783	395
807	395
990	395
1403	395
448	396
822	399
690	400
1086	400
1416	400
1150	401
1151	401
1264	401
704	405
764	405
1269	408
491	410
519	410
653	410
655	410
923	410
1089	410
1282	410
1335	410
1397	410
464	415
825	418
479	419
488	419
502	419
509	419
583	419
635	419
722	419
780	419
785	419
819	419
822	419
864	419
908	419
914	419
940	419
989	419
1026	419
1054	419
1161	419
1230	419
1349	419
1410	419
1432	419
550	422
964	422
1319	422
1322	424
1445	424
535	428
819	428
992	428
1226	432
531	442
770	442
863	442
1507	442
902	445
759	457
567	459
482	460
606	460
613	465
641	468
1075	468
1241	468
1390	468
535	472
847	472
945	472
523	474
488	479
509	479
532	479
583	479
780	479
836	479
914	479
1026	479
709	484
1226	484
1386	484
496	485
643	485
650	485
692	485
708	485
1143	485
509	488
635	488
651	488
780	488
1026	488
1054	488
1230	488
539	489
549	489
576	489
1012	489
1051	489
1103	489
1286	489
1298	489
1304	489
1316	489
519	491
653	491
655	491
923	491
1028	491
1089	491
1282	491
1335	491
1397	491
501	494
554	494
697	494
1252	494
1327	494
643	496
650	496
692	496
708	496
531	497
728	497
785	497
1067	497
1430	497
554	501
697	501
1030	501
1252	501
1327	501
1344	501
1512	501
509	502
579	502
635	502
722	502
780	502
785	502
819	502
822	502
864	502
908	502
914	502
1026	502
1054	502
1134	502
1161	502
1182	502
1230	502
1262	502
1279	502
1411	502
1432	502
742	503
525	507
517	509
583	509
635	509
639	509
722	509
780	509
785	509
819	509
822	509
864	509
908	509
914	509
989	509
990	509
1026	509
1053	509
1054	509
1161	509
1230	509
1388	509
1410	509
1411	509
1432	509
550	510
531	515
595	515
785	515
822	515
863	515
906	515
931	515
1093	515
1182	515
1207	515
1483	515
635	517
780	517
819	517
864	517
1054	517
1394	518
653	519
655	519
923	519
1282	519
1335	519
1397	519
573	521
598	521
637	521
711	521
817	521
824	521
1101	521
1105	521
1185	521
1232	521
1244	521
1341	521
1414	521
754	523
592	529
677	529
934	529
947	529
563	531
770	531
822	531
1134	531
1384	531
1507	531
847	535
945	535
600	538
549	539
1012	539
1051	539
1264	539
1286	539
1298	539
1304	539
1316	539
1005	541
1376	545
1254	547
1088	548
1012	549
1051	549
1286	549
1298	549
1304	549
1316	549
908	551
1300	551
1002	553
1176	553
1184	553
1350	553
1445	553
1458	553
697	554
1030	554
1252	554
1327	554
1344	554
1512	554
1025	558
1357	558
1371	558
1463	558
656	560
1205	560
1312	561
1385	561
1134	563
1199	563
631	564
993	564
1069	564
1075	564
702	567
787	567
863	567
970	567
1043	567
1125	567
1366	567
1472	567
1507	567
863	568
1366	568
1507	568
781	570
1058	570
1190	570
1139	571
1388	571
598	573
637	573
711	573
817	573
824	573
1101	573
1105	573
1185	573
1232	573
1244	573
1414	573
677	576
789	576
822	576
934	576
947	576
958	576
959	576
1009	576
1086	576
1093	576
1134	576
1182	576
1298	576
1304	576
1388	576
1416	576
594	578
658	578
659	578
1208	578
1256	578
1284	578
1290	578
826	579
908	579
914	579
1134	579
1144	579
1272	579
1411	579
780	583
1054	583
615	589
783	589
1403	589
793	590
1227	590
1247	590
677	592
744	592
888	592
934	592
947	592
1009	592
1086	592
1182	592
1249	592
1416	592
812	593
830	593
874	593
929	593
972	593
1026	593
1336	593
658	594
659	594
1208	594
1256	594
1284	594
1290	594
637	598
705	598
711	598
817	598
1101	598
1105	598
1185	598
1232	598
1414	598
841	605
919	611
945	613
753	614
861	614
895	614
1022	614
1108	614
783	615
990	615
1403	615
679	619
1323	621
653	624
666	624
1123	624
1451	624
739	627
1431	627
886	628
993	631
1069	631
1075	631
761	634
722	635
780	635
785	635
819	635
864	635
908	635
989	635
1026	635
1054	635
1161	635
1410	635
1432	635
711	637
817	637
1101	637
1105	637
1185	637
1232	637
1244	637
1341	637
1414	637
785	639
819	639
864	639
989	639
1054	639
1075	641
1241	641
1390	641
1172	642
650	643
692	643
708	643
1143	643
751	647
1318	647
1370	649
1513	649
692	650
708	650
655	653
923	653
1028	653
1089	653
1282	653
1335	653
1397	653
923	655
1028	655
1089	655
1282	655
1335	655
1397	655
1205	656
659	658
1208	658
1242	658
1256	658
1284	658
1290	658
1208	659
1256	659
1284	659
1290	659
826	661
1411	661
914	664
1233	664
1123	666
1176	666
1350	666
1451	666
1458	666
830	671
911	671
1421	671
1344	675
1512	675
690	677
756	677
789	677
822	677
888	677
934	677
947	677
958	677
1009	677
1086	677
1093	677
1164	677
1182	677
1416	677
1493	677
1234	680
1191	682
1351	682
1145	683
955	685
1181	685
789	690
934	690
947	690
1086	690
1416	690
1493	690
708	692
1143	692
1030	697
1252	697
1327	697
1344	697
1512	697
1395	701
970	702
1043	702
1472	702
1185	705
1278	706
945	708
1143	708
1226	709
1386	709
1081	710
1171	710
1251	710
1422	710
1458	710
817	711
1101	711
1105	711
1166	711
1185	711
1232	711
1244	711
1414	711
782	714
1319	715
780	722
785	722
819	722
822	722
864	722
908	722
914	722
989	722
1026	722
1054	722
1134	722
1161	722
1182	722
1230	722
1262	722
1272	722
1279	722
1341	722
1423	722
1432	722
1360	723
835	731
816	733
1444	733
880	738
1179	738
1314	738
1489	738
1512	738
1431	739
1134	744
861	753
895	753
1022	753
1072	753
1108	753
1326	753
1112	755
934	756
958	756
1009	756
1086	756
819	761
979	765
1151	769
1426	769
863	770
970	770
1021	770
1366	770
1507	770
1427	774
802	775
1179	775
1215	775
1344	775
1489	775
1512	775
785	780
819	780
864	780
908	780
914	780
940	780
989	780
1026	780
1054	780
1161	780
1230	780
1341	780
1349	780
1410	780
1432	780
1058	781
1190	781
807	783
1403	783
789	785
819	785
822	785
864	785
908	785
914	785
940	785
989	785
1026	785
1054	785
1161	785
1341	785
1406	785
1424	785
1432	785
863	787
931	787
1125	787
1133	787
1366	787
1368	787
1507	787
819	789
822	789
888	789
934	789
947	789
958	789
1009	789
1086	789
1093	789
1164	789
1182	789
1253	789
1388	789
1416	789
1493	789
1265	790
975	791
829	797
1285	797
1179	802
1215	802
1344	802
1489	802
1512	802
1403	807
811	808
981	808
830	812
874	812
929	812
972	812
1364	815
1444	816
1101	817
1105	817
1166	817
1185	817
1232	817
1244	817
1414	817
822	819
864	819
908	819
914	819
989	819
1026	819
1054	819
1086	819
1161	819
1182	819
1230	819
1341	819
1410	819
908	822
914	822
940	822
947	822
996	822
1054	822
1086	822
1093	822
1134	822
1161	822
1182	822
1233	822
1279	822
1341	822
1388	822
1406	822
1410	822
1432	822
1414	824
908	826
1134	826
1144	826
1272	826
1411	826
1432	826
1134	829
1285	829
874	830
911	830
929	830
972	830
1026	830
1336	830
1421	830
1339	839
1273	841
1319	841
1195	843
1371	844
962	845
1298	846
1304	846
945	847
1327	847
942	851
1453	851
895	861
1022	861
1072	861
1108	861
906	863
931	863
970	863
1043	863
1114	863
1125	863
1133	863
1366	863
1483	863
1507	863
908	864
914	864
989	864
1026	864
1054	864
1161	864
1182	864
1230	864
1423	864
1432	864
929	874
972	874
1179	880
1314	880
1344	880
1489	880
1512	880
986	882
1124	882
934	888
947	888
1009	888
1086	888
1093	888
1182	888
1416	888
1313	889
1022	895
1072	895
1108	895
1326	895
1499	898
1027	905
1134	905
1144	905
1272	905
1411	905
931	906
1114	906
1125	906
1133	906
1483	906
914	908
949	908
1026	908
1054	908
1134	908
1144	908
1161	908
1178	908
1182	908
1230	908
1262	908
1272	908
1279	908
1388	908
1410	908
1411	908
1432	908
1421	911
949	914
989	914
1026	914
1054	914
1134	914
1144	914
1161	914
1182	914
1230	914
1262	914
1272	914
1279	914
1341	914
1410	914
1411	914
1432	914
1028	923
1089	923
1282	923
1335	923
1397	923
972	929
1114	931
1125	931
1133	931
1483	931
947	934
958	934
1009	934
1086	934
1093	934
1182	934
1388	934
1416	934
1490	934
1493	934
1026	940
1054	940
1161	940
1178	940
1432	940
1453	942
1071	945
1327	945
958	947
1009	947
1086	947
1093	947
1182	947
1388	947
1416	947
1493	947
1262	949
1272	949
1181	955
1009	958
1086	958
1093	958
1164	958
1182	958
1416	958
1493	958
1498	960
994	961
1273	962
1319	962
1043	970
1125	970
1133	970
1366	970
1472	970
1507	970
1026	972
1124	986
1026	989
1054	989
1161	989
1182	989
1230	989
1410	989
1139	992
1392	992
1069	993
1075	993
1199	996
1302	996
1409	1001
1413	1001
1176	1002
1086	1009
1182	1009
1416	1009
1493	1009
1286	1012
1298	1012
1304	1012
1316	1012
1430	1016
1072	1022
1108	1022
1326	1022
1357	1025
1054	1026
1134	1026
1161	1026
1182	1026
1230	1026
1262	1026
1410	1026
1432	1026
1134	1027
1272	1027
1411	1027
1424	1027
1432	1027
1089	1028
1282	1028
1335	1028
1350	1028
1397	1028
1108	1029
1252	1030
1327	1030
1512	1030
1060	1033
1123	1033
1387	1033
1234	1039
1125	1043
1133	1043
1507	1043
1150	1051
1264	1051
1286	1051
1298	1051
1304	1051
1316	1051
1134	1054
1144	1054
1161	1054
1178	1054
1230	1054
1262	1054
1279	1054
1341	1054
1349	1054
1410	1054
1411	1054
1423	1054
1432	1054
1190	1058
1123	1060
1430	1067
1071	1068
1075	1069
1327	1071
1108	1072
1326	1072
1241	1075
1390	1075
1171	1081
1251	1081
1422	1081
1458	1081
1273	1083
1093	1086
1164	1086
1182	1086
1388	1086
1416	1086
1493	1086
1282	1089
1335	1089
1397	1089
1164	1093
1182	1093
1253	1093
1388	1093
1416	1093
1493	1093
1105	1101
1185	1101
1232	1101
1414	1101
1298	1103
1304	1103
1185	1105
1232	1105
1244	1105
1414	1105
1133	1114
1483	1114
1387	1123
1451	1123
1133	1125
1366	1125
1368	1125
1507	1125
1507	1131
1368	1133
1483	1133
1507	1133
1144	1134
1161	1134
1182	1134
1233	1134
1262	1134
1272	1134
1279	1134
1388	1134
1411	1134
1432	1134
1273	1137
1392	1139
1378	1143
1485	1143
1262	1144
1272	1144
1411	1144
1183	1148
1264	1150
1264	1151
1322	1158
1445	1158
1230	1161
1279	1161
1341	1161
1410	1161
1423	1161
1432	1161
1416	1164
1493	1164
1251	1171
1422	1171
1458	1171
1184	1176
1350	1176
1445	1176
1458	1176
1215	1179
1314	1179
1344	1179
1489	1179
1512	1179
1388	1182
1406	1182
1410	1182
1416	1182
1432	1182
1493	1182
1350	1184
1458	1184
1232	1185
1414	1185
1351	1191
1302	1199
1434	1199
1242	1208
1256	1208
1284	1208
1290	1208
1377	1213
1344	1215
1489	1215
1512	1215
1386	1226
1247	1227
1279	1230
1341	1230
1410	1230
1244	1232
1341	1232
1414	1232
1388	1233
1390	1241
1256	1242
1284	1242
1290	1242
1414	1244
1422	1251
1458	1251
1327	1252
1344	1252
1512	1252
1284	1256
1290	1256
1272	1262
1388	1262
1432	1262
1388	1272
1411	1272
1432	1272
1319	1273
1430	1277
1423	1279
1432	1279
1335	1282
1397	1282
1290	1284
1298	1286
1304	1286
1316	1286
1370	1295
1304	1298
1316	1304
1385	1312
1344	1314
1489	1314
1512	1314
1321	1317
1327	1319
1445	1322
1344	1327
1482	1327
1512	1327
1397	1335
1377	1341
1406	1341
1410	1341
1414	1341
1489	1344
1512	1344
1458	1350
1412	1353
1507	1366
1463	1371
1485	1378
1473	1383
1451	1387
1416	1388
1440	1395
1413	1409
1432	1410
1432	1411
1493	1416
1458	1422
1512	1489
