0	85
0	561
0	1385
1	939
1	1399
3	537
3	1031
4	116
4	296
4	337
4	1445
5	232
5	596
8	1025
10	81
10	90
10	466
10	511
11	452
11	681
11	1114
11	1133
11	1438
11	1483
15	202
15	361
15	365
15	785
15	819
15	908
15	948
15	1098
15	1377
18	685
18	1181
22	987
23	671
23	1421
24	680
24	1039
24	1275
26	574
26	695
26	819
26	1045
26	1048
27	1045
28	887
28	1051
28	1080
28	1254
30	46
30	105
30	223
30	238
30	326
30	334
30	421
30	587
30	677
30	690
30	789
30	888
30	901
30	934
30	947
30	950
30	996
30	1009
30	1086
30	1182
30	1253
30	1398
30	1439
30	1495
32	112
33	142
33	152
34	545
34	1376
35	65
35	168
35	227
35	348
35	442
35	452
35	568
35	681
35	770
35	1366
35	1507
36	52
36	155
36	199
36	202
36	203
36	243
36	419
36	479
36	488
36	492
36	509
36	574
36	635
36	644
36	780
36	819
36	908
36	914
36	940
36	991
36	1026
36	1048
36	1054
36	1109
36	1161
36	1230
36	1261
39	84
39	310
39	333
39	614
39	861
39	895
39	1022
39	1036
39	1072
39	1225
39	1326
41	1516
42	263
42	1030
45	1274
46	105
46	140
46	155
46	202
46	203
46	223
46	334
46	361
46	419
46	509
46	515
46	563
46	574
46	635
46	639
46	644
46	645
46	780
46	785
46	789
46	819
46	901
46	908
46	914
46	934
46	947
46	950
46	989
46	1026
46	1048
46	1054
46	1086
46	1090
46	1098
46	1109
46	1182
46	1233
46	1377
46	1419
46	1495
51	189
51	250
51	251
51	290
51	339
51	711
51	817
51	1101
51	1232
51	1244
51	1389
51	1414
52	199
52	202
52	203
52	419
52	479
52	488
52	492
52	509
52	574
52	635
52	780
52	813
52	819
52	914
52	1026
52	1048
52	1054
52	1109
52	1161
52	1230
52	1261
60	392
60	516
60	809
61	231
61	535
65	168
65	187
65	227
65	348
65	442
65	452
65	556
65	568
65	681
65	770
65	1133
65	1366
65	1438
65	1507
65	1511
67	1128
68	452
68	681
68	1483
73	1228
73	1276
73	1324
73	1346
75	710
75	1130
75	1171
75	1251
75	1458
76	994
79	202
79	696
79	713
81	90
81	466
81	511
81	548
81	825
81	1015
81	1088
81	1502
83	309
83	556
83	662
83	1511
84	310
84	333
84	614
84	861
84	895
84	1022
84	1036
84	1072
84	1326
85	561
85	1385
86	260
86	294
90	511
91	99
91	225
91	1111
91	1452
94	256
94	574
94	908
94	914
94	1054
94	1159
94	1358
94	1398
94	1419
98	282
98	356
98	554
98	565
98	697
98	738
98	775
98	855
98	880
98	1030
98	1179
98	1189
98	1215
98	1327
98	1343
98	1347
98	1373
98	1418
98	1455
98	1512
98	1515
99	225
99	1452
102	215
105	140
105	155
105	203
105	223
105	361
105	419
105	492
105	509
105	571
105	574
105	639
105	785
105	789
105	819
105	908
105	914
105	947
105	950
105	989
105	996
105	1045
105	1048
105	1054
105	1090
105	1109
105	1161
105	1182
105	1230
105	1261
105	1406
105	1419
110	291
110	500
110	630
110	921
110	1123
110	1451
112	821
114	536
116	296
116	337
116	466
116	553
116	1445
118	296
118	466
118	474
118	720
118	876
118	915
118	1080
118	1150
118	1343
118	1365
121	170
121	410
121	491
121	519
121	653
121	655
121	1209
121	1263
121	1335
121	1397
122	374
122	599
122	889
122	1056
122	1116
122	1313
123	656
123	1205
128	489
128	539
128	1012
128	1051
128	1286
128	1298
128	1304
128	1316
130	627
131	261
131	641
131	779
131	1075
131	1361
131	1390
135	688
136	416
140	203
140	515
140	597
140	645
140	785
140	1045
140	1121
140	1419
141	693
142	152
145	808
145	981
149	222
149	485
153	1039
155	199
155	202
155	203
155	223
155	361
155	419
155	492
155	509
155	574
155	635
155	639
155	644
155	780
155	785
155	786
155	819
155	908
155	914
155	940
155	989
155	1026
155	1048
155	1054
155	1109
155	1161
155	1182
155	1230
155	1231
155	1349
157	578
157	594
157	607
157	1208
157	1284
162	1445
163	681
163	1114
163	1483
168	227
168	348
168	442
168	452
168	681
168	770
168	1366
168	1507
169	1369
170	410
170	491
170	519
170	653
170	655
170	1209
170	1263
170	1335
170	1397
171	466
171	1015
171	1384
172	1275
173	590
174	642
174	1152
176	457
176	759
181	669
181	1031
182	828
182	997
184	256
184	512
184	691
184	826
184	862
184	908
184	914
184	1027
184	1159
184	1272
184	1342
184	1358
184	1398
184	1419
186	305
187	681
187	1133
187	1368
187	1438
187	1507
189	290
189	711
189	817
189	1232
194	946
199	202
199	203
199	243
199	361
199	419
199	479
199	488
199	492
199	509
199	574
199	635
199	780
199	785
199	819
199	908
199	914
199	989
199	996
199	1026
199	1048
199	1054
199	1109
199	1161
199	1230
199	1261
199	1349
199	1419
199	1441
202	203
202	243
202	361
202	419
202	479
202	488
202	492
202	509
202	574
202	635
202	644
202	695
202	780
202	785
202	786
202	819
202	862
202	908
202	914
202	989
202	1026
202	1048
202	1054
202	1109
202	1161
202	1230
202	1272
202	1349
202	1358
202	1441
203	361
203	393
203	419
203	437
203	479
203	492
203	509
203	515
203	574
203	635
203	639
203	644
203	645
203	780
203	785
203	819
203	908
203	914
203	989
203	1026
203	1048
203	1054
203	1109
203	1121
203	1161
203	1230
203	1261
203	1406
203	1419
204	276
210	799
211	370
213	866
214	504
214	508
214	954
217	552
222	485
222	643
222	706
222	708
222	1278
223	326
223	334
223	421
223	587
223	677
223	789
223	888
223	901
223	934
223	947
223	950
223	1086
223	1182
223	1233
223	1253
223	1367
223	1439
223	1495
227	348
227	770
227	1366
227	1507
231	397
231	472
231	558
231	796
231	1371
234	283
236	1141
243	361
243	419
243	509
243	574
243	644
243	780
243	819
243	908
243	914
243	989
243	1026
243	1048
243	1054
243	1109
243	1159
243	1161
243	1230
243	1441
246	1013
247	378
250	251
250	290
250	339
250	711
250	817
250	1232
250	1414
251	290
251	339
251	711
251	817
251	1101
251	1232
251	1244
251	1389
251	1414
256	512
256	862
256	908
256	914
256	1159
256	1230
256	1272
256	1342
256	1358
256	1398
256	1419
261	641
261	779
261	1361
262	1061
263	1030
267	1275
272	682
272	831
272	927
272	1351
273	754
273	1365
280	601
281	717
282	775
282	1179
282	1215
282	1373
282	1455
282	1512
290	339
290	711
290	817
290	1101
290	1166
290	1232
290	1244
290	1389
290	1414
291	500
291	630
291	921
291	1123
291	1451
295	472
295	723
295	847
295	1360
296	337
296	424
296	458
296	466
296	527
296	553
296	1080
296	1365
296	1418
296	1445
297	327
297	593
297	812
297	840
297	874
297	972
297	1026
297	1336
298	499
298	581
298	885
298	894
303	720
303	1365
309	556
309	662
309	1511
310	333
310	614
310	861
310	895
310	1022
310	1036
310	1072
310	1225
310	1326
311	484
311	524
311	709
311	1226
311	1386
313	395
313	589
313	615
313	783
313	807
313	990
313	1403
315	331
315	350
315	603
315	820
315	982
315	1391
318	721
326	677
326	744
326	789
326	888
326	947
326	1182
326	1233
326	1439
326	1495
327	593
327	812
327	840
327	874
327	972
331	350
331	603
331	820
331	982
331	1391
333	614
333	861
333	895
333	1022
333	1036
333	1072
333	1225
333	1326
334	355
334	400
334	421
334	587
334	677
334	690
334	789
334	888
334	901
334	934
334	947
334	950
334	1009
334	1086
334	1164
334	1182
334	1439
334	1495
337	466
337	553
337	1445
339	711
339	817
339	1101
339	1232
339	1244
339	1389
339	1414
342	1435
346	744
348	442
348	452
348	681
348	770
348	1366
348	1507
350	603
350	820
350	982
350	1391
355	400
355	587
355	690
355	1086
356	554
356	565
356	697
356	1030
356	1327
356	1347
356	1418
356	1512
361	492
361	509
361	574
361	635
361	644
361	780
361	785
361	819
361	908
361	940
361	989
361	1026
361	1048
361	1054
361	1109
361	1161
361	1419
361	1441
362	412
362	436
362	514
365	948
365	1098
365	1377
370	1459
370	1471
374	599
374	889
374	1056
374	1116
374	1313
383	1023
383	1219
383	1307
385	887
387	490
388	1190
389	1497
390	1180
391	466
391	553
391	665
391	1184
391	1350
391	1458
392	613
392	648
392	809
392	1071
395	589
395	615
395	783
395	807
395	990
395	1403
397	558
397	1371
400	587
400	690
400	1086
401	903
401	1150
401	1151
402	1204
404	794
408	1269
410	491
410	519
410	653
410	655
410	1209
410	1263
410	1335
410	1397
412	436
412	514
415	464
418	825
419	479
419	488
419	492
419	509
419	574
419	635
419	644
419	780
419	785
419	819
419	908
419	914
419	940
419	989
419	1026
419	1048
419	1054
419	1109
419	1161
419	1230
419	1261
419	1349
421	587
421	677
421	690
421	789
421	888
421	901
421	934
421	947
421	950
421	1009
421	1086
421	1182
421	1439
421	1495
422	1319
424	458
424	527
424	1418
424	1445
425	483
425	591
425	1143
425	1259
425	1378
429	946
433	674
433	1317
433	1321
436	514
437	940
437	1019
437	1109
442	681
442	770
442	1507
444	630
445	902
447	486
447	1486
449	489
449	1298
449	1304
451	721
452	515
452	556
452	568
452	681
452	770
452	1114
452	1133
452	1366
452	1438
452	1483
452	1507
452	1511
457	759
458	466
458	527
458	1418
458	1445
466	511
466	527
466	553
466	665
466	825
466	1015
466	1080
466	1186
466	1350
466	1418
466	1445
466	1502
467	535
470	530
470	584
472	535
472	847
472	945
475	963
476	1212
479	488
479	509
479	574
479	780
479	836
479	914
479	1026
479	1109
479	1261
483	591
483	1143
483	1259
483	1378
484	524
484	709
484	1226
484	1386
485	643
485	708
485	1143
486	1486
488	509
488	635
488	780
488	1026
488	1048
488	1054
488	1109
488	1230
488	1231
488	1261
489	539
489	1012
489	1051
489	1103
489	1286
489	1298
489	1304
489	1316
491	519
491	653
491	655
491	1209
491	1263
491	1335
491	1397
492	509
492	574
492	635
492	644
492	780
492	785
492	819
492	908
492	914
492	940
492	996
492	1026
492	1048
492	1054
492	1109
492	1161
492	1182
492	1272
492	1441
494	554
494	697
494	1327
495	1352
499	581
499	885
499	894
500	630
500	921
500	1123
500	1451
504	508
504	954
508	954
509	574
509	635
509	639
509	644
509	780
509	785
509	819
509	862
509	908
509	914
509	989
509	990
509	1007
509	1026
509	1048
509	1054
509	1109
509	1161
509	1230
509	1231
509	1261
509	1441
511	1015
511	1502
512	691
512	826
512	862
512	1159
512	1272
512	1342
512	1358
512	1398
512	1419
515	681
515	785
515	950
515	1182
515	1207
515	1367
515	1419
515	1483
519	653
519	655
519	1209
519	1263
519	1335
519	1397
524	709
524	1226
524	1386
527	1418
527	1445
529	677
529	934
529	947
530	584
535	712
535	847
535	945
535	1320
536	765
537	1031
537	1293
539	1012
539	1051
539	1286
539	1298
539	1304
539	1316
545	1376
548	1088
551	908
551	1300
553	665
553	1184
553	1350
553	1445
553	1458
554	565
554	697
554	1030
554	1327
554	1347
554	1418
554	1512
556	662
556	681
556	1507
556	1511
558	1025
558	1357
558	1371
561	1385
565	697
565	1030
565	1327
565	1512
566	1417
568	681
568	1366
568	1507
571	1139
572	881
572	975
572	1355
572	1446
574	635
574	639
574	644
574	780
574	785
574	819
574	908
574	914
574	940
574	989
574	996
574	1026
574	1048
574	1054
574	1109
574	1159
574	1161
574	1182
574	1230
574	1261
574	1349
574	1419
574	1441
578	594
578	607
578	1208
578	1284
582	1492
587	677
587	690
587	789
587	901
587	934
587	947
587	950
587	1086
587	1182
587	1439
587	1495
589	615
589	783
589	1403
590	793
591	1143
591	1259
591	1378
593	644
593	812
593	840
593	874
593	972
593	1026
593	1336
594	607
594	1208
594	1284
594	1514
596	765
597	645
597	785
599	889
599	1056
599	1116
599	1313
602	648
603	820
603	982
603	1391
605	841
605	858
607	1208
607	1284
613	648
613	809
613	945
614	861
614	895
614	1022
614	1036
615	783
615	990
615	1403
617	1186
617	1250
617	1395
620	945
622	691
622	826
622	887
627	739
630	1123
635	644
635	780
635	785
635	819
635	908
635	989
635	1026
635	1048
635	1054
635	1109
635	1161
635	1261
635	1441
639	785
639	819
639	989
639	1054
639	1121
639	1261
641	779
641	1075
641	1361
641	1390
642	1152
643	708
643	1143
643	1259
644	780
644	785
644	819
644	874
644	908
644	914
644	1026
644	1048
644	1054
644	1109
644	1161
644	1441
645	785
645	819
645	908
645	1419
647	1318
648	809
648	847
648	945
653	655
653	1209
653	1263
653	1335
653	1397
655	1209
655	1263
655	1335
655	1397
656	1205
656	1224
657	962
657	1200
665	1184
665	1350
665	1458
671	1421
673	721
673	1211
674	1304
675	1347
675	1455
675	1512
676	1427
677	690
677	789
677	888
677	901
677	934
677	947
677	950
677	1009
677	1086
677	1164
677	1182
677	1439
677	1495
678	681
681	770
681	1114
681	1133
681	1366
681	1438
681	1483
681	1507
681	1511
682	831
682	927
682	1351
685	955
685	1181
688	1082
690	789
690	901
690	934
690	947
690	950
690	1086
690	1439
690	1495
691	826
691	1159
691	1272
691	1342
691	1358
695	1045
695	1352
696	713
697	1030
697	1327
697	1347
697	1418
697	1512
698	800
701	1395
706	1278
708	945
708	1143
709	1226
709	1386
710	1130
710	1171
710	1251
710	1458
711	817
711	1101
711	1166
711	1232
711	1244
711	1389
711	1414
712	1320
715	868
715	1319
716	1510
717	884
720	876
720	915
720	1069
720	1075
720	1365
723	1360
727	1148
731	835
732	1133
732	1438
733	1444
737	1065
738	855
738	880
738	1179
738	1189
738	1343
738	1347
738	1512
738	1515
743	1506
754	1365
755	1112
758	1287
761	819
761	1090
769	1151
769	1426
770	1366
770	1507
774	1427
775	1179
775	1215
775	1373
775	1455
775	1512
779	1075
779	1361
779	1390
779	1418
780	785
780	819
780	908
780	914
780	940
780	989
780	1026
780	1048
780	1054
780	1109
780	1161
780	1230
780	1231
780	1261
780	1349
780	1441
783	807
783	1403
784	886
785	786
785	789
785	819
785	908
785	914
785	940
785	950
785	989
785	1026
785	1048
785	1054
785	1090
785	1109
785	1121
785	1161
785	1406
785	1419
786	819
786	1048
789	819
789	888
789	901
789	934
789	947
789	950
789	1009
789	1086
789	1164
789	1182
789	1253
789	1367
789	1439
789	1495
796	1371
807	1403
808	981
809	866
809	990
812	840
812	874
812	972
817	1101
817	1166
817	1232
817	1244
817	1389
817	1414
819	908
819	914
819	950
819	989
819	1026
819	1048
819	1054
819	1086
819	1090
819	1109
819	1121
819	1161
819	1182
819	1230
819	1231
819	1261
819	1419
819	1441
819	1514
820	982
820	1391
824	1389
824	1414
825	1015
826	908
826	1007
826	1159
826	1272
826	1342
826	1358
826	1419
828	997
829	1159
829	1285
829	1398
831	927
831	1351
839	1339
840	874
840	972
841	858
841	918
841	1319
847	945
847	1327
847	1455
851	942
851	1453
855	880
855	1179
855	1189
855	1343
855	1347
855	1512
855	1515
858	1038
861	895
861	1022
861	1036
861	1072
862	908
862	914
862	1159
862	1272
862	1342
862	1358
862	1419
866	918
866	1443
868	1319
869	1023
869	1219
869	1296
874	972
876	915
876	1069
876	1075
880	1179
880	1189
880	1343
880	1347
880	1512
880	1515
881	975
881	1355
881	1446
887	1095
887	1254
888	901
888	934
888	947
888	950
888	1009
888	1086
888	1182
888	1495
889	1056
889	1116
889	1313
895	1022
895	1036
895	1072
895	1326
897	1214
898	1499
901	934
901	947
901	950
901	1009
901	1086
901	1182
901	1439
901	1495
903	1150
903	1151
908	914
908	1026
908	1048
908	1054
908	1109
908	1159
908	1161
908	1182
908	1230
908	1272
908	1342
908	1358
908	1398
908	1419
908	1441
914	989
914	1026
914	1048
914	1054
914	1109
914	1161
914	1182
914	1230
914	1261
914	1272
914	1342
914	1419
914	1441
915	1069
915	1075
918	962
921	1123
921	1451
927	1351
934	947
934	950
934	1009
934	1086
934	1182
934	1439
934	1490
934	1495
939	1399
940	1026
940	1048
940	1054
940	1161
942	1453
945	1071
945	1327
947	950
947	1009
947	1086
947	1182
947	1367
947	1439
947	1495
948	1098
948	1377
950	1009
950	1026
950	1086
950	1164
950	1182
950	1367
950	1439
950	1495
954	1408
954	1510
955	1181
957	1285
960	1498
961	994
962	1104
962	1319
962	1419
972	1026
975	1355
975	1446
986	1124
989	1026
989	1048
989	1054
989	1109
989	1161
989	1182
989	1230
989	1260
989	1441
991	1109
996	1090
996	1109
996	1302
999	1417
1005	1514
1008	1304
1009	1086
1009	1182
1009	1439
1009	1495
1012	1286
1012	1298
1012	1304
1012	1316
1015	1088
1015	1175
1015	1502
1020	1138
1022	1036
1022	1072
1022	1225
1022	1326
1023	1219
1023	1307
1025	1357
1026	1048
1026	1054
1026	1109
1026	1161
1026	1182
1026	1230
1026	1261
1026	1419
1026	1441
1027	1055
1027	1159
1027	1272
1027	1342
1027	1419
1027	1501
1030	1327
1030	1347
1030	1512
1036	1072
1036	1192
1048	1054
1048	1109
1048	1161
1048	1182
1048	1230
1048	1261
1048	1441
1051	1150
1051	1286
1051	1298
1051	1304
1051	1316
1054	1109
1054	1159
1054	1161
1054	1230
1054	1261
1054	1349
1054	1441
1056	1116
1056	1313
1059	1393
1068	1071
1069	1075
1071	1327
1072	1225
1072	1326
1075	1080
1075	1361
1075	1390
1075	1418
1080	1303
1080	1469
1082	1228
1082	1276
1086	1164
1086	1182
1086	1439
1086	1495
1090	1514
1097	1109
1098	1377
1098	1406
1101	1232
1101	1389
1101	1414
1103	1298
1103	1304
1109	1161
1109	1182
1109	1230
1109	1231
1109	1261
1109	1441
1114	1133
1114	1483
1116	1313
1123	1451
1130	1171
1130	1251
1133	1368
1133	1438
1133	1483
1133	1507
1139	1392
1143	1259
1143	1378
1155	1408
1155	1510
1159	1272
1159	1342
1159	1358
1159	1398
1159	1419
1159	1441
1161	1230
1161	1260
1161	1261
1161	1441
1164	1495
1171	1251
1171	1458
1175	1502
1179	1189
1179	1215
1179	1343
1179	1347
1179	1373
1179	1455
1179	1512
1179	1515
1182	1367
1182	1406
1182	1439
1182	1495
1184	1350
1184	1458
1189	1343
1189	1347
1189	1512
1189	1515
1205	1224
1208	1242
1208	1284
1209	1263
1209	1335
1209	1397
1210	1257
1215	1347
1215	1373
1215	1455
1215	1512
1219	1307
1226	1386
1228	1276
1228	1324
1228	1346
1230	1342
1230	1419
1232	1244
1232	1389
1232	1414
1242	1284
1244	1414
1250	1395
1251	1458
1253	1439
1259	1378
1263	1335
1263	1397
1271	1491
1272	1342
1272	1358
1272	1398
1272	1419
1276	1324
1276	1346
1286	1298
1286	1304
1286	1316
1298	1304
1304	1316
1317	1321
1319	1327
1320	1445
1327	1347
1327	1418
1327	1455
1327	1512
1335	1397
1342	1358
1342	1398
1342	1419
1343	1347
1343	1512
1343	1515
1347	1373
1347	1418
1347	1455
1347	1512
1347	1515
1350	1458
1355	1446
1357	1497
1358	1398
1358	1419
1361	1390
1366	1438
1366	1507
1373	1455
1373	1512
1389	1414
1395	1440
1408	1510
1418	1445
1418	1512
1438	1483
1438	1507
1439	1490
1439	1495
1455	1512
1507	1511
1512	1515
85	0
561	0
1385	0
939	1
1399	1
537	3
1031	3
116	4
296	4
337	4
1445	4
232	5
596	5
1025	8
81	10
90	10
466	10
511	10
452	11
681	11
1114	11
1133	11
1438	11
1483	11
202	15
361	15
365	15
785	15
819	15
908	15
948	15
1098	15
1377	15
685	18
1181	18
987	22
671	23
1421	23
680	24
1039	24
1275	24
574	26
695	26
819	26
1045	26
1048	26
1045	27
887	28
1051	28
1080	28
1254	28
46	30
105	30
223	30
238	30
326	30
334	30
421	30
587	30
677	30
690	30
789	30
888	30
901	30
934	30
947	30
950	30
996	30
1009	30
1086	30
1182	30
1253	30
1398	30
1439	30
1495	30
112	32
142	33
152	33
545	34
1376	34
65	35
168	35
227	35
348	35
442	35
452	35
568	35
681	35
770	35
1366	35
1507	35
52	36
155	36
199	36
202	36
203	36
243	36
419	36
479	36
488	36
492	36
509	36
574	36
635	36
644	36
780	36
819	36
908	36
914	36
940	36
991	36
1026	36
1048	36
1054	36
1109	36
1161	36
1230	36
1261	36
84	39
310	39
333	39
614	39
861	39
895	39
1022	39
1036	39
1072	39
1225	39
1326	39
1516	41
263	42
1030	42
1274	45
105	46
140	46
155	46
202	46
203	46
223	46
334	46
361	46
419	46
509	46
515	46
563	46
574	46
635	46
639	46
644	46
645	46
780	46
785	46
789	46
819	46
901	46
908	46
914	46
934	46
947	46
950	46
989	46
1026	46
1048	46
1054	46
1086	46
1090	46
1098	46
1109	46
1182	46
1233	46
1377	46
1419	46
1495	46
189	51
250	51
251	51
290	51
339	51
711	51
817	51
1101	51
1232	51
1244	51
1389	51
1414	51
199	52
202	52
203	52
419	52
479	52
488	52
492	52
509	52
574	52
635	52
780	52
813	52
819	52
914	52
1026	52
1048	52
1054	52
1109	52
1161	52
1230	52
1261	52
392	60
516	60
809	60
231	61
535	61
168	65
187	65
227	65
348	65
442	65
452	65
556	65
568	65
681	65
770	65
1133	65
1366	65
1438	65
1507	65
1511	65
1128	67
452	68
681	68
1483	68
1228	73
1276	73
1324	73
1346	73
710	75
1130	75
1171	75
1251	75
1458	75
994	76
202	79
696	79
713	79
90	81
466	81
511	81
548	81
825	81
1015	81
1088	81
1502	81
309	83
556	83
662	83
1511	83
310	84
333	84
614	84
861	84
895	84
1022	84
1036	84
1072	84
1326	84
561	85
1385	85
260	86
294	86
511	90
99	91
225	91
1111	91
1452	91
256	94
574	94
908	94
914	94
1054	94
1159	94
1358	94
1398	94
1419	94
282	98
356	98
554	98
565	98
697	98
738	98
775	98
855	98
880	98
1030	98
1179	98
1189	98
1215	98
1327	98
1343	98
1347	98
1373	98
1418	98
1455	98
1512	98
1515	98
225	99
1452	99
215	102
140	105
155	105
203	105
223	105
361	105
419	105
492	105
509	105
571	105
574	105
639	105
785	105
789	105
819	105
908	105
914	105
947	105
950	105
989	105
996	105
1045	105
1048	105
1054	105
1090	105
1109	105
1161	105
1182	105
1230	105
1261	105
1406	105
1419	105
291	110
500	110
630	110
921	110
1123	110
1451	110
821	112
536	114
296	116
337	116
466	116
553	116
1445	116
296	118
466	118
474	118
720	118
876	118
915	118
1080	118
1150	118
1343	118
1365	118
170	121
410	121
491	121
519	121
653	121
655	121
1209	121
1263	121
1335	121
1397	121
374	122
599	122
889	122
1056	122
1116	122
1313	122
656	123
1205	123
489	128
539	128
1012	128
1051	128
1286	128
1298	128
1304	128
1316	128
627	130
261	131
641	131
779	131
1075	131
1361	131
1390	131
688	135
416	136
203	140
515	140
597	140
645	140
785	140
1045	140
1121	140
1419	140
693	141
152	142
808	145
981	145
222	149
485	149
1039	153
199	155
202	155
203	155
223	155
361	155
419	155
492	155
509	155
574	155
635	155
639	155
644	155
780	155
785	155
786	155
819	155
908	155
914	155
940	155
989	155
1026	155
1048	155
1054	155
1109	155
1161	155
1182	155
1230	155
1231	155
1349	155
578	157
594	157
607	157
1208	157
1284	157
1445	162
681	163
1114	163
1483	163
227	168
348	168
442	168
452	168
681	168
770	168
1366	168
1507	168
1369	169
410	170
491	170
519	170
653	170
655	170
1209	170
1263	170
1335	170
1397	170
466	171
1015	171
1384	171
1275	172
590	173
642	174
1152	174
457	176
759	176
669	181
1031	181
828	182
997	182
256	184
512	184
691	184
826	184
862	184
908	184
914	184
1027	184
1159	184
1272	184
1342	184
1358	184
1398	184
1419	184
305	186
681	187
1133	187
1368	187
1438	187
1507	187
290	189
711	189
817	189
1232	189
946	194
202	199
203	199
243	199
361	199
419	199
479	199
488	199
492	199
509	199
574	199
635	199
780	199
785	199
819	199
908	199
914	199
989	199
996	199
1026	199
1048	199
1054	199
1109	199
1161	199
1230	199
1261	199
1349	199
1419	199
1441	199
203	202
243	202
361	202
419	202
479	202
488	202
492	202
509	202
574	202
635	202
644	202
695	202
780	202
785	202
786	202
819	202
862	202
908	202
914	202
989	202
1026	202
1048	202
1054	202
1109	202
1161	202
1230	202
1272	202
1349	202
1358	202
1441	202
361	203
393	203
419	203
437	203
479	203
492	203
509	203
515	203
574	203
635	203
639	203
644	203
645	203
780	203
785	203
819	203
908	203
914	203
989	203
1026	203
1048	203
1054	203
1109	203
1121	203
1161	203
1230	203
1261	203
1406	203
1419	203
276	204
799	210
370	211
866	213
504	214
508	214
954	214
552	217
485	222
643	222
706	222
708	222
1278	222
326	223
334	223
421	223
587	223
677	223
789	223
888	223
901	223
934	223
947	223
950	223
1086	223
1182	223
1233	223
1253	223
1367	223
1439	223
1495	223
348	227
770	227
1366	227
1507	227
397	231
472	231
558	231
796	231
1371	231
283	234
1141	236
361	243
419	243
509	243
574	243
644	243
780	243
819	243
908	243
914	243
989	243
1026	243
1048	243
1054	243
1109	243
1159	243
1161	243
1230	243
1441	243
1013	246
378	247
251	250
290	250
339	250
711	250
817	250
1232	250
1414	250
290	251
339	251
711	251
817	251
1101	251
1232	251
1244	251
1389	251
1414	251
512	256
862	256
908	256
914	256
1159	256
1230	256
1272	256
1342	256
1358	256
1398	256
1419	256
641	261
779	261
1361	261
1061	262
1030	263
1275	267
682	272
831	272
927	272
1351	272
754	273
1365	273
601	280
717	281
775	282
1179	282
1215	282
1373	282
1455	282
1512	282
339	290
711	290
817	290
1101	290
1166	290
1232	290
1244	290
1389	290
1414	290
500	291
630	291
921	291
1123	291
1451	291
472	295
723	295
847	295
1360	295
337	296
424	296
458	296
466	296
527	296
553	296
1080	296
1365	296
1418	296
1445	296
327	297
593	297
812	297
840	297
874	297
972	297
1026	297
1336	297
499	298
581	298
885	298
894	298
720	303
1365	303
556	309
662	309
1511	309
333	310
614	310
861	310
895	310
1022	310
1036	310
1072	310
1225	310
1326	310
484	311
524	311
709	311
1226	311
1386	311
395	313
589	313
615	313
783	313
807	313
990	313
1403	313
331	315
350	315
603	315
820	315
982	315
1391	315
721	318
677	326
744	326
789	326
888	326
947	326
1182	326
1233	326
1439	326
1495	326
593	327
812	327
840	327
874	327
972	327
350	331
603	331
820	331
982	331
1391	331
614	333
861	333
895	333
1022	333
1036	333
1072	333
1225	333
1326	333
355	334
400	334
421	334
587	334
677	334
690	334
789	334
888	334
901	334
934	334
947	334
950	334
1009	334
1086	334
1164	334
1182	334
1439	334
1495	334
466	337
553	337
1445	337
711	339
817	339
1101	339
1232	339
1244	339
1389	339
1414	339
1435	342
744	346
442	348
452	348
681	348
770	348
1366	348
1507	348
603	350
820	350
982	350
1391	350
400	355
587	355
690	355
1086	355
554	356
565	356
697	356
1030	356
1327	356
1347	356
1418	356
1512	356
492	361
509	361
574	361
635	361
644	361
780	361
785	361
819	361
908	361
940	361
989	361
1026	361
1048	361
1054	361
1109	361
1161	361
1419	361
1441	361
412	362
436	362
514	362
948	365
1098	365
1377	365
1459	370
1471	370
599	374
889	374
1056	374
1116	374
1313	374
1023	383
1219	383
1307	383
887	385
490	387
1190	388
1497	389
1180	390
466	391
553	391
665	391
1184	391
1350	391
1458	391
613	392
648	392
809	392
1071	392
589	395
615	395
783	395
807	395
990	395
1403	395
558	397
1371	397
587	400
690	400
1086	400
903	401
1150	401
1151	401
1204	402
794	404
1269	408
491	410
519	410
653	410
655	410
1209	410
1263	410
1335	410
1397	410
436	412
514	412
464	415
825	418
479	419
488	419
492	419
509	419
574	419
635	419
644	419
780	419
785	419
819	419
908	419
914	419
940	419
989	419
1026	419
1048	419
1054	419
1109	419
1161	419
1230	419
1261	419
1349	419
587	421
677	421
690	421
789	421
888	421
901	421
934	421
947	421
950	421
1009	421
1086	421
1182	421
1439	421
1495	421
1319	422
458	424
527	424
1418	424
1445	424
483	425
591	425
1143	425
1259	425
1378	425
946	429
674	433
1317	433
1321	433
514	436
940	437
1019	437
1109	437
681	442
770	442
1507	442
630	444
902	445
486	447
1486	447
489	449
1298	449
1304	449
721	451
515	452
556	452
568	452
681	452
770	452
1114	452
1133	452
1366	452
1438	452
1483	452
1507	452
1511	452
759	457
466	458
527	458
1418	458
1445	458
511	466
527	466
553	466
665	466
825	466
1015	466
1080	466
1186	466
1350	466
1418	466
1445	466
1502	466
535	467
530	470
584	470
535	472
847	472
945	472
963	475
1212	476
488	479
509	479
574	479
780	479
836	479
914	479
1026	479
1109	479
1261	479
591	483
1143	483
1259	483
1378	483
524	484
709	484
1226	484
1386	484
643	485
708	485
1143	485
1486	486
509	488
635	488
780	488
1026	488
1048	488
1054	488
1109	488
1230	488
1231	488
1261	488
539	489
1012	489
1051	489
1103	489
1286	489
1298	489
1304	489
1316	489
519	491
653	491
655	491
1209	491
1263	491
1335	491
1397	491
509	492
574	492
635	492
644	492
780	492
785	492
819	492
908	492
914	492
940	492
996	492
1026	492
1048	492
1054	492
1109	492
1161	492
1182	492
1272	492
1441	492
554	494
697	494
1327	494
1352	495
581	499
885	499
894	499
630	500
921	500
1123	500
1451	500
508	504
954	504
954	508
574	509
635	509
639	509
644	509
780	509
785	509
819	509
862	509
908	509
914	509
989	509
990	509
1007	509
1026	509
1048	509
1054	509
1109	509
1161	509
1230	509
1231	509
1261	509
1441	509
1015	511
1502	511
691	512
826	512
862	512
1159	512
1272	512
1342	512
1358	512
1398	512
1419	512
681	515
785	515
950	515
1182	515
1207	515
1367	515
1419	515
1483	515
653	519
655	519
1209	519
1263	519
1335	519
1397	519
709	524
1226	524
1386	524
1418	527
1445	527
677	529
934	529
947	529
584	530
712	535
847	535
945	535
1320	535
765	536
1031	537
1293	537
1012	539
1051	539
1286	539
1298	539
1304	539
1316	539
1376	545
1088	548
908	551
1300	551
665	553
1184	553
1350	553
1445	553
1458	553
565	554
697	554
1030	554
1327	554
1347	554
1418	554
1512	554
662	556
681	556
1507	556
1511	556
1025	558
1357	558
1371	558
1385	561
697	565
1030	565
1327	565
1512	565
1417	566
681	568
1366	568
1507	568
1139	571
881	572
975	572
1355	572
1446	572
635	574
639	574
644	574
780	574
785	574
819	574
908	574
914	574
940	574
989	574
996	574
1026	574
1048	574
1054	574
1109	574
1159	574
1161	574
1182	574
1230	574
1261	574
1349	574
1419	574
1441	574
594	578
607	578
1208	578
1284	578
1492	582
677	587
690	587
789	587
901	587
934	587
947	587
950	587
1086	587
1182	587
1439	587
1495	587
615	589
783	589
1403	589
793	590
1143	591
1259	591
1378	591
644	593
812	593
840	593
874	593
972	593
1026	593
1336	593
607	594
1208	594
1284	594
1514	594
765	596
645	597
785	597
889	599
1056	599
1116	599
1313	599
648	602
820	603
982	603
1391	603
841	605
858	605
1208	607
1284	607
648	613
809	613
945	613
861	614
895	614
1022	614
1036	614
783	615
990	615
1403	615
1186	617
1250	617
1395	617
945	620
691	622
826	622
887	622
739	627
1123	630
644	635
780	635
785	635
819	635
908	635
989	635
1026	635
1048	635
1054	635
1109	635
1161	635
1261	635
1441	635
785	639
819	639
989	639
1054	639
1121	639
1261	639
779	641
1075	641
1361	641
1390	641
1152	642
708	643
1143	643
1259	643
780	644
785	644
819	644
874	644
908	644
914	644
1026	644
1048	644
1054	644
1109	644
1161	644
1441	644
785	645
819	645
908	645
1419	645
1318	647
809	648
847	648
945	648
655	653
1209	653
1263	653
1335	653
1397	653
1209	655
1263	655
1335	655
1397	655
1205	656
1224	656
962	657
1200	657
1184	665
1350	665
1458	665
1421	671
721	673
1211	673
1304	674
1347	675
1455	675
1512	675
1427	676
690	677
789	677
888	677
901	677
934	677
947	677
950	677
1009	677
1086	677
1164	677
1182	677
1439	677
1495	677
681	678
770	681
1114	681
1133	681
1366	681
1438	681
1483	681
1507	681
1511	681
831	682
927	682
1351	682
955	685
1181	685
1082	688
789	690
901	690
934	690
947	690
950	690
1086	690
1439	690
1495	690
826	691
1159	691
1272	691
1342	691
1358	691
1045	695
1352	695
713	696
1030	697
1327	697
1347	697
1418	697
1512	697
800	698
1395	701
1278	706
945	708
1143	708
1226	709
1386	709
1130	710
1171	710
1251	710
1458	710
817	711
1101	711
1166	711
1232	711
1244	711
1389	711
1414	711
1320	712
868	715
1319	715
1510	716
884	717
876	720
915	720
1069	720
1075	720
1365	720
1360	723
1148	727
835	731
1133	732
1438	732
1444	733
1065	737
855	738
880	738
1179	738
1189	738
1343	738
1347	738
1512	738
1515	738
1506	743
1365	754
1112	755
1287	758
819	761
1090	761
1151	769
1426	769
1366	770
1507	770
1427	774
1179	775
1215	775
1373	775
1455	775
1512	775
1075	779
1361	779
1390	779
1418	779
785	780
819	780
908	780
914	780
940	780
989	780
1026	780
1048	780
1054	780
1109	780
1161	780
1230	780
1231	780
1261	780
1349	780
1441	780
807	783
1403	783
886	784
786	785
789	785
819	785
908	785
914	785
940	785
950	785
989	785
1026	785
1048	785
1054	785
1090	785
1109	785
1121	785
1161	785
1406	785
1419	785
819	786
1048	786
819	789
888	789
901	789
934	789
947	789
950	789
1009	789
1086	789
1164	789
1182	789
1253	789
1367	789
1439	789
1495	789
1371	796
1403	807
981	808
866	809
990	809
840	812
874	812
972	812
1101	817
1166	817
1232	817
1244	817
1389	817
1414	817
908	819
914	819
950	819
989	819
1026	819
1048	819
1054	819
1086	819
1090	819
1109	819
1121	819
1161	819
1182	819
1230	819
1231	819
1261	819
1419	819
1441	819
1514	819
982	820
1391	820
1389	824
1414	824
1015	825
908	826
1007	826
1159	826
1272	826
1342	826
1358	826
1419	826
997	828
1159	829
1285	829
1398	829
927	831
1351	831
1339	839
874	840
972	840
858	841
918	841
1319	841
945	847
1327	847
1455	847
942	851
1453	851
880	855
1179	855
1189	855
1343	855
1347	855
1512	855
1515	855
1038	858
895	861
1022	861
1036	861
1072	861
908	862
914	862
1159	862
1272	862
1342	862
1358	862
1419	862
918	866
1443	866
1319	868
1023	869
1219	869
1296	869
972	874
915	876
1069	876
1075	876
1179	880
1189	880
1343	880
1347	880
1512	880
1515	880
975	881
1355	881
1446	881
1095	887
1254	887
901	888
934	888
947	888
950	888
1009	888
1086	888
1182	888
1495	888
1056	889
1116	889
1313	889
1022	895
1036	895
1072	895
1326	895
1214	897
1499	898
934	901
947	901
950	901
1009	901
1086	901
1182	901
1439	901
1495	901
1150	903
1151	903
914	908
1026	908
1048	908
1054	908
1109	908
1159	908
1161	908
1182	908
1230	908
1272	908
1342	908
1358	908
1398	908
1419	908
1441	908
989	914
1026	914
1048	914
1054	914
1109	914
1161	914
1182	914
1230	914
1261	914
1272	914
1342	914
1419	914
1441	914
1069	915
1075	915
962	918
1123	921
1451	921
1351	927
947	934
950	934
1009	934
1086	934
1182	934
1439	934
1490	934
1495	934
1399	939
1026	940
1048	940
1054	940
1161	940
1453	942
1071	945
1327	945
950	947
1009	947
1086	947
1182	947
1367	947
1439	947
1495	947
1098	948
1377	948
1009	950
1026	950
1086	950
1164	950
1182	950
1367	950
1439	950
1495	950
1408	954
1510	954
1181	955
1285	957
1498	960
994	961
1104	962
1319	962
1419	962
1026	972
1355	975
1446	975
1124	986
1026	989
1048	989
1054	989
1109	989
1161	989
1182	989
1230	989
1260	989
1441	989
1109	991
1090	996
1109	996
1302	996
1417	999
1514	1005
1304	1008
1086	1009
1182	1009
1439	1009
1495	1009
1286	1012
1298	1012
1304	1012
1316	1012
1088	1015
1175	1015
1502	1015
1138	1020
1036	1022
1072	1022
1225	1022
1326	1022
1219	1023
1307	1023
1357	1025
1048	1026
1054	1026
1109	1026
1161	1026
1182	1026
1230	1026
1261	1026
1419	1026
1441	1026
1055	1027
1159	1027
1272	1027
1342	1027
1419	1027
1501	1027
1327	1030
1347	1030
1512	1030
1072	1036
1192	1036
1054	1048
1109	1048
1161	1048
1182	1048
1230	1048
1261	1048
1441	1048
1150	1051
1286	1051
1298	1051
1304	1051
1316	1051
1109	1054
1159	1054
1161	1054
1230	1054
1261	1054
1349	1054
1441	1054
1116	1056
1313	1056
1393	1059
1071	1068
1075	1069
1327	1071
1225	1072
1326	1072
1080	1075
1361	1075
1390	1075
1418	1075
1303	1080
1469	1080
1228	1082
1276	1082
1164	1086
1182	1086
1439	1086
1495	1086
1514	1090
1109	1097
1377	1098
1406	1098
1232	1101
1389	1101
1414	1101
1298	1103
1304	1103
1161	1109
1182	1109
1230	1109
1231	1109
1261	1109
1441	1109
1133	1114
1483	1114
1313	1116
1451	1123
1171	1130
1251	1130
1368	1133
1438	1133
1483	1133
1507	1133
1392	1139
1259	1143
1378	1143
1408	1155
1510	1155
1272	1159
1342	1159
1358	1159
1398	1159
1419	1159
1441	1159
1230	1161
1260	1161
1261	1161
1441	1161
1495	1164
1251	1171
1458	1171
1502	1175
1189	1179
1215	1179
1343	1179
1347	1179
1373	1179
1455	1179
1512	1179
1515	1179
1367	1182
1406	1182
1439	1182
1495	1182
1350	1184
1458	1184
1343	1189
1347	1189
1512	1189
1515	1189
1224	1205
1242	1208
1284	1208
1263	1209
1335	1209
1397	1209
1257	1210
1347	1215
1373	1215
1455	1215
1512	1215
1307	1219
1386	1226
1276	1228
1324	1228
1346	1228
1342	1230
1419	1230
1244	1232
1389	1232
1414	1232
1284	1242
1414	1244
1395	1250
1458	1251
1439	1253
1378	1259
1335	1263
1397	1263
1491	1271
1342	1272
1358	1272
1398	1272
1419	1272
1324	1276
1346	1276
1298	1286
1304	1286
1316	1286
1304	1298
1316	1304
1321	1317
1327	1319
1445	1320
1347	1327
1418	1327
1455	1327
1512	1327
1397	1335
1358	1342
1398	1342
1419	1342
1347	1343
1512	1343
1515	1343
1373	1347
1418	1347
1455	1347
1512	1347
1515	1347
1458	1350
1446	1355
1497	1357
1398	1358
1419	1358
1390	1361
1438	1366
1507	1366
1455	1373
1512	1373
1414	1389
1440	1395
1510	1408
1445	1418
1512	1418
1483	1438
1507	1438
1490	1439
1495	1439
1512	1455
1511	1507
1515	1512
