0	85
0	343
0	561
0	1385
2	394
2	657
2	845
7	679
8	1025
10	81
10	90
10	466
10	649
10	850
11	345
11	520
11	681
11	801
11	863
11	906
11	1044
11	1133
11	1438
13	428
14	1444
15	62
15	180
15	202
15	361
15	365
15	819
15	822
15	1098
15	1140
15	1193
15	1377
15	1432
17	327
17	593
17	812
17	830
17	840
17	874
17	929
17	1079
17	1206
17	1336
21	1031
23	104
23	671
23	830
23	911
23	1421
24	680
24	1275
26	574
26	695
26	819
26	1017
26	1045
26	1048
26	1309
26	1432
28	547
28	887
28	1051
28	1080
33	142
33	152
34	545
34	1376
35	168
35	208
35	348
35	413
35	442
35	568
35	681
35	770
35	863
35	938
35	1366
35	1480
35	1507
36	62
36	106
36	155
36	202
36	203
36	243
36	373
36	419
36	479
36	488
36	492
36	517
36	574
36	644
36	819
36	914
36	940
36	974
36	991
36	1024
36	1048
36	1054
36	1170
36	1193
36	1230
36	1261
36	1281
36	1309
36	1450
39	310
39	325
39	333
39	614
39	753
39	861
39	875
39	895
39	1022
39	1072
39	1108
39	1146
39	1217
39	1326
40	487
40	591
40	1378
40	1485
42	263
42	1030
42	1198
44	260
46	62
46	105
46	119
46	144
46	155
46	180
46	202
46	203
46	361
46	369
46	373
46	419
46	574
46	576
46	592
46	639
46	644
46	645
46	819
46	822
46	901
46	914
46	934
46	947
46	950
46	974
46	989
46	1024
46	1048
46	1054
46	1086
46	1093
46	1098
46	1120
46	1134
46	1170
46	1193
46	1233
46	1281
46	1309
46	1377
46	1416
46	1419
46	1432
47	413
47	681
47	863
47	1366
47	1507
48	1100
51	96
51	250
51	251
51	290
51	612
51	711
51	814
51	1101
51	1185
51	1232
51	1244
51	1414
53	121
53	329
53	410
53	491
53	653
53	655
53	1209
53	1240
53	1263
53	1335
53	1397
61	535
61	818
61	845
62	94
62	105
62	106
62	155
62	202
62	203
62	243
62	361
62	373
62	419
62	492
62	574
62	644
62	819
62	822
62	893
62	914
62	974
62	1024
62	1048
62	1054
62	1134
62	1170
62	1193
62	1230
62	1272
62	1279
62	1281
62	1309
62	1432
62	1450
66	898
66	1221
66	1499
67	1128
68	681
68	906
72	373
72	646
72	989
73	1228
73	1276
73	1346
75	1130
75	1251
75	1429
76	994
76	1415
78	717
78	1268
79	202
80	111
80	820
81	90
81	466
81	825
81	1015
81	1018
81	1088
81	1502
85	343
85	561
85	1385
86	260
86	294
90	850
91	99
91	225
91	1111
91	1452
94	180
94	256
94	574
94	654
94	822
94	899
94	914
94	1054
94	1120
94	1134
94	1144
94	1358
94	1398
94	1419
94	1432
94	1450
95	1446
96	250
96	251
96	290
96	417
96	612
96	711
96	814
96	824
96	1101
96	1166
96	1185
96	1232
96	1244
96	1414
99	225
99	1452
100	123
100	656
100	1205
104	830
104	911
104	1421
105	119
105	155
105	180
105	203
105	361
105	369
105	373
105	419
105	492
105	574
105	576
105	639
105	819
105	822
105	914
105	947
105	950
105	966
105	989
105	1024
105	1045
105	1048
105	1054
105	1170
105	1193
105	1230
105	1261
105	1281
105	1309
105	1325
105	1419
106	155
106	202
106	203
106	361
106	373
106	419
106	479
106	488
106	492
106	517
106	574
106	644
106	819
106	974
106	1024
106	1054
106	1170
106	1193
106	1281
109	918
109	1273
111	350
111	603
111	820
111	1000
112	1297
115	302
118	296
118	466
118	474
118	876
118	993
118	1080
118	1343
118	1365
118	1407
119	180
119	369
119	592
119	822
119	947
119	1086
119	1093
119	1193
119	1309
119	1439
121	170
121	329
121	368
121	410
121	491
121	653
121	655
121	1209
121	1240
121	1263
121	1335
121	1397
123	656
123	1205
129	310
129	325
129	333
129	1022
129	1072
129	1108
129	1146
129	1217
130	1431
131	641
131	1075
136	416
137	385
137	887
138	576
142	152
143	403
143	512
143	862
143	899
143	1134
143	1144
143	1411
144	180
144	421
144	592
144	822
144	901
144	943
144	947
144	950
144	1093
144	1120
144	1134
144	1233
144	1439
145	240
145	668
145	808
145	811
145	981
147	171
147	466
147	1015
147	1384
149	222
149	364
149	471
149	485
149	1354
150	398
150	1468
155	180
155	202
155	203
155	361
155	373
155	419
155	492
155	517
155	574
155	639
155	644
155	786
155	819
155	914
155	940
155	974
155	989
155	1024
155	1048
155	1054
155	1096
155	1170
155	1193
155	1230
155	1281
155	1309
155	1349
155	1423
155	1450
157	578
157	1208
157	1256
157	1284
157	1290
158	1066
161	180
161	369
161	421
161	576
161	587
161	690
161	767
161	822
161	901
161	934
161	947
161	950
161	1009
161	1086
161	1093
161	1164
161	1325
161	1416
161	1439
161	1493
162	1445
163	520
163	681
163	906
163	1044
166	269
166	403
166	691
166	924
166	928
166	984
166	1194
166	1248
166	1411
166	1456
168	348
168	442
168	681
168	770
168	863
168	938
168	1366
168	1480
168	1507
170	329
170	410
170	491
170	653
170	655
170	1209
170	1240
170	1263
170	1335
170	1397
171	466
171	1015
171	1384
172	1275
173	590
173	1227
175	296
175	458
175	466
175	527
175	920
175	1322
175	1445
176	759
179	471
179	1354
180	202
180	203
180	256
180	369
180	421
180	492
180	574
180	576
180	587
180	592
180	767
180	822
180	899
180	901
180	914
180	934
180	943
180	947
180	950
180	1009
180	1048
180	1086
180	1093
180	1120
180	1134
180	1140
180	1233
180	1272
180	1309
180	1416
180	1419
180	1432
180	1439
180	1493
182	803
182	997
185	1432
190	596
190	765
190	883
194	946
202	203
202	243
202	361
202	373
202	399
202	419
202	479
202	488
202	492
202	574
202	644
202	646
202	695
202	786
202	819
202	822
202	862
202	914
202	974
202	989
202	1024
202	1048
202	1054
202	1096
202	1134
202	1170
202	1193
202	1230
202	1272
202	1279
202	1281
202	1309
202	1349
202	1358
202	1411
202	1432
202	1450
203	361
203	373
203	393
203	419
203	479
203	492
203	517
203	559
203	574
203	639
203	644
203	645
203	819
203	822
203	914
203	974
203	989
203	1024
203	1048
203	1054
203	1096
203	1170
203	1193
203	1230
203	1261
203	1281
203	1309
203	1419
203	1450
205	413
205	662
205	681
205	863
205	938
205	978
205	1044
208	348
208	413
208	568
208	681
208	863
208	938
208	1044
208	1133
208	1366
208	1438
208	1480
208	1507
219	494
219	604
219	697
219	1030
219	1327
219	1344
220	535
220	723
220	1360
222	239
222	364
222	471
222	485
222	1278
222	1354
224	252
224	738
224	880
224	1179
224	1189
224	1314
224	1343
224	1344
224	1515
232	533
232	1064
233	954
239	1278
240	668
240	808
240	981
243	361
243	373
243	419
243	574
243	644
243	819
243	822
243	893
243	914
243	989
243	1024
243	1048
243	1054
243	1134
243	1193
243	1230
243	1279
243	1281
243	1309
243	1432
244	1287
246	1013
248	453
248	514
250	251
250	290
250	711
250	814
250	1185
250	1232
250	1414
251	290
251	417
251	612
251	711
251	814
251	1101
251	1185
251	1232
251	1244
251	1414
252	738
252	880
252	1179
252	1189
252	1314
252	1343
252	1515
256	265
256	403
256	512
256	654
256	862
256	893
256	899
256	905
256	914
256	1120
256	1134
256	1144
256	1230
256	1272
256	1358
256	1398
256	1411
256	1419
257	1135
260	423
263	1030
263	1198
265	403
265	512
265	574
265	654
265	893
265	899
265	905
265	1134
265	1144
265	1272
265	1358
265	1456
269	403
269	492
269	654
269	691
269	893
269	928
269	1144
269	1194
269	1248
269	1411
269	1450
269	1456
272	682
272	927
272	933
272	1191
272	1351
275	917
276	349
276	1145
277	1229
278	291
278	368
278	500
278	921
278	1033
278	1070
278	1123
278	1451
279	460
279	719
282	775
282	1179
282	1215
282	1344
282	1455
290	612
290	711
290	814
290	1101
290	1166
290	1185
290	1232
290	1244
290	1414
291	368
291	500
291	921
291	1123
291	1451
296	337
296	458
296	466
296	527
296	652
296	920
296	926
296	1080
296	1322
296	1365
296	1445
298	581
298	837
298	894
303	547
303	993
303	1314
303	1365
303	1407
304	993
310	325
310	333
310	614
310	753
310	861
310	875
310	895
310	1022
310	1072
310	1108
310	1146
310	1217
310	1326
318	721
324	1147
325	333
325	614
325	753
325	861
325	875
325	895
325	1022
325	1072
325	1108
325	1146
325	1192
325	1217
325	1326
327	593
327	812
327	830
327	840
327	874
327	929
327	1079
327	1206
329	410
329	491
329	653
329	655
329	1209
329	1240
329	1263
329	1335
329	1397
333	614
333	753
333	861
333	875
333	895
333	1022
333	1072
333	1108
333	1146
333	1217
333	1326
337	466
337	926
337	1445
341	391
341	463
341	665
341	1184
341	1350
343	561
343	1385
345	863
345	906
346	592
348	413
348	442
348	681
348	770
348	863
348	938
348	1366
348	1480
348	1507
349	1145
350	603
350	820
352	1509
355	400
355	587
355	690
355	767
355	1086
355	1416
361	373
361	492
361	517
361	574
361	644
361	646
361	819
361	940
361	989
361	1024
361	1048
361	1054
361	1193
361	1281
361	1309
361	1419
361	1450
362	436
362	514
364	471
364	485
364	1354
365	1098
365	1140
365	1377
368	500
368	653
368	655
368	921
368	1033
368	1123
368	1209
368	1451
369	421
369	576
369	587
369	592
369	690
369	767
369	822
369	901
369	934
369	947
369	950
369	1009
369	1086
369	1093
369	1164
369	1309
369	1325
369	1416
369	1439
369	1493
370	1459
370	1471
373	403
373	419
373	479
373	488
373	492
373	574
373	639
373	644
373	819
373	822
373	893
373	914
373	940
373	974
373	991
373	1024
373	1048
373	1054
373	1096
373	1134
373	1170
373	1193
373	1230
373	1261
373	1272
373	1281
373	1309
373	1411
373	1432
373	1450
374	889
384	945
385	887
387	490
389	1497
390	1289
391	463
391	466
391	665
391	1184
391	1350
392	428
392	613
392	648
392	809
398	1468
399	492
399	646
399	822
399	1048
399	1450
400	587
400	690
400	1086
400	1416
402	1204
403	492
403	512
403	574
403	646
403	654
403	691
403	862
403	893
403	899
403	905
403	928
403	984
403	1027
403	1134
403	1144
403	1194
403	1248
403	1272
403	1281
403	1358
403	1398
403	1411
403	1419
403	1432
403	1450
403	1456
404	794
408	1269
410	491
410	653
410	655
410	1209
410	1240
410	1263
410	1335
410	1397
411	572
411	1098
411	1140
411	1355
411	1446
413	520
413	568
413	662
413	681
413	732
413	863
413	938
413	978
413	1014
413	1044
413	1133
413	1366
413	1438
413	1480
413	1507
417	1414
418	825
419	479
419	488
419	492
419	574
419	644
419	819
419	822
419	914
419	940
419	974
419	989
419	1024
419	1048
419	1054
419	1096
419	1170
419	1193
419	1230
419	1261
419	1281
419	1309
419	1349
419	1432
419	1450
421	576
421	587
421	592
421	690
421	767
421	901
421	934
421	947
421	950
421	1009
421	1086
421	1093
421	1309
421	1416
421	1439
421	1493
428	535
428	819
428	1024
428	1504
431	640
432	524
432	1226
435	592
436	514
442	681
442	770
442	863
442	1507
446	1246
451	721
453	552
458	466
458	527
458	920
458	1322
458	1445
459	938
460	482
460	719
463	466
463	665
463	1184
463	1350
466	527
466	665
466	825
466	920
466	1015
466	1080
466	1322
466	1350
466	1445
466	1502
470	584
471	485
471	1354
472	535
472	945
474	1407
479	488
479	532
479	574
479	836
479	914
479	974
479	1170
479	1261
479	1281
485	1354
487	591
487	1378
487	1485
488	974
488	1048
488	1054
488	1170
488	1230
488	1261
488	1281
489	576
489	1012
489	1051
489	1298
489	1304
491	653
491	655
491	1209
491	1240
491	1263
491	1335
491	1397
492	559
492	574
492	644
492	646
492	654
492	819
492	914
492	940
492	974
492	984
492	1024
492	1048
492	1054
492	1096
492	1144
492	1272
492	1281
492	1309
492	1411
492	1450
492	1456
494	604
494	697
494	1327
497	645
497	728
497	943
497	1067
497	1430
500	921
500	1033
500	1123
500	1451
503	742
506	977
510	629
512	654
512	691
512	862
512	899
512	905
512	1134
512	1144
512	1272
512	1281
512	1358
512	1398
512	1411
512	1419
512	1456
514	540
517	574
517	819
517	1024
517	1054
517	1193
517	1261
520	681
520	863
520	906
520	1014
520	1044
520	1133
524	709
524	1226
524	1386
527	920
527	1322
527	1445
533	1064
535	712
535	945
535	1320
541	1514
544	764
544	941
545	1376
546	682
546	933
547	887
551	1300
558	1025
558	1357
559	819
559	974
559	1281
561	1385
566	1417
568	681
568	863
568	1366
568	1507
572	1355
572	1446
574	639
574	644
574	819
574	822
574	893
574	914
574	940
574	989
574	1017
574	1024
574	1048
574	1054
574	1096
574	1134
574	1170
574	1193
574	1230
574	1261
574	1281
574	1309
574	1349
574	1411
574	1419
574	1423
574	1432
574	1450
575	1015
575	1384
576	587
576	767
576	822
576	934
576	947
576	950
576	959
576	1009
576	1086
576	1093
576	1120
576	1134
576	1298
576	1304
576	1309
576	1416
576	1439
578	1208
578	1256
578	1284
578	1290
581	837
582	1492
585	1154
585	1486
587	690
587	767
587	901
587	934
587	947
587	950
587	1086
587	1093
587	1416
587	1439
590	793
590	1227
591	1378
591	1485
592	901
592	934
592	947
592	1009
592	1086
592	1309
592	1416
592	1439
593	644
593	812
593	830
593	840
593	874
593	929
593	1079
593	1206
593	1336
596	765
603	820
603	1000
604	697
604	1030
604	1327
604	1344
605	841
612	711
612	814
612	824
612	1101
612	1185
612	1232
612	1244
612	1414
613	648
613	809
613	945
614	753
614	861
614	875
614	895
614	1022
614	1108
614	1146
614	1217
615	990
615	1403
619	679
620	945
620	1113
621	1323
623	728
636	1239
638	865
639	819
639	989
639	1054
639	1193
639	1261
639	1309
641	1075
644	819
644	822
644	874
644	914
644	1024
644	1048
644	1054
644	1096
644	1193
644	1281
644	1309
644	1432
645	819
645	822
645	1309
645	1419
646	654
646	822
646	1134
646	1248
646	1281
646	1309
646	1411
646	1432
646	1450
646	1514
647	751
647	1318
648	809
648	945
649	1513
652	1445
653	655
653	1209
653	1240
653	1263
653	1335
653	1397
654	691
654	862
654	893
654	899
654	905
654	928
654	1027
654	1120
654	1134
654	1144
654	1194
654	1272
654	1281
654	1358
654	1398
654	1411
654	1419
654	1456
655	1209
655	1240
655	1263
655	1335
655	1397
656	1205
662	938
662	978
664	914
664	943
664	1233
665	1184
665	1350
668	808
668	981
671	830
671	911
671	1421
673	721
675	1344
675	1455
678	681
681	770
681	863
681	906
681	938
681	1014
681	1044
681	1133
681	1366
681	1438
681	1480
681	1507
682	927
682	933
682	1191
682	1351
688	1082
690	767
690	901
690	934
690	947
690	950
690	1086
690	1416
690	1439
690	1493
691	893
691	899
691	905
691	928
691	1134
691	1144
691	1194
691	1248
691	1272
691	1281
691	1358
691	1411
691	1456
695	1017
695	1045
695	1096
697	1030
697	1327
697	1344
705	1185
709	1226
709	1386
711	814
711	1101
711	1166
711	1185
711	1232
711	1244
711	1414
712	1320
723	1360
724	1374
731	835
732	1044
732	1133
732	1438
737	852
738	880
738	1179
738	1189
738	1314
738	1343
738	1515
739	1431
749	1277
749	1430
753	861
753	875
753	895
753	1022
753	1072
753	1108
753	1146
753	1217
753	1326
754	1365
761	819
767	901
767	934
767	947
767	950
767	1009
767	1086
767	1093
767	1416
767	1439
767	1493
770	863
770	938
770	1366
770	1480
770	1507
775	1179
775	1215
775	1344
775	1455
777	1433
781	1058
781	1190
786	819
786	1048
786	1096
786	1193
786	1309
797	829
797	1285
801	906
803	997
808	811
808	981
809	990
810	1480
812	830
812	840
812	874
812	929
812	1079
812	1206
814	1101
814	1166
814	1185
814	1232
814	1244
814	1414
819	822
819	914
819	950
819	974
819	989
819	1024
819	1048
819	1054
819	1086
819	1096
819	1170
819	1193
819	1230
819	1261
819	1281
819	1309
819	1419
819	1514
820	1000
822	914
822	940
822	943
822	947
822	950
822	1024
822	1045
822	1048
822	1054
822	1086
822	1093
822	1120
822	1134
822	1193
822	1233
822	1279
822	1281
822	1309
822	1419
822	1432
822	1439
824	1414
825	1015
829	1134
829	1285
829	1398
830	840
830	874
830	911
830	929
830	1079
830	1206
830	1336
830	1421
837	894
838	954
840	874
840	929
840	1206
841	918
841	1273
841	1319
861	875
861	895
861	1022
861	1072
861	1108
861	1146
861	1217
862	893
862	899
862	914
862	949
862	1134
862	1144
862	1272
862	1281
862	1358
862	1411
862	1419
863	906
863	938
863	1014
863	1044
863	1133
863	1366
863	1438
863	1480
863	1507
868	1319
874	929
874	1079
874	1206
875	895
875	1022
875	1072
875	1108
875	1146
875	1217
876	993
876	1069
876	1075
880	1179
880	1189
880	1314
880	1343
880	1344
880	1515
882	986
890	1466
892	1087
893	899
893	914
893	1134
893	1144
893	1248
893	1272
893	1281
893	1309
893	1411
893	1419
893	1432
893	1456
895	1022
895	1072
895	1108
895	1146
895	1217
895	1326
897	1214
898	1221
898	1499
899	905
899	928
899	1120
899	1134
899	1144
899	1272
899	1281
899	1358
899	1398
899	1411
899	1419
899	1432
899	1456
901	934
901	947
901	950
901	1009
901	1086
901	1416
901	1439
901	1493
905	1027
905	1134
905	1144
905	1272
905	1358
905	1398
905	1411
906	938
906	1014
906	1044
906	1133
906	1438
911	1421
914	949
914	974
914	989
914	1017
914	1048
914	1054
914	1120
914	1134
914	1144
914	1170
914	1193
914	1230
914	1261
914	1272
914	1279
914	1281
914	1309
914	1411
914	1419
914	1432
916	1102
918	1273
920	1322
920	1445
921	1123
921	1451
924	984
924	1248
924	1281
924	1411
926	1445
927	1351
928	945
928	1144
928	1194
928	1248
928	1327
928	1411
929	1079
929	1206
933	1191
933	1351
934	947
934	950
934	1009
934	1086
934	1093
934	1325
934	1416
934	1439
934	1490
934	1493
937	1475
938	978
938	1044
938	1133
938	1366
938	1438
938	1480
938	1507
940	1048
940	1054
940	1281
940	1309
940	1432
940	1450
943	950
943	1120
943	1134
943	1233
944	1136
945	1327
947	950
947	1009
947	1086
947	1093
947	1309
947	1325
947	1416
947	1439
947	1493
949	1272
949	1419
950	1009
950	1086
950	1093
950	1120
950	1134
950	1164
950	1308
950	1309
950	1416
950	1439
950	1493
955	1181
957	1285
961	994
961	1415
966	1170
974	1024
974	1048
974	1054
974	1170
974	1193
974	1261
974	1281
984	1248
984	1281
984	1411
984	1450
989	1024
989	1048
989	1054
989	1193
989	1230
989	1281
989	1450
993	1069
993	1075
993	1407
994	1415
1001	1142
1001	1409
1009	1086
1009	1416
1009	1439
1009	1493
1012	1298
1012	1304
1013	1467
1014	1044
1014	1438
1014	1480
1015	1088
1015	1502
1017	1045
1017	1054
1017	1134
1017	1193
1017	1419
1017	1432
1022	1072
1022	1108
1022	1146
1022	1217
1022	1326
1024	1048
1024	1054
1024	1170
1024	1193
1024	1230
1024	1261
1024	1281
1024	1309
1024	1432
1025	1357
1027	1055
1027	1134
1027	1272
1027	1281
1027	1411
1027	1419
1027	1432
1027	1501
1030	1198
1030	1327
1033	1070
1033	1123
1044	1133
1044	1366
1044	1368
1044	1438
1044	1480
1044	1507
1045	1432
1048	1054
1048	1096
1048	1134
1048	1170
1048	1193
1048	1230
1048	1261
1048	1279
1048	1281
1048	1309
1048	1432
1048	1450
1051	1264
1051	1298
1051	1304
1054	1096
1054	1134
1054	1144
1054	1170
1054	1193
1054	1230
1054	1261
1054	1279
1054	1281
1054	1309
1054	1349
1054	1411
1054	1423
1054	1432
1054	1450
1058	1190
1061	1129
1063	1436
1063	1448
1063	1481
1067	1430
1069	1075
1070	1123
1072	1108
1072	1146
1072	1217
1072	1326
1075	1080
1080	1303
1080	1407
1080	1469
1082	1228
1082	1276
1086	1093
1086	1164
1086	1309
1086	1325
1086	1416
1086	1439
1086	1493
1093	1120
1093	1164
1093	1253
1093	1309
1093	1416
1093	1439
1093	1493
1096	1193
1096	1230
1096	1281
1096	1309
1096	1423
1096	1432
1096	1450
1098	1140
1098	1377
1101	1185
1101	1232
1101	1414
1108	1146
1108	1217
1120	1134
1120	1272
1120	1358
1120	1416
1123	1451
1130	1251
1130	1429
1133	1368
1133	1438
1133	1480
1133	1507
1134	1144
1134	1233
1134	1272
1134	1279
1134	1281
1134	1309
1134	1358
1134	1398
1134	1411
1134	1419
1134	1432
1134	1456
1140	1377
1142	1409
1144	1194
1144	1248
1144	1272
1144	1281
1144	1358
1144	1398
1144	1411
1144	1419
1144	1450
1144	1456
1146	1217
1146	1326
1151	1264
1151	1381
1154	1486
1164	1416
1164	1493
1170	1193
1170	1230
1170	1261
1170	1281
1170	1309
1170	1474
1179	1189
1179	1215
1179	1314
1179	1343
1179	1344
1179	1455
1179	1515
1184	1350
1185	1232
1185	1414
1189	1314
1189	1343
1189	1344
1189	1515
1191	1351
1193	1230
1193	1261
1193	1281
1193	1309
1193	1419
1193	1432
1194	1248
1194	1411
1194	1456
1206	1336
1208	1242
1208	1256
1208	1284
1208	1290
1209	1240
1209	1263
1209	1335
1209	1397
1215	1344
1215	1455
1217	1326
1221	1499
1222	1505
1226	1386
1228	1276
1228	1346
1230	1279
1230	1281
1230	1309
1230	1419
1230	1450
1232	1244
1232	1414
1240	1263
1240	1335
1240	1397
1242	1256
1242	1284
1242	1290
1244	1414
1248	1281
1248	1411
1248	1419
1248	1450
1248	1456
1251	1429
1253	1439
1256	1284
1256	1290
1261	1281
1261	1309
1263	1335
1263	1397
1264	1381
1271	1491
1272	1281
1272	1358
1272	1398
1272	1411
1272	1419
1272	1432
1273	1319
1276	1346
1277	1430
1279	1281
1279	1423
1279	1432
1281	1309
1281	1398
1281	1411
1281	1419
1281	1423
1281	1432
1281	1450
1281	1456
1281	1474
1284	1290
1298	1304
1308	1493
1309	1416
1309	1419
1309	1432
1309	1439
1309	1450
1314	1343
1314	1344
1314	1365
1314	1407
1314	1515
1319	1327
1320	1445
1322	1445
1325	1416
1327	1344
1327	1455
1335	1397
1343	1344
1343	1515
1344	1455
1344	1515
1353	1412
1355	1446
1357	1497
1358	1398
1358	1411
1358	1419
1358	1432
1365	1407
1366	1438
1366	1480
1366	1507
1378	1485
1383	1473
1398	1411
1398	1432
1411	1419
1411	1432
1411	1450
1411	1456
1416	1439
1416	1493
1419	1432
1419	1450
1419	1456
1423	1450
1436	1448
1436	1481
1438	1480
1438	1507
1439	1490
1439	1493
1448	1481
1450	1456
1480	1507
85	0
343	0
561	0
1385	0
394	2
657	2
845	2
679	7
1025	8
81	10
90	10
466	10
649	10
850	10
345	11
520	11
681	11
801	11
863	11
906	11
1044	11
1133	11
1438	11
428	13
1444	14
62	15
180	15
202	15
361	15
365	15
819	15
822	15
1098	15
1140	15
1193	15
1377	15
1432	15
327	17
593	17
812	17
830	17
840	17
874	17
929	17
1079	17
1206	17
1336	17
1031	21
104	23
671	23
830	23
911	23
1421	23
680	24
1275	24
574	26
695	26
819	26
1017	26
1045	26
1048	26
1309	26
1432	26
547	28
887	28
1051	28
1080	28
142	33
152	33
545	34
1376	34
168	35
208	35
348	35
413	35
442	35
568	35
681	35
770	35
863	35
938	35
1366	35
1480	35
1507	35
62	36
106	36
155	36
202	36
203	36
243	36
373	36
419	36
479	36
488	36
492	36
517	36
574	36
644	36
819	36
914	36
940	36
974	36
991	36
1024	36
1048	36
1054	36
1170	36
1193	36
1230	36
1261	36
1281	36
1309	36
1450	36
310	39
325	39
333	39
614	39
753	39
861	39
875	39
895	39
1022	39
1072	39
1108	39
1146	39
1217	39
1326	39
487	40
591	40
1378	40
1485	40
263	42
1030	42
1198	42
260	44
62	46
105	46
119	46
144	46
155	46
180	46
202	46
203	46
361	46
369	46
373	46
419	46
574	46
576	46
592	46
639	46
644	46
645	46
819	46
822	46
901	46
914	46
934	46
947	46
950	46
974	46
989	46
1024	46
1048	46
1054	46
1086	46
1093	46
1098	46
1120	46
1134	46
1170	46
1193	46
1233	46
1281	46
1309	46
1377	46
1416	46
1419	46
1432	46
413	47
681	47
863	47
1366	47
1507	47
1100	48
96	51
250	51
251	51
290	51
612	51
711	51
814	51
1101	51
1185	51
1232	51
1244	51
1414	51
121	53
329	53
410	53
491	53
653	53
655	53
1209	53
1240	53
1263	53
1335	53
1397	53
535	61
818	61
845	61
94	62
105	62
106	62
155	62
202	62
203	62
243	62
361	62
373	62
419	62
492	62
574	62
644	62
819	62
822	62
893	62
914	62
974	62
1024	62
1048	62
1054	62
1134	62
1170	62
1193	62
1230	62
1272	62
1279	62
1281	62
1309	62
1432	62
1450	62
898	66
1221	66
1499	66
1128	67
681	68
906	68
373	72
646	72
989	72
1228	73
1276	73
1346	73
1130	75
1251	75
1429	75
994	76
1415	76
717	78
1268	78
202	79
111	80
820	80
90	81
466	81
825	81
1015	81
1018	81
1088	81
1502	81
343	85
561	85
1385	85
260	86
294	86
850	90
99	91
225	91
1111	91
1452	91
180	94
256	94
574	94
654	94
822	94
899	94
914	94
1054	94
1120	94
1134	94
1144	94
1358	94
1398	94
1419	94
1432	94
1450	94
1446	95
250	96
251	96
290	96
417	96
612	96
711	96
814	96
824	96
1101	96
1166	96
1185	96
1232	96
1244	96
1414	96
225	99
1452	99
123	100
656	100
1205	100
830	104
911	104
1421	104
119	105
155	105
180	105
203	105
361	105
369	105
373	105
419	105
492	105
574	105
576	105
639	105
819	105
822	105
914	105
947	105
950	105
966	105
989	105
1024	105
1045	105
1048	105
1054	105
1170	105
1193	105
1230	105
1261	105
1281	105
1309	105
1325	105
1419	105
155	106
202	106
203	106
361	106
373	106
419	106
479	106
488	106
492	106
517	106
574	106
644	106
819	106
974	106
1024	106
1054	106
1170	106
1193	106
1281	106
918	109
1273	109
350	111
603	111
820	111
1000	111
1297	112
302	115
296	118
466	118
474	118
876	118
993	118
1080	118
1343	118
1365	118
1407	118
180	119
369	119
592	119
822	119
947	119
1086	119
1093	119
1193	119
1309	119
1439	119
170	121
329	121
368	121
410	121
491	121
653	121
655	121
1209	121
1240	121
1263	121
1335	121
1397	121
656	123
1205	123
310	129
325	129
333	129
1022	129
1072	129
1108	129
1146	129
1217	129
1431	130
641	131
1075	131
416	136
385	137
887	137
576	138
152	142
403	143
512	143
862	143
899	143
1134	143
1144	143
1411	143
180	144
421	144
592	144
822	144
901	144
943	144
947	144
950	144
1093	144
1120	144
1134	144
1233	144
1439	144
240	145
668	145
808	145
811	145
981	145
171	147
466	147
1015	147
1384	147
222	149
364	149
471	149
485	149
1354	149
398	150
1468	150
180	155
202	155
203	155
361	155
373	155
419	155
492	155
517	155
574	155
639	155
644	155
786	155
819	155
914	155
940	155
974	155
989	155
1024	155
1048	155
1054	155
1096	155
1170	155
1193	155
1230	155
1281	155
1309	155
1349	155
1423	155
1450	155
578	157
1208	157
1256	157
1284	157
1290	157
1066	158
180	161
369	161
421	161
576	161
587	161
690	161
767	161
822	161
901	161
934	161
947	161
950	161
1009	161
1086	161
1093	161
1164	161
1325	161
1416	161
1439	161
1493	161
1445	162
520	163
681	163
906	163
1044	163
269	166
403	166
691	166
924	166
928	166
984	166
1194	166
1248	166
1411	166
1456	166
348	168
442	168
681	168
770	168
863	168
938	168
1366	168
1480	168
1507	168
329	170
410	170
491	170
653	170
655	170
1209	170
1240	170
1263	170
1335	170
1397	170
466	171
1015	171
1384	171
1275	172
590	173
1227	173
296	175
458	175
466	175
527	175
920	175
1322	175
1445	175
759	176
471	179
1354	179
202	180
203	180
256	180
369	180
421	180
492	180
574	180
576	180
587	180
592	180
767	180
822	180
899	180
901	180
914	180
934	180
943	180
947	180
950	180
1009	180
1048	180
1086	180
1093	180
1120	180
1134	180
1140	180
1233	180
1272	180
1309	180
1416	180
1419	180
1432	180
1439	180
1493	180
803	182
997	182
1432	185
596	190
765	190
883	190
946	194
203	202
243	202
361	202
373	202
399	202
419	202
479	202
488	202
492	202
574	202
644	202
646	202
695	202
786	202
819	202
822	202
862	202
914	202
974	202
989	202
1024	202
1048	202
1054	202
1096	202
1134	202
1170	202
1193	202
1230	202
1272	202
1279	202
1281	202
1309	202
1349	202
1358	202
1411	202
1432	202
1450	202
361	203
373	203
393	203
419	203
479	203
492	203
517	203
559	203
574	203
639	203
644	203
645	203
819	203
822	203
914	203
974	203
989	203
1024	203
1048	203
1054	203
1096	203
1170	203
1193	203
1230	203
1261	203
1281	203
1309	203
1419	203
1450	203
413	205
662	205
681	205
863	205
938	205
978	205
1044	205
348	208
413	208
568	208
681	208
863	208
938	208
1044	208
1133	208
1366	208
1438	208
1480	208
1507	208
494	219
604	219
697	219
1030	219
1327	219
1344	219
535	220
723	220
1360	220
239	222
364	222
471	222
485	222
1278	222
1354	222
252	224
738	224
880	224
1179	224
1189	224
1314	224
1343	224
1344	224
1515	224
533	232
1064	232
954	233
1278	239
668	240
808	240
981	240
361	243
373	243
419	243
574	243
644	243
819	243
822	243
893	243
914	243
989	243
1024	243
1048	243
1054	243
1134	243
1193	243
1230	243
1279	243
1281	243
1309	243
1432	243
1287	244
1013	246
453	248
514	248
251	250
290	250
711	250
814	250
1185	250
1232	250
1414	250
290	251
417	251
612	251
711	251
814	251
1101	251
1185	251
1232	251
1244	251
1414	251
738	252
880	252
1179	252
1189	252
1314	252
1343	252
1515	252
265	256
403	256
512	256
654	256
862	256
893	256
899	256
905	256
914	256
1120	256
1134	256
1144	256
1230	256
1272	256
1358	256
1398	256
1411	256
1419	256
1135	257
423	260
1030	263
1198	263
403	265
512	265
574	265
654	265
893	265
899	265
905	265
1134	265
1144	265
1272	265
1358	265
1456	265
403	269
492	269
654	269
691	269
893	269
928	269
1144	269
1194	269
1248	269
1411	269
1450	269
1456	269
682	272
927	272
933	272
1191	272
1351	272
917	275
349	276
1145	276
1229	277
291	278
368	278
500	278
921	278
1033	278
1070	278
1123	278
1451	278
460	279
719	279
775	282
1179	282
1215	282
1344	282
1455	282
612	290
711	290
814	290
1101	290
1166	290
1185	290
1232	290
1244	290
1414	290
368	291
500	291
921	291
1123	291
1451	291
337	296
458	296
466	296
527	296
652	296
920	296
926	296
1080	296
1322	296
1365	296
1445	296
581	298
837	298
894	298
547	303
993	303
1314	303
1365	303
1407	303
993	304
325	310
333	310
614	310
753	310
861	310
875	310
895	310
1022	310
1072	310
1108	310
1146	310
1217	310
1326	310
721	318
1147	324
333	325
614	325
753	325
861	325
875	325
895	325
1022	325
1072	325
1108	325
1146	325
1192	325
1217	325
1326	325
593	327
812	327
830	327
840	327
874	327
929	327
1079	327
1206	327
410	329
491	329
653	329
655	329
1209	329
1240	329
1263	329
1335	329
1397	329
614	333
753	333
861	333
875	333
895	333
1022	333
1072	333
1108	333
1146	333
1217	333
1326	333
466	337
926	337
1445	337
391	341
463	341
665	341
1184	341
1350	341
561	343
1385	343
863	345
906	345
592	346
413	348
442	348
681	348
770	348
863	348
938	348
1366	348
1480	348
1507	348
1145	349
603	350
820	350
1509	352
400	355
587	355
690	355
767	355
1086	355
1416	355
373	361
492	361
517	361
574	361
644	361
646	361
819	361
940	361
989	361
1024	361
1048	361
1054	361
1193	361
1281	361
1309	361
1419	361
1450	361
436	362
514	362
471	364
485	364
1354	364
1098	365
1140	365
1377	365
500	368
653	368
655	368
921	368
1033	368
1123	368
1209	368
1451	368
421	369
576	369
587	369
592	369
690	369
767	369
822	369
901	369
934	369
947	369
950	369
1009	369
1086	369
1093	369
1164	369
1309	369
1325	369
1416	369
1439	369
1493	369
1459	370
1471	370
403	373
419	373
479	373
488	373
492	373
574	373
639	373
644	373
819	373
822	373
893	373
914	373
940	373
974	373
991	373
1024	373
1048	373
1054	373
1096	373
1134	373
1170	373
1193	373
1230	373
1261	373
1272	373
1281	373
1309	373
1411	373
1432	373
1450	373
889	374
945	384
887	385
490	387
1497	389
1289	390
463	391
466	391
665	391
1184	391
1350	391
428	392
613	392
648	392
809	392
1468	398
492	399
646	399
822	399
1048	399
1450	399
587	400
690	400
1086	400
1416	400
1204	402
492	403
512	403
574	403
646	403
654	403
691	403
862	403
893	403
899	403
905	403
928	403
984	403
1027	403
1134	403
1144	403
1194	403
1248	403
1272	403
1281	403
1358	403
1398	403
1411	403
1419	403
1432	403
1450	403
1456	403
794	404
1269	408
491	410
653	410
655	410
1209	410
1240	410
1263	410
1335	410
1397	410
572	411
1098	411
1140	411
1355	411
1446	411
520	413
568	413
662	413
681	413
732	413
863	413
938	413
978	413
1014	413
1044	413
1133	413
1366	413
1438	413
1480	413
1507	413
1414	417
825	418
479	419
488	419
492	419
574	419
644	419
819	419
822	419
914	419
940	419
974	419
989	419
1024	419
1048	419
1054	419
1096	419
1170	419
1193	419
1230	419
1261	419
1281	419
1309	419
1349	419
1432	419
1450	419
576	421
587	421
592	421
690	421
767	421
901	421
934	421
947	421
950	421
1009	421
1086	421
1093	421
1309	421
1416	421
1439	421
1493	421
535	428
819	428
1024	428
1504	428
640	431
524	432
1226	432
592	435
514	436
681	442
770	442
863	442
1507	442
1246	446
721	451
552	453
466	458
527	458
920	458
1322	458
1445	458
938	459
482	460
719	460
466	463
665	463
1184	463
1350	463
527	466
665	466
825	466
920	466
1015	466
1080	466
1322	466
1350	466
1445	466
1502	466
584	470
485	471
1354	471
535	472
945	472
1407	474
488	479
532	479
574	479
836	479
914	479
974	479
1170	479
1261	479
1281	479
1354	485
591	487
1378	487
1485	487
974	488
1048	488
1054	488
1170	488
1230	488
1261	488
1281	488
576	489
1012	489
1051	489
1298	489
1304	489
653	491
655	491
1209	491
1240	491
1263	491
1335	491
1397	491
559	492
574	492
644	492
646	492
654	492
819	492
914	492
940	492
974	492
984	492
1024	492
1048	492
1054	492
1096	492
1144	492
1272	492
1281	492
1309	492
1411	492
1450	492
1456	492
604	494
697	494
1327	494
645	497
728	497
943	497
1067	497
1430	497
921	500
1033	500
1123	500
1451	500
742	503
977	506
629	510
654	512
691	512
862	512
899	512
905	512
1134	512
1144	512
1272	512
1281	512
1358	512
1398	512
1411	512
1419	512
1456	512
540	514
574	517
819	517
1024	517
1054	517
1193	517
1261	517
681	520
863	520
906	520
1014	520
1044	520
1133	520
709	524
1226	524
1386	524
920	527
1322	527
1445	527
1064	533
712	535
945	535
1320	535
1514	541
764	544
941	544
1376	545
682	546
933	546
887	547
1300	551
1025	558
1357	558
819	559
974	559
1281	559
1385	561
1417	566
681	568
863	568
1366	568
1507	568
1355	572
1446	572
639	574
644	574
819	574
822	574
893	574
914	574
940	574
989	574
1017	574
1024	574
1048	574
1054	574
1096	574
1134	574
1170	574
1193	574
1230	574
1261	574
1281	574
1309	574
1349	574
1411	574
1419	574
1423	574
1432	574
1450	574
1015	575
1384	575
587	576
767	576
822	576
934	576
947	576
950	576
959	576
1009	576
1086	576
1093	576
1120	576
1134	576
1298	576
1304	576
1309	576
1416	576
1439	576
1208	578
1256	578
1284	578
1290	578
837	581
1492	582
1154	585
1486	585
690	587
767	587
901	587
934	587
947	587
950	587
1086	587
1093	587
1416	587
1439	587
793	590
1227	590
1378	591
1485	591
901	592
934	592
947	592
1009	592
1086	592
1309	592
1416	592
1439	592
644	593
812	593
830	593
840	593
874	593
929	593
1079	593
1206	593
1336	593
765	596
820	603
1000	603
697	604
1030	604
1327	604
1344	604
841	605
711	612
814	612
824	612
1101	612
1185	612
1232	612
1244	612
1414	612
648	613
809	613
945	613
753	614
861	614
875	614
895	614
1022	614
1108	614
1146	614
1217	614
990	615
1403	615
679	619
945	620
1113	620
1323	621
728	623
1239	636
865	638
819	639
989	639
1054	639
1193	639
1261	639
1309	639
1075	641
819	644
822	644
874	644
914	644
1024	644
1048	644
1054	644
1096	644
1193	644
1281	644
1309	644
1432	644
819	645
822	645
1309	645
1419	645
654	646
822	646
1134	646
1248	646
1281	646
1309	646
1411	646
1432	646
1450	646
1514	646
751	647
1318	647
809	648
945	648
1513	649
1445	652
655	653
1209	653
1240	653
1263	653
1335	653
1397	653
691	654
862	654
893	654
899	654
905	654
928	654
1027	654
1120	654
1134	654
1144	654
1194	654
1272	654
1281	654
1358	654
1398	654
1411	654
1419	654
1456	654
1209	655
1240	655
1263	655
1335	655
1397	655
1205	656
938	662
978	662
914	664
943	664
1233	664
1184	665
1350	665
808	668
981	668
830	671
911	671
1421	671
721	673
1344	675
1455	675
681	678
770	681
863	681
906	681
938	681
1014	681
1044	681
1133	681
1366	681
1438	681
1480	681
1507	681
927	682
933	682
1191	682
1351	682
1082	688
767	690
901	690
934	690
947	690
950	690
1086	690
1416	690
1439	690
1493	690
893	691
899	691
905	691
928	691
1134	691
1144	691
1194	691
1248	691
1272	691
1281	691
1358	691
1411	691
1456	691
1017	695
1045	695
1096	695
1030	697
1327	697
1344	697
1185	705
1226	709
1386	709
814	711
1101	711
1166	711
1185	711
1232	711
1244	711
1414	711
1320	712
1360	723
1374	724
835	731
1044	732
1133	732
1438	732
852	737
880	738
1179	738
1189	738
1314	738
1343	738
1515	738
1431	739
1277	749
1430	749
861	753
875	753
895	753
1022	753
1072	753
1108	753
1146	753
1217	753
1326	753
1365	754
819	761
901	767
934	767
947	767
950	767
1009	767
1086	767
1093	767
1416	767
1439	767
1493	767
863	770
938	770
1366	770
1480	770
1507	770
1179	775
1215	775
1344	775
1455	775
1433	777
1058	781
1190	781
819	786
1048	786
1096	786
1193	786
1309	786
829	797
1285	797
906	801
997	803
811	808
981	808
990	809
1480	810
830	812
840	812
874	812
929	812
1079	812
1206	812
1101	814
1166	814
1185	814
1232	814
1244	814
1414	814
822	819
914	819
950	819
974	819
989	819
1024	819
1048	819
1054	819
1086	819
1096	819
1170	819
1193	819
1230	819
1261	819
1281	819
1309	819
1419	819
1514	819
1000	820
914	822
940	822
943	822
947	822
950	822
1024	822
1045	822
1048	822
1054	822
1086	822
1093	822
1120	822
1134	822
1193	822
1233	822
1279	822
1281	822
1309	822
1419	822
1432	822
1439	822
1414	824
1015	825
1134	829
1285	829
1398	829
840	830
874	830
911	830
929	830
1079	830
1206	830
1336	830
1421	830
894	837
954	838
874	840
929	840
1206	840
918	841
1273	841
1319	841
875	861
895	861
1022	861
1072	861
1108	861
1146	861
1217	861
893	862
899	862
914	862
949	862
1134	862
1144	862
1272	862
1281	862
1358	862
1411	862
1419	862
906	863
938	863
1014	863
1044	863
1133	863
1366	863
1438	863
1480	863
1507	863
1319	868
929	874
1079	874
1206	874
895	875
1022	875
1072	875
1108	875
1146	875
1217	875
993	876
1069	876
1075	876
1179	880
1189	880
1314	880
1343	880
1344	880
1515	880
986	882
1466	890
1087	892
899	893
914	893
1134	893
1144	893
1248	893
1272	893
1281	893
1309	893
1411	893
1419	893
1432	893
1456	893
1022	895
1072	895
1108	895
1146	895
1217	895
1326	895
1214	897
1221	898
1499	898
905	899
928	899
1120	899
1134	899
1144	899
1272	899
1281	899
1358	899
1398	899
1411	899
1419	899
1432	899
1456	899
934	901
947	901
950	901
1009	901
1086	901
1416	901
1439	901
1493	901
1027	905
1134	905
1144	905
1272	905
1358	905
1398	905
1411	905
938	906
1014	906
1044	906
1133	906
1438	906
1421	911
949	914
974	914
989	914
1017	914
1048	914
1054	914
1120	914
1134	914
1144	914
1170	914
1193	914
1230	914
1261	914
1272	914
1279	914
1281	914
1309	914
1411	914
1419	914
1432	914
1102	916
1273	918
1322	920
1445	920
1123	921
1451	921
984	924
1248	924
1281	924
1411	924
1445	926
1351	927
945	928
1144	928
1194	928
1248	928
1327	928
1411	928
1079	929
1206	929
1191	933
1351	933
947	934
950	934
1009	934
1086	934
1093	934
1325	934
1416	934
1439	934
1490	934
1493	934
1475	937
978	938
1044	938
1133	938
1366	938
1438	938
1480	938
1507	938
1048	940
1054	940
1281	940
1309	940
1432	940
1450	940
950	943
1120	943
1134	943
1233	943
1136	944
1327	945
950	947
1009	947
1086	947
1093	947
1309	947
1325	947
1416	947
1439	947
1493	947
1272	949
1419	949
1009	950
1086	950
1093	950
1120	950
1134	950
1164	950
1308	950
1309	950
1416	950
1439	950
1493	950
1181	955
1285	957
994	961
1415	961
1170	966
1024	974
1048	974
1054	974
1170	974
1193	974
1261	974
1281	974
1248	984
1281	984
1411	984
1450	984
1024	989
1048	989
1054	989
1193	989
1230	989
1281	989
1450	989
1069	993
1075	993
1407	993
1415	994
1142	1001
1409	1001
1086	1009
1416	1009
1439	1009
1493	1009
1298	1012
1304	1012
1467	1013
1044	1014
1438	1014
1480	1014
1088	1015
1502	1015
1045	1017
1054	1017
1134	1017
1193	1017
1419	1017
1432	1017
1072	1022
1108	1022
1146	1022
1217	1022
1326	1022
1048	1024
1054	1024
1170	1024
1193	1024
1230	1024
1261	1024
1281	1024
1309	1024
1432	1024
1357	1025
1055	1027
1134	1027
1272	1027
1281	1027
1411	1027
1419	1027
1432	1027
1501	1027
1198	1030
1327	1030
1070	1033
1123	1033
1133	1044
1366	1044
1368	1044
1438	1044
1480	1044
1507	1044
1432	1045
1054	1048
1096	1048
1134	1048
1170	1048
1193	1048
1230	1048
1261	1048
1279	1048
1281	1048
1309	1048
1432	1048
1450	1048
1264	1051
1298	1051
1304	1051
1096	1054
1134	1054
1144	1054
1170	1054
1193	1054
1230	1054
1261	1054
1279	1054
1281	1054
1309	1054
1349	1054
1411	1054
1423	1054
1432	1054
1450	1054
1190	1058
1129	1061
1436	1063
1448	1063
1481	1063
1430	1067
1075	1069
1123	1070
1108	1072
1146	1072
1217	1072
1326	1072
1080	1075
1303	1080
1407	1080
1469	1080
1228	1082
1276	1082
1093	1086
1164	1086
1309	1086
1325	1086
1416	1086
1439	1086
1493	1086
1120	1093
1164	1093
1253	1093
1309	1093
1416	1093
1439	1093
1493	1093
1193	1096
1230	1096
1281	1096
1309	1096
1423	1096
1432	1096
1450	1096
1140	1098
1377	1098
1185	1101
1232	1101
1414	1101
1146	1108
1217	1108
1134	1120
1272	1120
1358	1120
1416	1120
1451	1123
1251	1130
1429	1130
1368	1133
1438	1133
1480	1133
1507	1133
1144	1134
1233	1134
1272	1134
1279	1134
1281	1134
1309	1134
1358	1134
1398	1134
1411	1134
1419	1134
1432	1134
1456	1134
1377	1140
1409	1142
1194	1144
1248	1144
1272	1144
1281	1144
1358	1144
1398	1144
1411	1144
1419	1144
1450	1144
1456	1144
1217	1146
1326	1146
1264	1151
1381	1151
1486	1154
1416	1164
1493	1164
1193	1170
1230	1170
1261	1170
1281	1170
1309	1170
1474	1170
1189	1179
1215	1179
1314	1179
1343	1179
1344	1179
1455	1179
1515	1179
1350	1184
1232	1185
1414	1185
1314	1189
1343	1189
1344	1189
1515	1189
1351	1191
1230	1193
1261	1193
1281	1193
1309	1193
1419	1193
1432	1193
1248	1194
1411	1194
1456	1194
1336	1206
1242	1208
1256	1208
1284	1208
1290	1208
1240	1209
1263	1209
1335	1209
1397	1209
1344	1215
1455	1215
1326	1217
1499	1221
1505	1222
1386	1226
1276	1228
1346	1228
1279	1230
1281	1230
1309	1230
1419	1230
1450	1230
1244	1232
1414	1232
1263	1240
1335	1240
1397	1240
1256	1242
1284	1242
1290	1242
1414	1244
1281	1248
1411	1248
1419	1248
1450	1248
1456	1248
1429	1251
1439	1253
1284	1256
1290	1256
1281	1261
1309	1261
1335	1263
1397	1263
1381	1264
1491	1271
1281	1272
1358	1272
1398	1272
1411	1272
1419	1272
1432	1272
1319	1273
1346	1276
1430	1277
1281	1279
1423	1279
1432	1279
1309	1281
1398	1281
1411	1281
1419	1281
1423	1281
1432	1281
1450	1281
1456	1281
1474	1281
1290	1284
1304	1298
1493	1308
1416	1309
1419	1309
1432	1309
1439	1309
1450	1309
1343	1314
1344	1314
1365	1314
1407	1314
1515	1314
1327	1319
1445	1320
1445	1322
1416	1325
1344	1327
1455	1327
1397	1335
1344	1343
1515	1343
1455	1344
1515	1344
1412	1353
1446	1355
1497	1357
1398	1358
1411	1358
1419	1358
1432	1358
1407	1365
1438	1366
1480	1366
1507	1366
1485	1378
1473	1383
1411	1398
1432	1398
1419	1411
1432	1411
1450	1411
1456	1411
1439	1416
1493	1416
1432	1419
1450	1419
1456	1419
1450	1423
1448	1436
1481	1436
1480	1438
1507	1438
1490	1439
1493	1439
1481	1448
1456	1450
1507	1480
