231	1640
231	1931
231	584
231	3291
231	507
1413	3742
3699	1769
3699	398
3699	3049
137	2070
2655	2138
2526	2030
3878	4641
3863	2489
3863	4611
3863	718
3863	3184
2976	1834
2976	4595
2976	3573
2986	1029
2986	1943
91	2466
91	4611
91	3389
3115	3737
3115	1097
3115	4034
3115	4475
3115	276
3115	2466
3115	59
3115	3389
3115	3080
2718	4447
45	1964
45	3734
2994	206
2994	4651
1398	3415
1398	3799
1398	2866
1398	2277
1398	680
1398	1643
1398	1385
1398	4212
1398	430
1398	1948
1398	27
1398	540
1398	4127
1398	3023
1398	3390
1398	1307
1398	1029
1398	3779
1398	3651
3434	206
4132	4612
4132	1158
4132	1580
4132	4450
4132	473
4132	511
4132	4596
4132	3296
4132	931
1822	206
1822	4595
3570	504
1638	4641
1638	202
1638	2695
1638	4253
1701	206
1701	3184
1655	715
1655	620
1655	1314
1655	2466
1655	2988
285	1110
285	3379
3588	2466
3588	3227
2524	3674
2524	206
891	561
891	1353
891	4011
891	4611
891	1325
891	4595
891	1878
471	1412
471	1193
471	2469
471	507
1215	368
1215	189
1215	1380
1215	3412
793	2023
793	3389
1131	4079
1412	4087
2958	1530
2958	696
2958	3148
2958	3389
2958	1013
2958	2378
3415	2952
3415	2866
3415	245
679	4185
679	2366
679	4392
679	4674
679	3734
679	3998
210	2183
210	435
210	3257
210	3448
924	2507
924	2706
924	4061
4307	1951
253	1193
253	3502
253	982
253	3337
253	1951
253	551
253	958
253	2045
253	2051
253	4527
1478	2978
1478	3909
4008	3104
4008	3657
1841	2584
337	2913
337	1800
337	4231
337	1033
1581	4611
4664	1315
4664	1121
450	2458
546	3721
546	2973
546	817
546	2952
546	2584
546	2071
546	1643
3721	2973
3721	817
3721	2584
3721	2071
3721	1643
2973	817
2973	2952
2973	2584
2973	2071
2973	1643
2973	4011
2973	1692
817	2952
817	2071
817	1643
2952	2584
2952	2071
2952	3724
404	1540
3461	4433
3461	1732
3461	3380
3461	3101
3461	1121
3461	3296
3461	1399
2671	4523
2671	1618
2671	3992
2671	230
2671	3577
2671	101
2671	3734
4470	1869
4470	406
4470	4112
4470	791
1869	406
1869	2078
1869	4112
4523	3692
4523	4645
4523	3824
4523	458
4523	4392
4523	345
4523	3023
4523	1952
4523	4173
4523	2572
4523	162
406	4335
3955	1403
3955	1452
95	1150
3664	2030
3664	2866
3664	2504
3664	1815
3664	1764
3664	4326
3664	852
3664	3424
3664	4641
3664	470
3664	1029
3664	86
3664	3779
3664	3611
3664	2413
3664	42
3664	1943
4675	1414
4675	1894
4675	982
4675	2051
287	206
287	706
2160	3172
2160	2575
2160	3880
2160	561
2160	2490
3172	2575
3172	3880
3172	561
3172	2490
3172	4297
2575	3880
2575	561
2575	2490
2575	3427
1543	3315
1543	3389
3880	561
3880	2490
3880	2030
3880	718
499	3212
3866	2533
649	2090
649	4611
649	739
649	1692
2341	553
1944	3734
1260	3039
862	553
862	3378
4016	2458
1018	529
1018	2259
3607	1852
3607	921
1022	4314
824	2278
824	3477
824	4136
824	2003
824	1434
824	2458
824	1058
824	1499
824	922
1575	3991
370	4611
370	1179
370	4067
370	4434
1053	562
561	2490
561	3799
561	3714
561	2489
561	2278
561	3655
561	1473
561	4429
561	3427
561	2835
561	59
561	1033
561	4223
561	718
561	1130
561	3734
561	922
561	2732
2490	3427
2490	3896
2490	4595
2939	726
4680	1797
4680	760
3062	182
3062	1048
805	4545
805	1231
805	27
805	1308
3431	1772
3431	62
3431	3824
3431	458
3431	4070
3431	4297
3431	59
3431	4121
3431	2334
3431	2451
3431	1888
2362	2166
1732	2658
2606	744
2606	2805
2606	3101
1754	2672
972	3296
972	1535
4598	3170
4598	3917
4598	2124
4598	828
1474	2351
4568	1600
4568	1745
4568	900
4669	1600
4669	1750
4669	1863
4669	3657
269	1933
269	4411
3208	1600
3208	3500
3208	749
3208	1750
3208	2805
3208	1745
3208	1966
3208	3767
3208	246
3208	3104
3208	1640
3208	3371
3208	1279
3208	3728
3208	843
3208	2254
3208	4207
3208	1898
3208	1948
3208	3650
3208	2301
3208	1749
3208	900
3208	4154
3208	2363
3208	30
3208	4651
3208	2098
3208	2299
3208	3357
3208	435
3208	3296
3208	921
3208	521
3208	1003
3208	1421
3208	2459
3208	2604
3208	2957
3208	3436
3208	4443
1432	3900
1432	1607
1432	2945
1432	2020
1432	3292
629	101
629	2299
629	3209
3855	140
3855	2030
3855	4156
3855	3379
3189	3553
2407	2030
4532	2536
542	2536
3306	4548
3306	2536
3306	2578
3306	0
4548	2536
4548	1241
4548	2668
4548	4595
2536	950
2536	2578
2536	0
2536	1
2536	389
950	2578
950	0
950	1437
2578	0
2578	1437
3790	930
4089	1414
4089	1894
4089	4595
2567	1414
2567	1894
2567	2420
2567	507
140	2111
140	4107
140	4112
1840	2935
217	766
217	707
217	2438
766	707
2106	2557
2106	715
2106	206
2557	2060
2136	2138
2136	2454
2136	1314
2136	3734
2136	4595
2136	2395
2136	2695
2136	3663
1332	1562
1332	3638
1332	3742
1332	584
1332	4596
2111	1454
2111	4488
2111	3813
2111	4665
2111	2192
2111	906
2111	2895
4660	2295
4182	2767
951	553
951	1772
951	458
951	504
1885	718
1885	569
432	1214
432	4439
432	3308
1214	3308
3900	2368
3900	2466
3900	2955
2509	1767
2509	553
2509	1049
2315	2146
2315	3742
2315	3734
2315	3318
2315	3296
2315	1280
2315	3175
2315	1709
2315	3662
1353	803
1353	4554
1353	3077
1353	745
1353	775
1353	733
1353	738
1353	3734
1353	108
1353	2131
803	3623
803	4554
803	745
803	775
803	4252
803	3818
803	733
803	167
803	16
803	1653
4487	4090
4487	458
4487	3638
4487	504
4487	1270
2460	3101
2460	3327
1451	3734
1451	548
3799	3053
3799	430
3799	3371
3799	3427
3799	4127
3799	4651
3799	2842
3623	2211
3623	4040
2887	1508
2887	2035
2887	58
2887	2580
3894	1328
3894	921
155	3175
4574	1379
1348	2458
1348	3896
1348	206
1348	2070
4655	2030
4655	1029
4655	86
4655	1943
1386	1504
1769	4207
4046	3077
4046	2281
4046	691
1596	2245
1596	1625
4088	966
4088	504
4088	3835
1384	1314
1384	3063
2640	430
2640	2199
2640	4394
508	3500
508	2070
422	2512
422	4618
422	2098
422	2188
422	4595
422	1270
492	1191
492	2035
3159	3379
3159	185
3330	1307
1336	2030
2030	1436
2030	1629
2030	3251
2030	843
2030	2402
2030	1380
2030	2767
2030	3427
2030	3650
2030	2363
2030	4240
2030	1490
2030	2424
2030	4599
2030	1606
2030	1307
2030	2955
2030	86
2030	4365
2030	2981
2030	551
2030	2232
2030	1542
2030	656
2030	677
2030	762
2030	970
2030	1268
2030	1678
2030	1743
2030	2045
2030	2384
2030	2705
2030	2869
2030	2960
2030	3662
2030	3914
2030	4073
2030	4510
2030	2703
1055	3379
1762	19
1762	529
1762	2140
1762	4584
2537	2064
4238	4015
4238	1098
4238	1225
1241	991
1241	4476
1193	191
1193	3539
1193	2420
1193	114
1193	3685
1193	1400
1193	2275
1193	452
1193	2363
1193	482
1193	707
1193	2533
1193	4499
1193	507
1193	1502
1193	2045
1193	2051
1193	4157
3280	3374
3280	1605
3280	910
3280	3734
4130	119
4130	909
1682	969
2485	1767
2485	3417
2485	969
2485	2254
2485	2638
1767	3417
1767	4336
1767	1800
3714	1168
3714	946
3714	2209
3714	3573
4485	2471
4485	570
1797	982
1797	3998
2729	4595
19	672
19	529
19	1781
19	1729
19	1610
19	1598
19	4584
19	1071
19	4354
19	3611
19	4047
19	1804
3374	2523
2282	1551
2282	1607
2282	1461
2282	3023
2282	2833
2282	1270
2282	4205
2282	122
2489	1551
2489	1607
2489	3832
2489	3023
2489	2833
2360	3368
2278	4122
2023	3819
2023	1967
2023	1966
2023	1981
2023	427
2023	3647
2023	1511
2023	1403
2023	271
2023	718
2023	2223
2023	2609
715	1168
715	3055
715	792
715	2883
1437	1461
1437	4667
1437	1314
1437	4051
1437	860
1437	2488
1437	569
1437	3296
1437	1078
2584	2071
2584	1461
2584	1643
2584	1027
2584	1013
1551	4618
1551	2281
1551	4429
1551	814
4085	4392
4085	4595
2071	1461
2071	4618
2071	1643
2071	1171
2071	1337
2071	922
4221	1002
4015	3858
4015	2277
4015	620
4015	2726
4015	3529
4015	1640
4015	3101
4015	1027
4015	3793
4015	2466
4015	3173
4015	1029
4015	2351
4015	1921
4015	3389
4015	3296
4015	2375
4015	825
4015	3212
4015	3423
4015	3663
771	1370
771	4011
771	3773
771	2226
672	529
672	4584
672	1325
672	1071
672	4354
672	3611
672	2971
529	4011
529	2140
529	4584
529	1071
529	4354
529	3611
529	1878
529	2378
3053	3819
3053	2389
3053	1981
3053	3962
3053	648
3053	3997
2953	1275
2953	1170
2953	3843
3091	4090
3091	1170
1370	4011
1370	4071
1370	2934
530	1530
1607	4289
1607	2549
1607	3427
1607	2632
1607	3175
1607	162
1607	1023
1607	3547
3345	1461
3345	2129
3345	541
3345	1027
3345	3723
3345	1369
3345	41
3345	3734
3345	2413
3345	3662
553	668
553	1168
553	1578
553	1724
553	3679
553	4488
553	4047
553	2226
553	3184
553	500
1461	4618
1461	663
1461	3573
3500	2964
3500	1881
3500	1560
3500	3559
3500	1213
3500	3859
3500	30
3500	2070
3500	3092
3500	4603
1562	4020
1562	2211
1562	34
1562	345
1562	1619
1562	138
1251	4376
1485	3779
1618	1792
1618	2024
1618	2067
1340	2138
1340	4269
1340	4258
1340	4188
392	3077
392	2366
392	814
392	3861
392	892
392	2175
392	2299
392	2993
3737	2003
3737	1971
193	4608
193	4338
193	425
182	1234
182	2533
1191	3962
1191	41
1191	1270
1191	3436
749	1640
749	3101
2138	4020
2138	3678
2138	4351
2138	1772
2138	2211
2138	3467
2138	3692
2138	3824
2138	2554
2138	816
2138	2875
2138	4392
2138	3942
2138	3638
2138	1738
2138	900
2138	445
2138	3299
2138	3793
2138	1107
2138	3023
2138	3843
2138	2334
2138	3197
2138	1619
2138	1337
2138	1747
2138	1986
2138	2340
2138	1542
2138	1272
2138	1023
2978	2458
2978	3444
3819	1981
3819	3779
4618	1027
4618	2413
4618	2226
4618	1959
3036	1280
1792	2067
2964	430
2964	1213
2964	30
2964	2070
2964	1379
2964	4603
3487	4358
3487	1097
3487	2389
3487	3424
3487	4347
3487	2226
2716	4645
2866	2277
2866	4090
2866	1610
2866	1844
2866	2919
2866	3389
2866	3296
1750	33
1750	1749
1750	4154
1750	3813
1750	2895
1750	3657
1750	3870
1750	1397
3631	2504
3885	3337
3885	3175
119	4475
119	3379
119	4674
119	1029
119	3389
119	3227
119	3296
119	988
3912	3337
3912	2438
1659	632
1659	2515
1414	4101
1414	2901
1414	3057
1414	958
1414	2316
1414	4083
1894	707
1894	3057
1894	1502
4422	1505
4422	867
2905	3339
2194	1907
1974	3638
3191	1421
4257	922
1977	3175
1977	2585
2463	2846
2463	3843
3873	2504
3873	2126
3873	3732
4107	323
1809	3662
1834	3472
1834	744
1834	3220
1834	1154
1834	2024
1834	2871
1834	4011
1834	3716
1834	2003
1834	775
1834	1110
1834	3334
1834	3379
1834	1532
1834	2198
1834	1749
1834	1799
1834	2600
1834	688
1834	4276
1834	105
1834	3740
1834	41
1834	1592
1834	1537
1834	218
1834	4411
1834	806
1834	1204
1834	3436
1834	734
1834	2161
3612	4475
3612	1302
3612	2104
1641	859
1641	3773
1641	3734
3858	543
3858	4163
3858	3635
3858	152
191	2420
191	3502
191	1897
191	775
191	452
191	934
191	2890
191	1951
191	707
191	2533
191	551
191	17
191	958
191	1502
191	2051
191	4527
3769	1784
3769	936
3769	1731
3769	4031
3769	4087
3769	3734
3769	2268
523	1781
523	3104
523	1981
523	1068
523	4392
523	4240
523	709
523	3315
523	1597
523	1369
523	2060
523	608
523	774
523	2628
3380	189
3380	3170
3380	3577
3380	3175
3380	1262
2506	1379
2506	4666
868	1933
868	711
868	2786
4554	1724
4554	4061
3405	3793
3405	3816
3405	233
4336	969
4336	1800
4460	3843
4460	1029
4460	598
2025	1709
3199	1048
3199	551
503	3371
4020	2549
4020	4605
4020	1619
4020	3253
4020	1939
1725	3734
3539	2890
3539	1526
3539	1542
4060	1434
1661	4011
1661	835
1661	3109
1976	2585
4456	1804
3812	570
1098	1484
1881	30
1881	2070
1881	1690
1560	30
1560	2070
3781	2146
417	1262
1483	3850
1483	2125
3287	4368
2474	3101
2474	2016
1174	2096
2277	1729
2277	1844
2277	3668
2277	3389
1781	1640
1781	4475
1781	234
1781	3389
1781	3227
1781	1337
1781	3734
1781	3296
1781	1525
4078	2096
4078	3965
744	2805
744	1745
744	1496
744	881
2805	881
2805	1001
2805	277
2263	2409
2558	4536
2258	3829
1745	4565
1745	3577
1745	292
1745	2223
1745	1524
1745	3209
2904	2668
2904	3014
4612	4646
4612	4136
4612	1532
1729	4646
1729	1033
1729	4122
1729	4354
1729	2614
1729	3209
2762	3055
2762	2003
2762	3723
2074	2206
2074	3424
2074	504
2074	1952
2074	906
2074	4620
2074	2375
2074	605
3093	3577
3093	1986
3093	387
4169	1380
4169	632
4169	1871
4469	3101
4469	4144
1320	1173
1320	1496
1320	2226
1320	2552
3468	245
3468	4600
4185	1029
1362	661
329	3101
3522	1981
668	1154
668	2366
668	1598
668	1799
668	4611
668	1307
668	859
668	3175
668	1318
3586	1307
4090	368
4090	3692
4090	3824
4090	1170
4090	3942
4090	4332
4090	1540
4090	1986
4090	963
4090	2378
4090	162
4358	1097
4358	93
4358	3734
4358	3296
4358	1452
1097	1962
1097	3734
1097	4338
923	4195
2975	504
2975	1270
1197	4651
4034	2206
4034	1530
4034	3638
4034	1738
4034	1546
4034	4234
2734	4284
2734	4121
1967	2947
1275	598
396	3793
396	3012
3004	4155
4667	4244
2839	206
2839	4241
2796	3573
24	4431
3550	3808
3550	1173
3550	1952
3550	1058
3550	4122
3550	2226
3550	689
4545	3529
4545	2458
4545	4392
4545	1738
4545	1366
4545	1397
312	1965
620	849
620	2345
620	696
620	190
620	3424
620	3784
620	892
620	1307
620	3291
620	2523
620	4278
620	769
620	1391
2784	2064
2784	1369
1158	1385
2504	1382
2504	3595
2504	4293
2504	662
2504	4657
2504	4007
2504	3989
2504	2438
2504	3042
2504	4600
884	1225
1168	3767
1168	2183
1168	2466
1168	584
1168	3291
1168	522
2044	3817
80	1121
80	3734
80	1258
80	4373
49	1610
49	3477
49	1293
49	3577
159	2424
2423	86
3220	1029
3220	3573
225	4011
3111	4014
4101	2469
4101	1897
4101	1951
1436	2129
1436	541
1230	969
1154	4475
1154	2458
1154	2146
1154	3082
1154	1747
1154	2937
1154	3734
1154	3296
1154	4244
121	4475
121	3779
4	2632
4	3296
4351	3389
3840	2226
3767	4323
3767	3692
3767	4326
3767	4392
3767	3942
3767	1738
3767	1107
3767	3023
3767	4332
3767	2981
3767	2378
3767	1266
3767	1023
3767	4234
4142	3816
4142	233
2602	2530
2420	3502
2420	982
2420	1504
2420	2533
2420	949
2420	1868
2420	551
2420	958
2420	2051
2420	4552
1818	4386
1818	3581
1818	2653
1818	3650
1818	2541
4386	3581
4386	2653
3581	3137
3015	368
3015	458
3015	4326
3015	1844
3015	504
3015	1228
1127	3615
2935	1405
2935	2810
1405	9
1405	4536
3655	2064
3655	2466
3655	3784
3655	86
3655	1369
3655	881
2078	3083
2078	3023
2078	1496
368	4475
368	2057
368	3648
368	3692
368	458
368	4070
368	4636
368	127
368	504
368	4332
368	3011
368	2833
368	1270
1772	3692
1772	458
1772	504
1772	3573
1772	2203
669	2963
1385	4212
1385	2351
1385	2017
1385	1004
1385	3675
1048	114
1048	1400
1048	694
1048	1114
1048	2371
1048	482
1048	2895
1048	160
1048	1542
1048	1146
1048	1399
1048	2418
1048	2844
1048	2870
1048	3278
1048	1205
1048	3839
1048	4527
1048	1657
114	3502
114	982
1798	1889
1798	794
2917	3082
2917	2169
2917	2901
2917	3983
1469	3502
3251	4614
3251	3389
3251	4338
3251	426
3251	608
1992	205
2092	2271
2092	3456
2092	4086
1505	2861
1505	3742
4212	2351
4212	2017
4212	1004
4212	3675
4212	931
3685	3023
3685	661
3685	3452
1007	569
1007	933
2454	2846
2454	2956
2454	1863
2454	2124
2454	1952
2454	3253
2454	4595
2454	1806
2454	1081
3055	3128
3055	4269
3055	3692
3055	445
3055	1107
3055	3023
3055	4332
3055	795
3055	2879
3055	3766
3055	26
3055	1266
3055	3278
3112	4005
2338	1029
246	2070
246	2999
246	1637
246	3889
3529	3104
3529	4011
3529	4005
3529	2891
3529	2048
3529	3296
3609	3509
3609	570
3609	2668
3609	2632
2389	1033
2389	3734
2389	3876
2389	3573
2389	1155
2710	4497
4497	2140
2613	4121
4576	3734
1247	1302
484	1502
245	860
245	2873
245	2363
245	4641
245	2375
245	1911
245	3022
3589	3638
3589	2368
3589	3067
3589	2395
3589	110
3589	1796
3589	3212
1400	334
1400	3945
1400	3337
1400	2363
1400	1868
1400	2045
1400	4527
1400	2703
1961	3379
1961	4595
1961	3296
4315	1273
2211	1815
2211	1721
2211	3104
2211	896
2211	582
2211	2554
2211	1917
2211	935
2211	795
2211	3800
2211	4502
2211	3766
2211	3448
2861	478
2861	1089
3039	1399
3039	2822
3039	1205
1016	4136
334	1293
334	1778
334	4081
34	1231
34	230
34	4297
34	1107
34	1737
34	3212
18	2366
18	230
430	4539
430	3648
430	1889
430	3817
430	3379
430	1326
430	16
430	2820
430	3291
430	3634
430	136
430	2648
430	2761
3516	470
2185	4122
2185	122
2926	1382
1815	1863
836	58
836	2229
836	3889
2941	2090
2941	982
2941	2271
4167	1314
4167	1933
4167	3077
4167	738
3530	2366
179	4025
180	3285
4512	3285
4512	948
4512	4223
4512	1499
4512	1325
4512	1964
4512	4354
4512	4595
1225	1094
2774	982
2774	707
2774	1502
2774	205
3502	982
3502	2570
3502	2363
3502	707
3502	2901
3502	2533
3502	4499
3502	551
3502	1612
3502	2045
3502	2051
3502	2844
3502	4552
3934	2481
3934	2844
2251	2354
421	3734
421	3787
421	1023
3639	4297
3639	4595
1223	886
1223	3104
1223	1323
1223	584
1223	4611
1223	4017
1223	3296
1721	886
1721	3104
1721	3796
1721	522
886	3104
886	3796
886	2334
886	4502
3104	3796
3104	1222
3104	4312
3104	1882
3104	4502
3104	3184
3104	517
3104	1072
3104	1421
3104	1674
1610	1422
1610	2024
1610	4011
1610	3692
1610	27
1610	1286
1610	691
1422	859
1150	4352
1150	1325
1150	1964
1150	4354
1150	1878
4125	206
1176	3069
1176	2384
52	3734
1315	3379
1315	2466
1315	1366
1315	1397
1315	1621
1315	2753
1315	3080
4294	2345
4294	1577
4294	3661
4294	3742
4294	3773
4294	3116
4294	548
4294	1929
694	3337
1981	3371
1981	435
1981	3547
3442	122
2210	2963
1246	1314
1246	4646
1246	3077
2945	3379
3249	2947
3249	1094
1151	4595
1314	4646
1314	1428
1314	3077
1314	4475
1314	2064
1314	2302
1314	2612
1314	1738
1314	1546
1314	2746
1314	39
1314	877
1314	4276
1314	2719
1314	86
1314	3978
1314	4502
1314	2580
1314	13
1314	2018
1314	4234
702	2198
1235	1094
1235	3734
1235	435
1235	3766
1378	3953
1378	4298
1378	3734
1378	594
2085	1625
2085	696
2085	4611
2085	3389
2085	1337
1865	3389
1119	707
1119	3175
1119	3553
2410	4122
1919	2895
1933	2334
1933	2845
1933	3235
1933	2226
1933	258
1933	1916
1933	3397
4646	4475
4646	570
4646	206
4646	16
4646	1052
4646	3784
4646	3291
4646	2695
2851	1906
2090	982
2090	412
2090	1907
2090	3662
1833	537
982	2570
982	1897
982	1889
982	2363
982	482
982	934
982	2890
982	1951
982	1504
982	2533
982	949
982	551
982	1542
982	17
982	1502
982	2045
982	2051
982	3915
982	4552
2685	3427
2685	2070
4026	3023
438	3389
4366	3371
4366	2189
1679	4651
4172	1473
4172	1209
4172	691
1428	3077
1428	921
1428	1266
1428	1525
3077	3090
1789	1619
1789	475
1789	1821
1789	2749
2271	3958
2271	1751
2271	2895
2271	4338
2271	608
2271	1775
2271	2126
2304	3504
1388	1267
4539	986
1640	2166
1640	1308
1640	3456
1640	1185
1640	3577
1640	2765
1640	3876
1640	2375
1640	3640
1640	4449
1640	1023
1640	2735
1640	4234
4323	4297
2806	3239
3808	1886
3608	3977
3608	522
278	2146
764	3734
4165	1110
4165	2471
4165	3023
4165	1262
1493	3734
1493	3296
1652	1020
4057	4248
2481	4468
1134	3734
462	532
462	3378
462	3101
462	3179
863	986
863	2668
863	3734
863	2814
863	3318
863	3296
533	532
532	3378
532	3101
532	632
532	522
4051	2191
189	2458
189	3650
189	1802
189	914
3371	1917
3371	1240
849	206
1609	2195
1609	3961
1609	2766
1609	3547
2195	3961
2195	2766
2195	3547
2345	1556
2345	4665
2345	1403
2345	1121
1037	3734
4475	2846
4475	991
4475	1171
4475	4326
4475	1611
4475	4207
4475	1546
4475	2087
4475	127
4475	266
4475	2835
4475	3679
4475	2351
4475	2765
4475	661
4475	4665
4475	3800
4475	2016
4475	2675
4475	4278
4475	2609
4475	4196
4011	1171
4011	3619
4011	2956
4011	2354
4011	2146
4011	3656
4011	4350
4011	2854
4011	4284
4011	1952
4011	2226
4011	2378
4011	1509
4011	2422
3367	4269
3477	1898
3477	3977
3477	27
3477	3877
3477	623
3477	2659
3477	4071
3477	4047
3559	30
3559	4155
3559	1379
3559	4666
4269	2458
4269	4671
4269	2107
2846	2947
2846	3379
2846	1749
2846	4047
2846	861
2846	2736
4044	3078
4044	3379
4044	3577
4044	127
4044	3734
4044	3296
220	4450
220	3734
220	3296
478	661
860	3297
860	218
3961	4239
3961	2766
82	504
896	3992
896	696
896	1508
896	3227
896	229
896	1270
3923	3101
1590	3101
1234	4251
1234	4527
3833	3261
3833	507
2014	707
2014	2038
3353	1502
991	2891
991	3148
991	110
1171	3962
1171	206
1171	3148
1171	1033
1171	4061
1171	3556
3716	3661
1255	3734
2950	998
3619	4136
3619	4429
3619	1029
3619	1130
4136	98
4136	1583
4136	4611
4136	1033
4136	859
4136	3734
4136	2283
1374	540
1374	4595
2913	1279
2913	540
2913	1627
2913	3209
1279	540
3047	260
3047	4215
3047	435
2314	3456
2314	3439
2314	3235
1273	1898
1273	2610
1273	2632
1273	298
3161	1110
3161	1029
3161	3227
79	3998
2108	3723
2108	623
2108	1337
2108	3734
2108	3212
2549	1323
2549	3606
2549	3573
3453	1868
2057	458
2057	504
3648	504
3992	2166
3992	1440
3992	3577
3992	3960
3992	976
3992	3207
1577	540
3674	4671
3674	3635
3674	935
3674	2765
3674	86
3674	2375
3674	4657
4115	2366
3958	3456
3958	2363
3958	700
2946	1426
3728	2146
3728	2098
3728	3734
3728	514
966	3082
966	2533
2129	1293
2129	541
2129	869
2129	1369
2129	3582
4580	4611
1356	1482
4353	2353
4608	4649
3796	4017
3796	1731
3796	4502
3796	1813
2245	3424
2245	1325
2245	990
4258	540
4258	3008
631	2124
4415	3379
4415	1749
4415	1337
1473	3379
1473	4611
1473	1029
1473	2611
1293	843
1293	775
1293	27
1293	3379
1293	1749
1293	57
1293	859
1293	218
1293	2632
4634	1726
4634	3962
4634	1369
4634	4517
4634	4274
2064	1849
2064	2947
2064	22
2064	4231
2064	41
2064	3235
2064	2413
2064	3473
1849	2947
1849	3962
3775	707
2206	843
2206	4483
2206	1380
2206	3296
2206	1452
843	1380
843	3379
843	3577
843	1029
843	3011
843	718
843	1121
843	3734
843	2572
843	1452
843	3662
2947	4645
2947	2632
62	4392
62	3082
62	3296
62	1888
2697	2885
2840	2196
1791	375
1231	1824
3692	458
3692	1027
3692	504
3692	1653
3692	3813
3692	2833
3692	2375
3692	3986
3692	1270
3692	3212
3127	3698
4645	86
4645	1446
3824	458
3824	1027
3824	3723
3824	4611
3824	2189
3824	3212
458	4636
458	504
458	4632
458	2833
458	1081
458	3198
458	2786
458	976
458	1270
2003	2600
2003	3742
2653	1636
2570	1897
2570	2363
2570	3296
2570	1868
2570	551
2570	3675
2570	4527
1897	3379
1897	3452
2788	3197
3645	345
775	3011
2372	1504
1110	276
4483	30
4483	4155
4483	1379
4483	4666
4114	1079
2495	718
2495	3662
1530	3101
1530	3083
1530	1013
1530	3209
2062	2070
2884	3101
1380	2477
1380	345
1380	1029
4367	3175
4367	1692
1114	2668
3856	3389
1764	1307
1764	3734
1764	251
1764	2191
1434	3571
1434	86
1434	3573
1434	3207
1855	4409
2366	1323
2366	1020
2366	2458
2366	1784
2366	482
2366	2553
2366	3715
2366	3615
2366	1619
2366	4335
2366	3309
2366	1226
2366	2143
2366	2876
2366	3803
2366	734
1323	1020
1323	2458
1323	2140
1323	206
1323	3092
1323	628
1323	1902
1323	2337
1020	2458
1020	2070
1020	3092
1020	2914
2458	3893
2458	477
2458	1784
2458	3896
2458	900
2458	3493
2458	206
2458	2070
2458	4674
2458	1455
2458	3082
2458	1484
2458	3935
2458	4087
2458	1227
2458	1958
2458	1959
2458	2288
2458	2822
4326	1105
4326	206
4326	3389
4326	4434
3893	3889
2281	3773
2590	3413
1184	477
1889	1047
1889	3915
1889	4552
2166	1738
2166	2466
2166	3784
582	2104
541	869
541	1369
2694	4552
4565	1749
4565	1421
3378	2937
969	2638
969	1800
969	1227
969	1095
969	2060
969	3734
969	559
969	573
969	576
969	1079
969	1272
969	1376
4005	445
4005	2191
600	206
3841	1464
4531	1542
3323	562
3323	4601
3170	2022
3170	2307
4592	1749
2956	1033
2956	514
1611	3577
276	59
276	4047
3101	2782
3101	1784
3101	4546
3101	2882
3101	2488
3101	4604
3101	1606
3101	2035
3101	2060
3101	2966
3101	1083
3101	2611
3101	3691
3101	3979
3101	2586
3101	265
3101	2316
3101	2337
3101	2556
3101	2599
3101	2844
3101	2876
3101	2912
3101	2954
3101	2970
3101	2971
3101	3565
3101	3603
3101	3947
543	4163
543	321
543	1578
543	4653
543	2928
543	661
543	3773
543	1964
543	3734
543	1071
543	4354
4163	152
4163	598
4163	3318
4163	3657
4163	3883
321	3379
321	1212
321	1173
321	152
321	1325
321	1964
321	4595
1751	2051
4633	216
3749	913
2254	3606
2254	1369
2254	957
2254	3221
3804	4450
3804	260
2146	4352
2146	4188
2146	835
2146	2937
2146	2413
2146	2632
2146	2226
339	3494
4450	1222
4450	1023
4450	2735
1859	3956
1859	1898
1859	2610
1859	1850
1859	3734
1859	298
1859	3662
4207	696
4207	3465
4207	1586
4207	470
4207	3296
4207	2125
4207	926
4207	3451
2554	1027
2554	3443
2554	3212
4192	934
3756	1666
3756	2150
3756	1094
3756	3296
696	2833
696	1804
696	2609
3141	3173
3141	3993
1488	986
1488	2625
1488	3942
1488	1094
230	1888
4429	234
4429	1952
4429	2842
4429	3124
3656	1027
3656	3784
3656	1033
3656	2222
4671	1948
3465	3977
3465	3653
3465	234
1529	1307
243	1027
243	86
243	1943
4290	1906
176	1868
4359	4641
4359	3333
4359	3411
2617	2983
3976	2012
2612	2746
2612	900
2612	3832
2612	39
2612	877
2612	3390
2612	2580
1598	3235
459	562
3509	662
3509	3784
3509	1013
1722	1898
1722	1861
149	1898
1898	4409
1898	3479
1898	3460
1898	3456
1898	632
1898	4154
1898	4211
1898	3882
1898	2688
1898	2181
1898	2520
1898	2530
4409	984
2748	1928
3123	2301
816	2301
4147	861
3482	2301
3482	4595
3364	2301
2056	152
2320	2301
2320	1914
2371	1542
2782	1868
3818	2842
2767	86
2767	1943
3977	3653
3977	4272
3977	3315
3977	3489
3977	59
3977	1442
3977	2222
3977	2375
1364	662
662	1592
662	2223
323	1932
323	4546
323	2766
2963	2625
2963	1213
2963	3282
2963	2574
2963	2070
2963	4335
2963	922
986	3379
986	2804
986	1532
986	3322
986	1749
986	632
986	1440
986	1665
3030	4337
4396	4595
1673	3242
4156	3379
4156	2198
4156	1749
1784	936
1784	1731
1784	3152
260	3282
260	2574
260	1379
260	3110
2625	570
2625	3282
2625	3163
2625	4335
1027	3942
1027	3638
1027	570
1027	3023
1027	2053
1027	1029
1027	4665
1027	435
1027	2226
1027	1267
1027	3610
1027	4402
1027	1023
1948	27
1948	1699
1948	1878
27	3444
27	2668
27	271
27	227
3427	152
3427	1029
3427	4215
3427	1811
3427	2232
1556	3606
4465	3606
4465	861
4465	2841
3334	3606
3334	861
852	2368
4642	4595
4642	298
3618	3954
3618	4256
1965	2051
3272	1666
3272	3456
3272	4549
3083	524
2983	507
2983	1904
540	3163
540	1442
540	598
1628	3734
1628	3296
3650	3379
3650	3444
3650	3860
1666	3734
1726	4231
1726	1369
1726	2940
1726	1904
4636	504
4392	3638
4392	1308
4392	41
4392	1986
3896	1308
3896	570
3896	2424
3896	2070
3896	562
3896	1227
3896	3239
3942	1337
3942	3212
3723	1738
3723	1107
3638	1738
3638	1546
3638	1308
3638	3337
3638	1107
3638	4177
3638	2882
3638	795
3638	1986
3638	4234
4262	504
4262	4632
1738	795
1738	3734
1738	1986
1738	4635
1738	4234
4019	3379
2140	4584
2140	2909
2140	3011
2140	1878
2140	1023
4584	1325
4584	1878
303	2909
303	689
303	921
3414	202
3414	1442
3785	3606
3785	3843
3785	861
763	1094
1546	1986
1308	2098
1308	514
2301	1209
2301	3379
2301	2198
2301	1749
2301	3577
2301	850
3661	4496
1209	1532
1209	3389
1209	3734
1209	1204
1209	2161
4306	3577
3962	1749
3962	3784
3962	1369
3962	2940
3962	881
3962	2597
3962	2223
3962	3657
3379	2804
3379	2198
3379	57
3379	632
3379	2471
3379	1105
3379	4298
3379	3577
3379	3023
3379	4276
3379	4665
3379	1665
3379	4383
3379	2169
3379	271
3379	1121
3379	2630
3379	41
3379	1592
3379	3744
3379	3734
3379	2845
3379	2455
3379	248
3379	1015
3379	185
3379	277
3379	284
3379	391
3379	931
3379	2107
3379	3455
3379	2552
3379	2614
3379	2637
3379	3107
3379	3196
3379	3218
3379	3494
3379	4077
3379	3739
3379	3820
3379	3834
3379	3884
3379	4075
3379	4109
3379	4118
3379	4218
3379	4264
3379	4656
3379	4028
2610	1532
2610	1749
2610	632
2610	1540
2610	3860
2804	1749
2804	632
1532	3456
1532	1749
1532	632
1532	1799
1532	3577
1532	1540
1532	1509
3322	3439
3456	2363
3456	3439
3456	3577
3456	1496
3456	1592
3456	3296
3456	4007
3456	1542
3456	958
3456	3134
3456	3339
1749	632
1749	2471
1749	3577
1749	3444
1749	1592
1749	3734
1749	2845
1749	3010
1749	2614
57	1537
57	3734
632	2471
632	814
632	2363
632	1540
632	446
2471	1540
2471	3496
1578	152
1578	3611
4653	152
2096	3998
1491	1506
1506	612
2215	1180
3297	2827
3297	4648
3297	2034
3297	2820
2827	4648
2827	2034
2827	1591
4648	2034
1993	2060
2275	4110
2275	1632
2275	3261
2275	1540
2275	1479
2275	3452
2275	3450
2275	551
4110	1632
4110	1479
4110	3452
1632	1479
1632	3452
3261	4595
4231	2666
1142	1496
2746	900
2746	3832
2746	39
2746	877
2746	3390
2746	3734
1181	4155
3605	4595
452	1951
452	1868
452	2051
2368	1354
2368	3876
900	4347
900	39
900	3390
900	1496
900	3209
2167	4297
2167	711
2167	4000
1566	4347
2150	1844
2150	4347
2150	717
2150	3018
1736	1911
1354	345
1354	3577
1354	2663
345	1812
345	3577
345	3152
345	3292
2909	218
1724	110
1724	3212
814	3734
190	3734
1326	2842
1326	3436
4055	30
4055	226
4055	160
4055	3357
4055	3235
4055	435
4055	1584
4055	1397
3515	599
3515	4356
3515	791
2310	1939
2310	1015
3534	1868
3534	3517
142	538
142	3423
4154	3209
2465	3773
2925	2424
104	1161
104	2045
925	3945
925	46
925	1761
3945	3752
3945	46
3945	2231
3945	4087
3945	2706
3752	910
1850	2236
1850	3542
1850	921
1850	4320
46	1761
910	1617
4013	2424
3493	206
3493	1325
3493	2375
3832	39
3832	877
3832	3390
3832	2580
473	59
473	1964
2666	584
3424	206
3424	584
3424	957
2598	1121
725	3734
1440	4223
1440	1499
1440	1325
1440	4595
1440	4413
238	2824
1844	4347
3337	2363
3337	1307
3337	1029
3337	1130
3337	2533
3337	3680
4347	3742
4347	2523
4347	3611
4347	1391
2363	934
2363	2890
2363	707
2363	949
2363	218
2363	1868
2363	551
2363	2045
2363	2051
2363	4527
412	2045
98	3011
4641	2226
4641	2191
1105	2695
1105	2273
871	1496
871	594
4240	2384
4350	2719
1464	988
1203	206
1203	1029
482	707
482	2844
934	707
934	3452
934	958
1490	3734
3035	3734
3299	1619
3299	4249
3793	2600
3793	3606
234	2472
234	3816
234	233
234	4121
234	1955
1185	3023
1185	1286
1185	1270
2890	707
2890	2533
2890	2051
2890	4552
3635	1033
3635	470
3635	2351
3635	3791
3635	3663
1617	825
1951	707
1951	2901
1951	3452
1951	1868
1951	551
1951	17
1065	1399
4458	2719
4298	1212
4298	3577
4298	1863
4298	1029
4298	1435
4298	1587
4298	2931
1212	4605
1212	1863
1212	1173
1212	1455
1212	1952
1212	1058
1212	545
1212	1033
1212	4122
1212	1499
1212	2728
1212	3026
4605	636
4605	306
4605	4371
2183	86
2139	3389
1504	2051
1504	3991
1504	4073
1222	3734
1222	3296
570	3571
570	2424
570	562
570	2919
570	2688
570	869
570	1379
570	3876
570	218
570	4620
570	3573
570	828
570	1296
3571	1883
2424	30
2424	562
2424	2812
2424	859
2424	1379
2424	3978
2424	134
909	922
909	3014
3282	2070
3282	4666
3282	3110
2574	3773
2574	1379
2574	4666
2574	3110
30	3734
30	3152
206	2070
206	2334
206	4155
206	1379
206	4666
206	2523
206	1001
206	637
2070	562
2070	1227
2070	888
2070	3209
562	4177
562	4155
562	1379
562	4666
562	1101
562	4431
1905	4100
1905	3444
1905	3734
135	3954
3954	3444
3954	1339
3954	2161
4297	2906
4297	4595
4297	3450
581	3734
3577	1033
3577	4122
3577	4332
3577	1029
3577	2842
3577	2060
3577	1325
3577	3734
3577	3998
3577	4338
3577	3292
3577	1023
3577	2735
3443	1996
2891	4061
3742	1021
3742	4603
3742	3253
3742	120
39	877
39	3390
39	2580
127	3784
127	584
127	4096
127	242
127	782
266	913
266	782
1996	2466
3606	4248
3606	4335
2835	1959
1107	1337
1107	1986
1107	1878
3023	4674
3023	1369
504	1593
504	4632
504	2833
504	3198
504	2786
504	976
504	1270
504	1780
1883	3734
1883	2814
1511	4611
1511	3291
4674	2466
4674	3734
4674	3296
1439	3773
623	3876
623	4047
623	522
3315	3489
3315	2375
3489	1173
3489	2119
1173	1455
1173	1952
1173	1058
1173	545
1173	1033
1173	4122
1173	1499
1173	1915
1173	1325
1173	1619
1173	2222
1173	4413
1173	2226
1173	689
1173	965
2466	1403
2466	2632
2466	2375
2466	977
3784	2919
3784	1033
3784	1369
3784	1013
3784	2378
1586	2609
584	2124
584	1033
584	1690
584	1403
584	2632
1508	3969
1508	1804
892	1955
3668	3744
1583	1094
3067	791
3402	3843
3402	4103
3402	480
1519	2255
648	4651
648	2785
648	3724
4312	3296
202	3008
202	4611
202	3163
202	3734
202	1878
2457	3734
877	3390
877	2580
4188	3679
4188	2679
4188	3851
4188	4611
4188	4121
1454	3011
1454	3813
1454	906
59	3518
59	545
59	1267
3816	233
3816	1033
3816	444
233	3473
4239	3452
96	4595
3008	3163
3008	1442
833	2906
833	3080
2928	152
2928	3773
2928	2528
4651	3173
4651	1283
4651	2104
4651	4205
4651	126
4651	1448
107	4656
1102	3734
2906	3080
1917	2313
3444	3320
1914	3518
4177	899
4177	1121
2098	3679
2098	514
2098	828
2854	4284
2854	1499
4546	2820
4546	3734
539	3406
539	646
3390	1496
3390	2937
3390	248
1496	2530
1496	3603
935	2995
3173	699
4578	3175
152	4138
152	3773
152	1964
152	1071
152	4354
2488	848
2488	4284
2488	3679
2488	4611
2488	2530
2488	867
2488	258
2488	878
4284	3679
4284	4611
3917	2124
2124	2377
2124	2053
2124	3679
2124	1307
2124	1806
2124	1663
2377	1911
2280	3851
2280	4121
3679	4611
3679	4121
2679	3851
2679	2763
2679	4611
2679	660
2679	4673
2679	4121
3851	2763
3851	4611
3851	660
3851	4673
3851	4121
2763	4611
2763	660
2763	4121
4611	660
4611	4673
4611	4121
4611	1029
4611	2940
4611	2739
4611	1482
4611	1078
4611	3766
4611	4278
4611	1401
660	4121
4673	4121
3843	240
3843	598
3843	2175
1455	1058
1455	545
1455	1033
1455	4223
1455	4122
1455	1499
1952	1033
1952	1499
1952	636
1058	1033
1058	1325
1058	1423
1058	3184
4121	1442
3148	1258
3148	1516
3148	2008
3082	17
3666	4595
3666	3527
545	1033
545	1423
1033	4223
1033	4122
1033	1499
1033	4047
1033	1423
1033	3556
4223	4122
4223	1499
4223	718
4223	1423
4122	1325
1499	1325
1499	1423
1499	1804
711	4000
3281	2672
4332	1270
4332	3212
4017	936
4017	1731
936	1731
936	4031
936	3194
936	4672
936	4087
936	3734
1731	4031
1731	4087
1731	3734
4031	3734
1442	4248
2530	58
3541	3389
3541	1399
1307	1029
1307	3779
1307	699
1307	1433
1307	1706
1307	2756
1778	1637
4040	1540
4040	1811
470	1029
470	251
470	1509
1029	3813
1029	86
1029	3779
1029	4596
1029	1482
1029	2226
1029	2232
1029	251
1029	1509
1029	3063
1029	3657
1029	1943
598	2175
1597	3734
2000	4595
3011	859
2351	2017
2351	4173
2351	1004
2351	3496
2351	1023
1240	1337
1240	435
4488	3296
661	4343
661	2879
661	929
661	958
661	1612
661	4219
661	4264
2659	4047
2020	3475
2020	507
2020	3883
4276	3662
2334	3389
2334	1888
1302	3116
1302	71
2999	1637
2999	3346
1637	435
1109	4086
3813	859
3813	298
4665	2192
4665	859
4665	2895
4665	2016
2192	859
2192	2895
906	298
3800	1366
3225	3642
1366	1584
1366	1612
1366	3794
1366	1397
1403	3389
1403	899
1403	3734
1403	3296
3179	794
3179	2237
3179	4517
859	1094
859	1286
859	1448
1665	28
1665	3475
2895	2016
1540	825
3389	2955
3389	60
3389	4383
3389	2523
3389	2632
3389	2173
3389	2375
3389	1078
3389	4278
3389	2631
3389	4205
3389	2609
3389	2619
2955	60
2955	4383
60	4383
1826	2705
2169	2914
2035	58
2035	2580
2398	2060
2398	4376
2766	2099
2766	3547
4138	3773
4138	1071
4138	3611
160	1706
420	227
420	2585
4071	1973
4071	2230
2668	271
2668	3734
2668	3309
2668	185
2668	436
2668	525
2668	2189
2668	2307
2668	3965
271	2943
2188	3839
707	3452
707	1868
707	705
707	958
707	2051
707	3278
2934	2226
3935	3200
3773	1094
3773	3611
3773	1878
3773	1687
3773	1748
3445	3175
2820	3227
2820	899
569	899
569	3868
569	1811
3227	899
3227	2632
899	3734
899	1367
899	3556
3615	3663
3194	4087
4672	1888
1770	375
86	861
86	1542
86	4510
86	1943
3779	1943
1104	85
1104	743
1104	1447
1104	2329
1227	1379
1227	4666
1227	3110
1227	3732
1369	881
1369	2597
1369	2223
1369	3998
3092	4155
3092	1379
3092	4666
3092	3110
4155	4666
4155	1964
1973	3452
1973	2811
2901	17
3291	3680
1121	3734
1121	347
1121	3860
1121	524
1379	3110
1379	3209
4666	4603
4666	3734
4666	435
4666	3296
4666	1003
4666	3209
636	630
28	1089
1094	4354
1094	3611
1094	2226
1094	3409
1094	3423
4324	4595
1057	2299
1057	1584
1057	1612
1057	2528
1057	2753
3419	3845
3419	3590
3845	3734
3845	3296
3845	3590
2842	667
2842	2223
1002	2597
1002	2077
1002	3686
1002	3038
881	3734
881	2223
41	2077
41	3686
41	435
41	3038
2077	3686
2077	4595
2077	3038
3686	3038
3124	667
3124	522
2048	4244
2060	2977
2060	4640
3978	3657
4176	3107
1130	1015
4455	1542
1325	4023
1325	4595
1325	1878
1325	494
1325	4413
1325	2611
1619	913
4023	227
4023	4595
1337	3734
1337	1986
1337	1270
3253	120
227	2017
1964	375
1964	2283
1964	4084
2937	3734
2937	3296
2937	169
1537	734
1537	2161
2966	418
2966	2912
611	2662
611	4596
3734	1811
3734	1950
3734	2017
3734	1001
3734	3269
3734	1078
3734	717
3734	277
3734	517
3734	1210
3734	1674
3734	2434
3734	2467
3734	2585
3734	3037
3734	3134
3734	3152
3734	2619
3734	3547
2662	4596
2814	524
2814	2585
4596	4234
946	3296
946	1270
2879	3876
2222	4047
2222	4413
1071	4354
4354	3611
3611	3079
3611	3132
3475	2067
3235	682
3235	686
3235	970
3235	3278
2507	1746
2533	1868
2533	551
2533	1542
2533	507
2533	958
2533	2051
2533	2239
435	4411
435	2758
435	521
435	2614
435	3657
435	4587
4047	957
792	2883
418	2226
418	4370
1479	205
108	981
4595	1663
4595	3450
4595	1572
4595	2611
4595	4579
4595	605
4595	666
4595	806
4595	931
4595	1265
4595	1401
4595	1693
4595	1825
4595	1891
4595	1928
4595	2329
4595	3107
4595	3238
4595	3327
4595	3584
4595	4077
4595	4025
4595	4092
4595	4150
4595	4233
4595	4644
4595	1397
2237	1796
4502	861
3642	1871
861	4251
949	3452
949	1868
949	2051
949	3915
949	4527
58	2580
58	2226
2413	3573
3452	1502
3452	2045
3452	3553
3318	1878
3318	3512
1878	494
1878	3512
494	2632
218	551
218	1502
218	3993
2632	3296
3296	1950
3296	2375
3296	2572
3296	3860
3296	2631
3296	717
3296	277
3296	517
3296	524
3296	525
3296	1411
3296	2099
3296	2434
3296	2619
3296	2753
3296	4234
3787	4434
264	2
1663	3662
4499	4527
2223	3239
2375	2356
1572	4086
1572	3175
4586	259
1089	1535
1089	2758
1089	3358
1868	4337
1868	69
1868	1502
1868	1971
1868	4552
3691	2045
2395	2695
2395	3663
2695	3663
3998	4431
2780	2810
628	120
3257	3889
1001	3175
3504	375
375	1091
1078	2378
384	3074
551	958
551	2045
551	2051
551	4552
551	4527
3320	689
228	2572
1286	2609
1286	4496
1286	1397
2226	689
2226	4370
3573	2378
3573	813
1804	2378
1804	1525
689	767
170	2585
705	1636
705	2038
4338	2324
3198	1270
976	1270
1270	1516
1270	2609
1147	1524
1147	1741
1147	3657
3634	1542
3634	162
599	4356
599	791
913	782
3175	2604
268	2631
268	1748
4356	791
4657	3012
2758	3080
1542	4552
1015	281
4061	774
1013	213
2378	4511
17	2239
1852	3662
2255	1793
921	3662
69	1502
122	1904
236	1335
279	398
361	3448
480	3401
507	4575
507	3906
507	3527
548	1956
548	2051
588	1023
608	3134
608	4552
618	2604
656	2622
693	1262
825	1358
828	2161
829	2434
894	2038
931	1120
958	2051
977	2189
978	4310
1003	1524
1011	1262
1079	3005
1146	4527
1155	4025
1318	2609
1333	1397
1391	2749
1399	3155
1446	3870
1502	2051
1502	4527
1584	1612
1584	4394
1584	3821
1584	1397
1584	1621
1584	2753
1584	3663
1612	3794
1612	4394
1612	3821
1612	1397
1612	1621
1612	2753
1612	3663
1612	3080
1616	3496
1627	2849
1636	4157
1668	3423
1686	4233
1803	4371
1854	1943
1947	2131
1947	3853
2045	2051
2045	4552
2051	2126
2051	3553
2051	3915
2051	4552
2051	4527
2073	3791
3794	4552
3794	3821
3794	1397
3794	1621
3794	2753
3794	3663
3794	3080
2126	2844
2126	3423
2229	2968
2239	4552
2594	2690
2609	3099
2614	3657
2844	2870
2844	4552
2898	3436
2914	3099
2915	3076
2915	3278
2970	3662
3063	1943
3134	4552
3239	4569
3239	4656
3278	3906
3277	3662
3327	299
3451	1452
3590	3791
1205	4527
3748	4244
3889	4004
3915	4527
4552	4527
4150	3423
4219	4640
4510	1397
4510	1943
2753	3663
1023	2735
1640	231
1931	231
584	231
3291	231
507	231
3742	1413
1769	3699
398	3699
3049	3699
2070	137
2138	2655
2030	2526
4641	3878
2489	3863
4611	3863
718	3863
3184	3863
1834	2976
4595	2976
3573	2976
1029	2986
1943	2986
2466	91
4611	91
3389	91
3737	3115
1097	3115
4034	3115
4475	3115
276	3115
2466	3115
59	3115
3389	3115
3080	3115
4447	2718
1964	45
3734	45
206	2994
4651	2994
3415	1398
3799	1398
2866	1398
2277	1398
680	1398
1643	1398
1385	1398
4212	1398
430	1398
1948	1398
27	1398
540	1398
4127	1398
3023	1398
3390	1398
1307	1398
1029	1398
3779	1398
3651	1398
206	3434
4612	4132
1158	4132
1580	4132
4450	4132
473	4132
511	4132
4596	4132
3296	4132
931	4132
206	1822
4595	1822
504	3570
4641	1638
202	1638
2695	1638
4253	1638
206	1701
3184	1701
715	1655
620	1655
1314	1655
2466	1655
2988	1655
1110	285
3379	285
2466	3588
3227	3588
3674	2524
206	2524
561	891
1353	891
4011	891
4611	891
1325	891
4595	891
1878	891
1412	471
1193	471
2469	471
507	471
368	1215
189	1215
1380	1215
3412	1215
2023	793
3389	793
4079	1131
4087	1412
1530	2958
696	2958
3148	2958
3389	2958
1013	2958
2378	2958
2952	3415
2866	3415
245	3415
4185	679
2366	679
4392	679
4674	679
3734	679
3998	679
2183	210
435	210
3257	210
3448	210
2507	924
2706	924
4061	924
1951	4307
1193	253
3502	253
982	253
3337	253
1951	253
551	253
958	253
2045	253
2051	253
4527	253
2978	1478
3909	1478
3104	4008
3657	4008
2584	1841
2913	337
1800	337
4231	337
1033	337
4611	1581
1315	4664
1121	4664
2458	450
3721	546
2973	546
817	546
2952	546
2584	546
2071	546
1643	546
2973	3721
817	3721
2584	3721
2071	3721
1643	3721
817	2973
2952	2973
2584	2973
2071	2973
1643	2973
4011	2973
1692	2973
2952	817
2071	817
1643	817
2584	2952
2071	2952
3724	2952
1540	404
4433	3461
1732	3461
3380	3461
3101	3461
1121	3461
3296	3461
1399	3461
4523	2671
1618	2671
3992	2671
230	2671
3577	2671
101	2671
3734	2671
1869	4470
406	4470
4112	4470
791	4470
406	1869
2078	1869
4112	1869
3692	4523
4645	4523
3824	4523
458	4523
4392	4523
345	4523
3023	4523
1952	4523
4173	4523
2572	4523
162	4523
4335	406
1403	3955
1452	3955
1150	95
2030	3664
2866	3664
2504	3664
1815	3664
1764	3664
4326	3664
852	3664
3424	3664
4641	3664
470	3664
1029	3664
86	3664
3779	3664
3611	3664
2413	3664
42	3664
1943	3664
1414	4675
1894	4675
982	4675
2051	4675
206	287
706	287
3172	2160
2575	2160
3880	2160
561	2160
2490	2160
2575	3172
3880	3172
561	3172
2490	3172
4297	3172
3880	2575
561	2575
2490	2575
3427	2575
3315	1543
3389	1543
561	3880
2490	3880
2030	3880
718	3880
3212	499
2533	3866
2090	649
4611	649
739	649
1692	649
553	2341
3734	1944
3039	1260
553	862
3378	862
2458	4016
529	1018
2259	1018
1852	3607
921	3607
4314	1022
2278	824
3477	824
4136	824
2003	824
1434	824
2458	824
1058	824
1499	824
922	824
3991	1575
4611	370
1179	370
4067	370
4434	370
562	1053
2490	561
3799	561
3714	561
2489	561
2278	561
3655	561
1473	561
4429	561
3427	561
2835	561
59	561
1033	561
4223	561
718	561
1130	561
3734	561
922	561
2732	561
3427	2490
3896	2490
4595	2490
726	2939
1797	4680
760	4680
182	3062
1048	3062
4545	805
1231	805
27	805
1308	805
1772	3431
62	3431
3824	3431
458	3431
4070	3431
4297	3431
59	3431
4121	3431
2334	3431
2451	3431
1888	3431
2166	2362
2658	1732
744	2606
2805	2606
3101	2606
2672	1754
3296	972
1535	972
3170	4598
3917	4598
2124	4598
828	4598
2351	1474
1600	4568
1745	4568
900	4568
1600	4669
1750	4669
1863	4669
3657	4669
1933	269
4411	269
1600	3208
3500	3208
749	3208
1750	3208
2805	3208
1745	3208
1966	3208
3767	3208
246	3208
3104	3208
1640	3208
3371	3208
1279	3208
3728	3208
843	3208
2254	3208
4207	3208
1898	3208
1948	3208
3650	3208
2301	3208
1749	3208
900	3208
4154	3208
2363	3208
30	3208
4651	3208
2098	3208
2299	3208
3357	3208
435	3208
3296	3208
921	3208
521	3208
1003	3208
1421	3208
2459	3208
2604	3208
2957	3208
3436	3208
4443	3208
3900	1432
1607	1432
2945	1432
2020	1432
3292	1432
101	629
2299	629
3209	629
140	3855
2030	3855
4156	3855
3379	3855
3553	3189
2030	2407
2536	4532
2536	542
4548	3306
2536	3306
2578	3306
0	3306
2536	4548
1241	4548
2668	4548
4595	4548
950	2536
2578	2536
0	2536
1	2536
389	2536
2578	950
0	950
1437	950
0	2578
1437	2578
930	3790
1414	4089
1894	4089
4595	4089
1414	2567
1894	2567
2420	2567
507	2567
2111	140
4107	140
4112	140
2935	1840
766	217
707	217
2438	217
707	766
2557	2106
715	2106
206	2106
2060	2557
2138	2136
2454	2136
1314	2136
3734	2136
4595	2136
2395	2136
2695	2136
3663	2136
1562	1332
3638	1332
3742	1332
584	1332
4596	1332
1454	2111
4488	2111
3813	2111
4665	2111
2192	2111
906	2111
2895	2111
2295	4660
2767	4182
553	951
1772	951
458	951
504	951
718	1885
569	1885
1214	432
4439	432
3308	432
3308	1214
2368	3900
2466	3900
2955	3900
1767	2509
553	2509
1049	2509
2146	2315
3742	2315
3734	2315
3318	2315
3296	2315
1280	2315
3175	2315
1709	2315
3662	2315
803	1353
4554	1353
3077	1353
745	1353
775	1353
733	1353
738	1353
3734	1353
108	1353
2131	1353
3623	803
4554	803
745	803
775	803
4252	803
3818	803
733	803
167	803
16	803
1653	803
4090	4487
458	4487
3638	4487
504	4487
1270	4487
3101	2460
3327	2460
3734	1451
548	1451
3053	3799
430	3799
3371	3799
3427	3799
4127	3799
4651	3799
2842	3799
2211	3623
4040	3623
1508	2887
2035	2887
58	2887
2580	2887
1328	3894
921	3894
3175	155
1379	4574
2458	1348
3896	1348
206	1348
2070	1348
2030	4655
1029	4655
86	4655
1943	4655
1504	1386
4207	1769
3077	4046
2281	4046
691	4046
2245	1596
1625	1596
966	4088
504	4088
3835	4088
1314	1384
3063	1384
430	2640
2199	2640
4394	2640
3500	508
2070	508
2512	422
4618	422
2098	422
2188	422
4595	422
1270	422
1191	492
2035	492
3379	3159
185	3159
1307	3330
2030	1336
1436	2030
1629	2030
3251	2030
843	2030
2402	2030
1380	2030
2767	2030
3427	2030
3650	2030
2363	2030
4240	2030
1490	2030
2424	2030
4599	2030
1606	2030
1307	2030
2955	2030
86	2030
4365	2030
2981	2030
551	2030
2232	2030
1542	2030
656	2030
677	2030
762	2030
970	2030
1268	2030
1678	2030
1743	2030
2045	2030
2384	2030
2705	2030
2869	2030
2960	2030
3662	2030
3914	2030
4073	2030
4510	2030
2703	2030
3379	1055
19	1762
529	1762
2140	1762
4584	1762
2064	2537
4015	4238
1098	4238
1225	4238
991	1241
4476	1241
191	1193
3539	1193
2420	1193
114	1193
3685	1193
1400	1193
2275	1193
452	1193
2363	1193
482	1193
707	1193
2533	1193
4499	1193
507	1193
1502	1193
2045	1193
2051	1193
4157	1193
3374	3280
1605	3280
910	3280
3734	3280
119	4130
909	4130
969	1682
1767	2485
3417	2485
969	2485
2254	2485
2638	2485
3417	1767
4336	1767
1800	1767
1168	3714
946	3714
2209	3714
3573	3714
2471	4485
570	4485
982	1797
3998	1797
4595	2729
672	19
529	19
1781	19
1729	19
1610	19
1598	19
4584	19
1071	19
4354	19
3611	19
4047	19
1804	19
2523	3374
1551	2282
1607	2282
1461	2282
3023	2282
2833	2282
1270	2282
4205	2282
122	2282
1551	2489
1607	2489
3832	2489
3023	2489
2833	2489
3368	2360
4122	2278
3819	2023
1967	2023
1966	2023
1981	2023
427	2023
3647	2023
1511	2023
1403	2023
271	2023
718	2023
2223	2023
2609	2023
1168	715
3055	715
792	715
2883	715
1461	1437
4667	1437
1314	1437
4051	1437
860	1437
2488	1437
569	1437
3296	1437
1078	1437
2071	2584
1461	2584
1643	2584
1027	2584
1013	2584
4618	1551
2281	1551
4429	1551
814	1551
4392	4085
4595	4085
1461	2071
4618	2071
1643	2071
1171	2071
1337	2071
922	2071
1002	4221
3858	4015
2277	4015
620	4015
2726	4015
3529	4015
1640	4015
3101	4015
1027	4015
3793	4015
2466	4015
3173	4015
1029	4015
2351	4015
1921	4015
3389	4015
3296	4015
2375	4015
825	4015
3212	4015
3423	4015
3663	4015
1370	771
4011	771
3773	771
2226	771
529	672
4584	672
1325	672
1071	672
4354	672
3611	672
2971	672
4011	529
2140	529
4584	529
1071	529
4354	529
3611	529
1878	529
2378	529
3819	3053
2389	3053
1981	3053
3962	3053
648	3053
3997	3053
1275	2953
1170	2953
3843	2953
4090	3091
1170	3091
4011	1370
4071	1370
2934	1370
1530	530
4289	1607
2549	1607
3427	1607
2632	1607
3175	1607
162	1607
1023	1607
3547	1607
1461	3345
2129	3345
541	3345
1027	3345
3723	3345
1369	3345
41	3345
3734	3345
2413	3345
3662	3345
668	553
1168	553
1578	553
1724	553
3679	553
4488	553
4047	553
2226	553
3184	553
500	553
4618	1461
663	1461
3573	1461
2964	3500
1881	3500
1560	3500
3559	3500
1213	3500
3859	3500
30	3500
2070	3500
3092	3500
4603	3500
4020	1562
2211	1562
34	1562
345	1562
1619	1562
138	1562
4376	1251
3779	1485
1792	1618
2024	1618
2067	1618
2138	1340
4269	1340
4258	1340
4188	1340
3077	392
2366	392
814	392
3861	392
892	392
2175	392
2299	392
2993	392
2003	3737
1971	3737
4608	193
4338	193
425	193
1234	182
2533	182
3962	1191
41	1191
1270	1191
3436	1191
1640	749
3101	749
4020	2138
3678	2138
4351	2138
1772	2138
2211	2138
3467	2138
3692	2138
3824	2138
2554	2138
816	2138
2875	2138
4392	2138
3942	2138
3638	2138
1738	2138
900	2138
445	2138
3299	2138
3793	2138
1107	2138
3023	2138
3843	2138
2334	2138
3197	2138
1619	2138
1337	2138
1747	2138
1986	2138
2340	2138
1542	2138
1272	2138
1023	2138
2458	2978
3444	2978
1981	3819
3779	3819
1027	4618
2413	4618
2226	4618
1959	4618
1280	3036
2067	1792
430	2964
1213	2964
30	2964
2070	2964
1379	2964
4603	2964
4358	3487
1097	3487
2389	3487
3424	3487
4347	3487
2226	3487
4645	2716
2277	2866
4090	2866
1610	2866
1844	2866
2919	2866
3389	2866
3296	2866
33	1750
1749	1750
4154	1750
3813	1750
2895	1750
3657	1750
3870	1750
1397	1750
2504	3631
3337	3885
3175	3885
4475	119
3379	119
4674	119
1029	119
3389	119
3227	119
3296	119
988	119
3337	3912
2438	3912
632	1659
2515	1659
4101	1414
2901	1414
3057	1414
958	1414
2316	1414
4083	1414
707	1894
3057	1894
1502	1894
1505	4422
867	4422
3339	2905
1907	2194
3638	1974
1421	3191
922	4257
3175	1977
2585	1977
2846	2463
3843	2463
2504	3873
2126	3873
3732	3873
323	4107
3662	1809
3472	1834
744	1834
3220	1834
1154	1834
2024	1834
2871	1834
4011	1834
3716	1834
2003	1834
775	1834
1110	1834
3334	1834
3379	1834
1532	1834
2198	1834
1749	1834
1799	1834
2600	1834
688	1834
4276	1834
105	1834
3740	1834
41	1834
1592	1834
1537	1834
218	1834
4411	1834
806	1834
1204	1834
3436	1834
734	1834
2161	1834
4475	3612
1302	3612
2104	3612
859	1641
3773	1641
3734	1641
543	3858
4163	3858
3635	3858
152	3858
2420	191
3502	191
1897	191
775	191
452	191
934	191
2890	191
1951	191
707	191
2533	191
551	191
17	191
958	191
1502	191
2051	191
4527	191
1784	3769
936	3769
1731	3769
4031	3769
4087	3769
3734	3769
2268	3769
1781	523
3104	523
1981	523
1068	523
4392	523
4240	523
709	523
3315	523
1597	523
1369	523
2060	523
608	523
774	523
2628	523
189	3380
3170	3380
3577	3380
3175	3380
1262	3380
1379	2506
4666	2506
1933	868
711	868
2786	868
1724	4554
4061	4554
3793	3405
3816	3405
233	3405
969	4336
1800	4336
3843	4460
1029	4460
598	4460
1709	2025
1048	3199
551	3199
3371	503
2549	4020
4605	4020
1619	4020
3253	4020
1939	4020
3734	1725
2890	3539
1526	3539
1542	3539
1434	4060
4011	1661
835	1661
3109	1661
2585	1976
1804	4456
570	3812
1484	1098
30	1881
2070	1881
1690	1881
30	1560
2070	1560
2146	3781
1262	417
3850	1483
2125	1483
4368	3287
3101	2474
2016	2474
2096	1174
1729	2277
1844	2277
3668	2277
3389	2277
1640	1781
4475	1781
234	1781
3389	1781
3227	1781
1337	1781
3734	1781
3296	1781
1525	1781
2096	4078
3965	4078
2805	744
1745	744
1496	744
881	744
881	2805
1001	2805
277	2805
2409	2263
4536	2558
3829	2258
4565	1745
3577	1745
292	1745
2223	1745
1524	1745
3209	1745
2668	2904
3014	2904
4646	4612
4136	4612
1532	4612
4646	1729
1033	1729
4122	1729
4354	1729
2614	1729
3209	1729
3055	2762
2003	2762
3723	2762
2206	2074
3424	2074
504	2074
1952	2074
906	2074
4620	2074
2375	2074
605	2074
3577	3093
1986	3093
387	3093
1380	4169
632	4169
1871	4169
3101	4469
4144	4469
1173	1320
1496	1320
2226	1320
2552	1320
245	3468
4600	3468
1029	4185
661	1362
3101	329
1981	3522
1154	668
2366	668
1598	668
1799	668
4611	668
1307	668
859	668
3175	668
1318	668
1307	3586
368	4090
3692	4090
3824	4090
1170	4090
3942	4090
4332	4090
1540	4090
1986	4090
963	4090
2378	4090
162	4090
1097	4358
93	4358
3734	4358
3296	4358
1452	4358
1962	1097
3734	1097
4338	1097
4195	923
504	2975
1270	2975
4651	1197
2206	4034
1530	4034
3638	4034
1738	4034
1546	4034
4234	4034
4284	2734
4121	2734
2947	1967
598	1275
3793	396
3012	396
4155	3004
4244	4667
206	2839
4241	2839
3573	2796
4431	24
3808	3550
1173	3550
1952	3550
1058	3550
4122	3550
2226	3550
689	3550
3529	4545
2458	4545
4392	4545
1738	4545
1366	4545
1397	4545
1965	312
849	620
2345	620
696	620
190	620
3424	620
3784	620
892	620
1307	620
3291	620
2523	620
4278	620
769	620
1391	620
2064	2784
1369	2784
1385	1158
1382	2504
3595	2504
4293	2504
662	2504
4657	2504
4007	2504
3989	2504
2438	2504
3042	2504
4600	2504
1225	884
3767	1168
2183	1168
2466	1168
584	1168
3291	1168
522	1168
3817	2044
1121	80
3734	80
1258	80
4373	80
1610	49
3477	49
1293	49
3577	49
2424	159
86	2423
1029	3220
3573	3220
4011	225
4014	3111
2469	4101
1897	4101
1951	4101
2129	1436
541	1436
969	1230
4475	1154
2458	1154
2146	1154
3082	1154
1747	1154
2937	1154
3734	1154
3296	1154
4244	1154
4475	121
3779	121
2632	4
3296	4
3389	4351
2226	3840
4323	3767
3692	3767
4326	3767
4392	3767
3942	3767
1738	3767
1107	3767
3023	3767
4332	3767
2981	3767
2378	3767
1266	3767
1023	3767
4234	3767
3816	4142
233	4142
2530	2602
3502	2420
982	2420
1504	2420
2533	2420
949	2420
1868	2420
551	2420
958	2420
2051	2420
4552	2420
4386	1818
3581	1818
2653	1818
3650	1818
2541	1818
3581	4386
2653	4386
3137	3581
368	3015
458	3015
4326	3015
1844	3015
504	3015
1228	3015
3615	1127
1405	2935
2810	2935
9	1405
4536	1405
2064	3655
2466	3655
3784	3655
86	3655
1369	3655
881	3655
3083	2078
3023	2078
1496	2078
4475	368
2057	368
3648	368
3692	368
458	368
4070	368
4636	368
127	368
504	368
4332	368
3011	368
2833	368
1270	368
3692	1772
458	1772
504	1772
3573	1772
2203	1772
2963	669
4212	1385
2351	1385
2017	1385
1004	1385
3675	1385
114	1048
1400	1048
694	1048
1114	1048
2371	1048
482	1048
2895	1048
160	1048
1542	1048
1146	1048
1399	1048
2418	1048
2844	1048
2870	1048
3278	1048
1205	1048
3839	1048
4527	1048
1657	1048
3502	114
982	114
1889	1798
794	1798
3082	2917
2169	2917
2901	2917
3983	2917
3502	1469
4614	3251
3389	3251
4338	3251
426	3251
608	3251
205	1992
2271	2092
3456	2092
4086	2092
2861	1505
3742	1505
2351	4212
2017	4212
1004	4212
3675	4212
931	4212
3023	3685
661	3685
3452	3685
569	1007
933	1007
2846	2454
2956	2454
1863	2454
2124	2454
1952	2454
3253	2454
4595	2454
1806	2454
1081	2454
3128	3055
4269	3055
3692	3055
445	3055
1107	3055
3023	3055
4332	3055
795	3055
2879	3055
3766	3055
26	3055
1266	3055
3278	3055
4005	3112
1029	2338
2070	246
2999	246
1637	246
3889	246
3104	3529
4011	3529
4005	3529
2891	3529
2048	3529
3296	3529
3509	3609
570	3609
2668	3609
2632	3609
1033	2389
3734	2389
3876	2389
3573	2389
1155	2389
4497	2710
2140	4497
4121	2613
3734	4576
1302	1247
1502	484
860	245
2873	245
2363	245
4641	245
2375	245
1911	245
3022	245
3638	3589
2368	3589
3067	3589
2395	3589
110	3589
1796	3589
3212	3589
334	1400
3945	1400
3337	1400
2363	1400
1868	1400
2045	1400
4527	1400
2703	1400
3379	1961
4595	1961
3296	1961
1273	4315
1815	2211
1721	2211
3104	2211
896	2211
582	2211
2554	2211
1917	2211
935	2211
795	2211
3800	2211
4502	2211
3766	2211
3448	2211
478	2861
1089	2861
1399	3039
2822	3039
1205	3039
4136	1016
1293	334
1778	334
4081	334
1231	34
230	34
4297	34
1107	34
1737	34
3212	34
2366	18
230	18
4539	430
3648	430
1889	430
3817	430
3379	430
1326	430
16	430
2820	430
3291	430
3634	430
136	430
2648	430
2761	430
470	3516
4122	2185
122	2185
1382	2926
1863	1815
58	836
2229	836
3889	836
2090	2941
982	2941
2271	2941
1314	4167
1933	4167
3077	4167
738	4167
2366	3530
4025	179
3285	180
3285	4512
948	4512
4223	4512
1499	4512
1325	4512
1964	4512
4354	4512
4595	4512
1094	1225
982	2774
707	2774
1502	2774
205	2774
982	3502
2570	3502
2363	3502
707	3502
2901	3502
2533	3502
4499	3502
551	3502
1612	3502
2045	3502
2051	3502
2844	3502
4552	3502
2481	3934
2844	3934
2354	2251
3734	421
3787	421
1023	421
4297	3639
4595	3639
886	1223
3104	1223
1323	1223
584	1223
4611	1223
4017	1223
3296	1223
886	1721
3104	1721
3796	1721
522	1721
3104	886
3796	886
2334	886
4502	886
3796	3104
1222	3104
4312	3104
1882	3104
4502	3104
3184	3104
517	3104
1072	3104
1421	3104
1674	3104
1422	1610
2024	1610
4011	1610
3692	1610
27	1610
1286	1610
691	1610
859	1422
4352	1150
1325	1150
1964	1150
4354	1150
1878	1150
206	4125
3069	1176
2384	1176
3734	52
3379	1315
2466	1315
1366	1315
1397	1315
1621	1315
2753	1315
3080	1315
2345	4294
1577	4294
3661	4294
3742	4294
3773	4294
3116	4294
548	4294
1929	4294
3337	694
3371	1981
435	1981
3547	1981
122	3442
2963	2210
1314	1246
4646	1246
3077	1246
3379	2945
2947	3249
1094	3249
4595	1151
4646	1314
1428	1314
3077	1314
4475	1314
2064	1314
2302	1314
2612	1314
1738	1314
1546	1314
2746	1314
39	1314
877	1314
4276	1314
2719	1314
86	1314
3978	1314
4502	1314
2580	1314
13	1314
2018	1314
4234	1314
2198	702
1094	1235
3734	1235
435	1235
3766	1235
3953	1378
4298	1378
3734	1378
594	1378
1625	2085
696	2085
4611	2085
3389	2085
1337	2085
3389	1865
707	1119
3175	1119
3553	1119
4122	2410
2895	1919
2334	1933
2845	1933
3235	1933
2226	1933
258	1933
1916	1933
3397	1933
4475	4646
570	4646
206	4646
16	4646
1052	4646
3784	4646
3291	4646
2695	4646
1906	2851
982	2090
412	2090
1907	2090
3662	2090
537	1833
2570	982
1897	982
1889	982
2363	982
482	982
934	982
2890	982
1951	982
1504	982
2533	982
949	982
551	982
1542	982
17	982
1502	982
2045	982
2051	982
3915	982
4552	982
3427	2685
2070	2685
3023	4026
3389	438
3371	4366
2189	4366
4651	1679
1473	4172
1209	4172
691	4172
3077	1428
921	1428
1266	1428
1525	1428
3090	3077
1619	1789
475	1789
1821	1789
2749	1789
3958	2271
1751	2271
2895	2271
4338	2271
608	2271
1775	2271
2126	2271
3504	2304
1267	1388
986	4539
2166	1640
1308	1640
3456	1640
1185	1640
3577	1640
2765	1640
3876	1640
2375	1640
3640	1640
4449	1640
1023	1640
2735	1640
4234	1640
4297	4323
3239	2806
1886	3808
3977	3608
522	3608
2146	278
3734	764
1110	4165
2471	4165
3023	4165
1262	4165
3734	1493
3296	1493
1020	1652
4248	4057
4468	2481
3734	1134
532	462
3378	462
3101	462
3179	462
986	863
2668	863
3734	863
2814	863
3318	863
3296	863
532	533
3378	532
3101	532
632	532
522	532
2191	4051
2458	189
3650	189
1802	189
914	189
1917	3371
1240	3371
206	849
2195	1609
3961	1609
2766	1609
3547	1609
3961	2195
2766	2195
3547	2195
1556	2345
4665	2345
1403	2345
1121	2345
3734	1037
2846	4475
991	4475
1171	4475
4326	4475
1611	4475
4207	4475
1546	4475
2087	4475
127	4475
266	4475
2835	4475
3679	4475
2351	4475
2765	4475
661	4475
4665	4475
3800	4475
2016	4475
2675	4475
4278	4475
2609	4475
4196	4475
1171	4011
3619	4011
2956	4011
2354	4011
2146	4011
3656	4011
4350	4011
2854	4011
4284	4011
1952	4011
2226	4011
2378	4011
1509	4011
2422	4011
4269	3367
1898	3477
3977	3477
27	3477
3877	3477
623	3477
2659	3477
4071	3477
4047	3477
30	3559
4155	3559
1379	3559
4666	3559
2458	4269
4671	4269
2107	4269
2947	2846
3379	2846
1749	2846
4047	2846
861	2846
2736	2846
3078	4044
3379	4044
3577	4044
127	4044
3734	4044
3296	4044
4450	220
3734	220
3296	220
661	478
3297	860
218	860
4239	3961
2766	3961
504	82
3992	896
696	896
1508	896
3227	896
229	896
1270	896
3101	3923
3101	1590
4251	1234
4527	1234
3261	3833
507	3833
707	2014
2038	2014
1502	3353
2891	991
3148	991
110	991
3962	1171
206	1171
3148	1171
1033	1171
4061	1171
3556	1171
3661	3716
3734	1255
998	2950
4136	3619
4429	3619
1029	3619
1130	3619
98	4136
1583	4136
4611	4136
1033	4136
859	4136
3734	4136
2283	4136
540	1374
4595	1374
1279	2913
540	2913
1627	2913
3209	2913
540	1279
260	3047
4215	3047
435	3047
3456	2314
3439	2314
3235	2314
1898	1273
2610	1273
2632	1273
298	1273
1110	3161
1029	3161
3227	3161
3998	79
3723	2108
623	2108
1337	2108
3734	2108
3212	2108
1323	2549
3606	2549
3573	2549
1868	3453
458	2057
504	2057
504	3648
2166	3992
1440	3992
3577	3992
3960	3992
976	3992
3207	3992
540	1577
4671	3674
3635	3674
935	3674
2765	3674
86	3674
2375	3674
4657	3674
2366	4115
3456	3958
2363	3958
700	3958
1426	2946
2146	3728
2098	3728
3734	3728
514	3728
3082	966
2533	966
1293	2129
541	2129
869	2129
1369	2129
3582	2129
4611	4580
1482	1356
2353	4353
4649	4608
4017	3796
1731	3796
4502	3796
1813	3796
3424	2245
1325	2245
990	2245
540	4258
3008	4258
2124	631
3379	4415
1749	4415
1337	4415
3379	1473
4611	1473
1029	1473
2611	1473
843	1293
775	1293
27	1293
3379	1293
1749	1293
57	1293
859	1293
218	1293
2632	1293
1726	4634
3962	4634
1369	4634
4517	4634
4274	4634
1849	2064
2947	2064
22	2064
4231	2064
41	2064
3235	2064
2413	2064
3473	2064
2947	1849
3962	1849
707	3775
843	2206
4483	2206
1380	2206
3296	2206
1452	2206
1380	843
3379	843
3577	843
1029	843
3011	843
718	843
1121	843
3734	843
2572	843
1452	843
3662	843
4645	2947
2632	2947
4392	62
3082	62
3296	62
1888	62
2885	2697
2196	2840
375	1791
1824	1231
458	3692
1027	3692
504	3692
1653	3692
3813	3692
2833	3692
2375	3692
3986	3692
1270	3692
3212	3692
3698	3127
86	4645
1446	4645
458	3824
1027	3824
3723	3824
4611	3824
2189	3824
3212	3824
4636	458
504	458
4632	458
2833	458
1081	458
3198	458
2786	458
976	458
1270	458
2600	2003
3742	2003
1636	2653
1897	2570
2363	2570
3296	2570
1868	2570
551	2570
3675	2570
4527	2570
3379	1897
3452	1897
3197	2788
345	3645
3011	775
1504	2372
276	1110
30	4483
4155	4483
1379	4483
4666	4483
1079	4114
718	2495
3662	2495
3101	1530
3083	1530
1013	1530
3209	1530
2070	2062
3101	2884
2477	1380
345	1380
1029	1380
3175	4367
1692	4367
2668	1114
3389	3856
1307	1764
3734	1764
251	1764
2191	1764
3571	1434
86	1434
3573	1434
3207	1434
4409	1855
1323	2366
1020	2366
2458	2366
1784	2366
482	2366
2553	2366
3715	2366
3615	2366
1619	2366
4335	2366
3309	2366
1226	2366
2143	2366
2876	2366
3803	2366
734	2366
1020	1323
2458	1323
2140	1323
206	1323
3092	1323
628	1323
1902	1323
2337	1323
2458	1020
2070	1020
3092	1020
2914	1020
3893	2458
477	2458
1784	2458
3896	2458
900	2458
3493	2458
206	2458
2070	2458
4674	2458
1455	2458
3082	2458
1484	2458
3935	2458
4087	2458
1227	2458
1958	2458
1959	2458
2288	2458
2822	2458
1105	4326
206	4326
3389	4326
4434	4326
3889	3893
3773	2281
3413	2590
477	1184
1047	1889
3915	1889
4552	1889
1738	2166
2466	2166
3784	2166
2104	582
869	541
1369	541
4552	2694
1749	4565
1421	4565
2937	3378
2638	969
1800	969
1227	969
1095	969
2060	969
3734	969
559	969
573	969
576	969
1079	969
1272	969
1376	969
445	4005
2191	4005
206	600
1464	3841
1542	4531
562	3323
4601	3323
2022	3170
2307	3170
1749	4592
1033	2956
514	2956
3577	1611
59	276
4047	276
2782	3101
1784	3101
4546	3101
2882	3101
2488	3101
4604	3101
1606	3101
2035	3101
2060	3101
2966	3101
1083	3101
2611	3101
3691	3101
3979	3101
2586	3101
265	3101
2316	3101
2337	3101
2556	3101
2599	3101
2844	3101
2876	3101
2912	3101
2954	3101
2970	3101
2971	3101
3565	3101
3603	3101
3947	3101
4163	543
321	543
1578	543
4653	543
2928	543
661	543
3773	543
1964	543
3734	543
1071	543
4354	543
152	4163
598	4163
3318	4163
3657	4163
3883	4163
3379	321
1212	321
1173	321
152	321
1325	321
1964	321
4595	321
2051	1751
216	4633
913	3749
3606	2254
1369	2254
957	2254
3221	2254
4450	3804
260	3804
4352	2146
4188	2146
835	2146
2937	2146
2413	2146
2632	2146
2226	2146
3494	339
1222	4450
1023	4450
2735	4450
3956	1859
1898	1859
2610	1859
1850	1859
3734	1859
298	1859
3662	1859
696	4207
3465	4207
1586	4207
470	4207
3296	4207
2125	4207
926	4207
3451	4207
1027	2554
3443	2554
3212	2554
934	4192
1666	3756
2150	3756
1094	3756
3296	3756
2833	696
1804	696
2609	696
3173	3141
3993	3141
986	1488
2625	1488
3942	1488
1094	1488
1888	230
234	4429
1952	4429
2842	4429
3124	4429
1027	3656
3784	3656
1033	3656
2222	3656
1948	4671
3977	3465
3653	3465
234	3465
1307	1529
1027	243
86	243
1943	243
1906	4290
1868	176
4641	4359
3333	4359
3411	4359
2983	2617
2012	3976
2746	2612
900	2612
3832	2612
39	2612
877	2612
3390	2612
2580	2612
3235	1598
562	459
662	3509
3784	3509
1013	3509
1898	1722
1861	1722
1898	149
4409	1898
3479	1898
3460	1898
3456	1898
632	1898
4154	1898
4211	1898
3882	1898
2688	1898
2181	1898
2520	1898
2530	1898
984	4409
1928	2748
2301	3123
2301	816
861	4147
2301	3482
4595	3482
2301	3364
152	2056
2301	2320
1914	2320
1542	2371
1868	2782
2842	3818
86	2767
1943	2767
3653	3977
4272	3977
3315	3977
3489	3977
59	3977
1442	3977
2222	3977
2375	3977
662	1364
1592	662
2223	662
1932	323
4546	323
2766	323
2625	2963
1213	2963
3282	2963
2574	2963
2070	2963
4335	2963
922	2963
3379	986
2804	986
1532	986
3322	986
1749	986
632	986
1440	986
1665	986
4337	3030
4595	4396
3242	1673
3379	4156
2198	4156
1749	4156
936	1784
1731	1784
3152	1784
3282	260
2574	260
1379	260
3110	260
570	2625
3282	2625
3163	2625
4335	2625
3942	1027
3638	1027
570	1027
3023	1027
2053	1027
1029	1027
4665	1027
435	1027
2226	1027
1267	1027
3610	1027
4402	1027
1023	1027
27	1948
1699	1948
1878	1948
3444	27
2668	27
271	27
227	27
152	3427
1029	3427
4215	3427
1811	3427
2232	3427
3606	1556
3606	4465
861	4465
2841	4465
3606	3334
861	3334
2368	852
4595	4642
298	4642
3954	3618
4256	3618
2051	1965
1666	3272
3456	3272
4549	3272
524	3083
507	2983
1904	2983
3163	540
1442	540
598	540
3734	1628
3296	1628
3379	3650
3444	3650
3860	3650
3734	1666
4231	1726
1369	1726
2940	1726
1904	1726
504	4636
3638	4392
1308	4392
41	4392
1986	4392
1308	3896
570	3896
2424	3896
2070	3896
562	3896
1227	3896
3239	3896
1337	3942
3212	3942
1738	3723
1107	3723
1738	3638
1546	3638
1308	3638
3337	3638
1107	3638
4177	3638
2882	3638
795	3638
1986	3638
4234	3638
504	4262
4632	4262
795	1738
3734	1738
1986	1738
4635	1738
4234	1738
3379	4019
4584	2140
2909	2140
3011	2140
1878	2140
1023	2140
1325	4584
1878	4584
2909	303
689	303
921	303
202	3414
1442	3414
3606	3785
3843	3785
861	3785
1094	763
1986	1546
2098	1308
514	1308
1209	2301
3379	2301
2198	2301
1749	2301
3577	2301
850	2301
4496	3661
1532	1209
3389	1209
3734	1209
1204	1209
2161	1209
3577	4306
1749	3962
3784	3962
1369	3962
2940	3962
881	3962
2597	3962
2223	3962
3657	3962
2804	3379
2198	3379
57	3379
632	3379
2471	3379
1105	3379
4298	3379
3577	3379
3023	3379
4276	3379
4665	3379
1665	3379
4383	3379
2169	3379
271	3379
1121	3379
2630	3379
41	3379
1592	3379
3744	3379
3734	3379
2845	3379
2455	3379
248	3379
1015	3379
185	3379
277	3379
284	3379
391	3379
931	3379
2107	3379
3455	3379
2552	3379
2614	3379
2637	3379
3107	3379
3196	3379
3218	3379
3494	3379
4077	3379
3739	3379
3820	3379
3834	3379
3884	3379
4075	3379
4109	3379
4118	3379
4218	3379
4264	3379
4656	3379
4028	3379
1532	2610
1749	2610
632	2610
1540	2610
3860	2610
1749	2804
632	2804
3456	1532
1749	1532
632	1532
1799	1532
3577	1532
1540	1532
1509	1532
3439	3322
2363	3456
3439	3456
3577	3456
1496	3456
1592	3456
3296	3456
4007	3456
1542	3456
958	3456
3134	3456
3339	3456
632	1749
2471	1749
3577	1749
3444	1749
1592	1749
3734	1749
2845	1749
3010	1749
2614	1749
1537	57
3734	57
2471	632
814	632
2363	632
1540	632
446	632
1540	2471
3496	2471
152	1578
3611	1578
152	4653
3998	2096
1506	1491
612	1506
1180	2215
2827	3297
4648	3297
2034	3297
2820	3297
4648	2827
2034	2827
1591	2827
2034	4648
2060	1993
4110	2275
1632	2275
3261	2275
1540	2275
1479	2275
3452	2275
3450	2275
551	2275
1632	4110
1479	4110
3452	4110
1479	1632
3452	1632
4595	3261
2666	4231
1496	1142
900	2746
3832	2746
39	2746
877	2746
3390	2746
3734	2746
4155	1181
4595	3605
1951	452
1868	452
2051	452
1354	2368
3876	2368
4347	900
39	900
3390	900
1496	900
3209	900
4297	2167
711	2167
4000	2167
4347	1566
1844	2150
4347	2150
717	2150
3018	2150
1911	1736
345	1354
3577	1354
2663	1354
1812	345
3577	345
3152	345
3292	345
218	2909
110	1724
3212	1724
3734	814
3734	190
2842	1326
3436	1326
30	4055
226	4055
160	4055
3357	4055
3235	4055
435	4055
1584	4055
1397	4055
599	3515
4356	3515
791	3515
1939	2310
1015	2310
1868	3534
3517	3534
538	142
3423	142
3209	4154
3773	2465
2424	2925
1161	104
2045	104
3945	925
46	925
1761	925
3752	3945
46	3945
2231	3945
4087	3945
2706	3945
910	3752
2236	1850
3542	1850
921	1850
4320	1850
1761	46
1617	910
2424	4013
206	3493
1325	3493
2375	3493
39	3832
877	3832
3390	3832
2580	3832
59	473
1964	473
584	2666
206	3424
584	3424
957	3424
1121	2598
3734	725
4223	1440
1499	1440
1325	1440
4595	1440
4413	1440
2824	238
4347	1844
2363	3337
1307	3337
1029	3337
1130	3337
2533	3337
3680	3337
3742	4347
2523	4347
3611	4347
1391	4347
934	2363
2890	2363
707	2363
949	2363
218	2363
1868	2363
551	2363
2045	2363
2051	2363
4527	2363
2045	412
3011	98
2226	4641
2191	4641
2695	1105
2273	1105
1496	871
594	871
2384	4240
2719	4350
988	1464
206	1203
1029	1203
707	482
2844	482
707	934
3452	934
958	934
3734	1490
3734	3035
1619	3299
4249	3299
2600	3793
3606	3793
2472	234
3816	234
233	234
4121	234
1955	234
3023	1185
1286	1185
1270	1185
707	2890
2533	2890
2051	2890
4552	2890
1033	3635
470	3635
2351	3635
3791	3635
3663	3635
825	1617
707	1951
2901	1951
3452	1951
1868	1951
551	1951
17	1951
1399	1065
2719	4458
1212	4298
3577	4298
1863	4298
1029	4298
1435	4298
1587	4298
2931	4298
4605	1212
1863	1212
1173	1212
1455	1212
1952	1212
1058	1212
545	1212
1033	1212
4122	1212
1499	1212
2728	1212
3026	1212
636	4605
306	4605
4371	4605
86	2183
3389	2139
2051	1504
3991	1504
4073	1504
3734	1222
3296	1222
3571	570
2424	570
562	570
2919	570
2688	570
869	570
1379	570
3876	570
218	570
4620	570
3573	570
828	570
1296	570
1883	3571
30	2424
562	2424
2812	2424
859	2424
1379	2424
3978	2424
134	2424
922	909
3014	909
2070	3282
4666	3282
3110	3282
3773	2574
1379	2574
4666	2574
3110	2574
3734	30
3152	30
2070	206
2334	206
4155	206
1379	206
4666	206
2523	206
1001	206
637	206
562	2070
1227	2070
888	2070
3209	2070
4177	562
4155	562
1379	562
4666	562
1101	562
4431	562
4100	1905
3444	1905
3734	1905
3954	135
3444	3954
1339	3954
2161	3954
2906	4297
4595	4297
3450	4297
3734	581
1033	3577
4122	3577
4332	3577
1029	3577
2842	3577
2060	3577
1325	3577
3734	3577
3998	3577
4338	3577
3292	3577
1023	3577
2735	3577
1996	3443
4061	2891
1021	3742
4603	3742
3253	3742
120	3742
877	39
3390	39
2580	39
3784	127
584	127
4096	127
242	127
782	127
913	266
782	266
2466	1996
4248	3606
4335	3606
1959	2835
1337	1107
1986	1107
1878	1107
4674	3023
1369	3023
1593	504
4632	504
2833	504
3198	504
2786	504
976	504
1270	504
1780	504
3734	1883
2814	1883
4611	1511
3291	1511
2466	4674
3734	4674
3296	4674
3773	1439
3876	623
4047	623
522	623
3489	3315
2375	3315
1173	3489
2119	3489
1455	1173
1952	1173
1058	1173
545	1173
1033	1173
4122	1173
1499	1173
1915	1173
1325	1173
1619	1173
2222	1173
4413	1173
2226	1173
689	1173
965	1173
1403	2466
2632	2466
2375	2466
977	2466
2919	3784
1033	3784
1369	3784
1013	3784
2378	3784
2609	1586
2124	584
1033	584
1690	584
1403	584
2632	584
3969	1508
1804	1508
1955	892
3744	3668
1094	1583
791	3067
3843	3402
4103	3402
480	3402
2255	1519
4651	648
2785	648
3724	648
3296	4312
3008	202
4611	202
3163	202
3734	202
1878	202
3734	2457
3390	877
2580	877
3679	4188
2679	4188
3851	4188
4611	4188
4121	4188
3011	1454
3813	1454
906	1454
3518	59
545	59
1267	59
233	3816
1033	3816
444	3816
3473	233
3452	4239
4595	96
3163	3008
1442	3008
2906	833
3080	833
152	2928
3773	2928
2528	2928
3173	4651
1283	4651
2104	4651
4205	4651
126	4651
1448	4651
4656	107
3734	1102
3080	2906
2313	1917
3320	3444
3518	1914
899	4177
1121	4177
3679	2098
514	2098
828	2098
4284	2854
1499	2854
2820	4546
3734	4546
3406	539
646	539
1496	3390
2937	3390
248	3390
2530	1496
3603	1496
2995	935
699	3173
3175	4578
4138	152
3773	152
1964	152
1071	152
4354	152
848	2488
4284	2488
3679	2488
4611	2488
2530	2488
867	2488
258	2488
878	2488
3679	4284
4611	4284
2124	3917
2377	2124
2053	2124
3679	2124
1307	2124
1806	2124
1663	2124
1911	2377
3851	2280
4121	2280
4611	3679
4121	3679
3851	2679
2763	2679
4611	2679
660	2679
4673	2679
4121	2679
2763	3851
4611	3851
660	3851
4673	3851
4121	3851
4611	2763
660	2763
4121	2763
660	4611
4673	4611
4121	4611
1029	4611
2940	4611
2739	4611
1482	4611
1078	4611
3766	4611
4278	4611
1401	4611
4121	660
4121	4673
240	3843
598	3843
2175	3843
1058	1455
545	1455
1033	1455
4223	1455
4122	1455
1499	1455
1033	1952
1499	1952
636	1952
1033	1058
1325	1058
1423	1058
3184	1058
1442	4121
1258	3148
1516	3148
2008	3148
17	3082
4595	3666
3527	3666
1033	545
1423	545
4223	1033
4122	1033
1499	1033
4047	1033
1423	1033
3556	1033
4122	4223
1499	4223
718	4223
1423	4223
1325	4122
1325	1499
1423	1499
1804	1499
4000	711
2672	3281
1270	4332
3212	4332
936	4017
1731	4017
1731	936
4031	936
3194	936
4672	936
4087	936
3734	936
4031	1731
4087	1731
3734	1731
3734	4031
4248	1442
58	2530
3389	3541
1399	3541
1029	1307
3779	1307
699	1307
1433	1307
1706	1307
2756	1307
1637	1778
1540	4040
1811	4040
1029	470
251	470
1509	470
3813	1029
86	1029
3779	1029
4596	1029
1482	1029
2226	1029
2232	1029
251	1029
1509	1029
3063	1029
3657	1029
1943	1029
2175	598
3734	1597
4595	2000
859	3011
2017	2351
4173	2351
1004	2351
3496	2351
1023	2351
1337	1240
435	1240
3296	4488
4343	661
2879	661
929	661
958	661
1612	661
4219	661
4264	661
4047	2659
3475	2020
507	2020
3883	2020
3662	4276
3389	2334
1888	2334
3116	1302
71	1302
1637	2999
3346	2999
435	1637
4086	1109
859	3813
298	3813
2192	4665
859	4665
2895	4665
2016	4665
859	2192
2895	2192
298	906
1366	3800
3642	3225
1584	1366
1612	1366
3794	1366
1397	1366
3389	1403
899	1403
3734	1403
3296	1403
794	3179
2237	3179
4517	3179
1094	859
1286	859
1448	859
28	1665
3475	1665
2016	2895
825	1540
2955	3389
60	3389
4383	3389
2523	3389
2632	3389
2173	3389
2375	3389
1078	3389
4278	3389
2631	3389
4205	3389
2609	3389
2619	3389
60	2955
4383	2955
4383	60
2705	1826
2914	2169
58	2035
2580	2035
2060	2398
4376	2398
2099	2766
3547	2766
3773	4138
1071	4138
3611	4138
1706	160
227	420
2585	420
1973	4071
2230	4071
271	2668
3734	2668
3309	2668
185	2668
436	2668
525	2668
2189	2668
2307	2668
3965	2668
2943	271
3839	2188
3452	707
1868	707
705	707
958	707
2051	707
3278	707
2226	2934
3200	3935
1094	3773
3611	3773
1878	3773
1687	3773
1748	3773
3175	3445
3227	2820
899	2820
899	569
3868	569
1811	569
899	3227
2632	3227
3734	899
1367	899
3556	899
3663	3615
4087	3194
1888	4672
375	1770
861	86
1542	86
4510	86
1943	86
1943	3779
85	1104
743	1104
1447	1104
2329	1104
1379	1227
4666	1227
3110	1227
3732	1227
881	1369
2597	1369
2223	1369
3998	1369
4155	3092
1379	3092
4666	3092
3110	3092
4666	4155
1964	4155
3452	1973
2811	1973
17	2901
3680	3291
3734	1121
347	1121
3860	1121
524	1121
3110	1379
3209	1379
4603	4666
3734	4666
435	4666
3296	4666
1003	4666
3209	4666
630	636
1089	28
4354	1094
3611	1094
2226	1094
3409	1094
3423	1094
4595	4324
2299	1057
1584	1057
1612	1057
2528	1057
2753	1057
3845	3419
3590	3419
3734	3845
3296	3845
3590	3845
667	2842
2223	2842
2597	1002
2077	1002
3686	1002
3038	1002
3734	881
2223	881
2077	41
3686	41
435	41
3038	41
3686	2077
4595	2077
3038	2077
3038	3686
667	3124
522	3124
4244	2048
2977	2060
4640	2060
3657	3978
3107	4176
1015	1130
1542	4455
4023	1325
4595	1325
1878	1325
494	1325
4413	1325
2611	1325
913	1619
227	4023
4595	4023
3734	1337
1986	1337
1270	1337
120	3253
2017	227
375	1964
2283	1964
4084	1964
3734	2937
3296	2937
169	2937
734	1537
2161	1537
418	2966
2912	2966
2662	611
4596	611
1811	3734
1950	3734
2017	3734
1001	3734
3269	3734
1078	3734
717	3734
277	3734
517	3734
1210	3734
1674	3734
2434	3734
2467	3734
2585	3734
3037	3734
3134	3734
3152	3734
2619	3734
3547	3734
4596	2662
524	2814
2585	2814
4234	4596
3296	946
1270	946
3876	2879
4047	2222
4413	2222
4354	1071
3611	4354
3079	3611
3132	3611
2067	3475
682	3235
686	3235
970	3235
3278	3235
1746	2507
1868	2533
551	2533
1542	2533
507	2533
958	2533
2051	2533
2239	2533
4411	435
2758	435
521	435
2614	435
3657	435
4587	435
957	4047
2883	792
2226	418
4370	418
205	1479
981	108
1663	4595
3450	4595
1572	4595
2611	4595
4579	4595
605	4595
666	4595
806	4595
931	4595
1265	4595
1401	4595
1693	4595
1825	4595
1891	4595
1928	4595
2329	4595
3107	4595
3238	4595
3327	4595
3584	4595
4077	4595
4025	4595
4092	4595
4150	4595
4233	4595
4644	4595
1397	4595
1796	2237
861	4502
1871	3642
4251	861
3452	949
1868	949
2051	949
3915	949
4527	949
2580	58
2226	58
3573	2413
1502	3452
2045	3452
3553	3452
1878	3318
3512	3318
494	1878
3512	1878
2632	494
551	218
1502	218
3993	218
3296	2632
1950	3296
2375	3296
2572	3296
3860	3296
2631	3296
717	3296
277	3296
517	3296
524	3296
525	3296
1411	3296
2099	3296
2434	3296
2619	3296
2753	3296
4234	3296
4434	3787
2	264
3662	1663
4527	4499
3239	2223
2356	2375
4086	1572
3175	1572
259	4586
1535	1089
2758	1089
3358	1089
4337	1868
69	1868
1502	1868
1971	1868
4552	1868
2045	3691
2695	2395
3663	2395
3663	2695
4431	3998
2810	2780
120	628
3889	3257
3175	1001
375	3504
1091	375
2378	1078
3074	384
958	551
2045	551
2051	551
4552	551
4527	551
689	3320
2572	228
2609	1286
4496	1286
1397	1286
689	2226
4370	2226
2378	3573
813	3573
2378	1804
1525	1804
767	689
2585	170
1636	705
2038	705
2324	4338
1270	3198
1270	976
1516	1270
2609	1270
1524	1147
1741	1147
3657	1147
1542	3634
162	3634
4356	599
791	599
782	913
2604	3175
2631	268
1748	268
791	4356
3012	4657
3080	2758
4552	1542
281	1015
774	4061
213	1013
4511	2378
2239	17
3662	1852
1793	2255
3662	921
1502	69
1904	122
1335	236
398	279
3448	361
3401	480
4575	507
3906	507
3527	507
1956	548
2051	548
1023	588
3134	608
4552	608
2604	618
2622	656
1262	693
1358	825
2161	828
2434	829
2038	894
1120	931
2051	958
2189	977
4310	978
1524	1003
1262	1011
3005	1079
4527	1146
4025	1155
2609	1318
1397	1333
2749	1391
3155	1399
3870	1446
2051	1502
4527	1502
1612	1584
4394	1584
3821	1584
1397	1584
1621	1584
2753	1584
3663	1584
3794	1612
4394	1612
3821	1612
1397	1612
1621	1612
2753	1612
3663	1612
3080	1612
3496	1616
2849	1627
4157	1636
3423	1668
4233	1686
4371	1803
1943	1854
2131	1947
3853	1947
2051	2045
4552	2045
2126	2051
3553	2051
3915	2051
4552	2051
4527	2051
3791	2073
4552	3794
3821	3794
1397	3794
1621	3794
2753	3794
3663	3794
3080	3794
2844	2126
3423	2126
2968	2229
4552	2239
2690	2594
3099	2609
3657	2614
2870	2844
4552	2844
3436	2898
3099	2914
3076	2915
3278	2915
3662	2970
1943	3063
4552	3134
4569	3239
4656	3239
3906	3278
3662	3277
299	3327
1452	3451
3791	3590
4527	1205
4244	3748
4004	3889
4527	3915
4527	4552
3423	4150
4640	4219
1397	4510
1943	4510
3663	2753
2735	1023
