3699	398
3699	2635
137	937
2896	3125
2896	3389
2896	3780
1553	2511
358	652
358	3253
3399	3916
2526	2030
4209	2641
4209	4207
526	3607
526	4475
526	991
526	3674
526	3427
526	2183
526	4302
526	1130
526	2100
3878	4641
3863	2489
3863	4611
3863	1036
3863	3425
91	4611
91	3389
3115	1097
3115	4034
3115	4475
3115	276
3115	1347
3115	59
3115	3389
3115	3080
2718	4447
2994	2511
2994	206
2994	4651
2994	3780
2897	3175
4132	4612
4132	1580
4132	4450
4132	473
4132	4571
4132	3296
4132	274
4132	931
4132	3591
4132	4564
1822	3695
1822	206
1638	102
1638	4641
1638	4253
3974	1432
3974	49
3974	1466
3974	4012
3974	4382
3974	27
3974	4070
3974	859
3974	569
3974	25
3572	3041
3572	3643
3572	2715
3572	1110
3572	4611
3572	2047
3572	1401
1655	620
1655	1314
1655	2988
1655	3780
2524	3674
2524	206
2524	3113
1215	1380
1215	3412
889	4015
889	620
889	2294
889	696
889	2140
889	14
889	1349
889	584
889	4611
889	1954
889	1130
4045	3920
4045	562
2958	1530
2958	696
2958	3362
2958	3827
2958	3389
2958	2378
2958	2047
2174	1063
2174	3998
210	1817
210	2183
210	435
210	3257
210	3448
4307	1951
4494	1193
4494	2420
4494	1613
4494	2039
4494	2185
4494	3502
4494	482
4494	2292
4494	4533
4494	4678
4494	1144
4494	2051
4494	313
4494	4527
4080	3690
1478	2837
1478	2978
1841	2584
337	2566
337	2913
337	1800
337	1033
1172	911
1172	4359
1172	2001
4625	66
4625	1549
354	3875
354	2511
354	1518
450	2511
1136	3108
546	2973
546	817
546	2952
546	2584
546	2071
546	1441
2973	817
2973	2952
2973	2584
2973	2071
2973	1441
2973	4011
817	2952
817	2071
817	1441
2952	2584
2952	2071
2952	3312
2952	3724
2671	4523
2671	1909
2671	1618
2671	230
2671	4540
2671	101
111	3955
111	2483
1869	406
1869	2078
1869	4112
4523	1975
4523	3692
4523	4645
4523	3824
4523	4392
4523	345
4523	3921
4523	3139
4523	2572
4523	162
406	4335
406	175
3955	2483
3955	1452
95	1150
2483	2511
4675	1414
4675	488
4675	2051
2868	3417
2575	3880
2575	356
2575	3427
3880	356
3880	2030
356	3427
356	3299
356	1221
356	3061
356	3621
1940	1864
1940	230
1940	1948
499	429
499	3212
3866	544
3866	2533
649	2090
649	4611
649	739
1944	1567
1944	3780
1260	3039
3377	862
3377	3378
3377	1221
3377	885
862	553
862	3378
1018	529
3607	1852
3607	921
4360	1602
4360	1853
824	2278
824	7
824	1058
824	1499
824	922
824	3425
1053	562
1615	1712
2049	326
2049	3455
2335	1385
2335	1640
2335	172
2335	897
2335	896
2335	540
2335	2017
4139	540
4679	3592
2362	172
2362	2551
2362	2292
2362	3488
2362	3438
3599	534
3599	2511
3599	3791
1732	2658
2606	744
2606	2805
2606	3404
2996	3108
2996	1351
4669	1600
4669	2041
4669	1863
3208	1600
3208	2805
3208	770
3208	2566
3208	3767
3208	246
3208	3104
3208	1640
3208	1279
3208	3728
3208	2254
3208	4207
3208	1898
3208	1948
3208	3650
3208	2318
3208	2363
3208	30
3208	4651
3208	3660
3208	2098
3208	4414
3208	3357
3208	164
3208	435
3208	3296
3208	921
3208	388
3208	460
3208	2865
3208	4380
3208	4443
1432	3778
1432	3900
1432	1607
1432	2945
1432	2551
1432	1338
1432	161
1432	2020
1432	4522
1432	3046
1432	460
1432	3292
3855	2030
2407	3108
2407	157
2407	2030
3108	157
3108	2205
3108	2315
3108	3040
3108	2194
3108	3522
3108	2566
3108	572
3108	2041
3108	2945
3108	3336
3108	2304
3108	1807
3108	2123
3108	3600
3108	2646
3108	2353
3108	1020
3108	321
3108	658
3108	3456
3108	1799
3108	2666
3108	4143
3108	2274
3108	2199
3108	2153
3108	1499
3108	2171
3108	1665
3108	1719
3108	1121
3108	4666
3108	4414
3108	3274
3108	2222
3108	3642
3108	739
3108	2521
3108	3250
3108	74
3108	723
3108	970
3108	1079
3108	1429
3108	1498
3108	1752
3108	1779
3108	2040
3108	2050
3108	2051
3108	3794
3108	2135
3108	2233
3108	3455
3108	2269
3108	2437
3108	2467
3108	2552
3108	2637
3108	3242
3108	3413
3108	3446
3108	3448
3108	3838
3108	3919
3108	3948
3108	4273
542	157
157	4548
157	4381
157	950
157	2578
157	1
4548	1241
4381	4475
4381	1286
4381	3556
950	2578
4621	4612
2205	1567
1840	2935
1840	2582
217	766
217	148
217	2438
2818	3222
2818	624
2818	2918
2818	1842
2818	1645
2106	2557
2106	206
2557	2060
2557	1221
2287	3609
2287	3077
2287	4011
2287	3427
2287	4152
2287	1689
2287	642
1005	2511
3195	593
3195	3780
593	1314
2295	4304
951	553
951	504
1885	569
3900	2955
3900	1194
2509	1767
2509	553
2509	1049
2315	2146
2315	3742
2315	3296
2315	3175
2315	1709
2315	3662
4487	4090
4487	504
4487	1270
2317	3125
1451	548
3717	3125
3717	832
3717	1012
2235	3129
2235	3427
2235	4127
2235	2630
2235	3235
2235	2838
1297	2511
1297	4304
1297	1300
1297	3328
2933	2030
2933	3534
2933	3567
2933	4488
2933	3813
2933	3086
2933	4665
2933	2192
2933	906
2933	1567
2933	2171
2933	2895
2933	2237
596	3962
596	1369
2887	390
2887	652
2887	2035
2887	4427
2887	58
2887	2580
721	476
4574	3437
4655	2030
4655	2569
4655	1601
4655	1300
1386	488
917	2481
1808	4046
1808	4064
4046	3077
4046	2281
4046	691
1596	3354
1596	1625
1596	2888
4088	504
1384	1314
2640	2199
2640	4394
1870	3223
1870	3041
1870	1834
1870	3006
1870	2108
1870	2511
1870	2773
1870	3635
1870	935
1870	657
1870	616
1870	2680
1870	1033
1870	226
1870	4665
1870	113
1870	1957
1870	3511
422	4618
422	2511
422	2098
422	2188
422	1270
3129	2842
4254	4056
4254	3824
4254	4571
4254	1847
4254	4064
4254	1535
4254	3782
4254	2532
4254	3908
3159	185
3050	2390
3050	275
3050	4647
3050	3437
1336	2030
2030	2569
2030	4404
2030	1436
2030	1629
2030	3251
2030	2510
2030	3336
2030	1475
2030	2402
2030	1380
2030	2256
2030	3427
2030	3650
2030	2363
2030	2145
2030	4240
2030	1490
2030	647
2030	3312
2030	2424
2030	1135
2030	1486
2030	1832
2030	2306
2030	2955
2030	1054
2030	4414
2030	4365
2030	3929
2030	551
2030	2232
2030	1542
2030	1631
2030	53
2030	656
2030	762
2030	970
2030	1373
2030	1743
2030	2869
2030	2960
2030	3532
2030	3662
2030	4073
2030	2703
3321	323
3321	618
3805	3041
2537	2064
1241	991
1193	2052
1193	3539
1193	2420
1193	114
1193	7
1193	3685
1193	488
1193	1400
1193	4010
1193	4379
1193	2275
1193	452
1193	2363
1193	482
1193	2687
1193	2533
1193	4499
1193	66
1193	1502
1193	1925
1193	2051
1193	4157
2569	2137
2569	1262
2137	409
2137	329
2137	438
2137	306
2137	241
2137	455
4404	1764
4404	3519
4404	3296
4404	1373
3223	2454
3223	4475
3223	1666
3223	4651
3223	3389
3223	3780
3223	2047
4130	119
4130	1080
4130	2325
3554	4064
4457	4015
4457	606
4457	4465
4457	3334
4457	1063
4457	3785
4457	1349
4457	3284
4457	3092
4457	3437
4457	1211
1767	3417
1767	4336
1767	3823
1767	1800
3714	1168
3714	178
3714	1190
3714	2171
3714	4036
3714	3598
3714	946
3714	2209
3714	3573
3714	2253
2221	1551
2221	1607
2221	2355
2221	3832
2221	786
2221	1567
2221	2955
2221	2833
2221	3384
2221	326
2221	1270
2221	4205
2282	1551
2282	1607
2282	786
2282	1349
2282	2833
2282	326
2282	1270
2282	4205
2282	3425
2489	1551
2489	1607
2489	3832
2489	2833
2489	326
2489	2642
2489	3425
2360	3368
2278	4122
3040	1223
3040	3680
63	1729
63	3296
63	685
2584	2071
2584	1441
36	3823
1551	4618
1551	2644
1551	1528
1551	2294
1551	2281
1551	814
2071	1441
2071	4618
2071	4414
2071	1337
2071	922
2071	388
1441	2511
4221	3733
4015	620
4015	2726
4015	1640
4015	106
4015	577
4015	3703
4015	606
4015	3793
4015	3173
4015	1921
4015	3389
4015	3437
4015	2444
4015	3296
4015	83
4015	558
4015	825
4015	3212
4015	3663
857	2463
857	2674
857	4047
529	4011
529	2140
529	4584
529	1567
529	1071
529	4354
529	3258
529	1878
529	2378
3125	849
3125	2644
3125	1300
3125	3073
2953	1275
2953	1170
2953	3843
2953	3916
330	1170
1370	645
1370	4011
1370	2934
645	553
645	4090
645	2951
645	2510
645	4011
645	3170
645	2146
645	2979
645	3635
645	1190
645	544
645	835
645	2934
645	4522
645	3309
645	398
645	3158
645	939
645	1650
4547	839
1607	4289
1607	3427
1607	647
1607	2632
1607	3175
1607	162
1607	3068
1607	1957
1607	1023
1607	3328
553	770
553	668
553	1168
553	3140
553	1578
553	2979
553	2596
553	4488
553	1567
553	4047
553	2226
553	3891
3064	3104
3064	4374
3064	3296
1562	3354
1562	34
1562	550
1562	345
1562	652
1251	4376
953	2962
953	1314
953	2612
953	2746
953	3832
953	39
953	1782
953	877
953	3390
953	652
953	2580
2962	1314
2962	2612
2962	2746
2962	3832
2962	39
2962	1782
2962	877
2962	3390
2962	652
2962	2580
2962	613
1618	2024
1618	971
1340	2138
1340	4074
1340	4058
1340	4269
1340	366
918	2194
1224	3039
1224	3502
1224	4379
1224	3456
1224	4533
1224	949
1224	1144
1224	958
1224	1925
1224	2051
193	2039
2052	4266
2052	2420
2052	488
2052	452
2052	2666
2052	2363
2052	3861
2052	2687
2052	2533
2052	949
2052	1868
1975	2138
1975	4090
1975	4034
1975	2700
1975	3767
1975	1314
1975	1640
1975	3692
1975	876
1975	4187
1975	4262
1975	2803
1975	1986
1975	3416
1975	4234
3486	3354
3486	2529
4289	1207
4289	1396
1191	3962
1191	1270
2138	4074
2138	4058
2138	4351
2138	3302
2138	3560
2138	172
2138	3467
2138	897
2138	3692
2138	3824
2138	2554
2138	816
2138	2875
2138	4392
2138	3942
2138	1738
2138	3299
2138	3793
2138	2200
2138	3843
2138	692
2138	3197
2138	3916
2138	1337
2138	1747
2138	1986
2138	2326
2138	1542
2138	4204
2138	4403
2138	1023
4074	4058
4074	4475
4074	1530
4074	1738
4074	2200
4074	692
4074	3916
4074	1337
4074	1747
4074	2326
4074	239
4058	4257
4058	3467
4058	4392
4058	1738
4058	3843
4058	1221
4058	2326
4058	2637
4058	1877
2978	3444
275	1742
275	4618
275	663
275	3036
275	3487
275	4090
275	789
275	2934
275	66
1742	4414
4618	3695
4618	2779
4618	2226
4618	1959
663	1300
663	4414
2964	30
2964	3284
2964	4603
2964	388
2964	2642
3487	4358
3487	1097
3487	2389
3487	2510
3487	2511
3487	3424
3487	4347
3487	2226
37	2389
37	2281
37	2842
37	3641
3354	1510
3354	2389
3354	1314
3354	276
3354	14
3354	570
3354	206
3354	1347
3354	3389
3354	2241
3354	283
3354	1878
3354	3296
3354	113
3354	1270
3354	926
3354	3425
2716	4645
2716	1518
1630	3622
1630	2895
3622	2416
3622	2895
3622	2223
3622	901
3885	3337
3885	3046
3885	3175
119	4475
119	4674
119	1567
119	3389
119	3227
119	4571
119	3296
119	988
119	2642
3912	3337
3912	2438
3912	2834
1414	512
1414	4101
1414	516
1414	488
1414	1810
1414	1300
1414	2901
1414	958
1414	2316
1414	4083
732	1365
2831	2511
2194	66
4257	922
3041	2454
3041	2270
3041	2610
3041	3877
3041	3843
3041	1033
3041	1567
3041	1954
3041	1130
3041	1001
3041	1036
3041	825
3041	4198
2463	2846
2463	3843
3873	2504
3873	2180
3873	2305
3873	3732
3690	1613
3690	2039
3690	7
3690	2026
3690	3685
3690	1234
4107	323
1809	3662
1834	3472
1834	744
1834	4024
1834	3220
1834	1154
1834	2024
1834	4305
1834	4011
1834	1110
1834	4145
1834	4166
1834	3334
1834	3335
1834	4105
1834	1799
1834	2992
1834	2428
1834	2600
1834	4276
1834	3740
1834	1592
1834	1221
1834	4411
1834	3250
1834	357
1834	806
1834	901
1834	1204
1834	2486
1834	2161
1641	859
1641	3773
2603	4336
3769	3931
3769	1814
3769	2268
523	3104
523	1068
523	4392
523	4105
523	4240
523	709
523	3315
523	1597
523	1369
523	2060
523	2751
523	608
523	3328
4472	4054
868	657
868	711
868	2786
4336	442
4336	1800
4630	4090
4630	3489
845	548
4460	3843
4460	598
4460	3916
4460	1032
2674	421
2674	3692
2674	1063
2674	3197
409	2015
4623	3614
4623	1567
3199	3758
3199	551
3539	4379
3539	2890
3539	1526
3539	4062
3539	66
3539	1542
3539	1144
3539	1925
3812	570
1098	2511
1881	30
1881	1690
1881	2642
3781	2146
417	1262
1483	3850
1483	1221
1483	2125
4056	3267
4056	3086
4056	455
4056	695
1061	1380
1061	345
11	2511
11	206
11	3421
4078	3965
744	2805
744	2566
744	1510
744	1496
744	881
2805	881
2805	1001
2805	277
2558	4536
2258	3829
2258	2491
3829	4064
3829	2491
4612	4191
1729	657
1729	1033
1729	4122
1729	1567
1729	4354
1729	685
1729	2614
770	4167
4410	102
4063	3533
4063	185
4063	547
4169	1380
4169	1579
4024	668
4024	1154
4024	4475
4024	2366
4024	102
4024	3222
4024	1020
4024	3703
4024	1598
4024	239
1320	1496
1320	2226
1320	2552
1320	3910
2607	519
2607	3425
329	1518
668	1154
668	2366
668	102
668	3703
668	1598
668	1799
668	4611
668	1567
668	859
668	3175
668	3425
2629	550
2629	1567
4090	3302
4090	139
4090	3692
4090	3824
4090	2704
4090	1170
4090	2075
4090	3942
4090	1540
4090	1954
4090	1986
4090	963
4090	2358
4090	2378
4090	162
2566	1234
2566	1279
2566	2511
2566	1181
2566	640
2566	1289
2566	4064
2566	1211
2566	1656
2566	325
2566	381
2566	670
2566	1196
2566	1199
4358	1097
4358	92
4358	2005
4358	3296
4358	1452
1097	92
1097	1962
1097	2005
4529	3747
2975	504
2975	3046
2975	2326
2975	1270
3931	4017
3931	1814
1039	2783
1197	2646
1197	4651
1342	1613
4034	897
4034	1530
4034	1738
4034	1546
4034	2803
4034	1573
4034	4403
4034	4234
2825	4475
2825	2361
2825	4105
2825	2378
2734	4540
2734	4284
2734	4121
2734	128
1275	598
2343	2075
4659	396
4659	3793
4659	1271
4659	3425
396	3560
396	2511
396	3793
396	3012
4667	4244
2796	3573
24	4431
3550	1058
3550	4122
3550	2226
3550	689
4545	4392
4545	1738
4545	1366
1495	652
620	849
620	696
620	190
620	3424
620	1349
620	2523
620	2047
620	769
620	1391
620	2642
620	3511
1510	4479
1510	4153
1510	1135
1510	2680
1510	292
1510	1183
1510	1242
1510	1489
2784	2064
2784	1369
2504	1382
2504	4293
2504	662
2504	4657
2504	4007
2504	2438
2504	3042
2726	1567
2700	3767
2700	2803
2700	1986
1168	3767
1168	14
1168	2183
1168	584
1168	3425
49	1610
49	1293
1918	4011
1918	3692
1918	3312
1918	127
1918	1347
1918	4611
1918	1455
1918	657
1918	616
1918	2680
1918	283
3220	3573
309	3104
309	4374
309	1518
309	3296
4101	2469
4101	1951
3228	549
1436	2129
1436	541
1436	3403
1629	2511
1154	2551
1154	4475
1154	102
1154	2146
1154	1290
1154	133
1154	1747
1154	2937
1154	3296
1154	4244
121	4475
4	2632
4	3296
4351	3389
4351	2642
3840	2226
757	996
757	1898
757	3479
757	987
757	761
757	2530
3767	4357
3767	4323
3767	2511
3767	3692
3767	876
3767	4392
3767	3942
3767	550
3767	1738
3767	1723
3767	2803
3767	2378
3767	1023
3767	4234
4357	2478
4142	3816
2420	2026
2420	488
2420	3502
2420	4379
2420	2148
2420	2687
2420	2533
2420	949
2420	1868
2420	551
2420	958
2420	2051
2420	4552
1818	4386
1818	4398
1818	3581
1818	2089
1818	2653
1818	3650
1818	2541
4386	4398
4386	3581
4386	2089
4386	2653
4398	3581
4398	2089
3581	2089
3581	3137
1127	443
1127	2511
1127	3615
1613	2039
1613	56
1613	7
1613	2026
1613	488
1613	3502
1613	722
1613	2363
1613	657
1613	4488
1613	3034
1613	4665
1613	2192
1613	692
1613	2687
1613	2533
1613	949
1613	551
1613	705
1613	810
1613	1502
1613	2051
2935	2810
3655	2064
3655	1369
3655	881
3655	1221
1864	3881
2078	4012
2078	1496
2078	2179
669	2963
3032	164
1385	2017
1385	1004
1385	3675
2039	488
114	3502
3065	3994
3065	2556
1798	794
1798	3826
2397	206
2397	3780
2951	1567
1469	3502
3251	3389
3251	426
3251	608
56	7
56	2511
7	2026
7	4379
7	3560
7	1293
7	580
7	2363
7	1951
7	795
7	1144
7	2051
7	313
7	4527
2026	488
2026	534
2026	1868
516	1080
3685	4379
3685	661
3685	66
1007	569
1007	933
1733	1789
1733	814
2454	2846
2454	1863
2454	2124
2454	652
2454	3253
2454	1806
2454	1081
2454	1957
3055	3128
3055	4269
3055	3692
3055	1614
3055	876
3055	2803
3055	795
3055	2582
3055	2879
3055	2358
3055	26
3055	3278
3112	4005
4052	2511
4052	3465
4052	3977
246	1637
246	3889
3609	3695
3609	3509
3609	570
3609	2632
673	3034
673	3046
2389	102
2389	1033
2389	3573
2389	1155
3382	3104
3382	2410
3382	2511
3369	1219
3369	3058
2710	4497
4497	2140
3178	3336
3178	4450
3178	3296
3551	1806
3551	519
488	3502
488	4010
488	4379
488	1810
488	2014
488	2435
488	580
488	2829
488	1080
488	1506
488	2363
488	2890
488	4533
488	2257
488	949
488	1868
488	551
488	1144
488	958
488	1925
488	2051
488	313
488	4527
245	2873
245	2363
245	4641
245	3922
245	175
245	1911
245	2699
3589	1264
3589	2395
3589	3046
3589	110
3589	1796
3589	3058
3589	3212
1400	4379
1400	3337
1400	2363
1400	1868
1400	1925
1400	313
1400	4527
1400	2703
4606	863
4606	897
4606	1121
2163	2511
2163	2361
4315	1273
3643	3378
3643	3916
904	1036
3695	1315
3695	863
3695	1244
3695	4269
3695	2227
3695	3493
3695	3389
3695	2523
3695	1087
3695	2173
3695	3584
3302	1314
3302	4475
3039	3384
3039	66
3039	2822
3039	1205
2741	1119
4316	1601
1016	1579
2920	1383
1383	3389
1383	691
1383	3556
1972	2511
1322	1080
1322	2274
1322	958
34	1319
34	230
34	550
34	2241
34	1737
34	3425
34	3061
34	3212
3850	4133
2041	2060
3516	470
92	1598
92	1264
92	1583
92	807
92	667
92	1507
2185	442
2185	4122
1979	212
2926	1382
2926	2511
4167	200
4167	1314
4167	3077
4167	2145
3530	2366
3949	4512
3949	4163
3949	4012
3949	321
3949	986
3949	152
3949	652
3949	3773
3949	1221
3949	1739
3949	374
3949	520
4512	3285
4512	4295
4512	1499
4512	1325
4512	1221
4512	1739
4512	374
4512	4354
178	1567
178	1954
178	4571
178	3425
2774	1502
3502	4379
3502	2570
3502	2363
3502	2901
3502	2687
3502	2533
3502	4499
3502	551
3502	2051
3502	4552
4010	4106
4010	722
4010	482
4010	3635
4010	3548
4010	4533
4010	2257
4010	3929
4010	2051
4010	313
1382	2491
2251	2354
421	3787
421	1023
1223	4224
1223	886
1223	3104
1223	102
1223	584
1223	3827
1223	4611
1223	4017
1223	2444
1223	3296
1223	2642
2367	1409
4224	886
4224	3104
4224	4374
4224	3315
4224	2444
886	3104
886	2444
3104	1601
3104	2208
3104	4374
3104	1222
3104	4414
3104	1183
3104	517
3104	1072
3104	1674
3104	2421
1610	2024
1610	4011
1610	3692
1610	3837
1610	4382
1610	2308
1610	27
1610	1347
1610	1286
1610	691
937	4662
937	206
937	3198
937	3751
1150	4352
1150	616
1150	1325
1150	1221
1150	4354
1150	1878
1150	326
1176	3069
4308	2366
1315	1366
1315	1621
1315	2753
1315	3080
4294	3661
4294	3742
4294	3773
4294	885
4294	548
2469	66
694	3337
694	66
442	3442
442	991
442	685
442	2122
442	1634
3314	3038
2210	2963
200	1246
200	1314
200	807
1246	1314
1246	3077
846	2511
846	1796
3249	2947
534	2410
534	4533
1314	1428
1314	3077
1314	4475
1314	2064
1314	2612
1314	1738
1314	1546
1314	2746
1314	2979
1314	39
1314	877
1314	4276
1314	2719
1314	3978
1314	2444
1314	2580
1314	4168
1314	1418
1314	2018
1314	4203
1314	4234
1292	1902
1235	1601
1235	1300
1235	435
1235	2491
1304	2057
1304	2294
1304	3813
1304	906
1304	1567
1378	3953
1378	1518
1865	3389
1119	3175
1119	3553
2410	4122
1219	4305
1219	1555
1219	4350
4305	1555
1555	696
2090	4379
2090	412
2090	2178
2090	3662
4379	3775
4379	2570
4379	2319
4379	2275
4379	2363
4379	661
4379	2901
4379	2687
4379	2533
4379	949
4379	1868
4379	1542
4379	1144
4379	1411
4379	1502
4379	1925
4379	2051
4379	3915
4379	4552
4379	313
4379	4527
2685	3427
2588	1408
1128	1640
2510	4011
2510	2979
2510	3635
2510	2226
2510	402
262	206
262	3780
262	3212
438	3389
4366	1371
4366	2189
4366	2393
1679	4651
4172	4160
4172	2498
4172	1209
4172	3519
4172	691
1428	3077
1428	4064
1428	921
1428	1525
3077	2145
3336	1789
3336	4019
3336	2749
1789	1821
1789	2749
1601	278
1601	390
1601	62
1601	4333
1601	2204
1601	4463
1601	4440
1601	1337
1601	4279
1601	2378
1601	5
1601	1852
1601	921
1601	723
1601	2080
1601	2156
1601	4277
3102	4011
3102	4451
3481	4641
3481	470
2304	1043
2304	3504
1388	1267
4539	986
3075	440
3075	3641
1640	97
1640	4295
1640	2779
1640	3456
1640	1185
1640	2153
1640	4064
1640	1773
1640	4449
1640	1023
1640	4234
97	4295
97	1900
97	685
2652	4295
4295	1847
4295	4064
3560	2646
3560	1738
3560	2803
3560	1986
3560	3296
3560	3212
4323	2843
4323	390
3608	3977
3608	1900
278	2146
106	230
106	3334
106	3437
106	1425
4165	1110
4165	2471
4165	647
4165	1753
4165	1982
4165	1262
1493	3296
549	2511
549	2366
549	3222
549	562
549	1121
549	2879
4518	4023
4518	227
1807	2511
1807	400
1807	3832
4417	1319
172	897
172	896
172	4479
172	2646
172	1319
172	696
172	3227
2843	390
1810	4488
1810	2533
1810	1925
1810	3097
2551	3827
2481	4468
3233	3033
3233	4641
3233	3362
3233	3997
462	532
462	2511
462	3378
462	2005
863	986
863	355
863	2120
863	3258
863	3296
863	25
532	3378
3031	2511
849	206
1244	1232
1244	584
1244	3444
1244	3538
1244	2255
1609	2195
1609	3961
1609	247
1609	487
2195	3961
2195	3703
2195	247
2195	487
1195	4374
1195	4405
1195	3296
3033	3665
4475	2846
4475	991
4475	4207
4475	3810
4475	1546
4475	2087
4475	1723
4475	127
4475	2835
4475	3747
4475	3311
4475	661
4475	4665
4475	750
4475	3013
4475	2675
4475	4196
4011	2354
4011	2146
4011	4350
4011	4284
4011	2306
4011	1567
4011	2226
4011	2378
4011	1509
4011	2109
4011	2422
3367	4269
4269	3284
4269	247
4269	2107
2644	273
2644	3692
273	662
273	206
273	1274
390	1455
390	616
390	1058
390	1033
390	4122
390	1499
2846	2947
2846	4047
2846	861
2846	3641
2846	2736
4044	3312
4044	127
4044	3296
220	4450
220	3296
1139	2511
1139	3352
3961	4239
3961	247
3961	487
897	896
897	3824
897	2779
897	1738
897	3390
897	4673
897	4121
897	3227
897	1221
897	3437
897	3046
82	504
82	3916
896	2646
896	696
896	3827
896	2164
896	3227
896	407
896	229
896	1270
3923	2779
1234	1518
1234	1300
1234	4251
1234	4527
3833	3261
2014	2829
2014	2038
3353	1502
2015	1099
991	3837
991	3984
991	4062
991	110
2715	2572
3483	4073
1374	540
3753	2511
2913	1279
2913	540
1279	540
2089	2653
2314	3456
2314	3439
2314	3235
139	206
139	4611
139	3780
139	2888
1273	1898
1273	4374
1273	2610
1273	2632
1273	298
3426	584
3426	3425
3161	1110
3161	3227
3161	1954
3161	2047
2108	1319
2108	1337
2108	3212
2355	2511
497	575
497	3810
2057	504
3674	3635
3674	935
3674	1289
3674	4348
3674	4657
4115	2366
3958	3456
3958	2363
2946	1426
1426	366
1426	3916
2006	3162
3728	2146
3728	2098
3728	1856
4479	292
280	3668
280	3444
2129	1293
2129	541
2129	869
2129	1369
2129	3582
4580	4611
4353	2353
366	1565
366	4382
366	540
366	4611
366	1442
366	3916
1565	540
1565	264
631	2124
4628	1747
3140	1221
4654	4108
3764	3663
2511	1791
2511	2062
2511	1068
2511	4531
2511	2902
2511	2673
2511	4566
2511	928
2511	4489
2511	4127
2511	3337
2511	964
2511	1951
2511	4662
2511	2656
2511	4228
2511	2919
2511	1404
2511	2882
2511	1593
2511	848
2511	2679
2511	597
2511	657
2511	4121
2511	3882
2511	2306
2511	3538
2511	1217
2511	1690
2511	2171
2511	3256
2511	60
2511	3615
2511	4037
2511	1227
2511	1121
2511	2077
2511	289
2511	4391
2511	2943
2511	4348
2511	3258
2511	1771
2511	216
2511	1980
2511	3132
2511	1631
2511	54
2511	1852
2511	67
2511	148
2511	175
2511	222
2511	307
2511	447
2511	460
2511	524
2511	573
2511	931
2511	1067
2511	1093
2511	1132
2511	1149
2511	1196
2511	1497
2511	1517
2511	1616
2511	1626
2511	1670
2511	1685
2511	1916
2511	2184
2511	2356
2511	2421
2511	2468
2511	2654
2511	2690
2511	2850
2511	2912
2511	2954
2511	3097
2511	3134
2511	3180
2511	3188
2511	3395
2511	3478
2511	3532
2511	3662
2511	3701
2511	3720
2511	3724
2511	3797
2511	3811
2511	3891
2511	3910
2511	4119
2511	4311
2511	4388
2511	4443
2511	4536
2511	4569
2511	4615
2511	4626
2511	4638
2511	2161
2511	3777
1293	27
1293	57
1293	859
1293	283
1293	2632
1293	3250
1293	3828
454	3740
454	1489
454	3451
2064	1849
2064	2947
2064	3235
2064	4064
2064	10
1849	2947
1849	3962
2347	3021
821	3617
2947	4645
2947	1300
2947	1954
2947	2632
62	4392
62	164
62	3296
4439	4414
2697	2486
2697	2885
2088	2719
2088	2491
3146	30
3692	504
3692	1653
3692	3813
3692	2833
3692	2326
3692	1270
3692	3212
3127	3698
4645	657
4645	1446
3824	4611
3824	2189
3824	3212
2653	1636
4106	2363
2570	2363
2570	3296
2570	1868
2570	551
2570	1144
2570	3675
2570	4527
2646	3296
2646	1394
2788	3197
2319	1300
4160	1262
1110	276
3837	2100
3672	2711
4114	1079
2624	696
2624	1033
2624	1954
2062	3519
2711	1712
1380	2477
1380	345
4367	3175
1764	251
1764	1698
4140	1347
4140	3425
1539	230
1539	2075
1539	386
1539	1856
2366	102
2366	3222
2366	1020
2366	3703
2366	4145
2366	3407
2366	2148
2366	482
2366	1190
2366	340
2366	1054
2366	3615
2366	4335
2366	3309
2366	1226
2366	3803
102	3222
102	1020
102	3703
102	477
102	2148
102	1715
102	2906
102	4177
102	2164
102	4514
102	616
102	3813
102	133
102	3092
102	2989
102	3394
102	4354
102	58
102	3521
3222	1020
3222	3703
3222	4662
3222	3447
3222	1227
3222	251
3222	3096
1020	3703
1020	3092
1020	2989
1020	2914
1020	2376
3703	4662
3703	206
3703	3092
3703	599
4585	4382
606	2574
606	903
606	3284
606	1227
606	3092
606	2989
606	4666
606	3437
606	3110
3893	3889
1528	2294
1528	1369
2294	3756
2294	1290
2294	3773
2281	3773
2590	1567
2590	4571
2590	3413
1319	3977
1319	3942
1319	4673
1184	477
2583	1738
150	3816
1949	2036
1949	2164
541	869
541	1369
2694	4552
580	1951
580	958
580	1502
580	1796
3823	628
3823	885
3823	2189
3378	1221
3378	2937
3378	2005
1614	4392
1614	1058
1614	1337
1614	685
2684	4641
2684	1518
4005	2208
4005	657
600	206
4531	1542
3920	2829
3323	562
3170	1995
3170	2307
3170	4589
4145	1418
276	59
276	4540
276	4047
276	283
4163	4012
4163	152
4163	598
4163	374
4163	3422
4163	3883
4012	321
4012	1578
4012	473
4012	152
4012	3773
4012	1221
4012	1739
4012	374
4012	520
4012	1071
4012	2172
321	152
321	1325
321	1221
321	1739
321	374
4633	216
3749	3660
3749	1221
3749	913
4652	3425
2208	1190
2208	1347
2208	4611
2208	927
2208	4466
2254	2529
2254	1369
2254	3221
3804	4450
2146	4352
2146	835
2146	3598
2146	2937
2146	2632
2146	2226
2146	388
4210	464
339	3494
4450	1942
4450	1222
4450	1023
4462	4488
4462	4665
4462	2192
4207	696
4207	3465
4207	1586
4207	470
4207	3296
4207	2125
4207	926
4207	1418
4207	3451
2554	3443
2554	3827
2554	3212
3756	1666
3756	3296
3756	3422
696	1567
696	2833
696	1804
696	1957
1942	861
2501	859
2501	1286
230	100
230	283
4206	1954
4206	2842
3465	2902
3465	3977
2902	3494
2816	374
2227	1417
3130	2306
4290	3546
2103	2310
2103	1486
2103	3573
176	1868
2724	1878
2724	4032
4359	4641
4236	1210
4382	1325
4382	3068
4166	4228
4166	4122
4166	3780
4166	2047
3976	2012
2612	2746
2612	3832
2612	39
2612	1782
2612	877
2612	3390
2612	2580
1598	3235
459	562
3509	662
996	1898
1041	3730
1041	1331
1898	3479
1898	987
1898	3460
1898	3456
1898	761
1898	3882
1898	1832
1898	2530
1898	247
3810	816
3810	4147
3810	3482
3810	400
3810	1085
3810	3252
3810	3364
3810	3510
3810	3224
3810	2056
3810	905
3810	100
3810	906
3810	1567
3810	83
3730	816
3730	3364
3730	3224
3730	905
3730	3266
4147	861
3364	113
2056	152
2056	1257
987	692
4280	1221
2371	1542
4304	4105
4304	3197
4304	3663
2571	1175
3818	2842
883	3883
4566	3451
3977	4272
3977	3315
3977	3489
3977	1347
3977	59
3977	1442
3977	2222
1364	662
1364	3437
662	1349
662	1592
662	2223
323	1932
3647	1221
2963	2625
2963	2574
2963	305
2963	4335
2963	922
2963	2491
986	1417
986	2804
986	3322
986	4105
986	2318
986	1440
986	1665
3030	4337
1673	3242
2308	4465
2308	3998
2308	3573
2625	570
2625	305
2625	4335
4374	1666
4374	1222
4374	1033
4374	4414
4374	3296
4374	113
4374	2421
4374	2434
3887	504
1948	27
1948	1699
1948	1878
27	3444
27	271
27	227
27	3068
3427	152
3427	1300
3427	4215
3427	1811
3427	2232
4465	3437
4465	861
3334	861
3407	1997
3407	2075
3407	657
3407	861
3407	283
2779	852
2779	3650
2779	3444
2779	1856
2779	3998
2779	921
2779	331
2779	2642
2779	3963
2779	1023
852	544
4642	298
3618	3954
1965	55
1965	4391
1965	199
1965	2051
3272	1666
3272	3456
2148	3061
4152	1121
540	1442
540	598
1080	2257
1080	4391
1080	1925
1417	3322
1417	3456
1417	3439
1417	3010
1628	3296
3650	3444
3650	3963
1997	1087
1997	388
2075	386
2075	3296
2075	829
2075	2642
2529	3962
2529	844
2529	1369
2529	2940
2529	1533
2529	2223
1726	844
1726	1369
1726	2940
1726	1904
4070	3747
4187	2803
4187	1986
4187	3212
2875	980
2875	2803
2875	1717
4392	2803
4392	1856
4392	1986
4392	4273
3942	1337
3942	3212
658	504
550	4262
550	1738
550	504
550	3921
550	2833
550	1337
550	1878
550	2326
550	1270
4262	504
4262	4632
1738	2803
1738	795
1738	1856
1738	1986
1738	4635
1738	4234
1738	2261
2140	4584
2140	3011
2140	1878
2140	1023
4584	1325
4584	1878
4584	326
1063	2241
1063	3212
303	1689
303	689
303	921
3785	3843
3785	3437
3785	861
1546	2803
1546	1986
2880	3937
1209	4105
1209	3389
1209	1204
1209	2161
14	1190
14	584
14	4611
2427	2743
3962	844
3962	1369
3962	2940
3962	881
3962	4414
3962	2223
3962	939
844	1302
844	881
844	913
2610	3034
2610	1540
2804	3034
1290	3456
1290	2318
1290	115
3322	3439
4105	2318
4105	1490
4105	128
4105	3419
4105	2582
4105	3546
4105	4204
4105	829
4105	2438
4105	2614
4105	2789
4105	3963
4105	4656
3456	2363
3456	3439
3456	1496
3456	1300
3456	1592
3456	3296
3456	3929
3456	4007
3456	1542
3456	958
3456	3134
2318	3010
2318	1147
2318	2614
2471	3034
2471	1540
2471	3496
1578	152
1578	374
4653	152
4653	374
2944	1464
2944	4112
43	4299
2608	1301
1491	1506
1800	807
1506	612
2215	1567
2497	2306
2430	1429
2827	4648
2827	2034
2827	1591
4648	2034
3156	1954
72	1302
72	1811
554	1302
1993	2060
2275	4110
2275	722
2275	1632
2275	3261
2275	3034
2275	1540
2275	551
2275	66
2275	1144
4110	722
4110	1632
4110	1144
722	1632
722	1951
722	1868
722	551
722	1144
1632	1144
1331	3851
1331	4126
2746	3832
2746	39
2746	1782
2746	877
2746	3390
2746	1689
64	346
64	1079
452	1951
452	1190
452	3086
452	1868
452	2051
1799	1300
355	3068
355	1023
2992	4579
316	3175
2167	711
2167	4000
1566	4347
640	4347
4489	4347
1736	1911
1820	1567
345	199
345	3152
345	3292
2979	1900
2979	3780
2979	3079
2979	2047
2979	4321
84	470
1326	2842
1326	723
4055	30
4055	226
4055	3357
4055	3235
4055	435
4055	1584
2990	544
2990	859
2990	4112
2990	3192
2990	3
2310	1939
2310	2386
2310	4082
3534	1868
3534	3517
142	538
2289	736
2465	3773
104	3086
104	1567
104	1161
925	1761
1579	910
2066	2236
4405	4641
980	3491
910	1715
910	1617
3842	1925
4013	2424
3493	206
3493	1325
2087	1941
3832	39
3832	1782
3832	877
3832	3390
3832	2580
4127	4299
324	25
473	59
473	616
473	1567
2666	584
3424	206
3424	584
3424	3046
3831	1408
624	1440
1440	2680
1440	1499
1440	1325
1440	4413
238	2824
3337	2363
3337	1130
3337	2533
3337	3058
3337	3680
4347	3742
4347	2523
4347	1391
4347	3425
2363	2890
2363	949
2363	1868
2363	551
2363	1144
2363	1925
2363	2051
2363	3425
2363	313
2363	4527
491	1925
412	3310
964	4423
964	2226
1245	1518
1723	3984
1723	584
1723	1302
1723	1567
1723	3389
1723	1954
1723	4377
4641	4514
4641	2226
4641	1689
3984	1680
3350	1753
871	1496
4350	2719
1464	988
1313	3444
1313	807
482	3061
4271	661
612	199
1817	1925
4143	3747
4143	2326
3299	4249
3793	2600
1185	1286
1185	1270
2890	2533
2890	66
2890	1925
2890	2051
2890	4552
2890	313
3758	300
377	300
31	300
31	2531
1677	300
300	1518
300	1982
3635	3660
3635	1033
3635	470
3635	3046
3635	2047
3635	3425
3635	3791
3635	3663
1617	825
1951	4678
1951	2901
1951	1868
1951	212
1951	551
1951	17
1951	2178
1995	647
3877	1753
3877	4562
647	2124
647	4611
647	1787
647	1130
647	3368
647	4562
647	3175
647	2047
786	3742
786	2005
786	1811
786	4562
786	1957
4458	2719
1753	3601
1190	584
1190	1567
1190	1130
1190	922
1190	398
2274	4153
2274	657
2274	4571
115	555
115	657
115	515
3312	1763
3312	4153
3312	2421
3312	3152
1763	504
1763	3780
2139	3389
4272	519
1222	1567
1222	3296
570	2424
570	562
570	2919
570	869
570	1567
570	2918
570	289
570	685
570	3573
570	3046
570	828
2424	30
2424	562
2424	859
2424	1712
2424	3978
2424	289
2424	520
1713	2989
1713	289
2574	3773
2574	4666
2574	3437
2574	2326
2574	3110
903	4666
903	3437
903	3110
30	3284
30	2642
30	3152
4662	206
4662	2989
4662	4666
4662	289
4662	4047
4662	1852
359	784
206	1712
206	2989
206	4666
206	2523
206	289
206	1001
206	589
562	4177
562	3284
562	1712
562	4666
562	289
562	4431
2658	3186
3954	3444
3954	2161
3719	313
16	874
3742	1021
3742	4603
3742	3253
3742	4064
3742	4616
3742	939
39	1782
39	877
39	3390
39	2580
39	4168
544	3997
1276	782
127	787
127	584
127	4096
127	242
127	782
4100	2326
1782	877
1782	4168
1782	3536
1264	1954
2815	1221
2835	1959
2835	3425
504	1182
504	1593
504	4632
504	2833
504	2358
504	3046
504	3416
504	2326
504	83
504	3198
504	2786
504	976
504	1076
504	1270
504	1757
504	1780
4432	4533
1883	3422
1883	4403
1511	4611
1511	519
4674	1954
4674	4571
4674	3296
4674	2642
3362	2879
3362	2226
3315	3489
3315	2292
3315	685
3315	25
3489	1347
3489	1338
3489	2478
3489	3827
3489	652
3489	2119
4303	3175
1349	736
1349	3816
1349	1033
1867	2222
1347	2153
1347	1033
1347	1499
1347	2222
1347	685
1347	3641
1338	2478
1338	3000
1338	2226
3273	584
3273	59
3273	3827
787	1957
736	3086
584	2153
584	2124
584	1033
584	1690
584	1567
584	2632
584	1183
2478	3227
2478	2226
1648	4065
4108	3668
3668	161
3668	3744
882	685
882	268
882	1183
4228	1396
1583	4043
1519	3250
1519	2255
648	4651
648	3724
538	3720
4423	361
3139	1912
3441	4407
877	3390
877	2580
877	4168
59	3827
59	874
59	1267
3816	1033
3816	2918
3816	444
3816	3511
4131	4651
4131	10
4131	277
4131	1925
4131	2411
1404	388
833	2906
833	3080
2595	4064
4651	3173
4651	1283
4651	2104
4651	4205
4651	3328
2200	1160
2200	2008
3726	1001
3726	2853
2153	4473
107	4656
2906	3080
3444	1221
3444	885
4237	2894
4237	4657
3747	4248
3747	407
4177	1121
2098	2803
2098	1856
2098	828
4102	2834
797	1337
4389	1954
3390	1496
3390	247
3390	2937
1496	2530
1496	3603
3519	3080
935	2995
2292	1567
2292	3389
2292	3227
2292	4571
2292	58
2292	3296
2292	1036
2292	4204
2164	1455
2164	1058
2164	3694
1593	3416
3173	4037
3173	283
3173	699
352	705
4578	3175
152	3773
152	1221
152	1739
152	520
152	1071
152	4354
152	3250
4540	4284
4540	4191
4540	2053
4540	4611
4540	839
4540	283
4540	2619
4284	3783
4284	4191
4284	4611
3783	4611
4191	2679
4191	4611
4191	652
4191	1911
2124	1518
2124	2053
2124	1806
2124	1663
1518	652
1518	4121
1518	2676
1518	1227
1518	922
1518	4419
1518	1806
1518	1663
1518	832
1518	75
1518	235
1518	684
1518	778
1518	2408
1518	2635
765	3851
765	4121
2280	3851
2280	4121
2679	3851
2679	2763
2679	4611
2679	4673
2679	4121
3705	3851
3705	4611
3705	4121
3851	2763
3851	4611
3851	4673
3851	4121
2763	4611
2763	4121
4611	4673
4611	4121
4611	1567
4611	2940
4611	1842
4611	288
4611	685
4611	1078
4611	1401
4611	3058
4673	4121
3843	240
3843	598
3843	3538
3843	3916
3843	3437
2803	795
2803	1856
2803	1337
2803	1986
2803	1236
2803	1317
2803	3212
2803	4234
2201	4658
1051	3941
3526	3169
151	1036
4514	470
2414	3328
1455	657
1455	616
1455	1058
1455	2680
1455	1033
1455	4122
1455	1499
1455	3425
657	616
657	1058
657	2680
657	1033
657	4122
657	1499
657	711
657	4343
657	784
657	881
616	1058
616	2680
616	1033
616	4122
616	1499
616	1954
1058	2680
1058	1033
1058	1325
1058	3780
652	3773
652	374
652	4419
652	3797
4121	1442
3725	3113
2680	1033
2680	4122
2680	1499
2680	1804
1033	4122
1033	1499
1033	1567
1033	1954
1033	4047
1033	113
1033	3556
4122	1325
4122	113
4122	3828
1499	1325
1499	3780
1499	326
1499	1804
1499	113
711	4000
4017	1814
4632	83
4632	1573
1442	3341
1442	3916
1442	4248
1442	1221
3284	2719
3284	4666
3284	289
3284	3437
3882	325
2530	58
3541	3389
3960	161
902	608
902	4244
2306	835
874	2719
874	3296
874	1286
874	1270
874	4204
874	3556
874	3826
470	1567
470	251
470	1509
470	2531
240	3916
598	3538
598	3916
598	885
850	1300
3011	859
3011	113
4533	2687
4533	2533
4533	949
839	2226
839	4406
3538	3916
4488	3086
4488	3296
661	1054
661	4343
661	2879
661	399
661	958
661	1890
661	4219
661	4261
2020	3475
2020	3883
4276	3662
1302	71
2859	1130
2859	199
2676	1221
2676	199
2196	1954
3034	692
3034	1540
3034	825
3034	1924
1637	435
226	1567
3813	3086
3813	1567
3813	859
3813	298
3813	399
3086	906
3086	1567
3086	2171
3086	1665
3086	2895
3086	1954
3086	4086
4665	2192
4665	692
4665	859
4665	2895
4665	3629
2192	692
2192	859
2192	2895
906	1567
906	298
1567	2171
1567	1540
1567	4047
1567	2632
1567	517
1567	1242
1567	2749
1567	3727
1366	1584
1366	3794
859	1286
1665	28
1665	164
1665	3475
2895	3629
133	913
1540	825
3389	2955
3389	60
3389	750
3389	2523
3389	2632
3389	2173
3389	1078
3389	4205
3389	2619
2955	60
55	1300
55	1868
750	3227
750	110
2035	4427
2035	58
2035	2580
4678	2687
4678	1502
4678	3665
4678	2703
420	227
1515	227
1515	326
1515	901
2241	1337
2241	1811
4036	277
4647	3437
271	2943
271	283
1300	3235
1300	1270
1300	2051
128	347
128	689
2188	3839
1900	789
1900	2911
2934	2226
247	487
247	685
247	628
247	3198
247	1194
247	2552
247	3328
3916	885
3773	374
3773	1878
3773	1687
3773	1748
1054	1227
1054	3425
1054	4589
3445	3175
569	1811
569	3068
569	3328
3227	2632
3227	685
3227	3511
3227	3328
3598	1954
3598	3425
3615	3636
3615	3663
1814	212
1814	2358
1104	3274
1104	85
1104	743
1104	2329
1104	4380
4037	3346
2225	724
1954	2989
1954	4571
1954	2842
1954	3013
1954	3016
1954	3153
1954	4198
1954	3080
1227	1712
1227	2989
1227	4666
1227	289
1227	3110
1227	3732
1369	881
1369	2223
1369	3998
2940	2888
3937	4273
1712	2989
1712	3437
1712	3110
3092	2989
3092	4666
3092	3437
3092	3110
2989	4666
2989	2842
2989	3437
2989	1890
2989	4542
2901	4082
2901	17
2901	357
4571	4047
4571	1371
4571	2850
1121	347
1121	589
1121	524
4666	4603
4666	435
4666	3437
4666	3296
4666	3990
784	4248
4248	407
4248	4419
407	4335
2894	4657
2894	1752
4603	2642
1057	1584
1057	2753
3419	3845
3419	3590
3845	3296
3845	3590
2523	2047
2523	2642
2842	667
2842	2223
881	2223
881	2004
4414	3296
4414	388
4414	699
2077	3686
2077	3038
3686	3038
2048	4244
2060	1221
2060	927
2060	2888
2060	2977
2060	4640
3978	832
4427	3471
4427	58
4427	2580
4176	3107
3743	3422
1130	1183
1130	1957
4455	1542
4455	890
1325	4023
1325	1032
1325	4064
1325	1878
1325	326
1325	4413
1325	2611
4023	1032
4023	227
4023	2916
1337	1986
1337	3186
1337	283
1337	1270
227	2916
227	374
227	326
227	2017
227	3250
2916	2017
1221	1739
1221	374
1221	4354
1221	4141
1221	2173
1221	2125
1221	1152
1221	2540
1221	3250
1221	921
1221	132
1221	1443
1221	1658
1221	1854
1221	1928
1221	2379
1221	2605
1221	3307
1221	3528
1221	3750
1221	3772
1221	3869
1221	3910
1221	3990
1739	374
1739	4354
374	520
374	1071
374	4354
374	3250
2937	3296
2937	169
440	3437
2687	949
2687	1868
2687	551
2687	958
2687	2051
2687	313
2687	4527
2845	2503
946	3296
946	1270
1986	3068
2879	515
2879	724
2222	4047
2222	4413
1071	4354
2086	3296
3235	3929
3235	3203
3235	682
3235	970
3235	1361
3235	1670
3235	3278
4064	388
4064	2307
4064	2449
4064	1452
2005	229
2533	1868
2533	551
2533	1542
2533	1144
2533	958
2533	1925
2533	2051
2533	313
435	807
435	1183
435	4411
435	2614
435	2865
807	667
4047	3425
4047	3826
1141	2214
3437	3110
3437	2642
418	2226
108	1396
108	981
3384	685
3384	4560
3384	268
3384	1183
2237	1796
3780	1001
3780	519
3780	825
861	283
861	4251
861	4082
283	2209
283	583
283	83
283	2284
949	1868
949	1144
949	2051
949	3915
949	4527
4348	1262
10	2255
58	2580
58	2226
2580	4168
922	113
3258	1878
3258	326
3258	3404
4419	1806
4419	1663
1878	326
1878	3512
326	921
3160	2325
2632	3296
147	4403
3296	1771
3296	1950
3296	2572
3296	717
3296	4204
3296	1371
3296	2927
3296	166
3296	277
3296	399
3296	517
3296	524
3296	525
3296	1411
3296	1698
3296	1875
3296	1957
3296	2099
3296	2421
3296	2434
3296	3425
3296	3511
3296	2619
3296	2753
3296	4234
264	4328
1663	3662
685	3046
685	2326
685	268
685	1183
685	3828
4499	1144
4499	4527
4522	2047
4522	825
1771	3680
2223	3239
2223	4524
2380	3691
2380	3491
2380	2321
2125	610
4562	4086
3929	1535
1868	4337
1868	1502
1868	3569
1868	4552
2751	4656
3691	3491
3491	2468
298	3755
2395	3663
4235	66
2017	2011
3998	4431
212	1226
212	1819
212	1846
212	1880
212	1947
212	2284
212	2350
3257	3889
1001	3175
3269	4478
1078	2378
1078	3425
551	239
551	4387
551	958
551	2051
551	4552
551	4527
4579	4325
1286	83
2226	689
2226	3826
3573	2378
3573	118
3573	813
3573	2517
3573	3828
3573	4616
4129	1875
1804	2378
1804	1525
689	767
705	1636
705	2038
66	67
66	1175
66	3278
66	3553
113	1525
2358	3416
2358	2326
2358	1270
3046	2326
3046	1270
3313	2326
3416	2326
3416	1036
3416	1270
3416	399
2326	3198
2326	2786
2326	976
2326	1076
2326	2817
2326	4073
83	1270
3198	1270
976	1270
1036	4486
1076	1270
1270	1757
1270	1516
1270	2373
2475	1175
1147	1524
1147	1741
4112	3192
913	782
1704	2421
3175	460
3175	1148
4560	1183
1980	4337
268	1748
1183	3425
3404	2521
3404	3203
3404	4657
2521	3203
1939	2386
1939	4082
3192	3
2386	4082
2386	4234
4657	3012
4657	1310
752	3080
1542	1631
1542	4552
3782	4575
1144	3915
4205	4204
4204	4242
1371	3990
2378	3061
5	3328
25	1023
42	558
53	2752
1852	3662
3250	342
921	388
921	3662
148	4092
158	2327
165	2047
236	1335
279	398
361	3448
371	3278
388	2189
2047	1780
2047	2426
2047	3511
2047	3680
2047	3663
455	3669
460	2303
460	4327
461	3176
468	810
480	3401
519	4403
537	1925
548	1956
548	2051
558	1668
588	1023
608	3134
608	4552
613	691
656	2622
693	1262
699	1698
726	4638
825	1358
825	1957
825	3425
828	2161
829	2434
901	2284
927	2038
931	1120
958	2051
977	2189
983	3400
1011	1262
1028	4249
1047	1777
1115	2327
1146	4527
1155	4025
1243	2968
1329	2356
1391	2172
1391	2749
1394	4403
1409	4301
1418	4569
1502	2051
1502	4527
1507	2373
1584	2021
1584	4394
1584	3821
1584	1621
1584	2753
1584	3663
1616	3496
1636	4157
1674	4403
1717	3652
1756	2921
1904	2755
1925	1956
1925	4552
1925	4527
1947	2131
1947	3853
1957	3425
1958	3061
2004	3662
2021	3794
2051	3553
2051	3915
2051	4552
2051	313
2051	4527
2100	3212
2100	3665
3794	4552
3794	3821
3794	1621
3794	2753
3794	3663
3794	3080
2127	3662
2180	3884
2229	2968
2421	3025
2449	3908
2642	2619
2686	3662
2781	3425
2790	2903
2790	3061
3556	3425
3425	3089
3425	3511
3425	4536
2863	3397
2865	3908
2970	3662
3100	3662
3134	4552
3239	4569
3239	4656
3278	3906
3451	1452
3590	3791
1205	4527
3662	4033
3680	3826
3680	4403
3852	4441
3889	4004
3915	4527
4552	4527
4219	4640
724	4234
4349	4622
2753	3663
398	3699
2635	3699
937	137
3125	2896
3389	2896
3780	2896
2511	1553
652	358
3253	358
3916	3399
2030	2526
2641	4209
4207	4209
3607	526
4475	526
991	526
3674	526
3427	526
2183	526
4302	526
1130	526
2100	526
4641	3878
2489	3863
4611	3863
1036	3863
3425	3863
4611	91
3389	91
1097	3115
4034	3115
4475	3115
276	3115
1347	3115
59	3115
3389	3115
3080	3115
4447	2718
2511	2994
206	2994
4651	2994
3780	2994
3175	2897
4612	4132
1580	4132
4450	4132
473	4132
4571	4132
3296	4132
274	4132
931	4132
3591	4132
4564	4132
3695	1822
206	1822
102	1638
4641	1638
4253	1638
1432	3974
49	3974
1466	3974
4012	3974
4382	3974
27	3974
4070	3974
859	3974
569	3974
25	3974
3041	3572
3643	3572
2715	3572
1110	3572
4611	3572
2047	3572
1401	3572
620	1655
1314	1655
2988	1655
3780	1655
3674	2524
206	2524
3113	2524
1380	1215
3412	1215
4015	889
620	889
2294	889
696	889
2140	889
14	889
1349	889
584	889
4611	889
1954	889
1130	889
3920	4045
562	4045
1530	2958
696	2958
3362	2958
3827	2958
3389	2958
2378	2958
2047	2958
1063	2174
3998	2174
1817	210
2183	210
435	210
3257	210
3448	210
1951	4307
1193	4494
2420	4494
1613	4494
2039	4494
2185	4494
3502	4494
482	4494
2292	4494
4533	4494
4678	4494
1144	4494
2051	4494
313	4494
4527	4494
3690	4080
2837	1478
2978	1478
2584	1841
2566	337
2913	337
1800	337
1033	337
911	1172
4359	1172
2001	1172
66	4625
1549	4625
3875	354
2511	354
1518	354
2511	450
3108	1136
2973	546
817	546
2952	546
2584	546
2071	546
1441	546
817	2973
2952	2973
2584	2973
2071	2973
1441	2973
4011	2973
2952	817
2071	817
1441	817
2584	2952
2071	2952
3312	2952
3724	2952
4523	2671
1909	2671
1618	2671
230	2671
4540	2671
101	2671
3955	111
2483	111
406	1869
2078	1869
4112	1869
1975	4523
3692	4523
4645	4523
3824	4523
4392	4523
345	4523
3921	4523
3139	4523
2572	4523
162	4523
4335	406
175	406
2483	3955
1452	3955
1150	95
2511	2483
1414	4675
488	4675
2051	4675
3417	2868
3880	2575
356	2575
3427	2575
356	3880
2030	3880
3427	356
3299	356
1221	356
3061	356
3621	356
1864	1940
230	1940
1948	1940
429	499
3212	499
544	3866
2533	3866
2090	649
4611	649
739	649
1567	1944
3780	1944
3039	1260
862	3377
3378	3377
1221	3377
885	3377
553	862
3378	862
529	1018
1852	3607
921	3607
1602	4360
1853	4360
2278	824
7	824
1058	824
1499	824
922	824
3425	824
562	1053
1712	1615
326	2049
3455	2049
1385	2335
1640	2335
172	2335
897	2335
896	2335
540	2335
2017	2335
540	4139
3592	4679
172	2362
2551	2362
2292	2362
3488	2362
3438	2362
534	3599
2511	3599
3791	3599
2658	1732
744	2606
2805	2606
3404	2606
3108	2996
1351	2996
1600	4669
2041	4669
1863	4669
1600	3208
2805	3208
770	3208
2566	3208
3767	3208
246	3208
3104	3208
1640	3208
1279	3208
3728	3208
2254	3208
4207	3208
1898	3208
1948	3208
3650	3208
2318	3208
2363	3208
30	3208
4651	3208
3660	3208
2098	3208
4414	3208
3357	3208
164	3208
435	3208
3296	3208
921	3208
388	3208
460	3208
2865	3208
4380	3208
4443	3208
3778	1432
3900	1432
1607	1432
2945	1432
2551	1432
1338	1432
161	1432
2020	1432
4522	1432
3046	1432
460	1432
3292	1432
2030	3855
3108	2407
157	2407
2030	2407
157	3108
2205	3108
2315	3108
3040	3108
2194	3108
3522	3108
2566	3108
572	3108
2041	3108
2945	3108
3336	3108
2304	3108
1807	3108
2123	3108
3600	3108
2646	3108
2353	3108
1020	3108
321	3108
658	3108
3456	3108
1799	3108
2666	3108
4143	3108
2274	3108
2199	3108
2153	3108
1499	3108
2171	3108
1665	3108
1719	3108
1121	3108
4666	3108
4414	3108
3274	3108
2222	3108
3642	3108
739	3108
2521	3108
3250	3108
74	3108
723	3108
970	3108
1079	3108
1429	3108
1498	3108
1752	3108
1779	3108
2040	3108
2050	3108
2051	3108
3794	3108
2135	3108
2233	3108
3455	3108
2269	3108
2437	3108
2467	3108
2552	3108
2637	3108
3242	3108
3413	3108
3446	3108
3448	3108
3838	3108
3919	3108
3948	3108
4273	3108
157	542
4548	157
4381	157
950	157
2578	157
1	157
1241	4548
4475	4381
1286	4381
3556	4381
2578	950
4612	4621
1567	2205
2935	1840
2582	1840
766	217
148	217
2438	217
3222	2818
624	2818
2918	2818
1842	2818
1645	2818
2557	2106
206	2106
2060	2557
1221	2557
3609	2287
3077	2287
4011	2287
3427	2287
4152	2287
1689	2287
642	2287
2511	1005
593	3195
3780	3195
1314	593
4304	2295
553	951
504	951
569	1885
2955	3900
1194	3900
1767	2509
553	2509
1049	2509
2146	2315
3742	2315
3296	2315
3175	2315
1709	2315
3662	2315
4090	4487
504	4487
1270	4487
3125	2317
548	1451
3125	3717
832	3717
1012	3717
3129	2235
3427	2235
4127	2235
2630	2235
3235	2235
2838	2235
2511	1297
4304	1297
1300	1297
3328	1297
2030	2933
3534	2933
3567	2933
4488	2933
3813	2933
3086	2933
4665	2933
2192	2933
906	2933
1567	2933
2171	2933
2895	2933
2237	2933
3962	596
1369	596
390	2887
652	2887
2035	2887
4427	2887
58	2887
2580	2887
476	721
3437	4574
2030	4655
2569	4655
1601	4655
1300	4655
488	1386
2481	917
4046	1808
4064	1808
3077	4046
2281	4046
691	4046
3354	1596
1625	1596
2888	1596
504	4088
1314	1384
2199	2640
4394	2640
3223	1870
3041	1870
1834	1870
3006	1870
2108	1870
2511	1870
2773	1870
3635	1870
935	1870
657	1870
616	1870
2680	1870
1033	1870
226	1870
4665	1870
113	1870
1957	1870
3511	1870
4618	422
2511	422
2098	422
2188	422
1270	422
2842	3129
4056	4254
3824	4254
4571	4254
1847	4254
4064	4254
1535	4254
3782	4254
2532	4254
3908	4254
185	3159
2390	3050
275	3050
4647	3050
3437	3050
2030	1336
2569	2030
4404	2030
1436	2030
1629	2030
3251	2030
2510	2030
3336	2030
1475	2030
2402	2030
1380	2030
2256	2030
3427	2030
3650	2030
2363	2030
2145	2030
4240	2030
1490	2030
647	2030
3312	2030
2424	2030
1135	2030
1486	2030
1832	2030
2306	2030
2955	2030
1054	2030
4414	2030
4365	2030
3929	2030
551	2030
2232	2030
1542	2030
1631	2030
53	2030
656	2030
762	2030
970	2030
1373	2030
1743	2030
2869	2030
2960	2030
3532	2030
3662	2030
4073	2030
2703	2030
323	3321
618	3321
3041	3805
2064	2537
991	1241
2052	1193
3539	1193
2420	1193
114	1193
7	1193
3685	1193
488	1193
1400	1193
4010	1193
4379	1193
2275	1193
452	1193
2363	1193
482	1193
2687	1193
2533	1193
4499	1193
66	1193
1502	1193
1925	1193
2051	1193
4157	1193
2137	2569
1262	2569
409	2137
329	2137
438	2137
306	2137
241	2137
455	2137
1764	4404
3519	4404
3296	4404
1373	4404
2454	3223
4475	3223
1666	3223
4651	3223
3389	3223
3780	3223
2047	3223
119	4130
1080	4130
2325	4130
4064	3554
4015	4457
606	4457
4465	4457
3334	4457
1063	4457
3785	4457
1349	4457
3284	4457
3092	4457
3437	4457
1211	4457
3417	1767
4336	1767
3823	1767
1800	1767
1168	3714
178	3714
1190	3714
2171	3714
4036	3714
3598	3714
946	3714
2209	3714
3573	3714
2253	3714
1551	2221
1607	2221
2355	2221
3832	2221
786	2221
1567	2221
2955	2221
2833	2221
3384	2221
326	2221
1270	2221
4205	2221
1551	2282
1607	2282
786	2282
1349	2282
2833	2282
326	2282
1270	2282
4205	2282
3425	2282
1551	2489
1607	2489
3832	2489
2833	2489
326	2489
2642	2489
3425	2489
3368	2360
4122	2278
1223	3040
3680	3040
1729	63
3296	63
685	63
2071	2584
1441	2584
3823	36
4618	1551
2644	1551
1528	1551
2294	1551
2281	1551
814	1551
1441	2071
4618	2071
4414	2071
1337	2071
922	2071
388	2071
2511	1441
3733	4221
620	4015
2726	4015
1640	4015
106	4015
577	4015
3703	4015
606	4015
3793	4015
3173	4015
1921	4015
3389	4015
3437	4015
2444	4015
3296	4015
83	4015
558	4015
825	4015
3212	4015
3663	4015
2463	857
2674	857
4047	857
4011	529
2140	529
4584	529
1567	529
1071	529
4354	529
3258	529
1878	529
2378	529
849	3125
2644	3125
1300	3125
3073	3125
1275	2953
1170	2953
3843	2953
3916	2953
1170	330
645	1370
4011	1370
2934	1370
553	645
4090	645
2951	645
2510	645
4011	645
3170	645
2146	645
2979	645
3635	645
1190	645
544	645
835	645
2934	645
4522	645
3309	645
398	645
3158	645
939	645
1650	645
839	4547
4289	1607
3427	1607
647	1607
2632	1607
3175	1607
162	1607
3068	1607
1957	1607
1023	1607
3328	1607
770	553
668	553
1168	553
3140	553
1578	553
2979	553
2596	553
4488	553
1567	553
4047	553
2226	553
3891	553
3104	3064
4374	3064
3296	3064
3354	1562
34	1562
550	1562
345	1562
652	1562
4376	1251
2962	953
1314	953
2612	953
2746	953
3832	953
39	953
1782	953
877	953
3390	953
652	953
2580	953
1314	2962
2612	2962
2746	2962
3832	2962
39	2962
1782	2962
877	2962
3390	2962
652	2962
2580	2962
613	2962
2024	1618
971	1618
2138	1340
4074	1340
4058	1340
4269	1340
366	1340
2194	918
3039	1224
3502	1224
4379	1224
3456	1224
4533	1224
949	1224
1144	1224
958	1224
1925	1224
2051	1224
2039	193
4266	2052
2420	2052
488	2052
452	2052
2666	2052
2363	2052
3861	2052
2687	2052
2533	2052
949	2052
1868	2052
2138	1975
4090	1975
4034	1975
2700	1975
3767	1975
1314	1975
1640	1975
3692	1975
876	1975
4187	1975
4262	1975
2803	1975
1986	1975
3416	1975
4234	1975
3354	3486
2529	3486
1207	4289
1396	4289
3962	1191
1270	1191
4074	2138
4058	2138
4351	2138
3302	2138
3560	2138
172	2138
3467	2138
897	2138
3692	2138
3824	2138
2554	2138
816	2138
2875	2138
4392	2138
3942	2138
1738	2138
3299	2138
3793	2138
2200	2138
3843	2138
692	2138
3197	2138
3916	2138
1337	2138
1747	2138
1986	2138
2326	2138
1542	2138
4204	2138
4403	2138
1023	2138
4058	4074
4475	4074
1530	4074
1738	4074
2200	4074
692	4074
3916	4074
1337	4074
1747	4074
2326	4074
239	4074
4257	4058
3467	4058
4392	4058
1738	4058
3843	4058
1221	4058
2326	4058
2637	4058
1877	4058
3444	2978
1742	275
4618	275
663	275
3036	275
3487	275
4090	275
789	275
2934	275
66	275
4414	1742
3695	4618
2779	4618
2226	4618
1959	4618
1300	663
4414	663
30	2964
3284	2964
4603	2964
388	2964
2642	2964
4358	3487
1097	3487
2389	3487
2510	3487
2511	3487
3424	3487
4347	3487
2226	3487
2389	37
2281	37
2842	37
3641	37
1510	3354
2389	3354
1314	3354
276	3354
14	3354
570	3354
206	3354
1347	3354
3389	3354
2241	3354
283	3354
1878	3354
3296	3354
113	3354
1270	3354
926	3354
3425	3354
4645	2716
1518	2716
3622	1630
2895	1630
2416	3622
2895	3622
2223	3622
901	3622
3337	3885
3046	3885
3175	3885
4475	119
4674	119
1567	119
3389	119
3227	119
4571	119
3296	119
988	119
2642	119
3337	3912
2438	3912
2834	3912
512	1414
4101	1414
516	1414
488	1414
1810	1414
1300	1414
2901	1414
958	1414
2316	1414
4083	1414
1365	732
2511	2831
66	2194
922	4257
2454	3041
2270	3041
2610	3041
3877	3041
3843	3041
1033	3041
1567	3041
1954	3041
1130	3041
1001	3041
1036	3041
825	3041
4198	3041
2846	2463
3843	2463
2504	3873
2180	3873
2305	3873
3732	3873
1613	3690
2039	3690
7	3690
2026	3690
3685	3690
1234	3690
323	4107
3662	1809
3472	1834
744	1834
4024	1834
3220	1834
1154	1834
2024	1834
4305	1834
4011	1834
1110	1834
4145	1834
4166	1834
3334	1834
3335	1834
4105	1834
1799	1834
2992	1834
2428	1834
2600	1834
4276	1834
3740	1834
1592	1834
1221	1834
4411	1834
3250	1834
357	1834
806	1834
901	1834
1204	1834
2486	1834
2161	1834
859	1641
3773	1641
4336	2603
3931	3769
1814	3769
2268	3769
3104	523
1068	523
4392	523
4105	523
4240	523
709	523
3315	523
1597	523
1369	523
2060	523
2751	523
608	523
3328	523
4054	4472
657	868
711	868
2786	868
442	4336
1800	4336
4090	4630
3489	4630
548	845
3843	4460
598	4460
3916	4460
1032	4460
421	2674
3692	2674
1063	2674
3197	2674
2015	409
3614	4623
1567	4623
3758	3199
551	3199
4379	3539
2890	3539
1526	3539
4062	3539
66	3539
1542	3539
1144	3539
1925	3539
570	3812
2511	1098
30	1881
1690	1881
2642	1881
2146	3781
1262	417
3850	1483
1221	1483
2125	1483
3267	4056
3086	4056
455	4056
695	4056
1380	1061
345	1061
2511	11
206	11
3421	11
3965	4078
2805	744
2566	744
1510	744
1496	744
881	744
881	2805
1001	2805
277	2805
4536	2558
3829	2258
2491	2258
4064	3829
2491	3829
4191	4612
657	1729
1033	1729
4122	1729
1567	1729
4354	1729
685	1729
2614	1729
4167	770
102	4410
3533	4063
185	4063
547	4063
1380	4169
1579	4169
668	4024
1154	4024
4475	4024
2366	4024
102	4024
3222	4024
1020	4024
3703	4024
1598	4024
239	4024
1496	1320
2226	1320
2552	1320
3910	1320
519	2607
3425	2607
1518	329
1154	668
2366	668
102	668
3703	668
1598	668
1799	668
4611	668
1567	668
859	668
3175	668
3425	668
550	2629
1567	2629
3302	4090
139	4090
3692	4090
3824	4090
2704	4090
1170	4090
2075	4090
3942	4090
1540	4090
1954	4090
1986	4090
963	4090
2358	4090
2378	4090
162	4090
1234	2566
1279	2566
2511	2566
1181	2566
640	2566
1289	2566
4064	2566
1211	2566
1656	2566
325	2566
381	2566
670	2566
1196	2566
1199	2566
1097	4358
92	4358
2005	4358
3296	4358
1452	4358
92	1097
1962	1097
2005	1097
3747	4529
504	2975
3046	2975
2326	2975
1270	2975
4017	3931
1814	3931
2783	1039
2646	1197
4651	1197
1613	1342
897	4034
1530	4034
1738	4034
1546	4034
2803	4034
1573	4034
4403	4034
4234	4034
4475	2825
2361	2825
4105	2825
2378	2825
4540	2734
4284	2734
4121	2734
128	2734
598	1275
2075	2343
396	4659
3793	4659
1271	4659
3425	4659
3560	396
2511	396
3793	396
3012	396
4244	4667
3573	2796
4431	24
1058	3550
4122	3550
2226	3550
689	3550
4392	4545
1738	4545
1366	4545
652	1495
849	620
696	620
190	620
3424	620
1349	620
2523	620
2047	620
769	620
1391	620
2642	620
3511	620
4479	1510
4153	1510
1135	1510
2680	1510
292	1510
1183	1510
1242	1510
1489	1510
2064	2784
1369	2784
1382	2504
4293	2504
662	2504
4657	2504
4007	2504
2438	2504
3042	2504
1567	2726
3767	2700
2803	2700
1986	2700
3767	1168
14	1168
2183	1168
584	1168
3425	1168
1610	49
1293	49
4011	1918
3692	1918
3312	1918
127	1918
1347	1918
4611	1918
1455	1918
657	1918
616	1918
2680	1918
283	1918
3573	3220
3104	309
4374	309
1518	309
3296	309
2469	4101
1951	4101
549	3228
2129	1436
541	1436
3403	1436
2511	1629
2551	1154
4475	1154
102	1154
2146	1154
1290	1154
133	1154
1747	1154
2937	1154
3296	1154
4244	1154
4475	121
2632	4
3296	4
3389	4351
2642	4351
2226	3840
996	757
1898	757
3479	757
987	757
761	757
2530	757
4357	3767
4323	3767
2511	3767
3692	3767
876	3767
4392	3767
3942	3767
550	3767
1738	3767
1723	3767
2803	3767
2378	3767
1023	3767
4234	3767
2478	4357
3816	4142
2026	2420
488	2420
3502	2420
4379	2420
2148	2420
2687	2420
2533	2420
949	2420
1868	2420
551	2420
958	2420
2051	2420
4552	2420
4386	1818
4398	1818
3581	1818
2089	1818
2653	1818
3650	1818
2541	1818
4398	4386
3581	4386
2089	4386
2653	4386
3581	4398
2089	4398
2089	3581
3137	3581
443	1127
2511	1127
3615	1127
2039	1613
56	1613
7	1613
2026	1613
488	1613
3502	1613
722	1613
2363	1613
657	1613
4488	1613
3034	1613
4665	1613
2192	1613
692	1613
2687	1613
2533	1613
949	1613
551	1613
705	1613
810	1613
1502	1613
2051	1613
2810	2935
2064	3655
1369	3655
881	3655
1221	3655
3881	1864
4012	2078
1496	2078
2179	2078
2963	669
164	3032
2017	1385
1004	1385
3675	1385
488	2039
3502	114
3994	3065
2556	3065
794	1798
3826	1798
206	2397
3780	2397
1567	2951
3502	1469
3389	3251
426	3251
608	3251
7	56
2511	56
2026	7
4379	7
3560	7
1293	7
580	7
2363	7
1951	7
795	7
1144	7
2051	7
313	7
4527	7
488	2026
534	2026
1868	2026
1080	516
4379	3685
661	3685
66	3685
569	1007
933	1007
1789	1733
814	1733
2846	2454
1863	2454
2124	2454
652	2454
3253	2454
1806	2454
1081	2454
1957	2454
3128	3055
4269	3055
3692	3055
1614	3055
876	3055
2803	3055
795	3055
2582	3055
2879	3055
2358	3055
26	3055
3278	3055
4005	3112
2511	4052
3465	4052
3977	4052
1637	246
3889	246
3695	3609
3509	3609
570	3609
2632	3609
3034	673
3046	673
102	2389
1033	2389
3573	2389
1155	2389
3104	3382
2410	3382
2511	3382
1219	3369
3058	3369
4497	2710
2140	4497
3336	3178
4450	3178
3296	3178
1806	3551
519	3551
3502	488
4010	488
4379	488
1810	488
2014	488
2435	488
580	488
2829	488
1080	488
1506	488
2363	488
2890	488
4533	488
2257	488
949	488
1868	488
551	488
1144	488
958	488
1925	488
2051	488
313	488
4527	488
2873	245
2363	245
4641	245
3922	245
175	245
1911	245
2699	245
1264	3589
2395	3589
3046	3589
110	3589
1796	3589
3058	3589
3212	3589
4379	1400
3337	1400
2363	1400
1868	1400
1925	1400
313	1400
4527	1400
2703	1400
863	4606
897	4606
1121	4606
2511	2163
2361	2163
1273	4315
3378	3643
3916	3643
1036	904
1315	3695
863	3695
1244	3695
4269	3695
2227	3695
3493	3695
3389	3695
2523	3695
1087	3695
2173	3695
3584	3695
1314	3302
4475	3302
3384	3039
66	3039
2822	3039
1205	3039
1119	2741
1601	4316
1579	1016
1383	2920
3389	1383
691	1383
3556	1383
2511	1972
1080	1322
2274	1322
958	1322
1319	34
230	34
550	34
2241	34
1737	34
3425	34
3061	34
3212	34
4133	3850
2060	2041
470	3516
1598	92
1264	92
1583	92
807	92
667	92
1507	92
442	2185
4122	2185
212	1979
1382	2926
2511	2926
200	4167
1314	4167
3077	4167
2145	4167
2366	3530
4512	3949
4163	3949
4012	3949
321	3949
986	3949
152	3949
652	3949
3773	3949
1221	3949
1739	3949
374	3949
520	3949
3285	4512
4295	4512
1499	4512
1325	4512
1221	4512
1739	4512
374	4512
4354	4512
1567	178
1954	178
4571	178
3425	178
1502	2774
4379	3502
2570	3502
2363	3502
2901	3502
2687	3502
2533	3502
4499	3502
551	3502
2051	3502
4552	3502
4106	4010
722	4010
482	4010
3635	4010
3548	4010
4533	4010
2257	4010
3929	4010
2051	4010
313	4010
2491	1382
2354	2251
3787	421
1023	421
4224	1223
886	1223
3104	1223
102	1223
584	1223
3827	1223
4611	1223
4017	1223
2444	1223
3296	1223
2642	1223
1409	2367
886	4224
3104	4224
4374	4224
3315	4224
2444	4224
3104	886
2444	886
1601	3104
2208	3104
4374	3104
1222	3104
4414	3104
1183	3104
517	3104
1072	3104
1674	3104
2421	3104
2024	1610
4011	1610
3692	1610
3837	1610
4382	1610
2308	1610
27	1610
1347	1610
1286	1610
691	1610
4662	937
206	937
3198	937
3751	937
4352	1150
616	1150
1325	1150
1221	1150
4354	1150
1878	1150
326	1150
3069	1176
2366	4308
1366	1315
1621	1315
2753	1315
3080	1315
3661	4294
3742	4294
3773	4294
885	4294
548	4294
66	2469
3337	694
66	694
3442	442
991	442
685	442
2122	442
1634	442
3038	3314
2963	2210
1246	200
1314	200
807	200
1314	1246
3077	1246
2511	846
1796	846
2947	3249
2410	534
4533	534
1428	1314
3077	1314
4475	1314
2064	1314
2612	1314
1738	1314
1546	1314
2746	1314
2979	1314
39	1314
877	1314
4276	1314
2719	1314
3978	1314
2444	1314
2580	1314
4168	1314
1418	1314
2018	1314
4203	1314
4234	1314
1902	1292
1601	1235
1300	1235
435	1235
2491	1235
2057	1304
2294	1304
3813	1304
906	1304
1567	1304
3953	1378
1518	1378
3389	1865
3175	1119
3553	1119
4122	2410
4305	1219
1555	1219
4350	1219
1555	4305
696	1555
4379	2090
412	2090
2178	2090
3662	2090
3775	4379
2570	4379
2319	4379
2275	4379
2363	4379
661	4379
2901	4379
2687	4379
2533	4379
949	4379
1868	4379
1542	4379
1144	4379
1411	4379
1502	4379
1925	4379
2051	4379
3915	4379
4552	4379
313	4379
4527	4379
3427	2685
1408	2588
1640	1128
4011	2510
2979	2510
3635	2510
2226	2510
402	2510
206	262
3780	262
3212	262
3389	438
1371	4366
2189	4366
2393	4366
4651	1679
4160	4172
2498	4172
1209	4172
3519	4172
691	4172
3077	1428
4064	1428
921	1428
1525	1428
2145	3077
1789	3336
4019	3336
2749	3336
1821	1789
2749	1789
278	1601
390	1601
62	1601
4333	1601
2204	1601
4463	1601
4440	1601
1337	1601
4279	1601
2378	1601
5	1601
1852	1601
921	1601
723	1601
2080	1601
2156	1601
4277	1601
4011	3102
4451	3102
4641	3481
470	3481
1043	2304
3504	2304
1267	1388
986	4539
440	3075
3641	3075
97	1640
4295	1640
2779	1640
3456	1640
1185	1640
2153	1640
4064	1640
1773	1640
4449	1640
1023	1640
4234	1640
4295	97
1900	97
685	97
4295	2652
1847	4295
4064	4295
2646	3560
1738	3560
2803	3560
1986	3560
3296	3560
3212	3560
2843	4323
390	4323
3977	3608
1900	3608
2146	278
230	106
3334	106
3437	106
1425	106
1110	4165
2471	4165
647	4165
1753	4165
1982	4165
1262	4165
3296	1493
2511	549
2366	549
3222	549
562	549
1121	549
2879	549
4023	4518
227	4518
2511	1807
400	1807
3832	1807
1319	4417
897	172
896	172
4479	172
2646	172
1319	172
696	172
3227	172
390	2843
4488	1810
2533	1810
1925	1810
3097	1810
3827	2551
4468	2481
3033	3233
4641	3233
3362	3233
3997	3233
532	462
2511	462
3378	462
2005	462
986	863
355	863
2120	863
3258	863
3296	863
25	863
3378	532
2511	3031
206	849
1232	1244
584	1244
3444	1244
3538	1244
2255	1244
2195	1609
3961	1609
247	1609
487	1609
3961	2195
3703	2195
247	2195
487	2195
4374	1195
4405	1195
3296	1195
3665	3033
2846	4475
991	4475
4207	4475
3810	4475
1546	4475
2087	4475
1723	4475
127	4475
2835	4475
3747	4475
3311	4475
661	4475
4665	4475
750	4475
3013	4475
2675	4475
4196	4475
2354	4011
2146	4011
4350	4011
4284	4011
2306	4011
1567	4011
2226	4011
2378	4011
1509	4011
2109	4011
2422	4011
4269	3367
3284	4269
247	4269
2107	4269
273	2644
3692	2644
662	273
206	273
1274	273
1455	390
616	390
1058	390
1033	390
4122	390
1499	390
2947	2846
4047	2846
861	2846
3641	2846
2736	2846
3312	4044
127	4044
3296	4044
4450	220
3296	220
2511	1139
3352	1139
4239	3961
247	3961
487	3961
896	897
3824	897
2779	897
1738	897
3390	897
4673	897
4121	897
3227	897
1221	897
3437	897
3046	897
504	82
3916	82
2646	896
696	896
3827	896
2164	896
3227	896
407	896
229	896
1270	896
2779	3923
1518	1234
1300	1234
4251	1234
4527	1234
3261	3833
2829	2014
2038	2014
1502	3353
1099	2015
3837	991
3984	991
4062	991
110	991
2572	2715
4073	3483
540	1374
2511	3753
1279	2913
540	2913
540	1279
2653	2089
3456	2314
3439	2314
3235	2314
206	139
4611	139
3780	139
2888	139
1898	1273
4374	1273
2610	1273
2632	1273
298	1273
584	3426
3425	3426
1110	3161
3227	3161
1954	3161
2047	3161
1319	2108
1337	2108
3212	2108
2511	2355
575	497
3810	497
504	2057
3635	3674
935	3674
1289	3674
4348	3674
4657	3674
2366	4115
3456	3958
2363	3958
1426	2946
366	1426
3916	1426
3162	2006
2146	3728
2098	3728
1856	3728
292	4479
3668	280
3444	280
1293	2129
541	2129
869	2129
1369	2129
3582	2129
4611	4580
2353	4353
1565	366
4382	366
540	366
4611	366
1442	366
3916	366
540	1565
264	1565
2124	631
1747	4628
1221	3140
4108	4654
3663	3764
1791	2511
2062	2511
1068	2511
4531	2511
2902	2511
2673	2511
4566	2511
928	2511
4489	2511
4127	2511
3337	2511
964	2511
1951	2511
4662	2511
2656	2511
4228	2511
2919	2511
1404	2511
2882	2511
1593	2511
848	2511
2679	2511
597	2511
657	2511
4121	2511
3882	2511
2306	2511
3538	2511
1217	2511
1690	2511
2171	2511
3256	2511
60	2511
3615	2511
4037	2511
1227	2511
1121	2511
2077	2511
289	2511
4391	2511
2943	2511
4348	2511
3258	2511
1771	2511
216	2511
1980	2511
3132	2511
1631	2511
54	2511
1852	2511
67	2511
148	2511
175	2511
222	2511
307	2511
447	2511
460	2511
524	2511
573	2511
931	2511
1067	2511
1093	2511
1132	2511
1149	2511
1196	2511
1497	2511
1517	2511
1616	2511
1626	2511
1670	2511
1685	2511
1916	2511
2184	2511
2356	2511
2421	2511
2468	2511
2654	2511
2690	2511
2850	2511
2912	2511
2954	2511
3097	2511
3134	2511
3180	2511
3188	2511
3395	2511
3478	2511
3532	2511
3662	2511
3701	2511
3720	2511
3724	2511
3797	2511
3811	2511
3891	2511
3910	2511
4119	2511
4311	2511
4388	2511
4443	2511
4536	2511
4569	2511
4615	2511
4626	2511
4638	2511
2161	2511
3777	2511
27	1293
57	1293
859	1293
283	1293
2632	1293
3250	1293
3828	1293
3740	454
1489	454
3451	454
1849	2064
2947	2064
3235	2064
4064	2064
10	2064
2947	1849
3962	1849
3021	2347
3617	821
4645	2947
1300	2947
1954	2947
2632	2947
4392	62
164	62
3296	62
4414	4439
2486	2697
2885	2697
2719	2088
2491	2088
30	3146
504	3692
1653	3692
3813	3692
2833	3692
2326	3692
1270	3692
3212	3692
3698	3127
657	4645
1446	4645
4611	3824
2189	3824
3212	3824
1636	2653
2363	4106
2363	2570
3296	2570
1868	2570
551	2570
1144	2570
3675	2570
4527	2570
3296	2646
1394	2646
3197	2788
1300	2319
1262	4160
276	1110
2100	3837
2711	3672
1079	4114
696	2624
1033	2624
1954	2624
3519	2062
1712	2711
2477	1380
345	1380
3175	4367
251	1764
1698	1764
1347	4140
3425	4140
230	1539
2075	1539
386	1539
1856	1539
102	2366
3222	2366
1020	2366
3703	2366
4145	2366
3407	2366
2148	2366
482	2366
1190	2366
340	2366
1054	2366
3615	2366
4335	2366
3309	2366
1226	2366
3803	2366
3222	102
1020	102
3703	102
477	102
2148	102
1715	102
2906	102
4177	102
2164	102
4514	102
616	102
3813	102
133	102
3092	102
2989	102
3394	102
4354	102
58	102
3521	102
1020	3222
3703	3222
4662	3222
3447	3222
1227	3222
251	3222
3096	3222
3703	1020
3092	1020
2989	1020
2914	1020
2376	1020
4662	3703
206	3703
3092	3703
599	3703
4382	4585
2574	606
903	606
3284	606
1227	606
3092	606
2989	606
4666	606
3437	606
3110	606
3889	3893
2294	1528
1369	1528
3756	2294
1290	2294
3773	2294
3773	2281
1567	2590
4571	2590
3413	2590
3977	1319
3942	1319
4673	1319
477	1184
1738	2583
3816	150
2036	1949
2164	1949
869	541
1369	541
4552	2694
1951	580
958	580
1502	580
1796	580
628	3823
885	3823
2189	3823
1221	3378
2937	3378
2005	3378
4392	1614
1058	1614
1337	1614
685	1614
4641	2684
1518	2684
2208	4005
657	4005
206	600
1542	4531
2829	3920
562	3323
1995	3170
2307	3170
4589	3170
1418	4145
59	276
4540	276
4047	276
283	276
4012	4163
152	4163
598	4163
374	4163
3422	4163
3883	4163
321	4012
1578	4012
473	4012
152	4012
3773	4012
1221	4012
1739	4012
374	4012
520	4012
1071	4012
2172	4012
152	321
1325	321
1221	321
1739	321
374	321
216	4633
3660	3749
1221	3749
913	3749
3425	4652
1190	2208
1347	2208
4611	2208
927	2208
4466	2208
2529	2254
1369	2254
3221	2254
4450	3804
4352	2146
835	2146
3598	2146
2937	2146
2632	2146
2226	2146
388	2146
464	4210
3494	339
1942	4450
1222	4450
1023	4450
4488	4462
4665	4462
2192	4462
696	4207
3465	4207
1586	4207
470	4207
3296	4207
2125	4207
926	4207
1418	4207
3451	4207
3443	2554
3827	2554
3212	2554
1666	3756
3296	3756
3422	3756
1567	696
2833	696
1804	696
1957	696
861	1942
859	2501
1286	2501
100	230
283	230
1954	4206
2842	4206
2902	3465
3977	3465
3494	2902
374	2816
1417	2227
2306	3130
3546	4290
2310	2103
1486	2103
3573	2103
1868	176
1878	2724
4032	2724
4641	4359
1210	4236
1325	4382
3068	4382
4228	4166
4122	4166
3780	4166
2047	4166
2012	3976
2746	2612
3832	2612
39	2612
1782	2612
877	2612
3390	2612
2580	2612
3235	1598
562	459
662	3509
1898	996
3730	1041
1331	1041
3479	1898
987	1898
3460	1898
3456	1898
761	1898
3882	1898
1832	1898
2530	1898
247	1898
816	3810
4147	3810
3482	3810
400	3810
1085	3810
3252	3810
3364	3810
3510	3810
3224	3810
2056	3810
905	3810
100	3810
906	3810
1567	3810
83	3810
816	3730
3364	3730
3224	3730
905	3730
3266	3730
861	4147
113	3364
152	2056
1257	2056
692	987
1221	4280
1542	2371
4105	4304
3197	4304
3663	4304
1175	2571
2842	3818
3883	883
3451	4566
4272	3977
3315	3977
3489	3977
1347	3977
59	3977
1442	3977
2222	3977
662	1364
3437	1364
1349	662
1592	662
2223	662
1932	323
1221	3647
2625	2963
2574	2963
305	2963
4335	2963
922	2963
2491	2963
1417	986
2804	986
3322	986
4105	986
2318	986
1440	986
1665	986
4337	3030
3242	1673
4465	2308
3998	2308
3573	2308
570	2625
305	2625
4335	2625
1666	4374
1222	4374
1033	4374
4414	4374
3296	4374
113	4374
2421	4374
2434	4374
504	3887
27	1948
1699	1948
1878	1948
3444	27
271	27
227	27
3068	27
152	3427
1300	3427
4215	3427
1811	3427
2232	3427
3437	4465
861	4465
861	3334
1997	3407
2075	3407
657	3407
861	3407
283	3407
852	2779
3650	2779
3444	2779
1856	2779
3998	2779
921	2779
331	2779
2642	2779
3963	2779
1023	2779
544	852
298	4642
3954	3618
55	1965
4391	1965
199	1965
2051	1965
1666	3272
3456	3272
3061	2148
1121	4152
1442	540
598	540
2257	1080
4391	1080
1925	1080
3322	1417
3456	1417
3439	1417
3010	1417
3296	1628
3444	3650
3963	3650
1087	1997
388	1997
386	2075
3296	2075
829	2075
2642	2075
3962	2529
844	2529
1369	2529
2940	2529
1533	2529
2223	2529
844	1726
1369	1726
2940	1726
1904	1726
3747	4070
2803	4187
1986	4187
3212	4187
980	2875
2803	2875
1717	2875
2803	4392
1856	4392
1986	4392
4273	4392
1337	3942
3212	3942
504	658
4262	550
1738	550
504	550
3921	550
2833	550
1337	550
1878	550
2326	550
1270	550
504	4262
4632	4262
2803	1738
795	1738
1856	1738
1986	1738
4635	1738
4234	1738
2261	1738
4584	2140
3011	2140
1878	2140
1023	2140
1325	4584
1878	4584
326	4584
2241	1063
3212	1063
1689	303
689	303
921	303
3843	3785
3437	3785
861	3785
2803	1546
1986	1546
3937	2880
4105	1209
3389	1209
1204	1209
2161	1209
1190	14
584	14
4611	14
2743	2427
844	3962
1369	3962
2940	3962
881	3962
4414	3962
2223	3962
939	3962
1302	844
881	844
913	844
3034	2610
1540	2610
3034	2804
3456	1290
2318	1290
115	1290
3439	3322
2318	4105
1490	4105
128	4105
3419	4105
2582	4105
3546	4105
4204	4105
829	4105
2438	4105
2614	4105
2789	4105
3963	4105
4656	4105
2363	3456
3439	3456
1496	3456
1300	3456
1592	3456
3296	3456
3929	3456
4007	3456
1542	3456
958	3456
3134	3456
3010	2318
1147	2318
2614	2318
3034	2471
1540	2471
3496	2471
152	1578
374	1578
152	4653
374	4653
1464	2944
4112	2944
4299	43
1301	2608
1506	1491
807	1800
612	1506
1567	2215
2306	2497
1429	2430
4648	2827
2034	2827
1591	2827
2034	4648
1954	3156
1302	72
1811	72
1302	554
2060	1993
4110	2275
722	2275
1632	2275
3261	2275
3034	2275
1540	2275
551	2275
66	2275
1144	2275
722	4110
1632	4110
1144	4110
1632	722
1951	722
1868	722
551	722
1144	722
1144	1632
3851	1331
4126	1331
3832	2746
39	2746
1782	2746
877	2746
3390	2746
1689	2746
346	64
1079	64
1951	452
1190	452
3086	452
1868	452
2051	452
1300	1799
3068	355
1023	355
4579	2992
3175	316
711	2167
4000	2167
4347	1566
4347	640
4347	4489
1911	1736
1567	1820
199	345
3152	345
3292	345
1900	2979
3780	2979
3079	2979
2047	2979
4321	2979
470	84
2842	1326
723	1326
30	4055
226	4055
3357	4055
3235	4055
435	4055
1584	4055
544	2990
859	2990
4112	2990
3192	2990
3	2990
1939	2310
2386	2310
4082	2310
1868	3534
3517	3534
538	142
736	2289
3773	2465
3086	104
1567	104
1161	104
1761	925
910	1579
2236	2066
4641	4405
3491	980
1715	910
1617	910
1925	3842
2424	4013
206	3493
1325	3493
1941	2087
39	3832
1782	3832
877	3832
3390	3832
2580	3832
4299	4127
25	324
59	473
616	473
1567	473
584	2666
206	3424
584	3424
3046	3424
1408	3831
1440	624
2680	1440
1499	1440
1325	1440
4413	1440
2824	238
2363	3337
1130	3337
2533	3337
3058	3337
3680	3337
3742	4347
2523	4347
1391	4347
3425	4347
2890	2363
949	2363
1868	2363
551	2363
1144	2363
1925	2363
2051	2363
3425	2363
313	2363
4527	2363
1925	491
3310	412
4423	964
2226	964
1518	1245
3984	1723
584	1723
1302	1723
1567	1723
3389	1723
1954	1723
4377	1723
4514	4641
2226	4641
1689	4641
1680	3984
1753	3350
1496	871
2719	4350
988	1464
3444	1313
807	1313
3061	482
661	4271
199	612
1925	1817
3747	4143
2326	4143
4249	3299
2600	3793
1286	1185
1270	1185
2533	2890
66	2890
1925	2890
2051	2890
4552	2890
313	2890
300	3758
300	377
300	31
2531	31
300	1677
1518	300
1982	300
3660	3635
1033	3635
470	3635
3046	3635
2047	3635
3425	3635
3791	3635
3663	3635
825	1617
4678	1951
2901	1951
1868	1951
212	1951
551	1951
17	1951
2178	1951
647	1995
1753	3877
4562	3877
2124	647
4611	647
1787	647
1130	647
3368	647
4562	647
3175	647
2047	647
3742	786
2005	786
1811	786
4562	786
1957	786
2719	4458
3601	1753
584	1190
1567	1190
1130	1190
922	1190
398	1190
4153	2274
657	2274
4571	2274
555	115
657	115
515	115
1763	3312
4153	3312
2421	3312
3152	3312
504	1763
3780	1763
3389	2139
519	4272
1567	1222
3296	1222
2424	570
562	570
2919	570
869	570
1567	570
2918	570
289	570
685	570
3573	570
3046	570
828	570
30	2424
562	2424
859	2424
1712	2424
3978	2424
289	2424
520	2424
2989	1713
289	1713
3773	2574
4666	2574
3437	2574
2326	2574
3110	2574
4666	903
3437	903
3110	903
3284	30
2642	30
3152	30
206	4662
2989	4662
4666	4662
289	4662
4047	4662
1852	4662
784	359
1712	206
2989	206
4666	206
2523	206
289	206
1001	206
589	206
4177	562
3284	562
1712	562
4666	562
289	562
4431	562
3186	2658
3444	3954
2161	3954
313	3719
874	16
1021	3742
4603	3742
3253	3742
4064	3742
4616	3742
939	3742
1782	39
877	39
3390	39
2580	39
4168	39
3997	544
782	1276
787	127
584	127
4096	127
242	127
782	127
2326	4100
877	1782
4168	1782
3536	1782
1954	1264
1221	2815
1959	2835
3425	2835
1182	504
1593	504
4632	504
2833	504
2358	504
3046	504
3416	504
2326	504
83	504
3198	504
2786	504
976	504
1076	504
1270	504
1757	504
1780	504
4533	4432
3422	1883
4403	1883
4611	1511
519	1511
1954	4674
4571	4674
3296	4674
2642	4674
2879	3362
2226	3362
3489	3315
2292	3315
685	3315
25	3315
1347	3489
1338	3489
2478	3489
3827	3489
652	3489
2119	3489
3175	4303
736	1349
3816	1349
1033	1349
2222	1867
2153	1347
1033	1347
1499	1347
2222	1347
685	1347
3641	1347
2478	1338
3000	1338
2226	1338
584	3273
59	3273
3827	3273
1957	787
3086	736
2153	584
2124	584
1033	584
1690	584
1567	584
2632	584
1183	584
3227	2478
2226	2478
4065	1648
3668	4108
161	3668
3744	3668
685	882
268	882
1183	882
1396	4228
4043	1583
3250	1519
2255	1519
4651	648
3724	648
3720	538
361	4423
1912	3139
4407	3441
3390	877
2580	877
4168	877
3827	59
874	59
1267	59
1033	3816
2918	3816
444	3816
3511	3816
4651	4131
10	4131
277	4131
1925	4131
2411	4131
388	1404
2906	833
3080	833
4064	2595
3173	4651
1283	4651
2104	4651
4205	4651
3328	4651
1160	2200
2008	2200
1001	3726
2853	3726
4473	2153
4656	107
3080	2906
1221	3444
885	3444
2894	4237
4657	4237
4248	3747
407	3747
1121	4177
2803	2098
1856	2098
828	2098
2834	4102
1337	797
1954	4389
1496	3390
247	3390
2937	3390
2530	1496
3603	1496
3080	3519
2995	935
1567	2292
3389	2292
3227	2292
4571	2292
58	2292
3296	2292
1036	2292
4204	2292
1455	2164
1058	2164
3694	2164
3416	1593
4037	3173
283	3173
699	3173
705	352
3175	4578
3773	152
1221	152
1739	152
520	152
1071	152
4354	152
3250	152
4284	4540
4191	4540
2053	4540
4611	4540
839	4540
283	4540
2619	4540
3783	4284
4191	4284
4611	4284
4611	3783
2679	4191
4611	4191
652	4191
1911	4191
1518	2124
2053	2124
1806	2124
1663	2124
652	1518
4121	1518
2676	1518
1227	1518
922	1518
4419	1518
1806	1518
1663	1518
832	1518
75	1518
235	1518
684	1518
778	1518
2408	1518
2635	1518
3851	765
4121	765
3851	2280
4121	2280
3851	2679
2763	2679
4611	2679
4673	2679
4121	2679
3851	3705
4611	3705
4121	3705
2763	3851
4611	3851
4673	3851
4121	3851
4611	2763
4121	2763
4673	4611
4121	4611
1567	4611
2940	4611
1842	4611
288	4611
685	4611
1078	4611
1401	4611
3058	4611
4121	4673
240	3843
598	3843
3538	3843
3916	3843
3437	3843
795	2803
1856	2803
1337	2803
1986	2803
1236	2803
1317	2803
3212	2803
4234	2803
4658	2201
3941	1051
3169	3526
1036	151
470	4514
3328	2414
657	1455
616	1455
1058	1455
2680	1455
1033	1455
4122	1455
1499	1455
3425	1455
616	657
1058	657
2680	657
1033	657
4122	657
1499	657
711	657
4343	657
784	657
881	657
1058	616
2680	616
1033	616
4122	616
1499	616
1954	616
2680	1058
1033	1058
1325	1058
3780	1058
3773	652
374	652
4419	652
3797	652
1442	4121
3113	3725
1033	2680
4122	2680
1499	2680
1804	2680
4122	1033
1499	1033
1567	1033
1954	1033
4047	1033
113	1033
3556	1033
1325	4122
113	4122
3828	4122
1325	1499
3780	1499
326	1499
1804	1499
113	1499
4000	711
1814	4017
83	4632
1573	4632
3341	1442
3916	1442
4248	1442
1221	1442
2719	3284
4666	3284
289	3284
3437	3284
325	3882
58	2530
3389	3541
161	3960
608	902
4244	902
835	2306
2719	874
3296	874
1286	874
1270	874
4204	874
3556	874
3826	874
1567	470
251	470
1509	470
2531	470
3916	240
3538	598
3916	598
885	598
1300	850
859	3011
113	3011
2687	4533
2533	4533
949	4533
2226	839
4406	839
3916	3538
3086	4488
3296	4488
1054	661
4343	661
2879	661
399	661
958	661
1890	661
4219	661
4261	661
3475	2020
3883	2020
3662	4276
71	1302
1130	2859
199	2859
1221	2676
199	2676
1954	2196
692	3034
1540	3034
825	3034
1924	3034
435	1637
1567	226
3086	3813
1567	3813
859	3813
298	3813
399	3813
906	3086
1567	3086
2171	3086
1665	3086
2895	3086
1954	3086
4086	3086
2192	4665
692	4665
859	4665
2895	4665
3629	4665
692	2192
859	2192
2895	2192
1567	906
298	906
2171	1567
1540	1567
4047	1567
2632	1567
517	1567
1242	1567
2749	1567
3727	1567
1584	1366
3794	1366
1286	859
28	1665
164	1665
3475	1665
3629	2895
913	133
825	1540
2955	3389
60	3389
750	3389
2523	3389
2632	3389
2173	3389
1078	3389
4205	3389
2619	3389
60	2955
1300	55
1868	55
3227	750
110	750
4427	2035
58	2035
2580	2035
2687	4678
1502	4678
3665	4678
2703	4678
227	420
227	1515
326	1515
901	1515
1337	2241
1811	2241
277	4036
3437	4647
2943	271
283	271
3235	1300
1270	1300
2051	1300
347	128
689	128
3839	2188
789	1900
2911	1900
2226	2934
487	247
685	247
628	247
3198	247
1194	247
2552	247
3328	247
885	3916
374	3773
1878	3773
1687	3773
1748	3773
1227	1054
3425	1054
4589	1054
3175	3445
1811	569
3068	569
3328	569
2632	3227
685	3227
3511	3227
3328	3227
1954	3598
3425	3598
3636	3615
3663	3615
212	1814
2358	1814
3274	1104
85	1104
743	1104
2329	1104
4380	1104
3346	4037
724	2225
2989	1954
4571	1954
2842	1954
3013	1954
3016	1954
3153	1954
4198	1954
3080	1954
1712	1227
2989	1227
4666	1227
289	1227
3110	1227
3732	1227
881	1369
2223	1369
3998	1369
2888	2940
4273	3937
2989	1712
3437	1712
3110	1712
2989	3092
4666	3092
3437	3092
3110	3092
4666	2989
2842	2989
3437	2989
1890	2989
4542	2989
4082	2901
17	2901
357	2901
4047	4571
1371	4571
2850	4571
347	1121
589	1121
524	1121
4603	4666
435	4666
3437	4666
3296	4666
3990	4666
4248	784
407	4248
4419	4248
4335	407
4657	2894
1752	2894
2642	4603
1584	1057
2753	1057
3845	3419
3590	3419
3296	3845
3590	3845
2047	2523
2642	2523
667	2842
2223	2842
2223	881
2004	881
3296	4414
388	4414
699	4414
3686	2077
3038	2077
3038	3686
4244	2048
1221	2060
927	2060
2888	2060
2977	2060
4640	2060
832	3978
3471	4427
58	4427
2580	4427
3107	4176
3422	3743
1183	1130
1957	1130
1542	4455
890	4455
4023	1325
1032	1325
4064	1325
1878	1325
326	1325
4413	1325
2611	1325
1032	4023
227	4023
2916	4023
1986	1337
3186	1337
283	1337
1270	1337
2916	227
374	227
326	227
2017	227
3250	227
2017	2916
1739	1221
374	1221
4354	1221
4141	1221
2173	1221
2125	1221
1152	1221
2540	1221
3250	1221
921	1221
132	1221
1443	1221
1658	1221
1854	1221
1928	1221
2379	1221
2605	1221
3307	1221
3528	1221
3750	1221
3772	1221
3869	1221
3910	1221
3990	1221
374	1739
4354	1739
520	374
1071	374
4354	374
3250	374
3296	2937
169	2937
3437	440
949	2687
1868	2687
551	2687
958	2687
2051	2687
313	2687
4527	2687
2503	2845
3296	946
1270	946
3068	1986
515	2879
724	2879
4047	2222
4413	2222
4354	1071
3296	2086
3929	3235
3203	3235
682	3235
970	3235
1361	3235
1670	3235
3278	3235
388	4064
2307	4064
2449	4064
1452	4064
229	2005
1868	2533
551	2533
1542	2533
1144	2533
958	2533
1925	2533
2051	2533
313	2533
807	435
1183	435
4411	435
2614	435
2865	435
667	807
3425	4047
3826	4047
2214	1141
3110	3437
2642	3437
2226	418
1396	108
981	108
685	3384
4560	3384
268	3384
1183	3384
1796	2237
1001	3780
519	3780
825	3780
283	861
4251	861
4082	861
2209	283
583	283
83	283
2284	283
1868	949
1144	949
2051	949
3915	949
4527	949
1262	4348
2255	10
2580	58
2226	58
4168	2580
113	922
1878	3258
326	3258
3404	3258
1806	4419
1663	4419
326	1878
3512	1878
921	326
2325	3160
3296	2632
4403	147
1771	3296
1950	3296
2572	3296
717	3296
4204	3296
1371	3296
2927	3296
166	3296
277	3296
399	3296
517	3296
524	3296
525	3296
1411	3296
1698	3296
1875	3296
1957	3296
2099	3296
2421	3296
2434	3296
3425	3296
3511	3296
2619	3296
2753	3296
4234	3296
4328	264
3662	1663
3046	685
2326	685
268	685
1183	685
3828	685
1144	4499
4527	4499
2047	4522
825	4522
3680	1771
3239	2223
4524	2223
3691	2380
3491	2380
2321	2380
610	2125
4086	4562
1535	3929
4337	1868
1502	1868
3569	1868
4552	1868
4656	2751
3491	3691
2468	3491
3755	298
3663	2395
66	4235
2011	2017
4431	3998
1226	212
1819	212
1846	212
1880	212
1947	212
2284	212
2350	212
3889	3257
3175	1001
4478	3269
2378	1078
3425	1078
239	551
4387	551
958	551
2051	551
4552	551
4527	551
4325	4579
83	1286
689	2226
3826	2226
2378	3573
118	3573
813	3573
2517	3573
3828	3573
4616	3573
1875	4129
2378	1804
1525	1804
767	689
1636	705
2038	705
67	66
1175	66
3278	66
3553	66
1525	113
3416	2358
2326	2358
1270	2358
2326	3046
1270	3046
2326	3313
2326	3416
1036	3416
1270	3416
399	3416
3198	2326
2786	2326
976	2326
1076	2326
2817	2326
4073	2326
1270	83
1270	3198
1270	976
4486	1036
1270	1076
1757	1270
1516	1270
2373	1270
1175	2475
1524	1147
1741	1147
3192	4112
782	913
2421	1704
460	3175
1148	3175
1183	4560
4337	1980
1748	268
3425	1183
2521	3404
3203	3404
4657	3404
3203	2521
2386	1939
4082	1939
3	3192
4082	2386
4234	2386
3012	4657
1310	4657
3080	752
1631	1542
4552	1542
4575	3782
3915	1144
4204	4205
4242	4204
3990	1371
3061	2378
3328	5
1023	25
558	42
2752	53
3662	1852
342	3250
388	921
3662	921
4092	148
2327	158
2047	165
1335	236
398	279
3448	361
3278	371
2189	388
1780	2047
2426	2047
3511	2047
3680	2047
3663	2047
3669	455
2303	460
4327	460
3176	461
810	468
3401	480
4403	519
1925	537
1956	548
2051	548
1668	558
1023	588
3134	608
4552	608
691	613
2622	656
1262	693
1698	699
4638	726
1358	825
1957	825
3425	825
2161	828
2434	829
2284	901
2038	927
1120	931
2051	958
2189	977
3400	983
1262	1011
4249	1028
1777	1047
2327	1115
4527	1146
4025	1155
2968	1243
2356	1329
2172	1391
2749	1391
4403	1394
4301	1409
4569	1418
2051	1502
4527	1502
2373	1507
2021	1584
4394	1584
3821	1584
1621	1584
2753	1584
3663	1584
3496	1616
4157	1636
4403	1674
3652	1717
2921	1756
2755	1904
1956	1925
4552	1925
4527	1925
2131	1947
3853	1947
3425	1957
3061	1958
3662	2004
3794	2021
3553	2051
3915	2051
4552	2051
313	2051
4527	2051
3212	2100
3665	2100
4552	3794
3821	3794
1621	3794
2753	3794
3663	3794
3080	3794
3662	2127
3884	2180
2968	2229
3025	2421
3908	2449
2619	2642
3662	2686
3425	2781
2903	2790
3061	2790
3425	3556
3089	3425
3511	3425
4536	3425
3397	2863
3908	2865
3662	2970
3662	3100
4552	3134
4569	3239
4656	3239
3906	3278
1452	3451
3791	3590
4527	1205
4033	3662
3826	3680
4403	3680
4441	3852
4004	3889
4527	3915
4527	4552
4640	4219
4234	724
4622	4349
3663	2753
