4	337
4	1445
12	123
12	656
12	1205
12	1224
21	537
22	992
23	104
23	372
23	671
23	1421
24	680
24	1039
24	1275
26	574
26	695
26	819
26	1017
26	1309
26	1432
28	547
28	887
28	1051
30	46
30	105
30	119
30	144
30	161
30	223
30	238
30	326
30	334
30	369
30	421
30	576
30	587
30	690
30	888
30	901
30	996
30	1009
30	1086
30	1093
30	1182
30	1253
30	1309
30	1398
30	1439
31	1337
32	112
35	65
35	168
35	227
35	348
35	442
35	452
35	568
35	681
35	863
35	970
35	1131
35	1187
35	1366
36	52
36	155
36	202
36	203
36	373
36	419
36	478
36	479
36	488
36	574
36	635
36	644
36	780
36	819
36	864
36	908
36	914
36	925
36	940
36	974
36	1026
36	1054
36	1109
36	1161
36	1170
36	1230
36	1309
36	1450
39	159
39	310
39	333
39	614
39	861
39	1022
39	1072
39	1108
39	1225
39	1326
41	1516
46	70
46	105
46	119
46	140
46	144
46	155
46	202
46	203
46	223
46	334
46	361
46	369
46	373
46	419
46	478
46	515
46	563
46	574
46	576
46	635
46	639
46	644
46	645
46	780
46	785
46	819
46	864
46	901
46	908
46	914
46	925
46	974
46	989
46	1026
46	1054
46	1086
46	1090
46	1093
46	1098
46	1109
46	1134
46	1170
46	1182
46	1309
46	1419
46	1432
48	1100
50	342
50	512
50	1134
50	1411
51	96
51	251
51	290
51	598
51	637
51	817
51	1101
51	1105
51	1232
51	1244
51	1389
51	1414
52	202
52	203
52	373
52	419
52	478
52	479
52	488
52	574
52	583
52	635
52	780
52	813
52	819
52	864
52	914
52	974
52	1026
52	1054
52	1109
52	1161
52	1170
52	1230
52	1309
54	969
55	818
57	626
59	235
59	998
60	392
60	516
60	809
65	97
65	168
65	227
65	348
65	442
65	452
65	556
65	568
65	681
65	863
65	970
65	1044
65	1131
65	1187
65	1333
65	1366
65	1438
70	266
70	365
70	1098
70	1213
70	1309
70	1406
70	1446
73	1276
73	1324
73	1346
75	710
75	1130
75	1251
75	1429
76	994
78	281
78	717
78	884
78	992
78	1268
79	202
79	696
79	713
82	1478
85	561
85	1385
86	260
91	99
91	225
95	288
95	1446
96	251
96	290
96	417
96	598
96	637
96	817
96	824
96	1101
96	1105
96	1232
96	1244
96	1341
96	1389
96	1414
97	568
97	1366
99	225
104	1421
105	119
105	140
105	155
105	203
105	223
105	361
105	369
105	373
105	419
105	574
105	576
105	639
105	785
105	819
105	864
105	908
105	914
105	925
105	966
105	989
105	996
105	1054
105	1090
105	1109
105	1161
105	1170
105	1182
105	1199
105	1230
105	1309
105	1341
105	1406
105	1419
107	121
107	170
107	410
107	491
107	580
107	653
107	1209
107	1335
111	315
111	331
111	350
111	603
111	820
111	1000
111	1391
112	821
118	328
118	466
118	523
118	873
118	876
118	1343
118	1365
119	223
119	369
119	854
119	1086
119	1093
119	1182
119	1199
119	1309
119	1434
119	1439
121	170
121	410
121	491
121	580
121	653
121	1209
121	1335
123	377
123	656
123	1205
128	489
128	539
128	1012
128	1051
128	1298
128	1304
130	627
130	1431
131	261
131	468
131	641
131	1075
136	416
138	576
140	203
140	515
140	597
140	645
140	785
140	1134
140	1309
140	1419
142	152
144	223
144	238
144	326
144	421
144	901
144	1093
144	1134
144	1182
144	1439
145	668
145	808
145	811
145	981
153	1039
155	202
155	203
155	223
155	361
155	373
155	419
155	478
155	574
155	635
155	639
155	644
155	780
155	785
155	786
155	819
155	864
155	908
155	914
155	925
155	940
155	974
155	989
155	1026
155	1054
155	1096
155	1109
155	1161
155	1170
155	1182
155	1230
155	1231
155	1309
155	1341
155	1349
155	1423
155	1450
157	212
157	578
157	594
157	1208
157	1284
157	1290
159	310
159	333
159	614
159	861
159	1022
159	1072
159	1108
159	1192
159	1326
161	223
161	334
161	369
161	421
161	576
161	587
161	690
161	888
161	901
161	1009
161	1086
161	1093
161	1164
161	1182
161	1439
162	1445
168	227
168	348
168	442
168	452
168	681
168	863
168	970
168	1131
168	1187
168	1366
170	410
170	491
170	580
170	653
170	1209
170	1335
172	1275
174	642
174	1152
176	457
176	759
182	828
182	997
185	1432
186	760
191	206
191	597
191	1063
191	1448
191	1481
196	745
202	203
202	361
202	373
202	419
202	478
202	479
202	488
202	574
202	635
202	644
202	646
202	695
202	780
202	785
202	786
202	819
202	862
202	864
202	908
202	914
202	925
202	974
202	989
202	1026
202	1054
202	1096
202	1109
202	1134
202	1161
202	1170
202	1230
202	1272
202	1279
202	1309
202	1349
202	1358
202	1411
202	1432
202	1441
202	1450
203	361
203	373
203	393
203	419
203	437
203	478
203	479
203	515
203	559
203	574
203	583
203	635
203	639
203	644
203	645
203	780
203	785
203	819
203	864
203	908
203	914
203	925
203	974
203	989
203	1026
203	1054
203	1096
203	1109
203	1161
203	1170
203	1230
203	1309
203	1341
203	1406
203	1419
203	1450
205	312
205	556
205	681
205	702
205	863
205	970
205	1044
206	1063
206	1448
206	1481
211	370
212	578
212	594
212	1208
212	1284
212	1290
212	1514
213	866
214	504
214	508
214	954
217	552
220	295
220	535
220	723
220	834
220	1360
222	473
222	485
222	643
222	650
222	692
222	706
222	708
222	856
222	1073
223	326
223	334
223	369
223	421
223	576
223	587
223	888
223	901
223	1086
223	1093
223	1182
223	1253
223	1309
223	1367
223	1439
227	348
227	863
227	1187
227	1366
228	1477
229	1016
229	1216
229	1277
232	1064
232	1132
235	998
236	664
236	1141
245	298
245	837
245	885
248	412
248	514
251	290
251	417
251	598
251	637
251	817
251	1101
251	1105
251	1232
251	1244
251	1341
251	1389
251	1414
256	512
256	654
256	862
256	893
256	908
256	909
256	914
256	1078
256	1134
256	1159
256	1230
256	1272
256	1342
256	1358
256	1398
256	1411
256	1419
259	642
261	641
266	1098
266	1309
267	1275
268	552
269	654
269	691
269	893
269	908
269	1194
269	1411
269	1450
272	682
272	831
272	1351
273	523
273	1365
274	620
274	847
274	945
279	719
281	717
285	291
285	624
285	630
285	921
285	1033
285	1070
285	1123
285	1451
290	598
290	637
290	817
290	1101
290	1105
290	1232
290	1244
290	1389
290	1414
291	624
291	630
291	666
291	921
291	1123
291	1451
295	472
295	723
295	768
295	834
295	847
295	1360
298	837
298	885
298	894
303	328
303	523
303	547
303	1365
306	495
306	695
306	1079
306	1352
310	333
310	614
310	861
310	1022
310	1072
310	1108
310	1225
310	1326
311	432
311	484
311	524
311	709
311	1226
311	1386
312	556
312	681
312	702
312	970
315	331
315	350
315	603
315	820
315	1000
315	1391
324	1508
326	744
326	888
326	1182
326	1309
326	1439
327	812
327	840
327	874
327	929
327	972
327	1079
327	1206
328	873
328	876
328	1075
331	350
331	603
331	820
331	1000
331	1391
332	650
333	614
333	861
333	1022
333	1072
333	1108
333	1225
333	1326
334	355
334	369
334	400
334	421
334	576
334	587
334	690
334	888
334	901
334	1009
334	1086
334	1093
334	1164
334	1182
334	1439
337	466
337	553
337	1002
337	1445
341	391
341	553
341	665
341	666
341	1184
341	1350
345	452
345	863
345	1483
346	744
348	442
348	452
348	681
348	863
348	970
348	1131
348	1187
348	1366
350	603
350	820
350	1391
355	400
355	587
355	690
355	1086
356	554
356	565
356	1252
356	1327
356	1347
356	1418
356	1512
359	871
361	373
361	478
361	574
361	635
361	644
361	646
361	780
361	785
361	819
361	864
361	908
361	925
361	940
361	989
361	1026
361	1054
361	1109
361	1161
361	1309
361	1419
361	1441
361	1450
362	412
362	436
362	514
363	746
365	1098
365	1213
365	1341
369	421
369	529
369	576
369	587
369	690
369	888
369	901
369	1009
369	1086
369	1093
369	1164
369	1182
369	1309
369	1439
370	910
370	1459
370	1471
372	671
372	1421
373	419
373	478
373	479
373	488
373	574
373	635
373	639
373	644
373	780
373	785
373	819
373	864
373	893
373	908
373	914
373	925
373	940
373	974
373	1007
373	1026
373	1054
373	1096
373	1109
373	1134
373	1159
373	1161
373	1170
373	1178
373	1230
373	1272
373	1309
373	1411
373	1432
373	1441
373	1450
374	889
374	1056
374	1313
377	656
377	1205
385	887
386	1510
388	952
388	1058
388	1190
389	1497
391	466
391	553
391	665
391	666
391	1184
391	1350
392	648
392	809
392	1071
395	615
395	783
395	990
396	448
397	558
397	1371
397	1463
398	1468
400	587
400	690
400	1086
408	1091
408	1269
410	491
410	580
410	653
410	1209
410	1335
412	436
412	514
415	464
417	1414
418	729
419	478
419	479
419	488
419	574
419	583
419	635
419	644
419	780
419	785
419	819
419	864
419	908
419	914
419	925
419	940
419	974
419	989
419	1026
419	1054
419	1096
419	1109
419	1161
419	1170
419	1230
419	1309
419	1349
419	1432
419	1450
421	576
421	587
421	690
421	888
421	901
421	1009
421	1086
421	1093
421	1182
421	1309
421	1439
422	834
422	964
422	1319
424	920
424	1418
424	1445
425	483
425	625
425	1057
431	640
432	524
432	1226
433	674
433	878
433	1321
436	514
437	940
437	1019
437	1109
439	965
442	681
442	863
442	1187
444	630
445	902
447	486
447	1156
447	1486
452	515
452	520
452	556
452	568
452	681
452	863
452	970
452	1044
452	1114
452	1187
452	1333
452	1366
452	1438
452	1483
457	759
462	952
466	511
466	553
466	665
466	920
466	1042
466	1186
466	1350
466	1418
466	1445
466	1502
467	535
468	641
468	1075
472	535
472	834
472	847
472	945
473	485
473	643
473	650
473	692
473	708
473	856
478	488
478	574
478	635
478	644
478	646
478	780
478	785
478	786
478	819
478	864
478	908
478	914
478	925
478	940
478	974
478	989
478	996
478	1026
478	1054
478	1096
478	1109
478	1161
478	1170
478	1230
478	1231
478	1279
478	1309
478	1341
478	1423
478	1432
478	1441
478	1450
479	488
479	574
479	583
479	780
479	914
479	974
479	1026
479	1109
479	1170
483	625
483	1057
484	524
484	709
484	1226
484	1386
485	643
485	650
485	692
485	708
485	856
486	1156
486	1486
488	635
488	780
488	974
488	1026
488	1054
488	1109
488	1170
488	1230
488	1231
489	539
489	576
489	1012
489	1051
489	1103
489	1298
489	1304
491	580
491	653
491	1209
491	1335
494	554
494	1252
494	1327
495	1079
495	1352
504	508
504	954
507	525
507	869
507	1307
508	954
510	629
511	1502
512	654
512	691
512	862
512	909
512	1078
512	1134
512	1159
512	1272
512	1342
512	1358
512	1398
512	1411
512	1419
514	540
515	520
515	595
515	681
515	785
515	863
515	1093
515	1182
515	1207
515	1309
515	1367
515	1419
515	1483
520	681
520	863
520	879
520	970
520	1044
520	1114
520	1483
522	1442
523	873
523	1365
524	709
524	1226
524	1386
525	869
525	1307
528	1202
535	712
535	834
535	847
535	945
535	1320
537	1293
538	600
539	1012
539	1051
539	1298
539	1304
541	1514
545	1376
546	682
546	831
547	887
548	1088
551	908
551	1300
553	665
553	1002
553	1184
553	1350
553	1445
554	565
554	1252
554	1327
554	1347
554	1418
554	1512
556	681
556	702
556	863
556	970
556	1044
558	1025
558	1371
558	1463
559	780
559	819
559	864
559	974
561	1385
563	1134
563	1199
565	1252
565	1327
565	1512
568	681
568	863
568	1366
574	635
574	639
574	644
574	780
574	785
574	819
574	864
574	893
574	908
574	914
574	925
574	940
574	989
574	996
574	1017
574	1026
574	1054
574	1096
574	1109
574	1134
574	1159
574	1161
574	1170
574	1178
574	1182
574	1230
574	1309
574	1340
574	1341
574	1349
574	1411
574	1419
574	1423
574	1432
574	1441
574	1450
576	587
576	959
576	1009
576	1086
576	1093
576	1134
576	1182
576	1298
576	1304
576	1309
576	1439
578	594
578	1208
578	1284
578	1290
580	653
580	1209
580	1335
583	780
583	974
583	1054
583	1109
587	690
587	901
587	1086
587	1093
587	1182
587	1439
590	1227
590	1247
594	1208
594	1284
594	1290
594	1514
597	645
597	785
597	1341
598	637
598	817
598	1101
598	1105
598	1232
598	1389
598	1414
602	648
603	820
603	1000
603	1391
605	841
605	858
614	861
614	1022
614	1108
615	783
615	990
617	1186
617	1250
620	945
624	653
624	666
624	921
624	1123
624	1209
624	1451
625	1057
627	739
627	1431
628	1041
630	1033
630	1070
630	1123
634	657
634	761
634	1514
635	644
635	780
635	785
635	819
635	864
635	908
635	925
635	974
635	989
635	1026
635	1054
635	1096
635	1109
635	1161
635	1309
635	1432
635	1441
635	1450
637	817
637	1101
637	1105
637	1232
637	1244
637	1341
637	1389
637	1414
638	865
639	785
639	819
639	864
639	989
639	1054
639	1309
639	1340
641	1075
642	1152
643	650
643	692
643	708
643	856
644	780
644	785
644	819
644	864
644	874
644	908
644	914
644	925
644	1026
644	1054
644	1096
644	1109
644	1161
644	1309
644	1432
644	1441
645	785
645	819
645	908
645	1309
645	1419
646	654
646	864
646	908
646	996
646	1109
646	1134
646	1161
646	1309
646	1411
646	1432
646	1450
646	1514
647	1318
648	809
648	847
648	945
650	692
650	708
650	856
652	1445
653	1209
653	1335
654	691
654	862
654	893
654	908
654	909
654	1027
654	1078
654	1134
654	1159
654	1194
654	1272
654	1342
654	1358
654	1398
654	1411
654	1419
656	1205
656	1224
657	962
657	1200
664	914
665	1184
665	1350
666	921
666	1123
666	1350
666	1451
668	808
668	981
671	1421
673	1211
674	1304
675	1347
675	1512
676	1427
678	681
681	702
681	863
681	879
681	970
681	1044
681	1114
681	1187
681	1333
681	1366
681	1438
681	1483
682	831
682	1351
685	1181
690	901
690	1086
690	1439
691	893
691	909
691	1078
691	1134
691	1159
691	1194
691	1272
691	1342
691	1358
691	1411
692	708
692	856
695	1017
695	1096
695	1352
696	713
702	970
702	1044
706	1073
708	856
708	945
709	1226
709	1386
710	1130
710	1251
710	1429
712	1320
715	868
715	1319
717	884
723	768
723	1360
731	835
733	1444
734	1351
739	1431
743	1506
744	1134
745	1115
758	1287
761	819
761	1090
768	1360
775	1179
775	1215
775	1373
775	1489
775	1512
780	785
780	819
780	864
780	908
780	914
780	925
780	940
780	974
780	989
780	1026
780	1054
780	1096
780	1109
780	1161
780	1170
780	1230
780	1231
780	1309
780	1341
780	1349
780	1432
780	1441
780	1450
784	1041
785	786
785	819
785	864
785	908
785	914
785	925
785	940
785	989
785	1026
785	1054
785	1090
785	1109
785	1161
785	1170
785	1309
785	1341
785	1406
785	1419
785	1432
786	819
786	864
786	1096
786	1309
788	1087
796	1371
797	829
797	1285
808	811
808	981
809	866
809	990
812	840
812	874
812	929
812	972
812	1079
812	1206
817	1101
817	1105
817	1232
817	1244
817	1389
817	1414
819	864
819	908
819	914
819	925
819	974
819	989
819	1026
819	1054
819	1086
819	1090
819	1096
819	1109
819	1161
819	1170
819	1182
819	1230
819	1231
819	1309
819	1341
819	1419
819	1441
819	1514
820	1000
820	1391
824	1389
824	1414
828	997
829	1134
829	1159
829	1285
829	1398
831	1351
834	847
834	1071
837	885
837	894
839	1339
840	874
840	929
840	972
840	1206
841	858
841	918
841	1319
843	1195
845	962
847	945
847	1327
854	1199
855	880
855	1179
855	1189
855	1343
855	1347
855	1489
855	1512
861	1022
861	1072
861	1108
862	893
862	908
862	909
862	914
862	949
862	1078
862	1134
862	1159
862	1272
862	1342
862	1358
862	1411
862	1419
863	970
863	1044
863	1114
863	1187
863	1333
863	1366
863	1438
863	1483
864	908
864	914
864	925
864	974
864	989
864	1007
864	1026
864	1054
864	1096
864	1109
864	1161
864	1170
864	1182
864	1230
864	1231
864	1309
864	1423
864	1432
864	1441
864	1450
866	918
866	1443
868	1319
869	1110
873	1075
873	1365
874	929
874	972
874	1079
874	1206
876	1075
880	1179
880	1189
880	1343
880	1347
880	1489
880	1512
881	975
881	1355
881	1446
887	1095
887	1165
888	901
888	1009
888	1086
888	1093
888	1182
888	1309
889	1056
889	1313
893	908
893	909
893	914
893	1134
893	1159
893	1272
893	1309
893	1342
893	1411
893	1419
893	1432
898	1221
898	1499
901	1009
901	1086
901	1182
901	1439
908	909
908	914
908	925
908	949
908	1017
908	1026
908	1054
908	1096
908	1109
908	1134
908	1159
908	1161
908	1178
908	1182
908	1230
908	1272
908	1279
908	1309
908	1342
908	1358
908	1398
908	1411
908	1419
908	1432
908	1441
908	1450
909	914
909	1027
909	1078
909	1134
909	1159
909	1272
909	1342
909	1358
909	1411
909	1419
909	1432
910	1471
914	925
914	949
914	974
914	989
914	1017
914	1026
914	1054
914	1109
914	1134
914	1161
914	1170
914	1182
914	1230
914	1272
914	1279
914	1309
914	1341
914	1342
914	1411
914	1419
914	1432
914	1441
918	962
920	1203
920	1418
920	1445
921	1123
921	1451
925	940
925	945
925	974
925	989
925	1026
925	1054
925	1096
925	1109
925	1161
925	1170
925	1178
925	1182
925	1230
925	1309
925	1349
925	1432
925	1441
925	1450
929	972
929	1079
929	1206
935	1516
939	1004
939	1122
940	1026
940	1054
940	1161
940	1178
940	1309
940	1432
940	1450
945	1071
945	1327
949	1272
949	1419
952	1058
952	1190
954	1510
957	1285
960	1498
961	994
962	1319
962	1419
964	1157
966	1170
970	1044
970	1187
970	1333
970	1366
970	1438
972	1026
972	1079
972	1206
973	989
974	1026
974	1054
974	1109
974	1161
974	1170
974	1231
974	1260
975	1355
975	1446
984	1411
984	1450
986	1124
988	1337
989	1026
989	1054
989	1109
989	1161
989	1182
989	1230
989	1260
989	1441
989	1450
992	1139
992	1392
996	1037
996	1090
996	1109
996	1199
996	1302
996	1309
996	1450
1000	1391
1001	1142
1003	1236
1004	1122
1008	1304
1009	1086
1009	1182
1009	1439
1012	1298
1012	1304
1016	1216
1017	1054
1017	1134
1017	1419
1017	1432
1022	1072
1022	1108
1022	1225
1022	1326
1026	1054
1026	1079
1026	1096
1026	1109
1026	1134
1026	1161
1026	1170
1026	1182
1026	1230
1026	1309
1026	1419
1026	1432
1026	1441
1026	1450
1027	1078
1027	1134
1027	1159
1027	1272
1027	1342
1027	1411
1027	1419
1027	1432
1027	1501
1029	1108
1033	1070
1033	1123
1037	1309
1042	1445
1044	1114
1044	1333
1044	1366
1044	1438
1044	1483
1051	1298
1051	1304
1054	1096
1054	1109
1054	1134
1054	1159
1054	1161
1054	1170
1054	1178
1054	1230
1054	1279
1054	1309
1054	1341
1054	1349
1054	1411
1054	1423
1054	1432
1054	1441
1054	1450
1056	1313
1058	1190
1063	1448
1063	1481
1064	1132
1066	1418
1067	1216
1068	1071
1070	1123
1071	1327
1072	1108
1072	1225
1072	1326
1075	1418
1078	1134
1078	1159
1078	1272
1078	1342
1078	1358
1078	1398
1078	1411
1079	1352
1082	1276
1086	1093
1086	1164
1086	1182
1086	1309
1086	1439
1090	1309
1090	1514
1091	1269
1093	1164
1093	1182
1093	1253
1093	1309
1093	1439
1096	1109
1096	1161
1096	1230
1096	1309
1096	1341
1096	1423
1096	1432
1096	1450
1097	1109
1098	1213
1098	1341
1098	1406
1101	1105
1101	1232
1101	1389
1101	1414
1103	1298
1103	1304
1105	1232
1105	1244
1105	1414
1107	1449
1109	1161
1109	1170
1109	1182
1109	1230
1109	1231
1109	1309
1109	1432
1109	1441
1114	1483
1123	1451
1130	1251
1130	1429
1131	1187
1134	1159
1134	1161
1134	1182
1134	1272
1134	1279
1134	1309
1134	1342
1134	1358
1134	1398
1134	1411
1134	1419
1134	1432
1134	1441
1139	1392
1155	1510
1156	1486
1159	1272
1159	1342
1159	1358
1159	1398
1159	1411
1159	1419
1159	1432
1159	1441
1161	1170
1161	1230
1161	1260
1161	1279
1161	1309
1161	1341
1161	1423
1161	1432
1161	1441
1161	1450
1170	1230
1170	1309
1170	1474
1175	1502
1179	1189
1179	1215
1179	1343
1179	1347
1179	1373
1179	1489
1179	1512
1180	1289
1182	1309
1182	1367
1182	1406
1182	1432
1182	1439
1184	1350
1187	1366
1189	1343
1189	1347
1189	1489
1189	1512
1194	1411
1199	1302
1199	1434
1203	1445
1205	1224
1206	1336
1208	1242
1208	1284
1208	1290
1209	1335
1215	1347
1215	1373
1215	1489
1215	1512
1221	1499
1226	1386
1227	1247
1230	1279
1230	1309
1230	1341
1230	1342
1230	1419
1230	1450
1232	1244
1232	1341
1232	1389
1232	1414
1242	1284
1242	1290
1244	1414
1245	1280
1251	1429
1252	1327
1252	1347
1252	1418
1252	1512
1253	1439
1271	1491
1272	1342
1272	1358
1272	1398
1272	1411
1272	1419
1272	1432
1276	1324
1276	1346
1279	1342
1279	1423
1279	1432
1284	1290
1298	1304
1309	1367
1309	1406
1309	1419
1309	1432
1309	1439
1309	1441
1309	1450
1319	1327
1320	1445
1327	1347
1327	1418
1327	1512
1333	1438
1341	1406
1341	1414
1341	1450
1342	1358
1342	1398
1342	1411
1342	1419
1343	1347
1343	1489
1343	1512
1347	1373
1347	1418
1347	1489
1347	1512
1355	1446
1358	1398
1358	1411
1358	1419
1358	1432
1366	1438
1371	1463
1373	1489
1373	1512
1389	1414
1398	1411
1398	1432
1411	1419
1411	1432
1411	1450
1418	1445
1418	1512
1419	1432
1419	1450
1423	1450
1432	1441
1438	1483
1439	1490
1448	1481
1489	1512
337	4
1445	4
123	12
656	12
1205	12
1224	12
537	21
992	22
104	23
372	23
671	23
1421	23
680	24
1039	24
1275	24
574	26
695	26
819	26
1017	26
1309	26
1432	26
547	28
887	28
1051	28
46	30
105	30
119	30
144	30
161	30
223	30
238	30
326	30
334	30
369	30
421	30
576	30
587	30
690	30
888	30
901	30
996	30
1009	30
1086	30
1093	30
1182	30
1253	30
1309	30
1398	30
1439	30
1337	31
112	32
65	35
168	35
227	35
348	35
442	35
452	35
568	35
681	35
863	35
970	35
1131	35
1187	35
1366	35
52	36
155	36
202	36
203	36
373	36
419	36
478	36
479	36
488	36
574	36
635	36
644	36
780	36
819	36
864	36
908	36
914	36
925	36
940	36
974	36
1026	36
1054	36
1109	36
1161	36
1170	36
1230	36
1309	36
1450	36
159	39
310	39
333	39
614	39
861	39
1022	39
1072	39
1108	39
1225	39
1326	39
1516	41
70	46
105	46
119	46
140	46
144	46
155	46
202	46
203	46
223	46
334	46
361	46
369	46
373	46
419	46
478	46
515	46
563	46
574	46
576	46
635	46
639	46
644	46
645	46
780	46
785	46
819	46
864	46
901	46
908	46
914	46
925	46
974	46
989	46
1026	46
1054	46
1086	46
1090	46
1093	46
1098	46
1109	46
1134	46
1170	46
1182	46
1309	46
1419	46
1432	46
1100	48
342	50
512	50
1134	50
1411	50
96	51
251	51
290	51
598	51
637	51
817	51
1101	51
1105	51
1232	51
1244	51
1389	51
1414	51
202	52
203	52
373	52
419	52
478	52
479	52
488	52
574	52
583	52
635	52
780	52
813	52
819	52
864	52
914	52
974	52
1026	52
1054	52
1109	52
1161	52
1170	52
1230	52
1309	52
969	54
818	55
626	57
235	59
998	59
392	60
516	60
809	60
97	65
168	65
227	65
348	65
442	65
452	65
556	65
568	65
681	65
863	65
970	65
1044	65
1131	65
1187	65
1333	65
1366	65
1438	65
266	70
365	70
1098	70
1213	70
1309	70
1406	70
1446	70
1276	73
1324	73
1346	73
710	75
1130	75
1251	75
1429	75
994	76
281	78
717	78
884	78
992	78
1268	78
202	79
696	79
713	79
1478	82
561	85
1385	85
260	86
99	91
225	91
288	95
1446	95
251	96
290	96
417	96
598	96
637	96
817	96
824	96
1101	96
1105	96
1232	96
1244	96
1341	96
1389	96
1414	96
568	97
1366	97
225	99
1421	104
119	105
140	105
155	105
203	105
223	105
361	105
369	105
373	105
419	105
574	105
576	105
639	105
785	105
819	105
864	105
908	105
914	105
925	105
966	105
989	105
996	105
1054	105
1090	105
1109	105
1161	105
1170	105
1182	105
1199	105
1230	105
1309	105
1341	105
1406	105
1419	105
121	107
170	107
410	107
491	107
580	107
653	107
1209	107
1335	107
315	111
331	111
350	111
603	111
820	111
1000	111
1391	111
821	112
328	118
466	118
523	118
873	118
876	118
1343	118
1365	118
223	119
369	119
854	119
1086	119
1093	119
1182	119
1199	119
1309	119
1434	119
1439	119
170	121
410	121
491	121
580	121
653	121
1209	121
1335	121
377	123
656	123
1205	123
489	128
539	128
1012	128
1051	128
1298	128
1304	128
627	130
1431	130
261	131
468	131
641	131
1075	131
416	136
576	138
203	140
515	140
597	140
645	140
785	140
1134	140
1309	140
1419	140
152	142
223	144
238	144
326	144
421	144
901	144
1093	144
1134	144
1182	144
1439	144
668	145
808	145
811	145
981	145
1039	153
202	155
203	155
223	155
361	155
373	155
419	155
478	155
574	155
635	155
639	155
644	155
780	155
785	155
786	155
819	155
864	155
908	155
914	155
925	155
940	155
974	155
989	155
1026	155
1054	155
1096	155
1109	155
1161	155
1170	155
1182	155
1230	155
1231	155
1309	155
1341	155
1349	155
1423	155
1450	155
212	157
578	157
594	157
1208	157
1284	157
1290	157
310	159
333	159
614	159
861	159
1022	159
1072	159
1108	159
1192	159
1326	159
223	161
334	161
369	161
421	161
576	161
587	161
690	161
888	161
901	161
1009	161
1086	161
1093	161
1164	161
1182	161
1439	161
1445	162
227	168
348	168
442	168
452	168
681	168
863	168
970	168
1131	168
1187	168
1366	168
410	170
491	170
580	170
653	170
1209	170
1335	170
1275	172
642	174
1152	174
457	176
759	176
828	182
997	182
1432	185
760	186
206	191
597	191
1063	191
1448	191
1481	191
745	196
203	202
361	202
373	202
419	202
478	202
479	202
488	202
574	202
635	202
644	202
646	202
695	202
780	202
785	202
786	202
819	202
862	202
864	202
908	202
914	202
925	202
974	202
989	202
1026	202
1054	202
1096	202
1109	202
1134	202
1161	202
1170	202
1230	202
1272	202
1279	202
1309	202
1349	202
1358	202
1411	202
1432	202
1441	202
1450	202
361	203
373	203
393	203
419	203
437	203
478	203
479	203
515	203
559	203
574	203
583	203
635	203
639	203
644	203
645	203
780	203
785	203
819	203
864	203
908	203
914	203
925	203
974	203
989	203
1026	203
1054	203
1096	203
1109	203
1161	203
1170	203
1230	203
1309	203
1341	203
1406	203
1419	203
1450	203
312	205
556	205
681	205
702	205
863	205
970	205
1044	205
1063	206
1448	206
1481	206
370	211
578	212
594	212
1208	212
1284	212
1290	212
1514	212
866	213
504	214
508	214
954	214
552	217
295	220
535	220
723	220
834	220
1360	220
473	222
485	222
643	222
650	222
692	222
706	222
708	222
856	222
1073	222
326	223
334	223
369	223
421	223
576	223
587	223
888	223
901	223
1086	223
1093	223
1182	223
1253	223
1309	223
1367	223
1439	223
348	227
863	227
1187	227
1366	227
1477	228
1016	229
1216	229
1277	229
1064	232
1132	232
998	235
664	236
1141	236
298	245
837	245
885	245
412	248
514	248
290	251
417	251
598	251
637	251
817	251
1101	251
1105	251
1232	251
1244	251
1341	251
1389	251
1414	251
512	256
654	256
862	256
893	256
908	256
909	256
914	256
1078	256
1134	256
1159	256
1230	256
1272	256
1342	256
1358	256
1398	256
1411	256
1419	256
642	259
641	261
1098	266
1309	266
1275	267
552	268
654	269
691	269
893	269
908	269
1194	269
1411	269
1450	269
682	272
831	272
1351	272
523	273
1365	273
620	274
847	274
945	274
719	279
717	281
291	285
624	285
630	285
921	285
1033	285
1070	285
1123	285
1451	285
598	290
637	290
817	290
1101	290
1105	290
1232	290
1244	290
1389	290
1414	290
624	291
630	291
666	291
921	291
1123	291
1451	291
472	295
723	295
768	295
834	295
847	295
1360	295
837	298
885	298
894	298
328	303
523	303
547	303
1365	303
495	306
695	306
1079	306
1352	306
333	310
614	310
861	310
1022	310
1072	310
1108	310
1225	310
1326	310
432	311
484	311
524	311
709	311
1226	311
1386	311
556	312
681	312
702	312
970	312
331	315
350	315
603	315
820	315
1000	315
1391	315
1508	324
744	326
888	326
1182	326
1309	326
1439	326
812	327
840	327
874	327
929	327
972	327
1079	327
1206	327
873	328
876	328
1075	328
350	331
603	331
820	331
1000	331
1391	331
650	332
614	333
861	333
1022	333
1072	333
1108	333
1225	333
1326	333
355	334
369	334
400	334
421	334
576	334
587	334
690	334
888	334
901	334
1009	334
1086	334
1093	334
1164	334
1182	334
1439	334
466	337
553	337
1002	337
1445	337
391	341
553	341
665	341
666	341
1184	341
1350	341
452	345
863	345
1483	345
744	346
442	348
452	348
681	348
863	348
970	348
1131	348
1187	348
1366	348
603	350
820	350
1391	350
400	355
587	355
690	355
1086	355
554	356
565	356
1252	356
1327	356
1347	356
1418	356
1512	356
871	359
373	361
478	361
574	361
635	361
644	361
646	361
780	361
785	361
819	361
864	361
908	361
925	361
940	361
989	361
1026	361
1054	361
1109	361
1161	361
1309	361
1419	361
1441	361
1450	361
412	362
436	362
514	362
746	363
1098	365
1213	365
1341	365
421	369
529	369
576	369
587	369
690	369
888	369
901	369
1009	369
1086	369
1093	369
1164	369
1182	369
1309	369
1439	369
910	370
1459	370
1471	370
671	372
1421	372
419	373
478	373
479	373
488	373
574	373
635	373
639	373
644	373
780	373
785	373
819	373
864	373
893	373
908	373
914	373
925	373
940	373
974	373
1007	373
1026	373
1054	373
1096	373
1109	373
1134	373
1159	373
1161	373
1170	373
1178	373
1230	373
1272	373
1309	373
1411	373
1432	373
1441	373
1450	373
889	374
1056	374
1313	374
656	377
1205	377
887	385
1510	386
952	388
1058	388
1190	388
1497	389
466	391
553	391
665	391
666	391
1184	391
1350	391
648	392
809	392
1071	392
615	395
783	395
990	395
448	396
558	397
1371	397
1463	397
1468	398
587	400
690	400
1086	400
1091	408
1269	408
491	410
580	410
653	410
1209	410
1335	410
436	412
514	412
464	415
1414	417
729	418
478	419
479	419
488	419
574	419
583	419
635	419
644	419
780	419
785	419
819	419
864	419
908	419
914	419
925	419
940	419
974	419
989	419
1026	419
1054	419
1096	419
1109	419
1161	419
1170	419
1230	419
1309	419
1349	419
1432	419
1450	419
576	421
587	421
690	421
888	421
901	421
1009	421
1086	421
1093	421
1182	421
1309	421
1439	421
834	422
964	422
1319	422
920	424
1418	424
1445	424
483	425
625	425
1057	425
640	431
524	432
1226	432
674	433
878	433
1321	433
514	436
940	437
1019	437
1109	437
965	439
681	442
863	442
1187	442
630	444
902	445
486	447
1156	447
1486	447
515	452
520	452
556	452
568	452
681	452
863	452
970	452
1044	452
1114	452
1187	452
1333	452
1366	452
1438	452
1483	452
759	457
952	462
511	466
553	466
665	466
920	466
1042	466
1186	466
1350	466
1418	466
1445	466
1502	466
535	467
641	468
1075	468
535	472
834	472
847	472
945	472
485	473
643	473
650	473
692	473
708	473
856	473
488	478
574	478
635	478
644	478
646	478
780	478
785	478
786	478
819	478
864	478
908	478
914	478
925	478
940	478
974	478
989	478
996	478
1026	478
1054	478
1096	478
1109	478
1161	478
1170	478
1230	478
1231	478
1279	478
1309	478
1341	478
1423	478
1432	478
1441	478
1450	478
488	479
574	479
583	479
780	479
914	479
974	479
1026	479
1109	479
1170	479
625	483
1057	483
524	484
709	484
1226	484
1386	484
643	485
650	485
692	485
708	485
856	485
1156	486
1486	486
635	488
780	488
974	488
1026	488
1054	488
1109	488
1170	488
1230	488
1231	488
539	489
576	489
1012	489
1051	489
1103	489
1298	489
1304	489
580	491
653	491
1209	491
1335	491
554	494
1252	494
1327	494
1079	495
1352	495
508	504
954	504
525	507
869	507
1307	507
954	508
629	510
1502	511
654	512
691	512
862	512
909	512
1078	512
1134	512
1159	512
1272	512
1342	512
1358	512
1398	512
1411	512
1419	512
540	514
520	515
595	515
681	515
785	515
863	515
1093	515
1182	515
1207	515
1309	515
1367	515
1419	515
1483	515
681	520
863	520
879	520
970	520
1044	520
1114	520
1483	520
1442	522
873	523
1365	523
709	524
1226	524
1386	524
869	525
1307	525
1202	528
712	535
834	535
847	535
945	535
1320	535
1293	537
600	538
1012	539
1051	539
1298	539
1304	539
1514	541
1376	545
682	546
831	546
887	547
1088	548
908	551
1300	551
665	553
1002	553
1184	553
1350	553
1445	553
565	554
1252	554
1327	554
1347	554
1418	554
1512	554
681	556
702	556
863	556
970	556
1044	556
1025	558
1371	558
1463	558
780	559
819	559
864	559
974	559
1385	561
1134	563
1199	563
1252	565
1327	565
1512	565
681	568
863	568
1366	568
635	574
639	574
644	574
780	574
785	574
819	574
864	574
893	574
908	574
914	574
925	574
940	574
989	574
996	574
1017	574
1026	574
1054	574
1096	574
1109	574
1134	574
1159	574
1161	574
1170	574
1178	574
1182	574
1230	574
1309	574
1340	574
1341	574
1349	574
1411	574
1419	574
1423	574
1432	574
1441	574
1450	574
587	576
959	576
1009	576
1086	576
1093	576
1134	576
1182	576
1298	576
1304	576
1309	576
1439	576
594	578
1208	578
1284	578
1290	578
653	580
1209	580
1335	580
780	583
974	583
1054	583
1109	583
690	587
901	587
1086	587
1093	587
1182	587
1439	587
1227	590
1247	590
1208	594
1284	594
1290	594
1514	594
645	597
785	597
1341	597
637	598
817	598
1101	598
1105	598
1232	598
1389	598
1414	598
648	602
820	603
1000	603
1391	603
841	605
858	605
861	614
1022	614
1108	614
783	615
990	615
1186	617
1250	617
945	620
653	624
666	624
921	624
1123	624
1209	624
1451	624
1057	625
739	627
1431	627
1041	628
1033	630
1070	630
1123	630
657	634
761	634
1514	634
644	635
780	635
785	635
819	635
864	635
908	635
925	635
974	635
989	635
1026	635
1054	635
1096	635
1109	635
1161	635
1309	635
1432	635
1441	635
1450	635
817	637
1101	637
1105	637
1232	637
1244	637
1341	637
1389	637
1414	637
865	638
785	639
819	639
864	639
989	639
1054	639
1309	639
1340	639
1075	641
1152	642
650	643
692	643
708	643
856	643
780	644
785	644
819	644
864	644
874	644
908	644
914	644
925	644
1026	644
1054	644
1096	644
1109	644
1161	644
1309	644
1432	644
1441	644
785	645
819	645
908	645
1309	645
1419	645
654	646
864	646
908	646
996	646
1109	646
1134	646
1161	646
1309	646
1411	646
1432	646
1450	646
1514	646
1318	647
809	648
847	648
945	648
692	650
708	650
856	650
1445	652
1209	653
1335	653
691	654
862	654
893	654
908	654
909	654
1027	654
1078	654
1134	654
1159	654
1194	654
1272	654
1342	654
1358	654
1398	654
1411	654
1419	654
1205	656
1224	656
962	657
1200	657
914	664
1184	665
1350	665
921	666
1123	666
1350	666
1451	666
808	668
981	668
1421	671
1211	673
1304	674
1347	675
1512	675
1427	676
681	678
702	681
863	681
879	681
970	681
1044	681
1114	681
1187	681
1333	681
1366	681
1438	681
1483	681
831	682
1351	682
1181	685
901	690
1086	690
1439	690
893	691
909	691
1078	691
1134	691
1159	691
1194	691
1272	691
1342	691
1358	691
1411	691
708	692
856	692
1017	695
1096	695
1352	695
713	696
970	702
1044	702
1073	706
856	708
945	708
1226	709
1386	709
1130	710
1251	710
1429	710
1320	712
868	715
1319	715
884	717
768	723
1360	723
835	731
1444	733
1351	734
1431	739
1506	743
1134	744
1115	745
1287	758
819	761
1090	761
1360	768
1179	775
1215	775
1373	775
1489	775
1512	775
785	780
819	780
864	780
908	780
914	780
925	780
940	780
974	780
989	780
1026	780
1054	780
1096	780
1109	780
1161	780
1170	780
1230	780
1231	780
1309	780
1341	780
1349	780
1432	780
1441	780
1450	780
1041	784
786	785
819	785
864	785
908	785
914	785
925	785
940	785
989	785
1026	785
1054	785
1090	785
1109	785
1161	785
1170	785
1309	785
1341	785
1406	785
1419	785
1432	785
819	786
864	786
1096	786
1309	786
1087	788
1371	796
829	797
1285	797
811	808
981	808
866	809
990	809
840	812
874	812
929	812
972	812
1079	812
1206	812
1101	817
1105	817
1232	817
1244	817
1389	817
1414	817
864	819
908	819
914	819
925	819
974	819
989	819
1026	819
1054	819
1086	819
1090	819
1096	819
1109	819
1161	819
1170	819
1182	819
1230	819
1231	819
1309	819
1341	819
1419	819
1441	819
1514	819
1000	820
1391	820
1389	824
1414	824
997	828
1134	829
1159	829
1285	829
1398	829
1351	831
847	834
1071	834
885	837
894	837
1339	839
874	840
929	840
972	840
1206	840
858	841
918	841
1319	841
1195	843
962	845
945	847
1327	847
1199	854
880	855
1179	855
1189	855
1343	855
1347	855
1489	855
1512	855
1022	861
1072	861
1108	861
893	862
908	862
909	862
914	862
949	862
1078	862
1134	862
1159	862
1272	862
1342	862
1358	862
1411	862
1419	862
970	863
1044	863
1114	863
1187	863
1333	863
1366	863
1438	863
1483	863
908	864
914	864
925	864
974	864
989	864
1007	864
1026	864
1054	864
1096	864
1109	864
1161	864
1170	864
1182	864
1230	864
1231	864
1309	864
1423	864
1432	864
1441	864
1450	864
918	866
1443	866
1319	868
1110	869
1075	873
1365	873
929	874
972	874
1079	874
1206	874
1075	876
1179	880
1189	880
1343	880
1347	880
1489	880
1512	880
975	881
1355	881
1446	881
1095	887
1165	887
901	888
1009	888
1086	888
1093	888
1182	888
1309	888
1056	889
1313	889
908	893
909	893
914	893
1134	893
1159	893
1272	893
1309	893
1342	893
1411	893
1419	893
1432	893
1221	898
1499	898
1009	901
1086	901
1182	901
1439	901
909	908
914	908
925	908
949	908
1017	908
1026	908
1054	908
1096	908
1109	908
1134	908
1159	908
1161	908
1178	908
1182	908
1230	908
1272	908
1279	908
1309	908
1342	908
1358	908
1398	908
1411	908
1419	908
1432	908
1441	908
1450	908
914	909
1027	909
1078	909
1134	909
1159	909
1272	909
1342	909
1358	909
1411	909
1419	909
1432	909
1471	910
925	914
949	914
974	914
989	914
1017	914
1026	914
1054	914
1109	914
1134	914
1161	914
1170	914
1182	914
1230	914
1272	914
1279	914
1309	914
1341	914
1342	914
1411	914
1419	914
1432	914
1441	914
962	918
1203	920
1418	920
1445	920
1123	921
1451	921
940	925
945	925
974	925
989	925
1026	925
1054	925
1096	925
1109	925
1161	925
1170	925
1178	925
1182	925
1230	925
1309	925
1349	925
1432	925
1441	925
1450	925
972	929
1079	929
1206	929
1516	935
1004	939
1122	939
1026	940
1054	940
1161	940
1178	940
1309	940
1432	940
1450	940
1071	945
1327	945
1272	949
1419	949
1058	952
1190	952
1510	954
1285	957
1498	960
994	961
1319	962
1419	962
1157	964
1170	966
1044	970
1187	970
1333	970
1366	970
1438	970
1026	972
1079	972
1206	972
989	973
1026	974
1054	974
1109	974
1161	974
1170	974
1231	974
1260	974
1355	975
1446	975
1411	984
1450	984
1124	986
1337	988
1026	989
1054	989
1109	989
1161	989
1182	989
1230	989
1260	989
1441	989
1450	989
1139	992
1392	992
1037	996
1090	996
1109	996
1199	996
1302	996
1309	996
1450	996
1391	1000
1142	1001
1236	1003
1122	1004
1304	1008
1086	1009
1182	1009
1439	1009
1298	1012
1304	1012
1216	1016
1054	1017
1134	1017
1419	1017
1432	1017
1072	1022
1108	1022
1225	1022
1326	1022
1054	1026
1079	1026
1096	1026
1109	1026
1134	1026
1161	1026
1170	1026
1182	1026
1230	1026
1309	1026
1419	1026
1432	1026
1441	1026
1450	1026
1078	1027
1134	1027
1159	1027
1272	1027
1342	1027
1411	1027
1419	1027
1432	1027
1501	1027
1108	1029
1070	1033
1123	1033
1309	1037
1445	1042
1114	1044
1333	1044
1366	1044
1438	1044
1483	1044
1298	1051
1304	1051
1096	1054
1109	1054
1134	1054
1159	1054
1161	1054
1170	1054
1178	1054
1230	1054
1279	1054
1309	1054
1341	1054
1349	1054
1411	1054
1423	1054
1432	1054
1441	1054
1450	1054
1313	1056
1190	1058
1448	1063
1481	1063
1132	1064
1418	1066
1216	1067
1071	1068
1123	1070
1327	1071
1108	1072
1225	1072
1326	1072
1418	1075
1134	1078
1159	1078
1272	1078
1342	1078
1358	1078
1398	1078
1411	1078
1352	1079
1276	1082
1093	1086
1164	1086
1182	1086
1309	1086
1439	1086
1309	1090
1514	1090
1269	1091
1164	1093
1182	1093
1253	1093
1309	1093
1439	1093
1109	1096
1161	1096
1230	1096
1309	1096
1341	1096
1423	1096
1432	1096
1450	1096
1109	1097
1213	1098
1341	1098
1406	1098
1105	1101
1232	1101
1389	1101
1414	1101
1298	1103
1304	1103
1232	1105
1244	1105
1414	1105
1449	1107
1161	1109
1170	1109
1182	1109
1230	1109
1231	1109
1309	1109
1432	1109
1441	1109
1483	1114
1451	1123
1251	1130
1429	1130
1187	1131
1159	1134
1161	1134
1182	1134
1272	1134
1279	1134
1309	1134
1342	1134
1358	1134
1398	1134
1411	1134
1419	1134
1432	1134
1441	1134
1392	1139
1510	1155
1486	1156
1272	1159
1342	1159
1358	1159
1398	1159
1411	1159
1419	1159
1432	1159
1441	1159
1170	1161
1230	1161
1260	1161
1279	1161
1309	1161
1341	1161
1423	1161
1432	1161
1441	1161
1450	1161
1230	1170
1309	1170
1474	1170
1502	1175
1189	1179
1215	1179
1343	1179
1347	1179
1373	1179
1489	1179
1512	1179
1289	1180
1309	1182
1367	1182
1406	1182
1432	1182
1439	1182
1350	1184
1366	1187
1343	1189
1347	1189
1489	1189
1512	1189
1411	1194
1302	1199
1434	1199
1445	1203
1224	1205
1336	1206
1242	1208
1284	1208
1290	1208
1335	1209
1347	1215
1373	1215
1489	1215
1512	1215
1499	1221
1386	1226
1247	1227
1279	1230
1309	1230
1341	1230
1342	1230
1419	1230
1450	1230
1244	1232
1341	1232
1389	1232
1414	1232
1284	1242
1290	1242
1414	1244
1280	1245
1429	1251
1327	1252
1347	1252
1418	1252
1512	1252
1439	1253
1491	1271
1342	1272
1358	1272
1398	1272
1411	1272
1419	1272
1432	1272
1324	1276
1346	1276
1342	1279
1423	1279
1432	1279
1290	1284
1304	1298
1367	1309
1406	1309
1419	1309
1432	1309
1439	1309
1441	1309
1450	1309
1327	1319
1445	1320
1347	1327
1418	1327
1512	1327
1438	1333
1406	1341
1414	1341
1450	1341
1358	1342
1398	1342
1411	1342
1419	1342
1347	1343
1489	1343
1512	1343
1373	1347
1418	1347
1489	1347
1512	1347
1446	1355
1398	1358
1411	1358
1419	1358
1432	1358
1438	1366
1463	1371
1489	1373
1512	1373
1414	1389
1411	1398
1432	1398
1419	1411
1432	1411
1450	1411
1445	1418
1512	1418
1432	1419
1450	1419
1450	1423
1441	1432
1483	1438
1490	1439
1481	1448
1512	1489
