0	353
0	370
0	471
0	536
2	44
2	772
3	17
3	675
4	415
4	812
6	590
7	388
8	293
10	696
12	586
15	33
15	52
15	58
15	71
15	90
15	122
15	132
15	167
15	172
15	189
15	222
15	315
15	325
15	382
15	428
15	491
15	515
15	524
15	527
15	559
15	627
15	663
15	707
15	737
15	744
15	795
15	819
15	839
17	675
19	34
19	107
19	178
19	233
19	384
19	430
19	518
19	572
19	770
22	714
23	42
23	78
23	82
23	139
23	166
23	171
23	340
23	477
23	497
23	548
23	582
23	644
23	683
24	851
25	134
28	176
28	636
28	792
29	59
29	128
29	150
29	174
29	285
29	339
29	476
29	622
29	665
29	694
29	700
29	747
29	780
29	794
30	32
30	53
30	103
30	104
30	132
30	179
30	220
30	256
30	257
30	264
30	277
30	288
30	354
30	453
30	457
30	479
30	507
30	576
30	588
30	625
30	651
30	712
30	736
30	737
32	33
32	52
32	53
32	103
32	104
32	124
32	179
32	198
32	220
32	256
32	264
32	277
32	288
32	354
32	360
32	409
32	439
32	457
32	459
32	479
32	505
32	507
32	576
32	588
32	625
32	632
32	636
32	651
32	663
32	669
32	716
32	721
32	736
32	737
32	791
32	806
33	52
33	58
33	71
33	90
33	104
33	124
33	132
33	167
33	220
33	256
33	264
33	271
33	315
33	354
33	360
33	409
33	439
33	457
33	459
33	479
33	505
33	507
33	554
33	559
33	576
33	588
33	625
33	627
33	632
33	636
33	651
33	663
33	669
33	736
33	737
33	753
33	791
33	806
34	107
34	178
34	233
34	302
34	384
34	430
34	518
34	770
34	809
35	498
35	685
35	842
37	132
37	186
37	621
37	639
37	737
37	814
37	825
38	146
38	346
38	350
38	377
38	626
39	256
39	361
39	554
39	736
40	719
40	743
41	103
42	78
42	82
42	139
42	166
42	171
42	182
42	340
42	477
42	497
42	582
42	644
42	683
46	814
48	129
48	144
48	307
48	393
48	474
48	666
48	755
48	756
48	758
48	774
48	797
48	820
48	848
48	850
49	117
49	817
51	463
52	58
52	90
52	104
52	132
52	179
52	189
52	220
52	264
52	277
52	288
52	311
52	315
52	357
52	409
52	439
52	457
52	459
52	479
52	505
52	507
52	524
52	527
52	538
52	554
52	559
52	586
52	588
52	616
52	625
52	632
52	651
52	663
52	669
52	712
52	736
52	737
52	744
52	753
52	791
52	819
53	103
53	104
53	220
53	256
53	257
53	264
53	277
53	283
53	288
53	354
53	360
53	457
53	479
53	576
53	625
53	632
53	651
53	669
53	736
54	597
54	822
55	334
56	458
57	79
57	152
57	169
57	254
57	258
57	286
57	482
57	558
57	614
57	708
57	755
57	769
58	90
58	132
58	189
58	325
58	382
58	459
58	473
58	524
58	663
58	669
58	737
58	819
58	839
59	128
59	150
59	174
59	285
59	339
59	460
59	476
59	622
59	665
59	694
59	700
59	747
59	780
59	794
60	85
60	170
60	368
60	679
60	749
62	463
64	78
64	139
64	166
64	171
64	644
64	683
65	805
67	200
70	213
70	478
70	499
70	636
70	660
70	792
70	808
71	90
71	122
71	167
71	222
71	325
71	382
71	459
71	521
71	524
71	527
71	627
71	636
71	663
71	839
72	378
72	451
72	549
73	209
74	79
74	169
74	258
74	558
74	605
74	614
77	109
77	317
77	372
77	678
77	729
78	82
78	139
78	166
78	171
78	340
78	477
78	497
78	548
78	582
78	644
78	668
78	683
79	169
79	258
79	558
79	605
79	614
81	813
82	139
82	166
82	171
82	182
82	340
82	477
82	497
82	548
82	582
82	644
82	683
83	138
83	213
83	230
83	345
83	461
83	551
83	702
83	792
83	821
85	170
85	368
85	679
85	749
88	242
90	103
90	104
90	130
90	132
90	167
90	172
90	189
90	198
90	222
90	264
90	282
90	315
90	325
90	382
90	409
90	428
90	439
90	459
90	491
90	499
90	505
90	507
90	515
90	521
90	524
90	527
90	588
90	627
90	636
90	639
90	651
90	663
90	716
90	736
90	737
90	754
90	771
90	795
90	806
90	839
91	362
91	806
92	425
94	516
96	259
96	427
100	787
103	104
103	124
103	132
103	179
103	210
103	220
103	256
103	257
103	264
103	271
103	277
103	288
103	354
103	360
103	361
103	392
103	409
103	439
103	457
103	459
103	478
103	479
103	505
103	507
103	554
103	576
103	588
103	625
103	632
103	636
103	651
103	660
103	669
103	716
103	721
103	736
103	737
103	759
103	791
103	792
103	806
104	132
104	179
104	207
104	220
104	232
104	256
104	257
104	264
104	271
104	277
104	282
104	283
104	288
104	304
104	354
104	357
104	360
104	409
104	439
104	457
104	459
104	479
104	505
104	507
104	554
104	576
104	588
104	625
104	628
104	632
104	651
104	669
104	712
104	736
104	737
104	753
105	141
105	386
105	587
105	643
107	178
107	384
107	518
107	770
107	809
108	443
108	447
109	317
109	372
109	678
109	729
109	849
113	292
113	464
113	768
114	158
114	229
114	260
114	399
114	778
118	696
121	375
121	521
121	640
124	179
124	198
124	220
124	256
124	277
124	288
124	360
124	409
124	457
124	459
124	479
124	505
124	507
124	554
124	576
124	588
124	625
124	632
124	636
124	651
124	669
124	721
124	736
124	737
124	791
124	806
125	424
125	727
128	150
128	174
128	219
128	285
128	339
128	476
128	622
128	665
128	694
128	700
128	747
128	753
128	780
128	794
129	474
129	666
129	755
129	758
129	850
130	198
130	213
130	241
130	271
130	367
130	409
130	478
130	499
130	505
130	506
130	507
130	541
130	608
130	627
130	636
130	716
130	736
130	754
130	792
130	808
131	637
132	179
132	189
132	220
132	222
132	256
132	264
132	277
132	282
132	288
132	305
132	315
132	325
132	354
132	357
132	382
132	409
132	439
132	457
132	459
132	479
132	505
132	507
132	515
132	524
132	527
132	538
132	559
132	570
132	576
132	583
132	588
132	616
132	625
132	628
132	632
132	651
132	663
132	669
132	712
132	736
132	737
132	744
132	771
132	791
132	795
132	806
132	819
132	839
132	849
138	213
138	230
138	264
138	275
138	277
138	345
138	367
138	461
138	505
138	660
138	702
138	736
138	792
138	808
138	821
139	166
139	171
139	182
139	340
139	477
139	497
139	548
139	582
139	644
139	683
140	286
140	769
140	844
141	386
141	587
141	643
144	756
144	774
144	820
144	848
146	346
146	350
146	602
146	626
147	555
149	632
150	174
150	285
150	339
150	476
150	622
150	654
150	665
150	694
150	700
150	747
150	780
150	794
152	225
152	300
152	769
152	797
152	813
153	269
153	496
154	312
154	545
154	765
154	814
154	820
155	267
155	392
156	159
156	302
156	518
158	229
158	260
158	399
158	778
159	302
159	384
159	518
160	208
160	437
160	450
160	555
160	786
161	408
165	645
165	846
166	171
166	182
166	340
166	477
166	497
166	548
166	582
166	644
166	668
166	683
167	231
167	325
167	382
167	459
167	491
167	524
167	663
167	737
167	795
167	839
168	463
168	468
168	483
168	542
168	676
168	834
169	258
169	482
169	558
169	605
169	614
170	368
170	679
170	749
171	182
171	340
171	477
171	497
171	548
171	582
171	644
171	683
172	181
172	189
172	211
172	222
172	315
172	382
172	428
172	491
172	515
172	524
172	527
172	653
172	663
172	744
172	795
172	819
172	839
174	285
174	339
174	476
174	622
174	665
174	694
174	700
174	747
174	780
174	794
178	233
178	384
178	430
178	518
178	770
179	220
179	256
179	257
179	264
179	271
179	277
179	354
179	409
179	439
179	457
179	479
179	505
179	507
179	554
179	576
179	588
179	625
179	632
179	651
179	711
179	736
179	737
179	759
181	211
181	428
181	795
182	309
182	477
182	582
182	644
184	282
184	384
184	809
184	831
186	621
186	639
186	753
186	825
189	222
189	315
189	325
189	382
189	428
189	459
189	491
189	515
189	524
189	527
189	653
189	663
189	737
189	744
189	795
189	819
189	839
197	727
198	213
198	241
198	264
198	271
198	367
198	409
198	459
198	461
198	462
198	499
198	505
198	506
198	507
198	521
198	527
198	541
198	608
198	627
198	632
198	636
198	660
198	716
198	736
198	754
198	792
198	806
198	808
198	821
203	310
203	528
203	667
204	728
205	300
205	377
205	823
208	437
208	450
208	555
208	786
210	264
210	361
210	459
210	588
210	736
210	832
211	795
213	230
213	241
213	251
213	264
213	345
213	361
213	367
213	461
213	478
213	499
213	505
213	506
213	541
213	551
213	565
213	608
213	636
213	660
213	702
213	716
213	736
213	754
213	792
213	806
213	808
213	821
215	613
217	281
218	248
219	285
219	747
219	794
220	256
220	257
220	264
220	271
220	277
220	288
220	354
220	360
220	409
220	439
220	457
220	459
220	479
220	505
220	507
220	554
220	576
220	588
220	625
220	632
220	651
220	669
220	712
220	736
220	737
220	759
220	791
220	806
221	398
222	315
222	325
222	382
222	428
222	491
222	515
222	524
222	527
222	663
222	737
222	795
222	819
222	839
223	464
225	797
225	813
226	421
227	292
227	457
227	553
230	345
230	461
230	551
230	608
230	636
230	660
230	702
230	736
230	792
230	821
231	325
232	571
232	625
233	384
233	430
234	350
236	701
238	262
238	395
238	735
241	251
241	367
241	461
241	478
241	499
241	506
241	608
241	636
241	660
241	716
241	736
241	754
241	792
241	808
241	821
247	528
251	367
251	499
251	505
251	506
251	636
251	736
251	792
251	821
253	292
253	464
254	286
255	540
256	264
256	271
256	277
256	283
256	288
256	354
256	360
256	361
256	409
256	439
256	457
256	459
256	479
256	505
256	507
256	554
256	556
256	559
256	576
256	588
256	625
256	632
256	651
256	669
256	693
256	712
256	721
256	736
256	737
256	753
256	791
256	806
257	277
257	507
257	576
257	625
257	632
257	712
258	286
258	482
258	558
258	605
258	614
258	769
260	399
260	778
262	315
262	395
262	568
262	726
262	735
262	740
263	416
264	271
264	277
264	288
264	304
264	354
264	360
264	361
264	367
264	409
264	439
264	457
264	479
264	505
264	507
264	551
264	559
264	576
264	588
264	625
264	632
264	651
264	660
264	663
264	716
264	736
264	737
264	753
264	792
264	821
269	496
271	277
271	288
271	354
271	360
271	409
271	439
271	457
271	459
271	479
271	505
271	506
271	507
271	570
271	576
271	586
271	588
271	625
271	632
271	636
271	651
271	663
271	669
271	721
271	736
271	737
271	754
271	792
271	806
272	446
273	547
275	387
275	505
275	625
275	736
277	283
277	288
277	354
277	357
277	360
277	361
277	367
277	409
277	439
277	457
277	459
277	478
277	479
277	505
277	507
277	551
277	554
277	555
277	565
277	576
277	588
277	625
277	632
277	651
277	660
277	669
277	693
277	712
277	736
277	737
277	791
277	792
277	806
282	384
282	439
282	459
282	527
282	663
282	736
282	737
282	771
282	831
283	354
283	457
283	479
283	632
283	669
283	712
283	736
284	782
285	339
285	460
285	476
285	622
285	665
285	694
285	700
285	747
285	753
285	780
285	794
286	482
286	769
287	539
287	684
288	354
288	357
288	360
288	409
288	439
288	457
288	461
288	479
288	505
288	507
288	554
288	565
288	576
288	588
288	625
288	632
288	636
288	651
288	669
288	712
288	736
288	737
288	792
288	806
288	821
292	402
292	464
293	730
299	505
300	813
300	823
302	384
302	518
302	827
304	457
304	479
305	636
305	736
307	393
307	848
310	528
310	667
312	545
312	765
312	814
315	382
315	395
315	428
315	459
315	515
315	524
315	527
315	534
315	627
315	636
315	663
315	735
315	736
315	737
315	795
315	839
317	372
317	678
317	729
325	382
325	491
325	515
325	524
325	625
325	663
325	737
325	795
325	839
331	492
331	738
337	641
337	790
339	460
339	476
339	622
339	665
339	694
339	700
339	747
339	794
340	477
340	497
340	548
340	582
340	644
340	683
345	461
345	660
345	702
345	736
345	792
345	821
346	377
346	626
346	679
348	585
350	602
352	640
353	370
353	849
354	360
354	409
354	439
354	457
354	479
354	505
354	554
354	576
354	588
354	625
354	632
354	651
354	669
354	712
354	736
354	737
354	791
354	806
356	480
357	439
357	457
357	479
357	554
357	628
357	632
357	669
357	712
357	737
357	752
360	409
360	439
360	457
360	459
360	479
360	483
360	505
360	507
360	576
360	588
360	625
360	632
360	651
360	669
360	736
360	737
360	791
360	806
361	367
361	459
361	479
361	505
361	559
361	625
361	636
361	651
361	702
361	736
361	737
361	792
361	806
361	849
362	762
365	520
367	461
367	478
367	499
367	505
367	506
367	541
367	608
367	627
367	632
367	636
367	660
367	716
367	736
367	754
367	792
367	808
367	821
368	679
368	749
370	536
370	674
372	678
372	729
373	461
373	702
373	792
375	507
375	521
377	823
378	451
378	549
381	756
381	758
381	774
381	820
381	848
382	428
382	459
382	491
382	515
382	524
382	527
382	653
382	663
382	737
382	744
382	795
382	839
384	430
384	518
384	770
384	809
384	831
386	587
386	643
388	530
392	570
392	586
393	756
393	758
393	797
393	848
394	448
395	568
395	726
395	735
395	740
397	665
399	778
403	436
404	481
409	439
409	457
409	459
409	479
409	505
409	507
409	527
409	554
409	576
409	583
409	588
409	625
409	632
409	636
409	651
409	663
409	669
409	716
409	721
409	736
409	737
409	753
409	754
409	806
415	812
418	805
424	727
428	515
428	524
428	527
428	663
428	795
428	839
430	518
430	572
430	770
431	650
437	450
437	786
438	585
439	457
439	459
439	479
439	505
439	507
439	521
439	527
439	554
439	576
439	588
439	616
439	625
439	628
439	632
439	651
439	669
439	736
439	737
439	753
439	800
439	806
441	494
443	447
445	462
445	725
446	802
448	529
450	786
451	549
452	555
457	459
457	479
457	505
457	507
457	527
457	554
457	576
457	588
457	616
457	625
457	628
457	632
457	651
457	663
457	669
457	693
457	712
457	736
457	737
457	753
457	791
457	819
457	849
459	505
459	507
459	521
459	524
459	527
459	559
459	586
459	588
459	616
459	627
459	632
459	636
459	651
459	663
459	669
459	721
459	736
459	737
459	753
459	791
459	806
459	839
460	780
460	794
461	499
461	505
461	506
461	565
461	608
461	636
461	660
461	702
461	716
461	736
461	754
461	792
461	806
461	808
461	821
462	636
462	725
463	468
463	483
463	542
463	576
463	676
463	750
463	834
464	603
468	483
468	542
468	676
468	834
471	536
473	669
473	819
474	666
474	755
474	758
474	848
474	850
476	622
476	665
476	694
476	700
476	747
476	753
476	780
476	794
477	497
477	548
477	582
477	644
477	683
478	499
478	505
478	506
478	507
478	541
478	608
478	636
478	716
478	736
478	754
478	792
478	808
479	505
479	507
479	554
479	565
479	576
479	588
479	625
479	632
479	651
479	663
479	669
479	693
479	712
479	736
479	737
479	806
482	558
482	605
482	614
482	769
483	542
483	676
483	834
488	552
488	630
491	515
491	524
491	527
491	663
491	737
491	795
491	839
492	738
497	548
497	582
497	644
497	683
498	685
498	842
499	505
499	506
499	541
499	608
499	627
499	636
499	660
499	716
499	736
499	754
499	792
499	806
499	808
499	821
505	506
505	507
505	570
505	576
505	588
505	625
505	632
505	636
505	651
505	663
505	669
505	716
505	721
505	736
505	737
505	754
505	791
505	792
505	806
505	808
505	821
506	507
506	608
506	636
506	660
506	716
506	736
506	754
506	792
506	806
506	808
506	821
507	554
507	570
507	576
507	588
507	625
507	627
507	632
507	636
507	651
507	663
507	669
507	712
507	716
507	721
507	736
507	737
507	753
507	754
507	791
507	792
507	806
515	524
515	527
515	663
515	744
515	795
515	819
515	839
518	770
518	809
521	527
521	627
521	636
521	640
521	736
524	527
524	663
524	737
524	744
524	771
524	795
524	839
527	576
527	627
527	636
527	653
527	663
527	737
527	771
527	795
527	839
528	667
535	841
536	717
539	684
541	608
541	636
541	716
541	736
541	754
541	792
541	808
542	576
542	676
542	834
543	554
545	765
545	814
548	582
548	644
548	683
551	702
551	736
551	792
552	630
554	576
554	588
554	625
554	632
554	651
554	663
554	669
554	711
554	791
556	625
558	605
558	614
559	583
559	616
559	625
559	734
559	737
564	849
565	736
566	735
568	726
568	735
568	740
569	682
570	586
570	636
570	669
570	806
576	588
576	625
576	632
576	636
576	651
576	663
576	669
576	712
576	736
576	737
576	791
576	806
578	683
582	644
582	668
582	683
583	737
586	736
586	806
587	643
588	625
588	632
588	636
588	651
588	663
588	669
588	712
588	721
588	736
588	737
588	753
588	791
588	806
597	822
605	614
605	699
605	797
608	627
608	636
608	660
608	716
608	736
608	754
608	792
608	808
608	821
610	633
610	705
610	823
611	719
616	737
616	849
621	639
621	753
621	825
622	665
622	694
622	747
622	780
622	794
625	632
625	651
625	663
625	669
625	693
625	712
625	736
625	737
625	806
627	636
627	663
627	716
627	754
627	795
628	669
632	636
632	651
632	669
632	693
632	712
632	716
632	736
632	737
632	753
632	754
632	759
632	791
632	792
632	806
633	705
636	651
636	660
636	663
636	716
636	721
636	736
636	737
636	754
636	792
636	806
636	808
636	821
639	753
639	825
641	790
644	683
644	753
645	846
651	669
651	711
651	712
651	721
651	736
651	737
651	753
651	791
651	806
651	832
653	795
653	839
660	716
660	736
660	754
660	792
660	808
660	821
663	669
663	736
663	737
663	771
663	791
663	795
663	806
663	839
665	694
665	747
665	780
665	794
666	755
666	756
666	758
666	848
666	850
669	712
669	736
669	737
669	791
669	806
676	750
676	834
678	729
679	749
685	842
694	700
694	747
694	753
694	780
694	794
699	797
700	747
700	794
702	736
702	792
702	821
705	823
712	736
712	737
712	791
716	736
716	754
716	792
716	806
716	808
719	743
721	736
721	754
721	806
726	735
726	740
735	740
736	737
736	754
736	791
736	792
736	806
736	808
736	821
736	849
737	771
737	791
737	795
737	806
737	839
744	795
744	819
747	780
747	794
753	791
753	794
753	825
754	792
754	808
754	821
755	756
755	758
755	848
755	850
756	758
756	774
756	820
756	848
756	850
758	774
758	797
758	820
758	848
758	850
765	814
770	809
771	795
774	820
774	848
780	794
791	806
792	806
792	808
792	821
792	832
795	819
795	839
797	813
797	848
806	808
808	821
809	831
819	839
820	848
848	850
353	0
370	0
471	0
536	0
44	2
772	2
17	3
675	3
415	4
812	4
590	6
388	7
293	8
696	10
586	12
33	15
52	15
58	15
71	15
90	15
122	15
132	15
167	15
172	15
189	15
222	15
315	15
325	15
382	15
428	15
491	15
515	15
524	15
527	15
559	15
627	15
663	15
707	15
737	15
744	15
795	15
819	15
839	15
675	17
34	19
107	19
178	19
233	19
384	19
430	19
518	19
572	19
770	19
714	22
42	23
78	23
82	23
139	23
166	23
171	23
340	23
477	23
497	23
548	23
582	23
644	23
683	23
851	24
134	25
176	28
636	28
792	28
59	29
128	29
150	29
174	29
285	29
339	29
476	29
622	29
665	29
694	29
700	29
747	29
780	29
794	29
32	30
53	30
103	30
104	30
132	30
179	30
220	30
256	30
257	30
264	30
277	30
288	30
354	30
453	30
457	30
479	30
507	30
576	30
588	30
625	30
651	30
712	30
736	30
737	30
33	32
52	32
53	32
103	32
104	32
124	32
179	32
198	32
220	32
256	32
264	32
277	32
288	32
354	32
360	32
409	32
439	32
457	32
459	32
479	32
505	32
507	32
576	32
588	32
625	32
632	32
636	32
651	32
663	32
669	32
716	32
721	32
736	32
737	32
791	32
806	32
52	33
58	33
71	33
90	33
104	33
124	33
132	33
167	33
220	33
256	33
264	33
271	33
315	33
354	33
360	33
409	33
439	33
457	33
459	33
479	33
505	33
507	33
554	33
559	33
576	33
588	33
625	33
627	33
632	33
636	33
651	33
663	33
669	33
736	33
737	33
753	33
791	33
806	33
107	34
178	34
233	34
302	34
384	34
430	34
518	34
770	34
809	34
498	35
685	35
842	35
132	37
186	37
621	37
639	37
737	37
814	37
825	37
146	38
346	38
350	38
377	38
626	38
256	39
361	39
554	39
736	39
719	40
743	40
103	41
78	42
82	42
139	42
166	42
171	42
182	42
340	42
477	42
497	42
582	42
644	42
683	42
814	46
129	48
144	48
307	48
393	48
474	48
666	48
755	48
756	48
758	48
774	48
797	48
820	48
848	48
850	48
117	49
817	49
463	51
58	52
90	52
104	52
132	52
179	52
189	52
220	52
264	52
277	52
288	52
311	52
315	52
357	52
409	52
439	52
457	52
459	52
479	52
505	52
507	52
524	52
527	52
538	52
554	52
559	52
586	52
588	52
616	52
625	52
632	52
651	52
663	52
669	52
712	52
736	52
737	52
744	52
753	52
791	52
819	52
103	53
104	53
220	53
256	53
257	53
264	53
277	53
283	53
288	53
354	53
360	53
457	53
479	53
576	53
625	53
632	53
651	53
669	53
736	53
597	54
822	54
334	55
458	56
79	57
152	57
169	57
254	57
258	57
286	57
482	57
558	57
614	57
708	57
755	57
769	57
90	58
132	58
189	58
325	58
382	58
459	58
473	58
524	58
663	58
669	58
737	58
819	58
839	58
128	59
150	59
174	59
285	59
339	59
460	59
476	59
622	59
665	59
694	59
700	59
747	59
780	59
794	59
85	60
170	60
368	60
679	60
749	60
463	62
78	64
139	64
166	64
171	64
644	64
683	64
805	65
200	67
213	70
478	70
499	70
636	70
660	70
792	70
808	70
90	71
122	71
167	71
222	71
325	71
382	71
459	71
521	71
524	71
527	71
627	71
636	71
663	71
839	71
378	72
451	72
549	72
209	73
79	74
169	74
258	74
558	74
605	74
614	74
109	77
317	77
372	77
678	77
729	77
82	78
139	78
166	78
171	78
340	78
477	78
497	78
548	78
582	78
644	78
668	78
683	78
169	79
258	79
558	79
605	79
614	79
813	81
139	82
166	82
171	82
182	82
340	82
477	82
497	82
548	82
582	82
644	82
683	82
138	83
213	83
230	83
345	83
461	83
551	83
702	83
792	83
821	83
170	85
368	85
679	85
749	85
242	88
103	90
104	90
130	90
132	90
167	90
172	90
189	90
198	90
222	90
264	90
282	90
315	90
325	90
382	90
409	90
428	90
439	90
459	90
491	90
499	90
505	90
507	90
515	90
521	90
524	90
527	90
588	90
627	90
636	90
639	90
651	90
663	90
716	90
736	90
737	90
754	90
771	90
795	90
806	90
839	90
362	91
806	91
425	92
516	94
259	96
427	96
787	100
104	103
124	103
132	103
179	103
210	103
220	103
256	103
257	103
264	103
271	103
277	103
288	103
354	103
360	103
361	103
392	103
409	103
439	103
457	103
459	103
478	103
479	103
505	103
507	103
554	103
576	103
588	103
625	103
632	103
636	103
651	103
660	103
669	103
716	103
721	103
736	103
737	103
759	103
791	103
792	103
806	103
132	104
179	104
207	104
220	104
232	104
256	104
257	104
264	104
271	104
277	104
282	104
283	104
288	104
304	104
354	104
357	104
360	104
409	104
439	104
457	104
459	104
479	104
505	104
507	104
554	104
576	104
588	104
625	104
628	104
632	104
651	104
669	104
712	104
736	104
737	104
753	104
141	105
386	105
587	105
643	105
178	107
384	107
518	107
770	107
809	107
443	108
447	108
317	109
372	109
678	109
729	109
849	109
292	113
464	113
768	113
158	114
229	114
260	114
399	114
778	114
696	118
375	121
521	121
640	121
179	124
198	124
220	124
256	124
277	124
288	124
360	124
409	124
457	124
459	124
479	124
505	124
507	124
554	124
576	124
588	124
625	124
632	124
636	124
651	124
669	124
721	124
736	124
737	124
791	124
806	124
424	125
727	125
150	128
174	128
219	128
285	128
339	128
476	128
622	128
665	128
694	128
700	128
747	128
753	128
780	128
794	128
474	129
666	129
755	129
758	129
850	129
198	130
213	130
241	130
271	130
367	130
409	130
478	130
499	130
505	130
506	130
507	130
541	130
608	130
627	130
636	130
716	130
736	130
754	130
792	130
808	130
637	131
179	132
189	132
220	132
222	132
256	132
264	132
277	132
282	132
288	132
305	132
315	132
325	132
354	132
357	132
382	132
409	132
439	132
457	132
459	132
479	132
505	132
507	132
515	132
524	132
527	132
538	132
559	132
570	132
576	132
583	132
588	132
616	132
625	132
628	132
632	132
651	132
663	132
669	132
712	132
736	132
737	132
744	132
771	132
791	132
795	132
806	132
819	132
839	132
849	132
213	138
230	138
264	138
275	138
277	138
345	138
367	138
461	138
505	138
660	138
702	138
736	138
792	138
808	138
821	138
166	139
171	139
182	139
340	139
477	139
497	139
548	139
582	139
644	139
683	139
286	140
769	140
844	140
386	141
587	141
643	141
756	144
774	144
820	144
848	144
346	146
350	146
602	146
626	146
555	147
632	149
174	150
285	150
339	150
476	150
622	150
654	150
665	150
694	150
700	150
747	150
780	150
794	150
225	152
300	152
769	152
797	152
813	152
269	153
496	153
312	154
545	154
765	154
814	154
820	154
267	155
392	155
159	156
302	156
518	156
229	158
260	158
399	158
778	158
302	159
384	159
518	159
208	160
437	160
450	160
555	160
786	160
408	161
645	165
846	165
171	166
182	166
340	166
477	166
497	166
548	166
582	166
644	166
668	166
683	166
231	167
325	167
382	167
459	167
491	167
524	167
663	167
737	167
795	167
839	167
463	168
468	168
483	168
542	168
676	168
834	168
258	169
482	169
558	169
605	169
614	169
368	170
679	170
749	170
182	171
340	171
477	171
497	171
548	171
582	171
644	171
683	171
181	172
189	172
211	172
222	172
315	172
382	172
428	172
491	172
515	172
524	172
527	172
653	172
663	172
744	172
795	172
819	172
839	172
285	174
339	174
476	174
622	174
665	174
694	174
700	174
747	174
780	174
794	174
233	178
384	178
430	178
518	178
770	178
220	179
256	179
257	179
264	179
271	179
277	179
354	179
409	179
439	179
457	179
479	179
505	179
507	179
554	179
576	179
588	179
625	179
632	179
651	179
711	179
736	179
737	179
759	179
211	181
428	181
795	181
309	182
477	182
582	182
644	182
282	184
384	184
809	184
831	184
621	186
639	186
753	186
825	186
222	189
315	189
325	189
382	189
428	189
459	189
491	189
515	189
524	189
527	189
653	189
663	189
737	189
744	189
795	189
819	189
839	189
727	197
213	198
241	198
264	198
271	198
367	198
409	198
459	198
461	198
462	198
499	198
505	198
506	198
507	198
521	198
527	198
541	198
608	198
627	198
632	198
636	198
660	198
716	198
736	198
754	198
792	198
806	198
808	198
821	198
310	203
528	203
667	203
728	204
300	205
377	205
823	205
437	208
450	208
555	208
786	208
264	210
361	210
459	210
588	210
736	210
832	210
795	211
230	213
241	213
251	213
264	213
345	213
361	213
367	213
461	213
478	213
499	213
505	213
506	213
541	213
551	213
565	213
608	213
636	213
660	213
702	213
716	213
736	213
754	213
792	213
806	213
808	213
821	213
613	215
281	217
248	218
285	219
747	219
794	219
256	220
257	220
264	220
271	220
277	220
288	220
354	220
360	220
409	220
439	220
457	220
459	220
479	220
505	220
507	220
554	220
576	220
588	220
625	220
632	220
651	220
669	220
712	220
736	220
737	220
759	220
791	220
806	220
398	221
315	222
325	222
382	222
428	222
491	222
515	222
524	222
527	222
663	222
737	222
795	222
819	222
839	222
464	223
797	225
813	225
421	226
292	227
457	227
553	227
345	230
461	230
551	230
608	230
636	230
660	230
702	230
736	230
792	230
821	230
325	231
571	232
625	232
384	233
430	233
350	234
701	236
262	238
395	238
735	238
251	241
367	241
461	241
478	241
499	241
506	241
608	241
636	241
660	241
716	241
736	241
754	241
792	241
808	241
821	241
528	247
367	251
499	251
505	251
506	251
636	251
736	251
792	251
821	251
292	253
464	253
286	254
540	255
264	256
271	256
277	256
283	256
288	256
354	256
360	256
361	256
409	256
439	256
457	256
459	256
479	256
505	256
507	256
554	256
556	256
559	256
576	256
588	256
625	256
632	256
651	256
669	256
693	256
712	256
721	256
736	256
737	256
753	256
791	256
806	256
277	257
507	257
576	257
625	257
632	257
712	257
286	258
482	258
558	258
605	258
614	258
769	258
399	260
778	260
315	262
395	262
568	262
726	262
735	262
740	262
416	263
271	264
277	264
288	264
304	264
354	264
360	264
361	264
367	264
409	264
439	264
457	264
479	264
505	264
507	264
551	264
559	264
576	264
588	264
625	264
632	264
651	264
660	264
663	264
716	264
736	264
737	264
753	264
792	264
821	264
496	269
277	271
288	271
354	271
360	271
409	271
439	271
457	271
459	271
479	271
505	271
506	271
507	271
570	271
576	271
586	271
588	271
625	271
632	271
636	271
651	271
663	271
669	271
721	271
736	271
737	271
754	271
792	271
806	271
446	272
547	273
387	275
505	275
625	275
736	275
283	277
288	277
354	277
357	277
360	277
361	277
367	277
409	277
439	277
457	277
459	277
478	277
479	277
505	277
507	277
551	277
554	277
555	277
565	277
576	277
588	277
625	277
632	277
651	277
660	277
669	277
693	277
712	277
736	277
737	277
791	277
792	277
806	277
384	282
439	282
459	282
527	282
663	282
736	282
737	282
771	282
831	282
354	283
457	283
479	283
632	283
669	283
712	283
736	283
782	284
339	285
460	285
476	285
622	285
665	285
694	285
700	285
747	285
753	285
780	285
794	285
482	286
769	286
539	287
684	287
354	288
357	288
360	288
409	288
439	288
457	288
461	288
479	288
505	288
507	288
554	288
565	288
576	288
588	288
625	288
632	288
636	288
651	288
669	288
712	288
736	288
737	288
792	288
806	288
821	288
402	292
464	292
730	293
505	299
813	300
823	300
384	302
518	302
827	302
457	304
479	304
636	305
736	305
393	307
848	307
528	310
667	310
545	312
765	312
814	312
382	315
395	315
428	315
459	315
515	315
524	315
527	315
534	315
627	315
636	315
663	315
735	315
736	315
737	315
795	315
839	315
372	317
678	317
729	317
382	325
491	325
515	325
524	325
625	325
663	325
737	325
795	325
839	325
492	331
738	331
641	337
790	337
460	339
476	339
622	339
665	339
694	339
700	339
747	339
794	339
477	340
497	340
548	340
582	340
644	340
683	340
461	345
660	345
702	345
736	345
792	345
821	345
377	346
626	346
679	346
585	348
602	350
640	352
370	353
849	353
360	354
409	354
439	354
457	354
479	354
505	354
554	354
576	354
588	354
625	354
632	354
651	354
669	354
712	354
736	354
737	354
791	354
806	354
480	356
439	357
457	357
479	357
554	357
628	357
632	357
669	357
712	357
737	357
752	357
409	360
439	360
457	360
459	360
479	360
483	360
505	360
507	360
576	360
588	360
625	360
632	360
651	360
669	360
736	360
737	360
791	360
806	360
367	361
459	361
479	361
505	361
559	361
625	361
636	361
651	361
702	361
736	361
737	361
792	361
806	361
849	361
762	362
520	365
461	367
478	367
499	367
505	367
506	367
541	367
608	367
627	367
632	367
636	367
660	367
716	367
736	367
754	367
792	367
808	367
821	367
679	368
749	368
536	370
674	370
678	372
729	372
461	373
702	373
792	373
507	375
521	375
823	377
451	378
549	378
756	381
758	381
774	381
820	381
848	381
428	382
459	382
491	382
515	382
524	382
527	382
653	382
663	382
737	382
744	382
795	382
839	382
430	384
518	384
770	384
809	384
831	384
587	386
643	386
530	388
570	392
586	392
756	393
758	393
797	393
848	393
448	394
568	395
726	395
735	395
740	395
665	397
778	399
436	403
481	404
439	409
457	409
459	409
479	409
505	409
507	409
527	409
554	409
576	409
583	409
588	409
625	409
632	409
636	409
651	409
663	409
669	409
716	409
721	409
736	409
737	409
753	409
754	409
806	409
812	415
805	418
727	424
515	428
524	428
527	428
663	428
795	428
839	428
518	430
572	430
770	430
650	431
450	437
786	437
585	438
457	439
459	439
479	439
505	439
507	439
521	439
527	439
554	439
576	439
588	439
616	439
625	439
628	439
632	439
651	439
669	439
736	439
737	439
753	439
800	439
806	439
494	441
447	443
462	445
725	445
802	446
529	448
786	450
549	451
555	452
459	457
479	457
505	457
507	457
527	457
554	457
576	457
588	457
616	457
625	457
628	457
632	457
651	457
663	457
669	457
693	457
712	457
736	457
737	457
753	457
791	457
819	457
849	457
505	459
507	459
521	459
524	459
527	459
559	459
586	459
588	459
616	459
627	459
632	459
636	459
651	459
663	459
669	459
721	459
736	459
737	459
753	459
791	459
806	459
839	459
780	460
794	460
499	461
505	461
506	461
565	461
608	461
636	461
660	461
702	461
716	461
736	461
754	461
792	461
806	461
808	461
821	461
636	462
725	462
468	463
483	463
542	463
576	463
676	463
750	463
834	463
603	464
483	468
542	468
676	468
834	468
536	471
669	473
819	473
666	474
755	474
758	474
848	474
850	474
622	476
665	476
694	476
700	476
747	476
753	476
780	476
794	476
497	477
548	477
582	477
644	477
683	477
499	478
505	478
506	478
507	478
541	478
608	478
636	478
716	478
736	478
754	478
792	478
808	478
505	479
507	479
554	479
565	479
576	479
588	479
625	479
632	479
651	479
663	479
669	479
693	479
712	479
736	479
737	479
806	479
558	482
605	482
614	482
769	482
542	483
676	483
834	483
552	488
630	488
515	491
524	491
527	491
663	491
737	491
795	491
839	491
738	492
548	497
582	497
644	497
683	497
685	498
842	498
505	499
506	499
541	499
608	499
627	499
636	499
660	499
716	499
736	499
754	499
792	499
806	499
808	499
821	499
506	505
507	505
570	505
576	505
588	505
625	505
632	505
636	505
651	505
663	505
669	505
716	505
721	505
736	505
737	505
754	505
791	505
792	505
806	505
808	505
821	505
507	506
608	506
636	506
660	506
716	506
736	506
754	506
792	506
806	506
808	506
821	506
554	507
570	507
576	507
588	507
625	507
627	507
632	507
636	507
651	507
663	507
669	507
712	507
716	507
721	507
736	507
737	507
753	507
754	507
791	507
792	507
806	507
524	515
527	515
663	515
744	515
795	515
819	515
839	515
770	518
809	518
527	521
627	521
636	521
640	521
736	521
527	524
663	524
737	524
744	524
771	524
795	524
839	524
576	527
627	527
636	527
653	527
663	527
737	527
771	527
795	527
839	527
667	528
841	535
717	536
684	539
608	541
636	541
716	541
736	541
754	541
792	541
808	541
576	542
676	542
834	542
554	543
765	545
814	545
582	548
644	548
683	548
702	551
736	551
792	551
630	552
576	554
588	554
625	554
632	554
651	554
663	554
669	554
711	554
791	554
625	556
605	558
614	558
583	559
616	559
625	559
734	559
737	559
849	564
736	565
735	566
726	568
735	568
740	568
682	569
586	570
636	570
669	570
806	570
588	576
625	576
632	576
636	576
651	576
663	576
669	576
712	576
736	576
737	576
791	576
806	576
683	578
644	582
668	582
683	582
737	583
736	586
806	586
643	587
625	588
632	588
636	588
651	588
663	588
669	588
712	588
721	588
736	588
737	588
753	588
791	588
806	588
822	597
614	605
699	605
797	605
627	608
636	608
660	608
716	608
736	608
754	608
792	608
808	608
821	608
633	610
705	610
823	610
719	611
737	616
849	616
639	621
753	621
825	621
665	622
694	622
747	622
780	622
794	622
632	625
651	625
663	625
669	625
693	625
712	625
736	625
737	625
806	625
636	627
663	627
716	627
754	627
795	627
669	628
636	632
651	632
669	632
693	632
712	632
716	632
736	632
737	632
753	632
754	632
759	632
791	632
792	632
806	632
705	633
651	636
660	636
663	636
716	636
721	636
736	636
737	636
754	636
792	636
806	636
808	636
821	636
753	639
825	639
790	641
683	644
753	644
846	645
669	651
711	651
712	651
721	651
736	651
737	651
753	651
791	651
806	651
832	651
795	653
839	653
716	660
736	660
754	660
792	660
808	660
821	660
669	663
736	663
737	663
771	663
791	663
795	663
806	663
839	663
694	665
747	665
780	665
794	665
755	666
756	666
758	666
848	666
850	666
712	669
736	669
737	669
791	669
806	669
750	676
834	676
729	678
749	679
842	685
700	694
747	694
753	694
780	694
794	694
797	699
747	700
794	700
736	702
792	702
821	702
823	705
736	712
737	712
791	712
736	716
754	716
792	716
806	716
808	716
743	719
736	721
754	721
806	721
735	726
740	726
740	735
737	736
754	736
791	736
792	736
806	736
808	736
821	736
849	736
771	737
791	737
795	737
806	737
839	737
795	744
819	744
780	747
794	747
791	753
794	753
825	753
792	754
808	754
821	754
756	755
758	755
848	755
850	755
758	756
774	756
820	756
848	756
850	756
774	758
797	758
820	758
848	758
850	758
814	765
809	770
795	771
820	774
848	774
794	780
806	791
806	792
808	792
821	792
832	792
819	795
839	795
813	797
848	797
808	806
821	808
831	809
839	819
848	820
850	848
