3699	398
3699	3049
2896	3125
2896	3389
2896	3780
358	4148
358	652
2655	1476
2655	4058
2655	256
3399	3916
1239	1858
1239	4073
3863	2489
3863	1355
3863	4611
3863	718
3863	2159
3863	3184
3863	3425
91	4611
91	3389
3115	3737
3115	4034
3115	1347
3115	59
3115	3389
3115	2114
45	1964
45	3734
1075	891
1075	2071
1075	672
1075	4460
1075	396
1075	4512
1075	1150
1075	4012
1075	900
1075	2574
1075	4023
1075	227
1075	1964
1075	374
1075	959
1075	856
1075	1878
1075	326
1075	1547
2897	3175
3434	206
3434	4193
4132	1158
4132	1580
4132	4450
4132	473
4132	510
4132	511
4132	3296
4132	931
4132	3254
4132	3591
4132	4564
4132	4593
4132	4594
1822	206
1638	343
1638	102
1638	4253
3572	679
3572	3643
3572	2948
3572	2715
3572	1110
3572	1027
3572	4611
3572	2651
3572	1401
898	4347
898	570
898	3296
898	866
898	110
891	1353
891	655
891	4011
891	177
891	4611
891	856
891	1878
891	326
891	1547
891	3425
471	1412
471	1193
471	2469
471	507
1215	368
1215	189
1215	1380
1215	3412
793	2023
793	4506
793	3389
1487	1866
1131	1269
1131	4079
2144	1269
272	1965
2958	3148
2958	3389
2958	1013
679	4185
679	2366
679	102
679	4392
679	1063
679	3734
210	2183
210	435
210	1321
924	719
924	4506
924	4108
924	2507
924	2706
924	4193
924	807
4053	1321
4053	2021
1263	3273
1263	4521
3704	2489
3704	3308
1514	1288
4494	1193
4494	2420
4494	3502
4494	982
4494	482
4494	4533
4494	1144
4494	2045
364	249
364	1269
3757	1775
1478	2837
1478	2978
1407	2872
1407	3236
1841	2584
337	2913
337	250
337	1800
337	4231
337	1033
294	1789
294	813
294	1888
1581	2646
1581	4611
1581	3972
1172	911
1172	2409
1172	4359
1172	4393
354	3875
4664	1315
4664	1121
4664	3068
3721	2584
3721	2071
3721	1441
3721	144
2952	2584
2952	2071
2952	3312
2952	3724
404	4472
404	962
2860	343
343	3461
343	4433
343	4568
343	3208
343	3223
343	749
343	2527
343	3589
343	1223
343	2206
343	2208
343	3379
343	2102
343	1190
343	1996
343	2919
343	2101
343	1419
343	1952
343	1220
343	2680
343	1033
343	226
343	3288
343	4096
343	1946
343	1957
343	2898
343	3209
343	3748
3461	4433
3461	1732
3461	3380
3461	1121
3461	4193
3461	3296
3461	1399
3461	1415
4433	2397
2671	4523
2671	1618
2671	1988
2671	230
2671	4540
2671	101
2671	3734
111	3955
4523	3967
4523	3692
4523	4645
4523	3824
4523	458
4523	4392
4523	1341
4523	345
4523	3921
4523	1952
4523	4173
4523	162
3955	1403
3264	1070
3264	3425
4675	3670
4675	1930
4675	488
4675	982
4675	4464
4675	249
4675	4643
4675	2618
287	206
287	3688
3172	3880
3172	2490
3880	2490
3880	3214
3880	718
1940	230
1940	1948
1940	567
1940	1727
499	429
499	3212
649	4611
649	739
2328	1260
1260	3039
862	553
4016	2458
1018	529
1018	2259
3607	1852
3607	921
1022	4314
2335	1385
2335	4212
2335	1640
2335	172
2335	896
2939	726
2362	172
2362	2166
2362	4437
2362	3488
2362	870
3599	413
3599	3791
1732	2658
1732	856
2606	744
2606	3404
607	3456
2996	3108
2996	3644
4598	2124
4598	652
4568	1600
4568	1745
4568	900
4669	1600
4669	1750
4669	1863
4669	3657
269	1933
269	1269
269	685
269	4411
3208	1600
3208	3396
3208	749
3208	1750
3208	4607
3208	3365
3208	1745
3208	3767
3208	246
3208	1640
3208	1279
3208	3728
3208	2254
3208	4207
3208	1898
3208	1948
3208	3650
3208	1749
3208	900
3208	4154
3208	1092
3208	30
3208	3660
3208	2098
3208	2299
3208	4414
3208	3357
3208	435
3208	3296
3208	962
3208	921
3208	460
3208	521
3208	1003
3208	2604
3208	2865
3208	3436
3208	4159
3208	4380
3208	4443
1432	3900
1432	1607
1432	2945
1432	1338
1432	161
1432	1445
1432	2020
1432	460
1600	3331
629	101
629	1445
629	2299
629	3209
3760	140
3760	3308
3189	3553
2407	3108
3108	2536
3108	2315
3108	3040
3108	2194
3108	3522
3108	2112
3108	572
3108	2613
3108	2945
3108	3336
3108	2123
3108	3600
3108	2646
3108	1020
3108	2678
3108	321
3108	3456
3108	2666
3108	2199
3108	2332
3108	2153
3108	2377
3108	1774
3108	4171
3108	3291
3108	1121
3108	4666
3108	4414
3108	2222
3108	3375
3108	3642
3108	739
3108	2631
3108	2521
3108	3250
3108	74
3108	70
3108	723
3108	970
3108	1447
3108	1752
3108	1779
3108	2040
3108	2050
3108	3794
3108	2135
3108	2157
3108	3455
3108	2269
3108	2324
3108	2437
3108	2467
3108	2552
3108	2637
3108	3001
3108	3413
3108	3473
3108	3745
3108	3948
3108	4273
3108	4617
3108	1888
4532	2536
542	2536
3306	2536
3306	2578
3306	0
2536	950
2536	2578
2536	0
2536	1
2536	3236
2536	3828
950	2578
950	0
2578	0
2567	1930
2567	2420
2567	199
2567	507
140	2944
140	4112
140	3972
3396	2725
3396	2189
3396	3627
3670	1224
3670	2420
3670	1887
3670	488
3670	249
3670	707
3670	2121
3670	2533
3670	551
3670	2618
3670	1502
3670	4552
2219	1193
2219	2369
217	766
217	707
217	2438
766	2112
766	249
766	707
2106	2557
2106	715
2106	206
2557	2060
2287	847
2287	1229
2287	4011
2287	81
2287	2667
2287	1044
2287	1689
2287	3145
2287	2243
2136	1314
2136	2208
2136	2159
2136	3734
2136	2395
2136	3663
3195	979
3195	3780
50	1269
328	1637
328	807
1332	1562
1332	3638
1332	584
1332	3747
4445	2023
4445	1981
4445	3660
4445	893
4445	589
4445	1335
2793	3304
2793	1791
2793	1043
2793	3504
2793	375
2793	912
2793	4120
3304	238
3304	375
951	553
951	1772
951	458
951	504
951	1727
1885	177
1885	718
1885	569
3900	1103
3900	2368
3900	2955
2315	2146
2315	3734
2315	3318
2315	3296
2315	2725
2315	1280
2315	3175
2315	1709
2315	3662
1368	3312
1368	1468
1368	3328
1353	803
1353	633
1353	745
1353	733
1353	3734
1353	2131
803	3623
803	745
803	3818
803	733
803	167
803	3798
803	3236
803	1653
803	3009
4487	4090
4487	458
4487	3638
4487	504
2317	3125
3054	553
1451	3734
2837	2458
2837	2844
596	3707
596	1369
2887	390
2887	1508
2887	652
2887	2035
2887	378
2887	4427
2887	58
2887	2580
721	476
4384	2366
4574	1379
3967	773
3967	3677
3967	3638
3967	1727
4655	2569
4655	1029
4655	86
1386	488
1386	249
4046	2281
4046	691
2640	4520
2640	430
2640	2199
2640	4394
1870	3223
1870	802
1870	3604
1870	3006
1870	2108
1870	3635
1870	1952
1870	2680
1870	1033
1870	226
1870	4665
1870	535
1870	1957
1870	3276
1870	3511
422	2512
422	2098
422	2188
4254	4056
4254	3824
4254	1847
4254	4064
4254	1535
4254	1893
3159	3379
3159	185
1684	413
1684	967
1055	3379
1241	4476
1193	2420
1193	114
1193	7
1193	4041
1193	1887
1193	488
1193	1400
1193	2275
1193	452
1193	249
1193	482
1193	707
1193	2121
1193	2533
1193	66
1193	4428
1193	507
1193	2618
1193	1502
1193	2045
2569	2137
2569	2243
2137	672
2137	409
2137	329
2137	438
2137	122
2137	241
2137	425
4404	1171
4404	3519
4404	3734
4404	3296
4404	1373
3223	2245
3223	4339
3223	3389
3223	3780
4457	4015
4457	606
4457	2007
4457	1063
4457	3785
4457	1349
4457	2159
4457	3734
4457	1500
1797	982
1797	580
1797	2848
1797	410
19	672
19	529
19	1781
19	1610
19	1598
19	3895
19	1071
19	4354
19	3611
19	4047
19	1804
3374	2523
2282	1551
2282	1607
2282	786
2282	1349
2282	4193
2282	326
2282	122
2282	3425
2489	1551
2489	1607
2489	3832
2489	4193
2489	326
2489	3425
2278	4122
2959	3236
465	2023
465	3125
465	427
465	1380
465	206
465	718
465	976
3040	1223
3040	3184
3040	3680
2023	3125
2023	3486
2023	1967
2023	1981
2023	427
2023	3647
2023	1511
2023	1403
2023	718
2023	2223
2023	2609
715	847
715	3055
715	4437
715	792
715	2883
2584	2071
2584	1441
2584	144
2584	1027
2584	1013
1551	1528
1551	2281
1551	4429
1551	887
4085	4392
2071	1441
2071	144
2071	1171
2071	4414
2071	1337
3120	4108
3120	3668
3120	3882
3120	138
1441	144
621	2443
621	2472
4221	1002
4015	3858
4015	2726
4015	1010
4015	1640
4015	577
4015	3703
4015	606
4015	1027
4015	1341
4015	3793
4015	3173
4015	1029
4015	1921
4015	3389
4015	3296
4015	1500
4015	558
4015	825
4015	3212
4015	3423
4015	3663
672	529
672	1071
672	4354
672	3611
672	2971
857	2463
857	4047
529	655
529	4011
529	2140
529	3895
529	4500
529	1567
529	1071
529	4354
529	3611
529	856
529	1878
529	4331
529	1547
3125	849
3125	427
3125	718
3125	1044
3125	3073
1009	30
639	2734
639	758
639	987
639	161
639	128
639	2226
639	1689
639	767
1370	645
1370	2419
1370	4011
1370	4071
1370	979
645	553
645	4520
645	4090
645	4011
645	2948
645	2146
645	1724
645	3635
645	1190
645	544
645	835
645	4071
645	979
645	3309
645	398
645	2382
1607	647
1607	887
1607	2632
1607	15
1607	3175
1607	162
1607	3068
1607	1957
1607	3547
1607	3328
2419	3297
2419	4648
2419	2034
2419	2680
2419	878
553	668
553	1578
553	1724
553	755
553	1567
553	4047
553	601
553	2226
553	3184
553	500
553	3891
553	4035
3241	4002
1562	4020
1562	34
1562	3578
1562	550
1562	345
1562	652
1562	1619
1562	138
1562	1288
1562	2745
1251	4376
1618	1792
1618	302
1618	2067
392	3533
392	2366
392	1347
392	1269
392	2299
392	2993
918	2194
918	250
1224	3039
1224	3502
1224	982
1224	3456
1224	4533
1224	949
1224	1144
1224	2239
3737	1971
193	4338
193	425
4048	1792
4048	1580
4048	3175
4048	3662
1191	3236
1191	41
1191	3436
749	1640
4535	1288
1476	4058
1476	4020
1476	1010
1476	3638
1476	3916
1476	1619
1476	1337
1476	1747
1476	1727
4058	4257
4058	4020
4058	1434
4058	3578
4058	4392
4058	3843
4058	4500
4058	1619
4058	1288
4058	1727
4058	2637
4058	1877
2978	2458
663	4414
3036	1280
1792	2067
2964	3524
2964	430
2964	1213
2964	30
2964	1379
2964	4603
3487	3424
3487	4347
3487	979
3487	2226
4520	979
37	2281
37	2544
37	4231
37	2842
4217	900
4217	3390
4217	1496
4217	138
4217	856
3217	2716
3217	3612
3217	3236
3217	1029
3217	2104
3217	686
3217	1871
3217	3627
3217	4273
2716	3498
2716	4645
3762	4306
3762	2597
291	2463
291	3477
291	2846
291	3161
291	1269
291	1086
2866	3214
2866	4090
2866	1610
2866	2919
2866	3236
2866	3389
2866	3296
1750	4607
1750	3365
1750	1749
1750	4154
1750	3813
1750	2895
1750	4292
1750	962
1750	3657
1750	3870
4607	1579
4607	2895
4607	2223
4607	3473
4607	4159
4607	4277
3631	2504
1463	1749
1463	3236
655	3810
655	473
655	1190
655	570
655	127
655	3813
655	3086
655	906
655	1567
655	2651
655	3425
119	3379
119	1029
119	1567
119	3389
119	2159
119	3296
119	2942
3912	3337
3912	2438
3847	3690
1930	3690
1930	2420
1930	4041
1930	1887
1930	488
1930	2570
1930	1889
1930	2275
1930	249
1930	707
1930	2630
1930	2121
1930	4391
1930	2533
1930	4643
1930	551
1930	507
1930	2618
1930	1502
1930	2810
1930	3506
1930	3915
1930	4552
1930	4310
2194	66
2194	1907
1974	3638
4257	2527
2527	1282
2527	3425
1858	4275
847	1609
847	2195
847	4269
847	1375
847	3961
847	2245
847	2646
847	4500
847	3389
847	1269
847	247
847	1121
847	4248
847	3780
847	3296
847	3710
2463	2846
2463	3843
3873	2504
3873	2180
3873	2305
3873	3732
3690	7
3690	4041
3690	2026
3690	249
1809	3662
3214	979
3214	41
3214	283
3612	2544
3612	1302
3612	2104
3612	3865
3858	543
3858	4163
3858	4012
3858	3635
3858	152
3858	374
2603	4336
3365	3895
3365	1316
3769	3931
3769	489
3769	1731
3769	3734
523	1781
523	1981
523	1068
523	4392
523	4240
523	709
523	1597
523	1369
523	2060
523	2751
523	608
523	774
523	3328
3380	189
3380	1253
3380	3175
4472	4054
3417	979
3417	4296
3405	3793
3405	3816
3405	233
4336	442
4336	250
4336	1800
4630	4090
4460	3843
4460	1029
4460	598
4460	3916
4460	4428
3331	2731
2025	1709
409	2015
4020	4128
4020	4605
4020	652
4020	2680
4020	1619
4020	1939
1725	3734
1545	1269
4060	1434
1167	4041
1167	982
1167	413
1167	580
1167	249
1167	2848
1167	2618
4456	1804
3524	3559
3524	4269
3524	4483
3524	4128
3524	570
3524	2424
3524	4122
3524	1227
3524	1379
3524	4666
3524	4335
3524	2942
512	982
1098	1484
1098	15
1881	30
1483	3850
1483	2125
2474	2016
2474	3846
4056	3086
1781	1640
1781	2401
1781	3389
1781	1337
1781	3734
1781	3296
4078	3965
2636	3099
744	1745
744	1496
744	881
3300	4229
2263	2409
2258	2491
1745	292
1745	2223
1745	3209
1745	4564
563	4090
563	3677
563	3638
2762	3055
2762	3723
2762	890
3093	773
3093	387
4169	3098
4169	1380
4169	1579
4169	1871
4469	1349
4469	4144
4185	1029
12	3843
3522	1981
668	2366
668	102
668	3703
668	1598
668	3895
668	4611
668	1567
668	859
668	1269
668	3175
668	1318
668	3425
2629	550
2629	1567
4090	368
4090	139
4090	3692
4090	3824
4090	4481
4090	4332
4090	979
4090	963
4090	162
557	1157
4591	3703
4591	2808
4591	1728
4591	206
4591	1379
4591	4666
923	4195
2975	504
2975	1727
3931	3106
3931	2808
3931	4017
3931	489
3931	1731
3931	3734
3931	1727
1039	2783
1197	2646
1355	4667
1355	1377
1355	3635
1355	221
1355	4177
1355	4604
1355	4500
1355	3734
1355	3296
1355	2189
1355	4244
3498	1761
3498	1121
4034	2206
4034	23
4034	3677
4034	3638
4034	1546
4034	474
4034	879
4034	1573
4034	4234
2734	4540
2734	4284
2734	4121
2734	128
1967	2159
1967	927
932	1455
1069	172
1069	102
396	820
396	3793
396	3012
820	81
820	3793
3004	4155
4667	719
4667	962
4667	4244
938	413
938	4432
938	1907
938	2810
2830	3723
2830	3677
2830	3638
3550	1173
3550	1952
3550	1058
3550	4122
3550	2226
3550	689
4545	2458
4545	4392
4545	1366
4545	2365
312	1965
335	4011
335	345
1056	1103
1988	3734
1158	1385
2504	1382
2504	3595
2504	662
2504	2438
2504	3042
2726	1567
884	1225
884	4064
3098	1579
3098	3734
3098	3296
80	1121
80	3734
80	1258
80	4373
49	1610
49	3477
49	1293
49	1341
2423	86
3220	1029
3220	3573
309	3734
309	3296
4101	2469
3228	549
121	4437
121	3779
4	2632
4	3296
757	996
757	1898
757	3822
757	987
757	2688
757	2181
757	2530
3767	4357
3767	4323
3767	3692
3767	4326
3767	4392
3767	550
3767	1107
3767	4332
3767	2981
3767	1727
3767	4234
4142	3816
4142	233
2602	2530
2602	685
2420	2026
2420	488
2420	3502
2420	982
2420	2148
2420	249
2420	2121
2420	2533
2420	949
2420	551
2420	2618
2420	4552
1818	4386
1818	4398
1818	2089
1818	2653
1818	3650
1818	2541
4386	4398
4386	2089
4386	2653
4398	2089
1123	1269
2935	2810
3655	3393
3655	3784
3655	86
3655	1369
3655	881
368	177
368	3692
368	458
368	2678
368	4070
368	4636
368	550
368	127
368	504
368	3921
368	3747
368	4332
368	3011
368	2159
368	3780
368	1727
1772	3692
1772	458
1772	504
1772	3573
1772	1727
669	4117
2539	4117
1385	4212
1385	1004
1385	3675
2112	2238
114	3502
114	982
114	4643
4345	206
4345	4343
4345	3780
4345	1839
1798	1889
1798	794
1798	3826
2397	206
2397	3780
2397	1013
2397	686
1469	3502
3251	4614
3251	3389
3251	4338
3251	426
3251	608
1992	205
2092	3456
2092	3236
7	2026
7	1293
7	580
7	4481
7	1144
4041	2026
4041	3502
4041	1810
4041	580
4041	4192
4041	3337
4041	4533
4041	949
4041	218
4041	2848
4041	4643
4041	551
4041	1144
4041	2045
4041	2452
4041	205
2026	1887
2026	488
2026	218
2026	2618
1505	2861
1505	249
1887	3502
1887	982
1887	462
1887	1889
1887	2872
1887	482
1887	2890
1887	4533
1887	401
1887	218
1887	4643
1887	551
1887	66
1887	1144
1887	2844
1887	1205
4212	1004
4212	3675
4212	3250
4212	931
4212	2011
3928	366
3928	569
1010	896
1010	577
1010	504
3055	3128
3055	1786
3055	4269
3055	3692
3055	1614
3055	445
3055	1107
3055	4332
3055	2582
3055	3278
3112	4005
4052	3465
246	2999
246	1637
246	2159
673	458
3687	3382
3687	2613
3687	1652
3687	3477
3687	2909
3687	3173
3687	1563
3687	302
3687	15
3687	768
3687	880
3382	2410
3382	3236
3382	880
4497	2140
2613	4012
2613	4121
4576	3734
4319	1269
488	3502
488	3934
488	982
488	1810
488	2014
488	2435
488	1889
488	413
488	580
488	2872
488	1506
488	2890
488	4533
488	401
488	949
488	218
488	2848
488	4643
488	551
488	1144
488	2045
488	2239
3589	3638
3589	2368
3589	2159
3589	2395
3589	880
3589	110
3589	1796
3589	3212
1400	334
1400	3945
1400	3337
1400	2848
1400	4643
1400	2045
1400	2703
1229	430
1229	2060
1229	921
1229	3239
3643	81
3643	1577
3643	3916
171	3379
2213	1138
2213	507
3360	4508
3360	2081
812	1323
812	1898
812	4437
812	2159
812	1337
812	3296
3232	1314
3232	3638
3232	3236
3232	1236
2861	478
3039	66
3039	1399
3039	2822
3039	1205
2741	1119
2741	478
3902	3061
429	3734
429	3009
1016	1579
1016	1720
334	1293
334	1220
116	1220
4525	3561
35	846
35	1952
34	1231
34	230
34	3578
34	550
34	1107
34	2241
34	4563
34	1737
34	3425
34	3061
34	3212
18	2366
18	230
430	4539
430	4506
430	1889
430	3379
430	1326
430	3291
430	3634
430	136
430	2761
1786	661
2154	3184
1979	212
3693	3236
2941	982
4167	1314
4167	1933
4167	1520
3530	2366
740	4011
4512	1964
4512	1739
4512	374
4512	4354
4512	1547
1225	1094
2774	982
2774	249
2774	707
2774	1502
2774	205
2010	177
2010	577
2010	2458
2010	230
2010	1556
2010	3684
2010	550
2010	3638
2010	3379
2010	3793
2010	1107
2010	4332
2010	1500
3576	3379
3502	982
3502	2570
3502	249
3502	707
3502	2121
3502	1169
3502	401
3502	2533
3502	2848
3502	4643
3502	551
3502	2618
3502	1612
3502	2045
3502	2844
3502	4552
3934	249
3934	66
3934	2844
1382	1468
1382	2491
2251	2354
1223	4224
1223	102
1223	1323
1223	584
1223	4611
1223	4017
1223	4193
1223	3296
4224	2909
1610	4011
1610	177
1610	3692
1610	3837
1610	282
1610	1347
1610	1286
1610	691
1150	4352
1150	1964
1150	959
1150	4354
1150	1878
1150	326
1150	1547
1150	2055
719	4614
719	661
719	4275
719	1612
719	2810
4308	2366
710	4567
1315	3379
1315	1366
1315	3166
1315	4099
1315	1621
1315	2753
4294	1577
4294	3773
4294	4567
4294	1929
2462	1442
2469	66
2469	146
3533	1556
3533	1547
1981	435
1981	3547
1981	3328
442	3442
442	3379
442	718
442	685
442	4428
442	248
442	2122
442	122
3442	4437
3442	122
3707	1726
1246	1314
1246	4646
846	1796
2945	3379
2945	3236
3249	1094
1314	4646
1314	1428
1314	2302
1314	2612
1314	1546
1314	39
1314	4276
1314	2719
1314	3215
1314	86
1314	3978
1314	2580
1314	2018
1314	4203
1314	4234
1292	3379
1292	3734
1292	1902
443	3734
1235	1094
1235	3734
1235	435
1235	2491
1235	2725
1378	3953
1378	3734
1378	594
2085	3604
2085	1625
2085	256
2085	4611
2085	3389
2085	1337
1119	4128
1119	249
1119	707
1119	3175
1119	3553
4270	2366
4270	1323
4270	1020
2410	4122
1933	1219
1933	2334
1933	3235
1933	3166
1933	4193
1933	2226
1933	3397
1219	564
1219	3684
3953	4339
4646	570
4646	206
4646	1052
4646	3784
4646	3291
4646	3425
982	2560
982	2570
982	1889
982	249
982	482
982	2890
982	4533
982	1269
982	2121
982	2533
982	949
982	551
982	17
982	2618
982	1502
982	2045
982	3915
982	4552
564	507
438	3389
802	1519
802	1496
802	1627
3106	177
3106	1293
3106	2498
3106	4156
3106	57
3106	1440
3106	3519
3106	1337
3106	1537
3106	3734
3106	691
3106	2161
1428	1936
1428	4064
1428	921
3336	1789
3336	4019
1789	4500
1789	1619
1789	1821
1157	4508
1157	1751
1157	4658
4464	478
4464	249
4464	794
3481	1029
4513	1029
1640	97
1640	2166
1640	2544
1640	1202
1640	3456
1640	1185
1640	2153
1640	2765
1640	3876
1640	4064
1640	1773
1640	3640
1640	4449
1640	4594
1640	2735
1640	4234
97	685
4323	2843
4323	390
4323	3578
2806	3239
3608	522
278	2146
3604	2401
3604	3389
549	2366
549	4189
549	1121
549	2159
549	3876
1652	1020
4417	1027
4417	4437
172	896
172	2646
172	1094
172	522
2843	390
1810	707
1810	2533
1810	3097
4057	4248
4057	407
369	3986
1134	3746
1134	1269
1134	3734
462	81
462	2005
863	2668
863	3734
863	2814
863	3318
863	3296
4051	2191
189	2458
189	3650
189	2159
4222	1269
3898	249
849	206
1609	2195
1609	3961
1609	247
1609	3547
2195	3961
2195	3703
2195	247
2195	3547
1195	4405
1195	1964
1195	3734
1195	3296
341	3236
1037	643
1037	3734
3924	3033
3033	4339
3033	1169
3033	3665
4011	1171
4011	2354
4011	2146
4011	4284
4011	1952
4011	4225
4011	2306
4011	1567
4011	979
4011	2226
4011	1509
3367	4269
2948	979
2948	2226
3477	1898
3477	3877
3477	623
3477	1282
3477	4071
3477	3166
3477	4047
1520	2104
3559	606
3559	30
3559	4155
3559	1379
3559	4666
4269	2458
4269	4671
4269	247
4269	2107
390	1171
390	4605
390	1455
390	1220
390	4225
390	1058
390	1033
390	4122
2846	3379
2846	1749
2846	4047
2846	861
2846	2736
220	4450
220	3734
220	3296
478	3236
478	661
3961	247
896	2646
896	1508
896	407
896	4563
81	366
81	3793
81	1107
81	256
81	4188
81	2098
81	4540
81	4121
81	2745
81	3710
1456	1269
3833	3261
3833	507
2014	249
2014	707
2014	2618
2014	2038
3353	1502
2015	1099
2015	2841
2432	2944
2432	3527
2715	1377
1171	206
1171	3148
1171	1033
1171	3556
2270	3379
2443	2472
1255	3734
1374	3236
2913	1279
2913	1627
2913	3209
2089	2653
2089	3379
139	206
139	4611
139	3780
3161	1110
3161	1029
2108	3723
2108	623
2108	1337
2108	3734
2108	3212
2355	887
497	3810
497	1728
513	3810
250	2547
250	1269
822	1910
4115	2366
3958	3456
3728	2146
3728	3677
3728	2098
3728	3734
3728	514
966	3082
966	2533
4506	2808
4506	3296
280	3668
2129	1293
2129	541
2129	1369
2129	3582
2757	74
2847	1606
4580	4611
4151	3465
4151	3734
2245	3424
2245	990
2245	3387
4425	424
4202	4388
366	4611
366	3163
366	2750
366	1442
366	3916
366	2745
631	2124
2738	2238
4654	4108
3564	3379
3564	1749
3564	962
3564	1893
3564	2865
177	1293
177	333
177	1556
177	3449
177	3379
177	1749
177	3424
177	30
177	3719
177	1663
177	1183
177	588
177	782
177	3617
1293	3379
1293	1749
1293	57
1293	1282
1293	859
1293	283
1293	218
1293	2632
1293	3250
1293	3828
2298	4462
2298	3567
2298	3501
454	3740
454	1489
454	3451
3393	1699
3775	707
3775	2848
2206	4483
2206	1380
2206	3519
2206	3296
62	4392
62	3082
62	2159
62	3296
62	1888
4439	4414
2697	2486
2697	2885
2088	2719
2088	2491
1791	4181
1791	375
3146	30
3146	160
2130	299
1138	2720
1099	1269
1231	1824
3692	458
3692	1027
3692	504
3692	1653
3692	3813
3692	3986
3692	1727
3692	3212
4645	1341
4645	86
4645	1446
3824	458
3824	1027
3824	3723
3824	4611
3824	2189
3824	3212
458	1614
458	4636
458	550
458	504
458	4632
458	976
758	2366
758	206
758	1029
333	859
333	86
333	2021
3614	4563
2570	2121
2570	401
2570	4567
2570	3296
2570	551
2570	1144
2570	3675
2570	2618
2570	3568
3776	3296
2646	1749
2646	3734
2646	3296
2646	962
2788	3197
4483	30
4483	1269
4483	1712
4483	4155
4483	1379
4483	4666
3837	2544
3837	887
3837	3136
4128	2680
3672	2711
577	3606
2062	3519
2711	1712
1380	2477
1380	345
1380	1512
1380	1029
1434	3571
1434	86
1434	3573
1434	2305
1434	3207
4140	1347
4140	3425
1539	230
1539	4563
2366	102
2366	1323
2366	1020
2366	3703
2366	2458
2366	4145
2366	2148
2366	482
2366	1190
2366	340
2366	3615
2366	1619
2366	3166
2366	4335
2366	3309
2366	1226
2366	2143
102	1323
102	1020
102	3703
102	2458
102	2148
102	3795
102	1728
102	510
102	4177
102	3082
102	3813
102	3394
102	4354
102	58
102	3986
102	1604
102	3521
1323	1020
1323	3703
1323	2458
1323	2148
1323	2140
1323	4662
1323	206
1323	4540
1323	2918
1323	2730
1323	628
1323	1902
1323	2337
1020	3703
1020	2458
1020	1728
1020	3644
1020	2914
1020	3506
3703	2458
3703	4662
3703	206
3703	599
2458	3893
2458	900
2458	3842
2458	1728
2458	1092
2458	4662
2458	206
2458	1455
2458	4225
2458	3082
2458	1484
2458	3215
2458	3935
2458	1227
2458	2276
2458	199
2458	831
2458	1552
2458	1958
2458	1959
2458	2288
2458	2822
4326	206
4326	4339
4326	3389
4326	880
4326	4441
4326	4377
2678	3379
2678	3747
2678	3725
606	2007
606	2574
606	1227
606	1379
606	4666
606	2159
606	1547
606	791
606	3110
644	3212
3893	3236
3893	4159
1528	1369
2281	3773
2590	1567
2590	3413
773	282
773	4481
773	4187
773	3677
773	550
773	3638
773	4332
773	3045
773	4234
282	4392
282	3638
282	1546
282	1107
282	859
282	3463
282	4234
1889	249
1889	2121
1889	1047
1889	3915
1889	4552
413	249
413	707
413	2618
413	1502
413	3553
2166	3784
2166	2651
2166	2159
582	2104
4181	962
541	1369
2694	249
2694	4552
580	249
580	3355
580	707
580	1318
580	1502
580	1796
3823	4229
3823	628
3823	2189
1614	4392
1614	1058
1614	3503
1614	1337
1614	685
4005	2208
4005	445
4005	2191
600	206
1377	4207
1377	1269
1377	2159
1377	825
1377	1928
3323	4601
3430	543
3430	4012
3430	2208
3430	152
3430	374
543	4163
543	1978
543	4012
543	321
543	1578
543	2928
543	661
543	3773
543	1964
543	1739
543	374
543	3734
543	302
543	1071
543	4354
543	3250
4163	4012
4163	152
4163	598
4163	374
4163	959
4163	3318
4163	3422
4163	3657
1978	4012
1978	152
1978	374
1978	212
1978	2585
4012	321
4012	1578
4012	473
4012	2928
4012	152
4012	3773
4012	1964
4012	1739
4012	374
4012	959
4012	3734
4012	1071
4012	1547
4012	2172
321	3379
321	1212
321	1173
321	152
321	1964
321	1739
321	374
4633	216
3749	3660
3749	913
4340	2808
2565	3826
4652	3425
2208	1190
2208	1347
2208	4611
2208	1029
2208	927
2254	3606
2254	1369
2254	3221
3804	4450
2146	4352
2146	4188
2146	835
2146	3598
2146	979
2146	2632
2146	2226
2889	2159
4450	1942
4450	2735
4462	4665
4462	2192
3295	3734
4207	3465
4207	2651
4207	3296
4207	2125
4207	926
4207	3451
3756	1094
3756	3296
3756	3422
2873	4018
1942	861
230	100
230	283
230	1888
4206	2842
4429	1190
4429	1952
4429	2842
4429	3425
1544	1948
4671	1948
3465	4448
3465	3653
3465	1282
4448	3480
4448	3688
2227	3688
2872	249
2872	707
2872	2121
2872	2618
2872	1880
2872	2394
1159	4229
1529	798
1529	4198
243	1027
243	86
911	2409
911	4393
2724	1878
2190	376
4166	2544
4166	4228
4166	4122
4166	3503
4166	3780
4246	4594
3976	2012
2612	900
2612	3832
2612	39
2612	3390
2612	2580
2612	1500
2612	4285
2562	249
1598	3895
1598	3235
3509	662
3509	3784
3509	1013
996	1898
149	1898
1898	3822
1898	987
1898	3460
1898	3456
1898	4154
1898	90
1898	3882
1898	2688
1898	2181
1898	2520
1898	1832
1898	2530
1898	247
1898	4193
3810	816
3810	3482
3810	400
3810	974
3810	263
3810	3510
3810	100
3810	1206
3810	906
3810	1567
2748	1928
3730	816
3730	974
974	1728
2698	1728
2320	1728
2320	1914
4333	3379
4333	1805
987	962
987	4593
1934	712
1934	2311
4304	3197
4304	4099
4304	3663
3818	2842
4566	3451
1364	662
662	1349
662	1592
662	2223
4629	1269
928	3236
571	1116
571	1321
571	3184
4156	3379
4156	2198
4156	1749
4156	3916
2625	570
2625	3163
2625	4335
1027	3638
1027	1206
1027	570
1027	4437
1027	1029
1027	4665
1027	435
1027	2226
1027	1727
1027	1267
1027	3511
1027	3610
1027	4402
1948	2159
1948	1699
1948	1878
2667	152
2667	1029
2667	4215
2667	1811
2667	2232
2667	3145
1556	1116
1556	3606
1556	2180
3684	2188
2007	1063
2007	570
2007	2574
2007	1227
2007	2159
2007	3734
2007	1500
2007	3068
2007	3110
567	3291
567	8
852	2368
852	544
4642	298
4639	1269
1965	55
1965	4391
1965	199
3083	524
1932	8
2148	249
2148	3061
3578	3780
3578	4563
3578	3627
4481	3638
3650	3379
3650	3963
3157	4275
1997	3868
1997	2585
2544	2198
2544	1130
2544	691
1726	4231
1726	1369
1726	2940
1726	1904
4070	3747
4187	3723
4187	3638
4187	3236
4187	1727
4187	3212
2875	1717
4636	504
4636	3236
4636	1727
4392	3677
4392	3638
4392	41
4392	4563
4392	4273
3723	1107
3677	1546
3677	1206
3677	2098
3677	4332
3677	4234
550	3638
550	504
550	3921
550	1337
550	1878
550	3986
550	1727
3638	1546
3638	1206
3638	3337
3638	1107
3638	4177
3638	1727
3638	4203
3638	4234
4019	3379
2140	2909
2140	3895
2140	3011
2140	1878
1063	93
1063	3606
1063	2241
1063	3212
3785	3606
3785	3843
3785	861
763	1094
14	1190
14	584
14	4611
14	3450
3379	2804
3379	2198
3379	57
3379	2471
3379	1341
3379	3312
3379	4021
3379	797
3379	4276
3379	4665
3379	4383
3379	2169
3379	2546
3379	1121
3379	2630
3379	41
3379	1592
3379	3734
3379	2455
3379	4285
3379	248
3379	2942
3379	3250
3379	342
3379	185
3379	391
3379	901
3379	931
3379	1301
3379	2107
3379	2155
3379	3455
3379	2548
3379	2552
3379	2637
3379	2932
3379	3196
3379	3218
3379	3459
3379	3494
3379	4077
3379	3834
3379	3884
3379	3903
3379	3911
3379	3995
3379	4075
3379	4109
3379	4118
3379	4218
3379	4264
3379	4656
3379	4028
2610	1532
2610	1749
2804	1749
1532	3456
1532	1749
1532	1509
1532	1960
3322	3439
3456	3439
3456	1496
3456	1592
3456	3296
3456	3568
1749	2471
1749	1341
1749	4054
1749	1592
1749	3734
1749	3010
57	1341
57	1537
57	3734
2471	3496
1578	152
1578	374
1578	3611
2944	1464
2944	4112
2944	2722
1491	1506
1800	807
1506	249
1506	612
1506	2121
1910	1302
1910	3916
2497	2306
4677	249
4677	1548
3297	4648
3297	2034
3297	4339
3297	3328
4648	2034
1993	2060
2275	4110
2275	3261
2275	3450
2275	551
2275	66
2275	1144
2275	2452
4110	1144
1331	3851
1341	900
1341	206
1341	3390
1341	1496
1341	1500
1103	4161
4231	2666
4231	3073
1207	1952
1207	3308
1207	2364
1311	1094
1311	2223
1181	4155
1381	3278
452	1190
452	3086
2368	544
2368	515
2368	3876
2368	3166
2368	201
2992	1269
900	4347
900	39
900	3390
900	1496
900	652
900	3209
2167	4000
2167	962
1566	4347
3815	4347
1736	1911
1820	1567
1820	3734
345	1419
345	1269
345	199
2909	256
2909	218
1724	4339
1724	110
1724	3212
445	2241
84	1029
190	3734
1326	2842
1326	2592
1326	723
1326	3436
4055	30
4055	226
4055	160
4055	3357
4055	3235
4055	435
4055	804
4055	2452
3515	599
3515	3192
3515	791
2310	3236
2310	1939
142	3423
4154	90
4154	3209
2465	3773
925	3945
925	1761
1579	3945
1579	3752
1579	490
3945	3752
3945	1867
3945	2231
3945	2706
2066	2236
2723	3842
2428	643
3842	3270
4013	2424
2087	2114
3832	39
3832	3390
3832	2580
3832	887
473	59
473	1567
473	1169
473	1964
2666	584
3424	206
3424	584
3424	2401
3424	4193
78	3236
725	3734
624	1440
1440	2680
1440	4413
3337	249
3337	1029
3337	2121
3337	1130
3337	2533
3337	4643
3337	880
3337	2618
3337	3680
4347	1092
4347	2523
4347	3611
4347	1391
4347	3425
491	249
249	612
249	3548
249	4533
249	401
249	949
249	2848
249	4643
249	551
249	66
249	1144
249	410
249	507
249	1502
249	2316
249	2045
249	2239
249	2452
249	2844
249	3553
249	3802
964	2226
3294	3391
3294	326
4240	4193
4240	2384
1203	206
1203	1029
482	707
482	2276
482	2844
482	3061
21	66
612	199
1490	3734
3035	3734
4229	507
3299	1619
3793	2247
3793	3606
474	3973
1185	1286
2890	707
2890	2121
2890	2533
2890	2848
2890	66
2890	2618
2890	4552
3758	300
3895	2247
3895	1471
3895	1071
3895	4064
3895	685
3895	921
3809	300
377	300
1677	300
300	94
300	1982
94	1964
3635	3660
3635	1033
3635	3425
3635	3791
3635	3663
1995	647
3877	4562
647	2124
647	4611
647	1130
647	4562
647	15
647	3175
786	2005
786	887
786	1811
786	4562
786	120
786	1957
4458	2719
1066	2719
1066	4069
1190	584
1190	1567
1190	979
1190	1094
1190	1130
1190	398
1190	3423
1212	4605
1212	3583
1212	3312
1212	1863
1212	1173
1212	2101
1212	1419
1212	1455
1212	1952
1212	1220
1212	4225
1212	1058
1212	2680
1212	1033
1212	4122
1212	1468
1212	1957
1212	2728
1212	3425
4605	2101
4605	1468
4605	636
4605	4064
4605	3780
4605	4371
3583	3312
3583	2101
3583	1455
3583	4225
3583	1468
3583	2668
3312	2101
3312	1468
3312	3184
3312	2421
2247	3236
2183	86
2139	3389
570	3571
570	2424
570	2919
570	2688
570	1567
570	2918
570	1044
570	1379
570	3876
570	218
570	685
570	1500
570	3573
570	255
570	1296
3571	1883
2808	1796
2808	3244
2808	4372
2808	4661
2808	2541
2424	30
2424	2812
2424	859
2424	1712
2424	1379
2424	3978
1213	856
909	4500
909	3014
1728	1092
1728	4662
1728	206
1728	1227
1728	1712
1728	1379
1728	4666
1728	1267
1092	4662
1092	206
1092	1379
2574	3773
2574	1379
2574	4666
2574	2159
2574	856
2574	3110
30	3734
4662	206
4662	4155
4662	1379
4662	4666
4662	4047
4662	1852
206	2334
206	1712
206	4155
206	1379
206	4666
206	2523
206	1001
206	2731
206	589
206	637
709	3254
1905	4100
1905	3734
1905	212
3443	1996
755	435
755	3296
755	1013
755	204
755	466
755	3425
3177	789
39	3474
39	3390
39	3759
39	2580
39	962
544	856
127	3784
127	584
127	4096
127	242
127	782
1996	2651
4189	2153
3606	2241
3606	4248
3606	4335
3606	1547
3606	1500
2835	1959
2835	3425
1107	1337
1107	1878
4482	1727
4482	1254
504	1182
504	1593
504	4632
504	1468
504	4393
504	1727
504	976
504	1757
504	1780
4432	4533
1883	3734
1883	2814
1883	3422
1511	4611
1511	3291
1439	3773
1994	2180
623	1269
623	3876
623	4047
623	522
256	485
256	1914
256	3480
256	128
256	1811
256	1078
256	2745
256	3982
256	3511
256	3584
510	2899
510	1508
510	798
4339	3215
4339	985
4339	2226
4339	976
4339	1257
4339	1957
4339	3680
1173	1338
1173	2101
1173	1455
1173	1952
1173	1220
1173	4225
1173	1058
1173	652
1173	3226
1173	2680
1173	1033
1173	4122
1173	1619
1173	2222
1173	962
1173	4413
1173	2226
1173	689
1349	3816
1349	233
1349	1033
1349	2000
1349	887
1867	2222
1867	962
1347	2153
1347	2101
1347	1952
1347	4225
1347	1033
1347	2222
1347	685
1338	2226
3784	2919
3784	1033
3784	1567
3784	1369
3784	515
3784	685
3784	1183
3784	1013
1282	3273
1282	59
1282	4540
1282	4148
1282	1033
1282	3734
1282	589
1282	3145
1282	4503
3273	584
3273	59
3273	2401
4437	3471
4437	3734
4437	792
4437	1727
4437	782
4437	1877
584	2153
584	2124
584	643
584	1033
584	1567
584	1403
584	2632
584	2731
584	1183
2899	798
1508	3969
1508	2731
1508	1804
1508	2686
4108	3668
3668	161
1583	4225
1583	1094
1519	3250
1519	2255
221	3236
648	3724
4312	3296
4312	4562
2457	3734
3441	4407
4188	2679
4188	3851
4188	4611
4188	4121
4287	2159
2919	798
59	2401
59	3518
59	1267
2401	2153
2401	3518
2401	643
2401	460
2401	825
2401	2552
3816	233
3816	1419
3816	1033
3816	2918
3816	444
3816	3511
233	3473
4131	2411
2928	152
2928	1468
2928	3773
2928	374
3660	4099
107	3673
107	4656
1102	3734
4018	2822
3236	3646
3236	4611
3236	160
3236	569
3236	4365
3236	3070
3236	705
3236	426
3236	1711
3236	1907
3236	2283
3236	3113
3236	3211
3236	3278
3236	3451
3236	3791
3236	3857
3236	3910
3236	4198
3236	4264
3236	3268
3236	4397
3236	2968
1917	2313
485	3518
320	298
320	1267
1914	3518
4124	3226
3747	4332
3747	4248
3747	407
4177	1121
2098	514
4546	870
4546	3734
797	1337
797	4563
797	1604
4389	856
3390	1496
3390	247
3390	1547
3390	248
1496	2530
1496	713
1496	1662
1496	3710
3519	3454
1593	1727
3173	283
3488	2114
352	705
152	3773
152	1964
152	1739
152	959
152	1071
152	4354
152	3250
4540	4284
4540	4191
4540	4611
4540	839
4540	283
4284	3783
4284	4191
4284	290
4284	4611
3783	4611
4191	4148
4191	2679
4191	4611
4191	652
4191	1911
4148	2124
4148	2377
4148	290
4148	652
4148	856
2124	2377
2124	290
2124	1663
2377	290
2377	652
2377	212
2377	1911
290	2679
290	3851
290	4611
290	652
290	4121
2679	3851
2679	2763
2679	4611
2679	4121
3851	2763
3851	4611
3851	4121
2763	4611
2763	4121
4611	1220
4611	4121
4611	1029
4611	1567
4611	2940
4611	2739
4611	288
4611	685
4611	1078
4611	1401
3843	240
3843	598
3843	3538
3843	3916
3843	4428
3843	2745
4604	4250
1051	643
1051	3941
3526	3169
4076	3440
742	1269
2101	1419
2101	1455
2101	1220
2101	4225
2101	1058
2101	2680
2101	1033
2101	101
2101	1468
2101	1302
1419	1455
1419	1220
1419	4225
1419	1058
1419	2680
1419	1033
1419	2249
1455	1220
1455	4225
1455	1058
1455	2680
1455	1033
1455	4122
1455	3425
1952	2680
1952	1033
1952	636
1952	515
1952	3780
1220	2680
1220	1033
1220	1008
555	2114
4225	1058
4225	2680
4225	1033
4225	1130
4225	927
1058	2680
1058	1033
1058	3780
1058	3184
652	3773
652	374
652	856
4121	1442
3148	643
3148	1258
3148	2008
3941	3925
3082	1269
3082	4064
3082	17
3082	239
3725	3113
2555	661
2555	3616
2680	1033
2680	4122
2680	1804
1033	4122
1033	1567
1033	1269
1033	3503
1033	4047
1033	3117
1033	1521
1033	3556
4122	2114
4122	3828
4332	3212
4017	1731
489	1731
489	3734
1731	3734
1731	1727
434	1727
4632	1573
1442	3341
1442	3916
1442	4248
3341	1603
2530	58
3541	3389
3541	1399
3960	161
902	608
902	4244
2306	835
943	3734
835	979
835	3117
4500	1029
4500	718
4500	1878
4500	375
1029	3813
1029	86
1029	3779
1029	1126
1029	2226
1029	2232
1029	3145
1029	251
1029	901
1029	1509
1029	3063
1029	3657
240	3916
598	3538
598	3916
598	4428
1030	1712
1597	3734
3011	859
4533	707
4533	2121
4533	2533
4533	949
4533	2045
839	3734
839	2226
839	4406
1445	4562
2765	2159
2765	4562
3538	3916
661	4343
661	1604
661	1612
661	4261
661	4264
2020	3475
2020	507
1000	3644
4276	3662
3501	298
1468	1367
2334	3389
2334	1888
3574	635
2682	199
2719	1759
2999	1637
3871	2844
1637	435
226	1567
853	2753
1109	3086
3813	3086
3813	1567
3813	859
3813	298
3086	906
3086	1567
3086	2895
4665	2192
4665	859
4665	2895
4665	2016
2192	859
2192	2895
906	1567
906	298
1567	4047
1567	887
1567	2632
1567	3450
3800	1366
3225	1712
3225	3642
1366	1612
1366	3794
1403	3389
1403	3734
1403	4193
1403	3296
4393	66
859	1094
859	1286
859	1946
511	3720
2895	2016
2895	2722
3389	2955
3389	60
3389	4383
3389	2523
3389	2632
3389	2173
3389	1078
3389	2731
3389	2631
3389	2609
2955	60
2955	4383
60	4383
4383	283
4171	2731
1826	4331
2169	1269
2169	2914
2169	3826
1269	675
1269	283
1269	58
1269	197
1269	222
1269	301
1269	514
1269	808
1269	926
1269	1137
1269	1243
1269	1267
1269	1492
1269	2798
1269	4268
1269	4322
1269	4476
2035	378
2035	4427
2035	58
2035	2580
2016	2421
2241	1337
2241	1811
2241	1500
3480	3056
4071	979
4071	1973
2668	3734
2668	302
2668	3309
2668	185
2668	436
2668	2189
2668	2307
2668	3965
4054	1333
378	4427
378	58
2918	3734
128	347
128	689
707	2848
707	4643
707	705
707	1144
707	2452
707	3278
718	1957
247	3734
247	685
247	628
247	2552
247	3458
247	3547
247	3328
3916	2159
3916	3734
3916	3825
3916	2081
3916	2623
3916	522
3916	4428
3773	1094
3773	374
3773	3611
3773	1878
3773	1687
3445	3175
569	3868
569	1811
569	3068
569	3328
3598	3425
3615	3663
1044	589
1770	375
979	685
979	3309
979	1183
979	398
979	2382
979	3826
3503	2008
86	861
86	2276
86	3145
86	2922
86	4510
2651	3734
351	3425
1227	1712
1227	1379
1227	4666
1227	3110
1227	3732
1369	881
1369	2597
1369	2223
1369	1759
1712	1379
1712	3110
4155	4666
4155	1964
1973	2452
1973	2811
3291	3680
1121	3734
1121	347
1121	589
1121	524
1379	2159
1379	3110
1379	3209
4666	4603
4666	3734
4666	435
4666	3296
4666	1003
4666	3209
4275	1816
4275	3357
4275	1922
3868	407
1094	4354
1094	3611
1094	4064
1094	2226
1094	3423
4248	407
407	4335
407	2745
4324	2521
4324	3203
2121	401
2121	949
2121	2848
2121	66
2121	1144
2121	2045
2121	2844
3846	3845
3846	1964
2159	41
2159	3734
2159	4335
2159	259
2159	3184
2159	1444
2159	1821
2159	3110
2159	3351
1057	2299
1057	1612
1057	2753
3845	3734
3845	3296
3845	3590
1936	212
1936	3425
4292	3689
2842	3166
2842	667
2842	2223
1002	4414
1002	2597
1002	2077
881	3734
881	2223
4414	2597
4414	3296
41	2077
41	435
1327	460
2048	4244
2060	927
2060	2977
2060	4640
3602	371
3602	2055
3978	3657
4427	3471
4427	58
4427	2580
3743	3422
1130	1183
1130	1957
1619	913
4023	227
4023	2916
4023	856
1337	3734
1337	283
1337	1727
227	2916
227	374
227	856
227	326
227	1547
227	3508
227	3250
2916	1547
1964	1739
1964	374
1964	326
1964	375
1964	1257
1964	2283
1739	374
1739	4354
1739	3611
374	959
374	1071
374	4354
374	3611
374	1547
374	3250
959	435
1537	4300
1537	2161
3734	2249
3734	1811
3734	1950
3734	1001
3734	1078
3734	4428
3734	2115
3734	717
3734	1371
3734	804
3734	1674
3734	2421
3734	2434
3734	2467
3734	2585
3734	3037
3734	3511
3734	3627
3734	4388
3734	3547
2814	524
2814	2585
946	3296
401	2533
401	2237
401	2618
401	1502
401	4552
2222	4047
2222	4413
1071	4354
4354	3611
3611	3079
3611	3132
3475	2067
2086	3296
3235	3203
3235	682
3235	686
3235	970
3235	3278
4064	2307
4064	2449
4064	3254
3166	435
3166	807
3166	4099
2507	4193
2507	1746
2533	551
2533	1144
2533	410
2533	507
2533	2239
4193	807
4193	887
4193	1957
435	807
435	1183
435	4232
435	4411
435	521
435	2865
435	3657
807	667
4047	2731
4047	3425
4047	3826
792	2883
418	2226
2237	1796
3780	3450
3780	1500
3780	4563
3780	1001
3780	637
3780	825
3642	1871
861	283
861	4251
283	2209
283	583
283	3184
283	2284
949	2848
949	1144
949	2618
949	3915
995	2932
58	2580
58	2226
823	1144
4279	1253
2276	1907
2276	2810
2276	3061
2276	3278
2276	1205
856	841
856	3318
856	1878
856	4331
856	326
856	1547
856	2209
856	921
841	3318
841	1878
841	326
841	1547
3318	1878
3318	4331
3318	326
3318	1547
3318	3512
1878	494
1878	4331
1878	326
1878	1547
1878	3512
1878	2745
494	326
494	1547
494	2632
4331	326
326	1547
326	887
326	921
1547	3512
1547	4198
218	551
218	2618
218	1502
218	1946
218	3993
887	2395
887	4273
2632	3296
3296	1950
3296	2631
3296	717
3296	1371
3296	524
3296	1411
3296	1698
3296	1957
3296	2099
3296	2421
3296	2434
3296	3425
3296	3511
3296	2753
3296	4234
962	2223
962	4099
962	921
962	1612
962	1680
962	4451
264	4328
1663	3662
685	1183
685	4232
685	3145
685	3828
685	3423
1253	2609
2223	3239
3450	4563
1500	4563
1500	3212
4563	1489
4251	712
4251	2311
712	2311
2751	4656
2725	1280
298	3755
15	3547
15	3328
2395	3663
2848	1144
2848	17
2848	2618
2848	1502
4643	403
4643	2618
4643	1502
4643	3109
4235	66
628	120
212	1226
212	1803
212	1819
212	1846
212	1880
212	1947
212	2284
854	697
1001	3175
1043	375
3504	375
375	912
375	4120
1078	3425
551	239
551	4387
551	1117
551	2618
551	2045
551	4552
2731	798
2731	1286
2731	2226
1286	2609
2226	689
2226	3826
3573	813
3573	2517
3573	3828
689	767
170	2585
705	2618
705	2038
66	1971
66	2722
66	3278
66	3248
66	3553
4338	468
4338	804
4338	2324
1038	505
1727	976
1727	1757
1727	3212
1147	1741
1147	3657
3634	162
4112	3192
4112	2722
599	791
913	782
1704	2421
3175	460
3175	968
3175	1148
3175	2604
2122	122
2631	1183
2631	4232
1183	4232
1183	3425
242	3060
3404	2521
3404	3203
4099	1839
4099	3794
4099	4658
4099	2753
4099	3663
2521	3203
3192	791
3192	3561
1535	2722
3132	146
4296	1937
1144	2618
1144	3915
2942	299
17	2239
2067	4380
1852	3662
3250	342
2255	1793
921	3662
122	1904
158	2327
162	967
207	1420
219	2285
236	1335
279	398
363	4234
371	3278
460	4327
461	3176
466	3072
468	507
506	1958
507	3527
535	1821
535	2157
558	1668
558	1937
608	4552
656	2622
804	4394
825	1358
825	1957
825	3425
829	2434
895	3454
901	2284
927	2038
927	3995
977	2189
978	4310
983	3400
1017	2327
1243	2968
1254	3710
1318	2609
1329	2356
2618	2844
1391	2172
1399	3155
1446	3870
1502	2877
1507	2373
1612	3794
1612	4394
1612	3821
1612	1621
1612	2753
1612	3663
1616	3496
1662	4552
1668	3423
1698	3627
1717	3652
1803	4371
1927	2770
1947	2131
1947	3853
1957	3425
1958	3061
2021	3794
2021	4510
2045	4552
2073	3791
3794	4552
3794	3821
3794	1621
3794	2753
3794	3663
2127	3662
2180	3884
2189	3627
2229	2968
2239	3248
2239	4552
2327	1657
2456	3662
2594	2690
2609	3099
2686	3662
2781	3425
2790	2903
2790	3061
3556	3425
3425	3089
3425	3511
3425	4536
2844	4552
2863	3397
2881	2971
2898	3436
2914	3099
3061	3527
3183	3209
3239	4569
3239	4656
3245	4583
3277	3662
3590	3791
3680	3826
3748	4244
2753	3663
3547	3328
398	3699
3049	3699
3125	2896
3389	2896
3780	2896
4148	358
652	358
1476	2655
4058	2655
256	2655
3916	3399
1858	1239
4073	1239
2489	3863
1355	3863
4611	3863
718	3863
2159	3863
3184	3863
3425	3863
4611	91
3389	91
3737	3115
4034	3115
1347	3115
59	3115
3389	3115
2114	3115
1964	45
3734	45
891	1075
2071	1075
672	1075
4460	1075
396	1075
4512	1075
1150	1075
4012	1075
900	1075
2574	1075
4023	1075
227	1075
1964	1075
374	1075
959	1075
856	1075
1878	1075
326	1075
1547	1075
3175	2897
206	3434
4193	3434
1158	4132
1580	4132
4450	4132
473	4132
510	4132
511	4132
3296	4132
931	4132
3254	4132
3591	4132
4564	4132
4593	4132
4594	4132
206	1822
343	1638
102	1638
4253	1638
679	3572
3643	3572
2948	3572
2715	3572
1110	3572
1027	3572
4611	3572
2651	3572
1401	3572
4347	898
570	898
3296	898
866	898
110	898
1353	891
655	891
4011	891
177	891
4611	891
856	891
1878	891
326	891
1547	891
3425	891
1412	471
1193	471
2469	471
507	471
368	1215
189	1215
1380	1215
3412	1215
2023	793
4506	793
3389	793
1866	1487
1269	1131
4079	1131
1269	2144
1965	272
3148	2958
3389	2958
1013	2958
4185	679
2366	679
102	679
4392	679
1063	679
3734	679
2183	210
435	210
1321	210
719	924
4506	924
4108	924
2507	924
2706	924
4193	924
807	924
1321	4053
2021	4053
3273	1263
4521	1263
2489	3704
3308	3704
1288	1514
1193	4494
2420	4494
3502	4494
982	4494
482	4494
4533	4494
1144	4494
2045	4494
249	364
1269	364
1775	3757
2837	1478
2978	1478
2872	1407
3236	1407
2584	1841
2913	337
250	337
1800	337
4231	337
1033	337
1789	294
813	294
1888	294
2646	1581
4611	1581
3972	1581
911	1172
2409	1172
4359	1172
4393	1172
3875	354
1315	4664
1121	4664
3068	4664
2584	3721
2071	3721
1441	3721
144	3721
2584	2952
2071	2952
3312	2952
3724	2952
4472	404
962	404
343	2860
3461	343
4433	343
4568	343
3208	343
3223	343
749	343
2527	343
3589	343
1223	343
2206	343
2208	343
3379	343
2102	343
1190	343
1996	343
2919	343
2101	343
1419	343
1952	343
1220	343
2680	343
1033	343
226	343
3288	343
4096	343
1946	343
1957	343
2898	343
3209	343
3748	343
4433	3461
1732	3461
3380	3461
1121	3461
4193	3461
3296	3461
1399	3461
1415	3461
2397	4433
4523	2671
1618	2671
1988	2671
230	2671
4540	2671
101	2671
3734	2671
3955	111
3967	4523
3692	4523
4645	4523
3824	4523
458	4523
4392	4523
1341	4523
345	4523
3921	4523
1952	4523
4173	4523
162	4523
1403	3955
1070	3264
3425	3264
3670	4675
1930	4675
488	4675
982	4675
4464	4675
249	4675
4643	4675
2618	4675
206	287
3688	287
3880	3172
2490	3172
2490	3880
3214	3880
718	3880
230	1940
1948	1940
567	1940
1727	1940
429	499
3212	499
4611	649
739	649
1260	2328
3039	1260
553	862
2458	4016
529	1018
2259	1018
1852	3607
921	3607
4314	1022
1385	2335
4212	2335
1640	2335
172	2335
896	2335
726	2939
172	2362
2166	2362
4437	2362
3488	2362
870	2362
413	3599
3791	3599
2658	1732
856	1732
744	2606
3404	2606
3456	607
3108	2996
3644	2996
2124	4598
652	4598
1600	4568
1745	4568
900	4568
1600	4669
1750	4669
1863	4669
3657	4669
1933	269
1269	269
685	269
4411	269
1600	3208
3396	3208
749	3208
1750	3208
4607	3208
3365	3208
1745	3208
3767	3208
246	3208
1640	3208
1279	3208
3728	3208
2254	3208
4207	3208
1898	3208
1948	3208
3650	3208
1749	3208
900	3208
4154	3208
1092	3208
30	3208
3660	3208
2098	3208
2299	3208
4414	3208
3357	3208
435	3208
3296	3208
962	3208
921	3208
460	3208
521	3208
1003	3208
2604	3208
2865	3208
3436	3208
4159	3208
4380	3208
4443	3208
3900	1432
1607	1432
2945	1432
1338	1432
161	1432
1445	1432
2020	1432
460	1432
3331	1600
101	629
1445	629
2299	629
3209	629
140	3760
3308	3760
3553	3189
3108	2407
2536	3108
2315	3108
3040	3108
2194	3108
3522	3108
2112	3108
572	3108
2613	3108
2945	3108
3336	3108
2123	3108
3600	3108
2646	3108
1020	3108
2678	3108
321	3108
3456	3108
2666	3108
2199	3108
2332	3108
2153	3108
2377	3108
1774	3108
4171	3108
3291	3108
1121	3108
4666	3108
4414	3108
2222	3108
3375	3108
3642	3108
739	3108
2631	3108
2521	3108
3250	3108
74	3108
70	3108
723	3108
970	3108
1447	3108
1752	3108
1779	3108
2040	3108
2050	3108
3794	3108
2135	3108
2157	3108
3455	3108
2269	3108
2324	3108
2437	3108
2467	3108
2552	3108
2637	3108
3001	3108
3413	3108
3473	3108
3745	3108
3948	3108
4273	3108
4617	3108
1888	3108
2536	4532
2536	542
2536	3306
2578	3306
0	3306
950	2536
2578	2536
0	2536
1	2536
3236	2536
3828	2536
2578	950
0	950
0	2578
1930	2567
2420	2567
199	2567
507	2567
2944	140
4112	140
3972	140
2725	3396
2189	3396
3627	3396
1224	3670
2420	3670
1887	3670
488	3670
249	3670
707	3670
2121	3670
2533	3670
551	3670
2618	3670
1502	3670
4552	3670
1193	2219
2369	2219
766	217
707	217
2438	217
2112	766
249	766
707	766
2557	2106
715	2106
206	2106
2060	2557
847	2287
1229	2287
4011	2287
81	2287
2667	2287
1044	2287
1689	2287
3145	2287
2243	2287
1314	2136
2208	2136
2159	2136
3734	2136
2395	2136
3663	2136
979	3195
3780	3195
1269	50
1637	328
807	328
1562	1332
3638	1332
584	1332
3747	1332
2023	4445
1981	4445
3660	4445
893	4445
589	4445
1335	4445
3304	2793
1791	2793
1043	2793
3504	2793
375	2793
912	2793
4120	2793
238	3304
375	3304
553	951
1772	951
458	951
504	951
1727	951
177	1885
718	1885
569	1885
1103	3900
2368	3900
2955	3900
2146	2315
3734	2315
3318	2315
3296	2315
2725	2315
1280	2315
3175	2315
1709	2315
3662	2315
3312	1368
1468	1368
3328	1368
803	1353
633	1353
745	1353
733	1353
3734	1353
2131	1353
3623	803
745	803
3818	803
733	803
167	803
3798	803
3236	803
1653	803
3009	803
4090	4487
458	4487
3638	4487
504	4487
3125	2317
553	3054
3734	1451
2458	2837
2844	2837
3707	596
1369	596
390	2887
1508	2887
652	2887
2035	2887
378	2887
4427	2887
58	2887
2580	2887
476	721
2366	4384
1379	4574
773	3967
3677	3967
3638	3967
1727	3967
2569	4655
1029	4655
86	4655
488	1386
249	1386
2281	4046
691	4046
4520	2640
430	2640
2199	2640
4394	2640
3223	1870
802	1870
3604	1870
3006	1870
2108	1870
3635	1870
1952	1870
2680	1870
1033	1870
226	1870
4665	1870
535	1870
1957	1870
3276	1870
3511	1870
2512	422
2098	422
2188	422
4056	4254
3824	4254
1847	4254
4064	4254
1535	4254
1893	4254
3379	3159
185	3159
413	1684
967	1684
3379	1055
4476	1241
2420	1193
114	1193
7	1193
4041	1193
1887	1193
488	1193
1400	1193
2275	1193
452	1193
249	1193
482	1193
707	1193
2121	1193
2533	1193
66	1193
4428	1193
507	1193
2618	1193
1502	1193
2045	1193
2137	2569
2243	2569
672	2137
409	2137
329	2137
438	2137
122	2137
241	2137
425	2137
1171	4404
3519	4404
3734	4404
3296	4404
1373	4404
2245	3223
4339	3223
3389	3223
3780	3223
4015	4457
606	4457
2007	4457
1063	4457
3785	4457
1349	4457
2159	4457
3734	4457
1500	4457
982	1797
580	1797
2848	1797
410	1797
672	19
529	19
1781	19
1610	19
1598	19
3895	19
1071	19
4354	19
3611	19
4047	19
1804	19
2523	3374
1551	2282
1607	2282
786	2282
1349	2282
4193	2282
326	2282
122	2282
3425	2282
1551	2489
1607	2489
3832	2489
4193	2489
326	2489
3425	2489
4122	2278
3236	2959
2023	465
3125	465
427	465
1380	465
206	465
718	465
976	465
1223	3040
3184	3040
3680	3040
3125	2023
3486	2023
1967	2023
1981	2023
427	2023
3647	2023
1511	2023
1403	2023
718	2023
2223	2023
2609	2023
847	715
3055	715
4437	715
792	715
2883	715
2071	2584
1441	2584
144	2584
1027	2584
1013	2584
1528	1551
2281	1551
4429	1551
887	1551
4392	4085
1441	2071
144	2071
1171	2071
4414	2071
1337	2071
4108	3120
3668	3120
3882	3120
138	3120
144	1441
2443	621
2472	621
1002	4221
3858	4015
2726	4015
1010	4015
1640	4015
577	4015
3703	4015
606	4015
1027	4015
1341	4015
3793	4015
3173	4015
1029	4015
1921	4015
3389	4015
3296	4015
1500	4015
558	4015
825	4015
3212	4015
3423	4015
3663	4015
529	672
1071	672
4354	672
3611	672
2971	672
2463	857
4047	857
655	529
4011	529
2140	529
3895	529
4500	529
1567	529
1071	529
4354	529
3611	529
856	529
1878	529
4331	529
1547	529
849	3125
427	3125
718	3125
1044	3125
3073	3125
30	1009
2734	639
758	639
987	639
161	639
128	639
2226	639
1689	639
767	639
645	1370
2419	1370
4011	1370
4071	1370
979	1370
553	645
4520	645
4090	645
4011	645
2948	645
2146	645
1724	645
3635	645
1190	645
544	645
835	645
4071	645
979	645
3309	645
398	645
2382	645
647	1607
887	1607
2632	1607
15	1607
3175	1607
162	1607
3068	1607
1957	1607
3547	1607
3328	1607
3297	2419
4648	2419
2034	2419
2680	2419
878	2419
668	553
1578	553
1724	553
755	553
1567	553
4047	553
601	553
2226	553
3184	553
500	553
3891	553
4035	553
4002	3241
4020	1562
34	1562
3578	1562
550	1562
345	1562
652	1562
1619	1562
138	1562
1288	1562
2745	1562
4376	1251
1792	1618
302	1618
2067	1618
3533	392
2366	392
1347	392
1269	392
2299	392
2993	392
2194	918
250	918
3039	1224
3502	1224
982	1224
3456	1224
4533	1224
949	1224
1144	1224
2239	1224
1971	3737
4338	193
425	193
1792	4048
1580	4048
3175	4048
3662	4048
3236	1191
41	1191
3436	1191
1640	749
1288	4535
4058	1476
4020	1476
1010	1476
3638	1476
3916	1476
1619	1476
1337	1476
1747	1476
1727	1476
4257	4058
4020	4058
1434	4058
3578	4058
4392	4058
3843	4058
4500	4058
1619	4058
1288	4058
1727	4058
2637	4058
1877	4058
2458	2978
4414	663
1280	3036
2067	1792
3524	2964
430	2964
1213	2964
30	2964
1379	2964
4603	2964
3424	3487
4347	3487
979	3487
2226	3487
979	4520
2281	37
2544	37
4231	37
2842	37
900	4217
3390	4217
1496	4217
138	4217
856	4217
2716	3217
3612	3217
3236	3217
1029	3217
2104	3217
686	3217
1871	3217
3627	3217
4273	3217
3498	2716
4645	2716
4306	3762
2597	3762
2463	291
3477	291
2846	291
3161	291
1269	291
1086	291
3214	2866
4090	2866
1610	2866
2919	2866
3236	2866
3389	2866
3296	2866
4607	1750
3365	1750
1749	1750
4154	1750
3813	1750
2895	1750
4292	1750
962	1750
3657	1750
3870	1750
1579	4607
2895	4607
2223	4607
3473	4607
4159	4607
4277	4607
2504	3631
1749	1463
3236	1463
3810	655
473	655
1190	655
570	655
127	655
3813	655
3086	655
906	655
1567	655
2651	655
3425	655
3379	119
1029	119
1567	119
3389	119
2159	119
3296	119
2942	119
3337	3912
2438	3912
3690	3847
3690	1930
2420	1930
4041	1930
1887	1930
488	1930
2570	1930
1889	1930
2275	1930
249	1930
707	1930
2630	1930
2121	1930
4391	1930
2533	1930
4643	1930
551	1930
507	1930
2618	1930
1502	1930
2810	1930
3506	1930
3915	1930
4552	1930
4310	1930
66	2194
1907	2194
3638	1974
2527	4257
1282	2527
3425	2527
4275	1858
1609	847
2195	847
4269	847
1375	847
3961	847
2245	847
2646	847
4500	847
3389	847
1269	847
247	847
1121	847
4248	847
3780	847
3296	847
3710	847
2846	2463
3843	2463
2504	3873
2180	3873
2305	3873
3732	3873
7	3690
4041	3690
2026	3690
249	3690
3662	1809
979	3214
41	3214
283	3214
2544	3612
1302	3612
2104	3612
3865	3612
543	3858
4163	3858
4012	3858
3635	3858
152	3858
374	3858
4336	2603
3895	3365
1316	3365
3931	3769
489	3769
1731	3769
3734	3769
1781	523
1981	523
1068	523
4392	523
4240	523
709	523
1597	523
1369	523
2060	523
2751	523
608	523
774	523
3328	523
189	3380
1253	3380
3175	3380
4054	4472
979	3417
4296	3417
3793	3405
3816	3405
233	3405
442	4336
250	4336
1800	4336
4090	4630
3843	4460
1029	4460
598	4460
3916	4460
4428	4460
2731	3331
1709	2025
2015	409
4128	4020
4605	4020
652	4020
2680	4020
1619	4020
1939	4020
3734	1725
1269	1545
1434	4060
4041	1167
982	1167
413	1167
580	1167
249	1167
2848	1167
2618	1167
1804	4456
3559	3524
4269	3524
4483	3524
4128	3524
570	3524
2424	3524
4122	3524
1227	3524
1379	3524
4666	3524
4335	3524
2942	3524
982	512
1484	1098
15	1098
30	1881
3850	1483
2125	1483
2016	2474
3846	2474
3086	4056
1640	1781
2401	1781
3389	1781
1337	1781
3734	1781
3296	1781
3965	4078
3099	2636
1745	744
1496	744
881	744
4229	3300
2409	2263
2491	2258
292	1745
2223	1745
3209	1745
4564	1745
4090	563
3677	563
3638	563
3055	2762
3723	2762
890	2762
773	3093
387	3093
3098	4169
1380	4169
1579	4169
1871	4169
1349	4469
4144	4469
1029	4185
3843	12
1981	3522
2366	668
102	668
3703	668
1598	668
3895	668
4611	668
1567	668
859	668
1269	668
3175	668
1318	668
3425	668
550	2629
1567	2629
368	4090
139	4090
3692	4090
3824	4090
4481	4090
4332	4090
979	4090
963	4090
162	4090
1157	557
3703	4591
2808	4591
1728	4591
206	4591
1379	4591
4666	4591
4195	923
504	2975
1727	2975
3106	3931
2808	3931
4017	3931
489	3931
1731	3931
3734	3931
1727	3931
2783	1039
2646	1197
4667	1355
1377	1355
3635	1355
221	1355
4177	1355
4604	1355
4500	1355
3734	1355
3296	1355
2189	1355
4244	1355
1761	3498
1121	3498
2206	4034
23	4034
3677	4034
3638	4034
1546	4034
474	4034
879	4034
1573	4034
4234	4034
4540	2734
4284	2734
4121	2734
128	2734
2159	1967
927	1967
1455	932
172	1069
102	1069
820	396
3793	396
3012	396
81	820
3793	820
4155	3004
719	4667
962	4667
4244	4667
413	938
4432	938
1907	938
2810	938
3723	2830
3677	2830
3638	2830
1173	3550
1952	3550
1058	3550
4122	3550
2226	3550
689	3550
2458	4545
4392	4545
1366	4545
2365	4545
1965	312
4011	335
345	335
1103	1056
3734	1988
1385	1158
1382	2504
3595	2504
662	2504
2438	2504
3042	2504
1567	2726
1225	884
4064	884
1579	3098
3734	3098
3296	3098
1121	80
3734	80
1258	80
4373	80
1610	49
3477	49
1293	49
1341	49
86	2423
1029	3220
3573	3220
3734	309
3296	309
2469	4101
549	3228
4437	121
3779	121
2632	4
3296	4
996	757
1898	757
3822	757
987	757
2688	757
2181	757
2530	757
4357	3767
4323	3767
3692	3767
4326	3767
4392	3767
550	3767
1107	3767
4332	3767
2981	3767
1727	3767
4234	3767
3816	4142
233	4142
2530	2602
685	2602
2026	2420
488	2420
3502	2420
982	2420
2148	2420
249	2420
2121	2420
2533	2420
949	2420
551	2420
2618	2420
4552	2420
4386	1818
4398	1818
2089	1818
2653	1818
3650	1818
2541	1818
4398	4386
2089	4386
2653	4386
2089	4398
1269	1123
2810	2935
3393	3655
3784	3655
86	3655
1369	3655
881	3655
177	368
3692	368
458	368
2678	368
4070	368
4636	368
550	368
127	368
504	368
3921	368
3747	368
4332	368
3011	368
2159	368
3780	368
1727	368
3692	1772
458	1772
504	1772
3573	1772
1727	1772
4117	669
4117	2539
4212	1385
1004	1385
3675	1385
2238	2112
3502	114
982	114
4643	114
206	4345
4343	4345
3780	4345
1839	4345
1889	1798
794	1798
3826	1798
206	2397
3780	2397
1013	2397
686	2397
3502	1469
4614	3251
3389	3251
4338	3251
426	3251
608	3251
205	1992
3456	2092
3236	2092
2026	7
1293	7
580	7
4481	7
1144	7
2026	4041
3502	4041
1810	4041
580	4041
4192	4041
3337	4041
4533	4041
949	4041
218	4041
2848	4041
4643	4041
551	4041
1144	4041
2045	4041
2452	4041
205	4041
1887	2026
488	2026
218	2026
2618	2026
2861	1505
249	1505
3502	1887
982	1887
462	1887
1889	1887
2872	1887
482	1887
2890	1887
4533	1887
401	1887
218	1887
4643	1887
551	1887
66	1887
1144	1887
2844	1887
1205	1887
1004	4212
3675	4212
3250	4212
931	4212
2011	4212
366	3928
569	3928
896	1010
577	1010
504	1010
3128	3055
1786	3055
4269	3055
3692	3055
1614	3055
445	3055
1107	3055
4332	3055
2582	3055
3278	3055
4005	3112
3465	4052
2999	246
1637	246
2159	246
458	673
3382	3687
2613	3687
1652	3687
3477	3687
2909	3687
3173	3687
1563	3687
302	3687
15	3687
768	3687
880	3687
2410	3382
3236	3382
880	3382
2140	4497
4012	2613
4121	2613
3734	4576
1269	4319
3502	488
3934	488
982	488
1810	488
2014	488
2435	488
1889	488
413	488
580	488
2872	488
1506	488
2890	488
4533	488
401	488
949	488
218	488
2848	488
4643	488
551	488
1144	488
2045	488
2239	488
3638	3589
2368	3589
2159	3589
2395	3589
880	3589
110	3589
1796	3589
3212	3589
334	1400
3945	1400
3337	1400
2848	1400
4643	1400
2045	1400
2703	1400
430	1229
2060	1229
921	1229
3239	1229
81	3643
1577	3643
3916	3643
3379	171
1138	2213
507	2213
4508	3360
2081	3360
1323	812
1898	812
4437	812
2159	812
1337	812
3296	812
1314	3232
3638	3232
3236	3232
1236	3232
478	2861
66	3039
1399	3039
2822	3039
1205	3039
1119	2741
478	2741
3061	3902
3734	429
3009	429
1579	1016
1720	1016
1293	334
1220	334
1220	116
3561	4525
846	35
1952	35
1231	34
230	34
3578	34
550	34
1107	34
2241	34
4563	34
1737	34
3425	34
3061	34
3212	34
2366	18
230	18
4539	430
4506	430
1889	430
3379	430
1326	430
3291	430
3634	430
136	430
2761	430
661	1786
3184	2154
212	1979
3236	3693
982	2941
1314	4167
1933	4167
1520	4167
2366	3530
4011	740
1964	4512
1739	4512
374	4512
4354	4512
1547	4512
1094	1225
982	2774
249	2774
707	2774
1502	2774
205	2774
177	2010
577	2010
2458	2010
230	2010
1556	2010
3684	2010
550	2010
3638	2010
3379	2010
3793	2010
1107	2010
4332	2010
1500	2010
3379	3576
982	3502
2570	3502
249	3502
707	3502
2121	3502
1169	3502
401	3502
2533	3502
2848	3502
4643	3502
551	3502
2618	3502
1612	3502
2045	3502
2844	3502
4552	3502
249	3934
66	3934
2844	3934
1468	1382
2491	1382
2354	2251
4224	1223
102	1223
1323	1223
584	1223
4611	1223
4017	1223
4193	1223
3296	1223
2909	4224
4011	1610
177	1610
3692	1610
3837	1610
282	1610
1347	1610
1286	1610
691	1610
4352	1150
1964	1150
959	1150
4354	1150
1878	1150
326	1150
1547	1150
2055	1150
4614	719
661	719
4275	719
1612	719
2810	719
2366	4308
4567	710
3379	1315
1366	1315
3166	1315
4099	1315
1621	1315
2753	1315
1577	4294
3773	4294
4567	4294
1929	4294
1442	2462
66	2469
146	2469
1556	3533
1547	3533
435	1981
3547	1981
3328	1981
3442	442
3379	442
718	442
685	442
4428	442
248	442
2122	442
122	442
4437	3442
122	3442
1726	3707
1314	1246
4646	1246
1796	846
3379	2945
3236	2945
1094	3249
4646	1314
1428	1314
2302	1314
2612	1314
1546	1314
39	1314
4276	1314
2719	1314
3215	1314
86	1314
3978	1314
2580	1314
2018	1314
4203	1314
4234	1314
3379	1292
3734	1292
1902	1292
3734	443
1094	1235
3734	1235
435	1235
2491	1235
2725	1235
3953	1378
3734	1378
594	1378
3604	2085
1625	2085
256	2085
4611	2085
3389	2085
1337	2085
4128	1119
249	1119
707	1119
3175	1119
3553	1119
2366	4270
1323	4270
1020	4270
4122	2410
1219	1933
2334	1933
3235	1933
3166	1933
4193	1933
2226	1933
3397	1933
564	1219
3684	1219
4339	3953
570	4646
206	4646
1052	4646
3784	4646
3291	4646
3425	4646
2560	982
2570	982
1889	982
249	982
482	982
2890	982
4533	982
1269	982
2121	982
2533	982
949	982
551	982
17	982
2618	982
1502	982
2045	982
3915	982
4552	982
507	564
3389	438
1519	802
1496	802
1627	802
177	3106
1293	3106
2498	3106
4156	3106
57	3106
1440	3106
3519	3106
1337	3106
1537	3106
3734	3106
691	3106
2161	3106
1936	1428
4064	1428
921	1428
1789	3336
4019	3336
4500	1789
1619	1789
1821	1789
4508	1157
1751	1157
4658	1157
478	4464
249	4464
794	4464
1029	3481
1029	4513
97	1640
2166	1640
2544	1640
1202	1640
3456	1640
1185	1640
2153	1640
2765	1640
3876	1640
4064	1640
1773	1640
3640	1640
4449	1640
4594	1640
2735	1640
4234	1640
685	97
2843	4323
390	4323
3578	4323
3239	2806
522	3608
2146	278
2401	3604
3389	3604
2366	549
4189	549
1121	549
2159	549
3876	549
1020	1652
1027	4417
4437	4417
896	172
2646	172
1094	172
522	172
390	2843
707	1810
2533	1810
3097	1810
4248	4057
407	4057
3986	369
3746	1134
1269	1134
3734	1134
81	462
2005	462
2668	863
3734	863
2814	863
3318	863
3296	863
2191	4051
2458	189
3650	189
2159	189
1269	4222
249	3898
206	849
2195	1609
3961	1609
247	1609
3547	1609
3961	2195
3703	2195
247	2195
3547	2195
4405	1195
1964	1195
3734	1195
3296	1195
3236	341
643	1037
3734	1037
3033	3924
4339	3033
1169	3033
3665	3033
1171	4011
2354	4011
2146	4011
4284	4011
1952	4011
4225	4011
2306	4011
1567	4011
979	4011
2226	4011
1509	4011
4269	3367
979	2948
2226	2948
1898	3477
3877	3477
623	3477
1282	3477
4071	3477
3166	3477
4047	3477
2104	1520
606	3559
30	3559
4155	3559
1379	3559
4666	3559
2458	4269
4671	4269
247	4269
2107	4269
1171	390
4605	390
1455	390
1220	390
4225	390
1058	390
1033	390
4122	390
3379	2846
1749	2846
4047	2846
861	2846
2736	2846
4450	220
3734	220
3296	220
3236	478
661	478
247	3961
2646	896
1508	896
407	896
4563	896
366	81
3793	81
1107	81
256	81
4188	81
2098	81
4540	81
4121	81
2745	81
3710	81
1269	1456
3261	3833
507	3833
249	2014
707	2014
2618	2014
2038	2014
1502	3353
1099	2015
2841	2015
2944	2432
3527	2432
1377	2715
206	1171
3148	1171
1033	1171
3556	1171
3379	2270
2472	2443
3734	1255
3236	1374
1279	2913
1627	2913
3209	2913
2653	2089
3379	2089
206	139
4611	139
3780	139
1110	3161
1029	3161
3723	2108
623	2108
1337	2108
3734	2108
3212	2108
887	2355
3810	497
1728	497
3810	513
2547	250
1269	250
1910	822
2366	4115
3456	3958
2146	3728
3677	3728
2098	3728
3734	3728
514	3728
3082	966
2533	966
2808	4506
3296	4506
3668	280
1293	2129
541	2129
1369	2129
3582	2129
74	2757
1606	2847
4611	4580
3465	4151
3734	4151
3424	2245
990	2245
3387	2245
424	4425
4388	4202
4611	366
3163	366
2750	366
1442	366
3916	366
2745	366
2124	631
2238	2738
4108	4654
3379	3564
1749	3564
962	3564
1893	3564
2865	3564
1293	177
333	177
1556	177
3449	177
3379	177
1749	177
3424	177
30	177
3719	177
1663	177
1183	177
588	177
782	177
3617	177
3379	1293
1749	1293
57	1293
1282	1293
859	1293
283	1293
218	1293
2632	1293
3250	1293
3828	1293
4462	2298
3567	2298
3501	2298
3740	454
1489	454
3451	454
1699	3393
707	3775
2848	3775
4483	2206
1380	2206
3519	2206
3296	2206
4392	62
3082	62
2159	62
3296	62
1888	62
4414	4439
2486	2697
2885	2697
2719	2088
2491	2088
4181	1791
375	1791
30	3146
160	3146
299	2130
2720	1138
1269	1099
1824	1231
458	3692
1027	3692
504	3692
1653	3692
3813	3692
3986	3692
1727	3692
3212	3692
1341	4645
86	4645
1446	4645
458	3824
1027	3824
3723	3824
4611	3824
2189	3824
3212	3824
1614	458
4636	458
550	458
504	458
4632	458
976	458
2366	758
206	758
1029	758
859	333
86	333
2021	333
4563	3614
2121	2570
401	2570
4567	2570
3296	2570
551	2570
1144	2570
3675	2570
2618	2570
3568	2570
3296	3776
1749	2646
3734	2646
3296	2646
962	2646
3197	2788
30	4483
1269	4483
1712	4483
4155	4483
1379	4483
4666	4483
2544	3837
887	3837
3136	3837
2680	4128
2711	3672
3606	577
3519	2062
1712	2711
2477	1380
345	1380
1512	1380
1029	1380
3571	1434
86	1434
3573	1434
2305	1434
3207	1434
1347	4140
3425	4140
230	1539
4563	1539
102	2366
1323	2366
1020	2366
3703	2366
2458	2366
4145	2366
2148	2366
482	2366
1190	2366
340	2366
3615	2366
1619	2366
3166	2366
4335	2366
3309	2366
1226	2366
2143	2366
1323	102
1020	102
3703	102
2458	102
2148	102
3795	102
1728	102
510	102
4177	102
3082	102
3813	102
3394	102
4354	102
58	102
3986	102
1604	102
3521	102
1020	1323
3703	1323
2458	1323
2148	1323
2140	1323
4662	1323
206	1323
4540	1323
2918	1323
2730	1323
628	1323
1902	1323
2337	1323
3703	1020
2458	1020
1728	1020
3644	1020
2914	1020
3506	1020
2458	3703
4662	3703
206	3703
599	3703
3893	2458
900	2458
3842	2458
1728	2458
1092	2458
4662	2458
206	2458
1455	2458
4225	2458
3082	2458
1484	2458
3215	2458
3935	2458
1227	2458
2276	2458
199	2458
831	2458
1552	2458
1958	2458
1959	2458
2288	2458
2822	2458
206	4326
4339	4326
3389	4326
880	4326
4441	4326
4377	4326
3379	2678
3747	2678
3725	2678
2007	606
2574	606
1227	606
1379	606
4666	606
2159	606
1547	606
791	606
3110	606
3212	644
3236	3893
4159	3893
1369	1528
3773	2281
1567	2590
3413	2590
282	773
4481	773
4187	773
3677	773
550	773
3638	773
4332	773
3045	773
4234	773
4392	282
3638	282
1546	282
1107	282
859	282
3463	282
4234	282
249	1889
2121	1889
1047	1889
3915	1889
4552	1889
249	413
707	413
2618	413
1502	413
3553	413
3784	2166
2651	2166
2159	2166
2104	582
962	4181
1369	541
249	2694
4552	2694
249	580
3355	580
707	580
1318	580
1502	580
1796	580
4229	3823
628	3823
2189	3823
4392	1614
1058	1614
3503	1614
1337	1614
685	1614
2208	4005
445	4005
2191	4005
206	600
4207	1377
1269	1377
2159	1377
825	1377
1928	1377
4601	3323
543	3430
4012	3430
2208	3430
152	3430
374	3430
4163	543
1978	543
4012	543
321	543
1578	543
2928	543
661	543
3773	543
1964	543
1739	543
374	543
3734	543
302	543
1071	543
4354	543
3250	543
4012	4163
152	4163
598	4163
374	4163
959	4163
3318	4163
3422	4163
3657	4163
4012	1978
152	1978
374	1978
212	1978
2585	1978
321	4012
1578	4012
473	4012
2928	4012
152	4012
3773	4012
1964	4012
1739	4012
374	4012
959	4012
3734	4012
1071	4012
1547	4012
2172	4012
3379	321
1212	321
1173	321
152	321
1964	321
1739	321
374	321
216	4633
3660	3749
913	3749
2808	4340
3826	2565
3425	4652
1190	2208
1347	2208
4611	2208
1029	2208
927	2208
3606	2254
1369	2254
3221	2254
4450	3804
4352	2146
4188	2146
835	2146
3598	2146
979	2146
2632	2146
2226	2146
2159	2889
1942	4450
2735	4450
4665	4462
2192	4462
3734	3295
3465	4207
2651	4207
3296	4207
2125	4207
926	4207
3451	4207
1094	3756
3296	3756
3422	3756
4018	2873
861	1942
100	230
283	230
1888	230
2842	4206
1190	4429
1952	4429
2842	4429
3425	4429
1948	1544
1948	4671
4448	3465
3653	3465
1282	3465
3480	4448
3688	4448
3688	2227
249	2872
707	2872
2121	2872
2618	2872
1880	2872
2394	2872
4229	1159
798	1529
4198	1529
1027	243
86	243
2409	911
4393	911
1878	2724
376	2190
2544	4166
4228	4166
4122	4166
3503	4166
3780	4166
4594	4246
2012	3976
900	2612
3832	2612
39	2612
3390	2612
2580	2612
1500	2612
4285	2612
249	2562
3895	1598
3235	1598
662	3509
3784	3509
1013	3509
1898	996
1898	149
3822	1898
987	1898
3460	1898
3456	1898
4154	1898
90	1898
3882	1898
2688	1898
2181	1898
2520	1898
1832	1898
2530	1898
247	1898
4193	1898
816	3810
3482	3810
400	3810
974	3810
263	3810
3510	3810
100	3810
1206	3810
906	3810
1567	3810
1928	2748
816	3730
974	3730
1728	974
1728	2698
1728	2320
1914	2320
3379	4333
1805	4333
962	987
4593	987
712	1934
2311	1934
3197	4304
4099	4304
3663	4304
2842	3818
3451	4566
662	1364
1349	662
1592	662
2223	662
1269	4629
3236	928
1116	571
1321	571
3184	571
3379	4156
2198	4156
1749	4156
3916	4156
570	2625
3163	2625
4335	2625
3638	1027
1206	1027
570	1027
4437	1027
1029	1027
4665	1027
435	1027
2226	1027
1727	1027
1267	1027
3511	1027
3610	1027
4402	1027
2159	1948
1699	1948
1878	1948
152	2667
1029	2667
4215	2667
1811	2667
2232	2667
3145	2667
1116	1556
3606	1556
2180	1556
2188	3684
1063	2007
570	2007
2574	2007
1227	2007
2159	2007
3734	2007
1500	2007
3068	2007
3110	2007
3291	567
8	567
2368	852
544	852
298	4642
1269	4639
55	1965
4391	1965
199	1965
524	3083
8	1932
249	2148
3061	2148
3780	3578
4563	3578
3627	3578
3638	4481
3379	3650
3963	3650
4275	3157
3868	1997
2585	1997
2198	2544
1130	2544
691	2544
4231	1726
1369	1726
2940	1726
1904	1726
3747	4070
3723	4187
3638	4187
3236	4187
1727	4187
3212	4187
1717	2875
504	4636
3236	4636
1727	4636
3677	4392
3638	4392
41	4392
4563	4392
4273	4392
1107	3723
1546	3677
1206	3677
2098	3677
4332	3677
4234	3677
3638	550
504	550
3921	550
1337	550
1878	550
3986	550
1727	550
1546	3638
1206	3638
3337	3638
1107	3638
4177	3638
1727	3638
4203	3638
4234	3638
3379	4019
2909	2140
3895	2140
3011	2140
1878	2140
93	1063
3606	1063
2241	1063
3212	1063
3606	3785
3843	3785
861	3785
1094	763
1190	14
584	14
4611	14
3450	14
2804	3379
2198	3379
57	3379
2471	3379
1341	3379
3312	3379
4021	3379
797	3379
4276	3379
4665	3379
4383	3379
2169	3379
2546	3379
1121	3379
2630	3379
41	3379
1592	3379
3734	3379
2455	3379
4285	3379
248	3379
2942	3379
3250	3379
342	3379
185	3379
391	3379
901	3379
931	3379
1301	3379
2107	3379
2155	3379
3455	3379
2548	3379
2552	3379
2637	3379
2932	3379
3196	3379
3218	3379
3459	3379
3494	3379
4077	3379
3834	3379
3884	3379
3903	3379
3911	3379
3995	3379
4075	3379
4109	3379
4118	3379
4218	3379
4264	3379
4656	3379
4028	3379
1532	2610
1749	2610
1749	2804
3456	1532
1749	1532
1509	1532
1960	1532
3439	3322
3439	3456
1496	3456
1592	3456
3296	3456
3568	3456
2471	1749
1341	1749
4054	1749
1592	1749
3734	1749
3010	1749
1341	57
1537	57
3734	57
3496	2471
152	1578
374	1578
3611	1578
1464	2944
4112	2944
2722	2944
1506	1491
807	1800
249	1506
612	1506
2121	1506
1302	1910
3916	1910
2306	2497
249	4677
1548	4677
4648	3297
2034	3297
4339	3297
3328	3297
2034	4648
2060	1993
4110	2275
3261	2275
3450	2275
551	2275
66	2275
1144	2275
2452	2275
1144	4110
3851	1331
900	1341
206	1341
3390	1341
1496	1341
1500	1341
4161	1103
2666	4231
3073	4231
1952	1207
3308	1207
2364	1207
1094	1311
2223	1311
4155	1181
3278	1381
1190	452
3086	452
544	2368
515	2368
3876	2368
3166	2368
201	2368
1269	2992
4347	900
39	900
3390	900
1496	900
652	900
3209	900
4000	2167
962	2167
4347	1566
4347	3815
1911	1736
1567	1820
3734	1820
1419	345
1269	345
199	345
256	2909
218	2909
4339	1724
110	1724
3212	1724
2241	445
1029	84
3734	190
2842	1326
2592	1326
723	1326
3436	1326
30	4055
226	4055
160	4055
3357	4055
3235	4055
435	4055
804	4055
2452	4055
599	3515
3192	3515
791	3515
3236	2310
1939	2310
3423	142
90	4154
3209	4154
3773	2465
3945	925
1761	925
3945	1579
3752	1579
490	1579
3752	3945
1867	3945
2231	3945
2706	3945
2236	2066
3842	2723
643	2428
3270	3842
2424	4013
2114	2087
39	3832
3390	3832
2580	3832
887	3832
59	473
1567	473
1169	473
1964	473
584	2666
206	3424
584	3424
2401	3424
4193	3424
3236	78
3734	725
1440	624
2680	1440
4413	1440
249	3337
1029	3337
2121	3337
1130	3337
2533	3337
4643	3337
880	3337
2618	3337
3680	3337
1092	4347
2523	4347
3611	4347
1391	4347
3425	4347
249	491
612	249
3548	249
4533	249
401	249
949	249
2848	249
4643	249
551	249
66	249
1144	249
410	249
507	249
1502	249
2316	249
2045	249
2239	249
2452	249
2844	249
3553	249
3802	249
2226	964
3391	3294
326	3294
4193	4240
2384	4240
206	1203
1029	1203
707	482
2276	482
2844	482
3061	482
66	21
199	612
3734	1490
3734	3035
507	4229
1619	3299
2247	3793
3606	3793
3973	474
1286	1185
707	2890
2121	2890
2533	2890
2848	2890
66	2890
2618	2890
4552	2890
300	3758
2247	3895
1471	3895
1071	3895
4064	3895
685	3895
921	3895
300	3809
300	377
300	1677
94	300
1982	300
1964	94
3660	3635
1033	3635
3425	3635
3791	3635
3663	3635
647	1995
4562	3877
2124	647
4611	647
1130	647
4562	647
15	647
3175	647
2005	786
887	786
1811	786
4562	786
120	786
1957	786
2719	4458
2719	1066
4069	1066
584	1190
1567	1190
979	1190
1094	1190
1130	1190
398	1190
3423	1190
4605	1212
3583	1212
3312	1212
1863	1212
1173	1212
2101	1212
1419	1212
1455	1212
1952	1212
1220	1212
4225	1212
1058	1212
2680	1212
1033	1212
4122	1212
1468	1212
1957	1212
2728	1212
3425	1212
2101	4605
1468	4605
636	4605
4064	4605
3780	4605
4371	4605
3312	3583
2101	3583
1455	3583
4225	3583
1468	3583
2668	3583
2101	3312
1468	3312
3184	3312
2421	3312
3236	2247
86	2183
3389	2139
3571	570
2424	570
2919	570
2688	570
1567	570
2918	570
1044	570
1379	570
3876	570
218	570
685	570
1500	570
3573	570
255	570
1296	570
1883	3571
1796	2808
3244	2808
4372	2808
4661	2808
2541	2808
30	2424
2812	2424
859	2424
1712	2424
1379	2424
3978	2424
856	1213
4500	909
3014	909
1092	1728
4662	1728
206	1728
1227	1728
1712	1728
1379	1728
4666	1728
1267	1728
4662	1092
206	1092
1379	1092
3773	2574
1379	2574
4666	2574
2159	2574
856	2574
3110	2574
3734	30
206	4662
4155	4662
1379	4662
4666	4662
4047	4662
1852	4662
2334	206
1712	206
4155	206
1379	206
4666	206
2523	206
1001	206
2731	206
589	206
637	206
3254	709
4100	1905
3734	1905
212	1905
1996	3443
435	755
3296	755
1013	755
204	755
466	755
3425	755
789	3177
3474	39
3390	39
3759	39
2580	39
962	39
856	544
3784	127
584	127
4096	127
242	127
782	127
2651	1996
2153	4189
2241	3606
4248	3606
4335	3606
1547	3606
1500	3606
1959	2835
3425	2835
1337	1107
1878	1107
1727	4482
1254	4482
1182	504
1593	504
4632	504
1468	504
4393	504
1727	504
976	504
1757	504
1780	504
4533	4432
3734	1883
2814	1883
3422	1883
4611	1511
3291	1511
3773	1439
2180	1994
1269	623
3876	623
4047	623
522	623
485	256
1914	256
3480	256
128	256
1811	256
1078	256
2745	256
3982	256
3511	256
3584	256
2899	510
1508	510
798	510
3215	4339
985	4339
2226	4339
976	4339
1257	4339
1957	4339
3680	4339
1338	1173
2101	1173
1455	1173
1952	1173
1220	1173
4225	1173
1058	1173
652	1173
3226	1173
2680	1173
1033	1173
4122	1173
1619	1173
2222	1173
962	1173
4413	1173
2226	1173
689	1173
3816	1349
233	1349
1033	1349
2000	1349
887	1349
2222	1867
962	1867
2153	1347
2101	1347
1952	1347
4225	1347
1033	1347
2222	1347
685	1347
2226	1338
2919	3784
1033	3784
1567	3784
1369	3784
515	3784
685	3784
1183	3784
1013	3784
3273	1282
59	1282
4540	1282
4148	1282
1033	1282
3734	1282
589	1282
3145	1282
4503	1282
584	3273
59	3273
2401	3273
3471	4437
3734	4437
792	4437
1727	4437
782	4437
1877	4437
2153	584
2124	584
643	584
1033	584
1567	584
1403	584
2632	584
2731	584
1183	584
798	2899
3969	1508
2731	1508
1804	1508
2686	1508
3668	4108
161	3668
4225	1583
1094	1583
3250	1519
2255	1519
3236	221
3724	648
3296	4312
4562	4312
3734	2457
4407	3441
2679	4188
3851	4188
4611	4188
4121	4188
2159	4287
798	2919
2401	59
3518	59
1267	59
2153	2401
3518	2401
643	2401
460	2401
825	2401
2552	2401
233	3816
1419	3816
1033	3816
2918	3816
444	3816
3511	3816
3473	233
2411	4131
152	2928
1468	2928
3773	2928
374	2928
4099	3660
3673	107
4656	107
3734	1102
2822	4018
3646	3236
4611	3236
160	3236
569	3236
4365	3236
3070	3236
705	3236
426	3236
1711	3236
1907	3236
2283	3236
3113	3236
3211	3236
3278	3236
3451	3236
3791	3236
3857	3236
3910	3236
4198	3236
4264	3236
3268	3236
4397	3236
2968	3236
2313	1917
3518	485
298	320
1267	320
3518	1914
3226	4124
4332	3747
4248	3747
407	3747
1121	4177
514	2098
870	4546
3734	4546
1337	797
4563	797
1604	797
856	4389
1496	3390
247	3390
1547	3390
248	3390
2530	1496
713	1496
1662	1496
3710	1496
3454	3519
1727	1593
283	3173
2114	3488
705	352
3773	152
1964	152
1739	152
959	152
1071	152
4354	152
3250	152
4284	4540
4191	4540
4611	4540
839	4540
283	4540
3783	4284
4191	4284
290	4284
4611	4284
4611	3783
4148	4191
2679	4191
4611	4191
652	4191
1911	4191
2124	4148
2377	4148
290	4148
652	4148
856	4148
2377	2124
290	2124
1663	2124
290	2377
652	2377
212	2377
1911	2377
2679	290
3851	290
4611	290
652	290
4121	290
3851	2679
2763	2679
4611	2679
4121	2679
2763	3851
4611	3851
4121	3851
4611	2763
4121	2763
1220	4611
4121	4611
1029	4611
1567	4611
2940	4611
2739	4611
288	4611
685	4611
1078	4611
1401	4611
240	3843
598	3843
3538	3843
3916	3843
4428	3843
2745	3843
4250	4604
643	1051
3941	1051
3169	3526
3440	4076
1269	742
1419	2101
1455	2101
1220	2101
4225	2101
1058	2101
2680	2101
1033	2101
101	2101
1468	2101
1302	2101
1455	1419
1220	1419
4225	1419
1058	1419
2680	1419
1033	1419
2249	1419
1220	1455
4225	1455
1058	1455
2680	1455
1033	1455
4122	1455
3425	1455
2680	1952
1033	1952
636	1952
515	1952
3780	1952
2680	1220
1033	1220
1008	1220
2114	555
1058	4225
2680	4225
1033	4225
1130	4225
927	4225
2680	1058
1033	1058
3780	1058
3184	1058
3773	652
374	652
856	652
1442	4121
643	3148
1258	3148
2008	3148
3925	3941
1269	3082
4064	3082
17	3082
239	3082
3113	3725
661	2555
3616	2555
1033	2680
4122	2680
1804	2680
4122	1033
1567	1033
1269	1033
3503	1033
4047	1033
3117	1033
1521	1033
3556	1033
2114	4122
3828	4122
3212	4332
1731	4017
1731	489
3734	489
3734	1731
1727	1731
1727	434
1573	4632
3341	1442
3916	1442
4248	1442
1603	3341
58	2530
3389	3541
1399	3541
161	3960
608	902
4244	902
835	2306
3734	943
979	835
3117	835
1029	4500
718	4500
1878	4500
375	4500
3813	1029
86	1029
3779	1029
1126	1029
2226	1029
2232	1029
3145	1029
251	1029
901	1029
1509	1029
3063	1029
3657	1029
3916	240
3538	598
3916	598
4428	598
1712	1030
3734	1597
859	3011
707	4533
2121	4533
2533	4533
949	4533
2045	4533
3734	839
2226	839
4406	839
4562	1445
2159	2765
4562	2765
3916	3538
4343	661
1604	661
1612	661
4261	661
4264	661
3475	2020
507	2020
3644	1000
3662	4276
298	3501
1367	1468
3389	2334
1888	2334
635	3574
199	2682
1759	2719
1637	2999
2844	3871
435	1637
1567	226
2753	853
3086	1109
3086	3813
1567	3813
859	3813
298	3813
906	3086
1567	3086
2895	3086
2192	4665
859	4665
2895	4665
2016	4665
859	2192
2895	2192
1567	906
298	906
4047	1567
887	1567
2632	1567
3450	1567
1366	3800
1712	3225
3642	3225
1612	1366
3794	1366
3389	1403
3734	1403
4193	1403
3296	1403
66	4393
1094	859
1286	859
1946	859
3720	511
2016	2895
2722	2895
2955	3389
60	3389
4383	3389
2523	3389
2632	3389
2173	3389
1078	3389
2731	3389
2631	3389
2609	3389
60	2955
4383	2955
4383	60
283	4383
2731	4171
4331	1826
1269	2169
2914	2169
3826	2169
675	1269
283	1269
58	1269
197	1269
222	1269
301	1269
514	1269
808	1269
926	1269
1137	1269
1243	1269
1267	1269
1492	1269
2798	1269
4268	1269
4322	1269
4476	1269
378	2035
4427	2035
58	2035
2580	2035
2421	2016
1337	2241
1811	2241
1500	2241
3056	3480
979	4071
1973	4071
3734	2668
302	2668
3309	2668
185	2668
436	2668
2189	2668
2307	2668
3965	2668
1333	4054
4427	378
58	378
3734	2918
347	128
689	128
2848	707
4643	707
705	707
1144	707
2452	707
3278	707
1957	718
3734	247
685	247
628	247
2552	247
3458	247
3547	247
3328	247
2159	3916
3734	3916
3825	3916
2081	3916
2623	3916
522	3916
4428	3916
1094	3773
374	3773
3611	3773
1878	3773
1687	3773
3175	3445
3868	569
1811	569
3068	569
3328	569
3425	3598
3663	3615
589	1044
375	1770
685	979
3309	979
1183	979
398	979
2382	979
3826	979
2008	3503
861	86
2276	86
3145	86
2922	86
4510	86
3734	2651
3425	351
1712	1227
1379	1227
4666	1227
3110	1227
3732	1227
881	1369
2597	1369
2223	1369
1759	1369
1379	1712
3110	1712
4666	4155
1964	4155
2452	1973
2811	1973
3680	3291
3734	1121
347	1121
589	1121
524	1121
2159	1379
3110	1379
3209	1379
4603	4666
3734	4666
435	4666
3296	4666
1003	4666
3209	4666
1816	4275
3357	4275
1922	4275
407	3868
4354	1094
3611	1094
4064	1094
2226	1094
3423	1094
407	4248
4335	407
2745	407
2521	4324
3203	4324
401	2121
949	2121
2848	2121
66	2121
1144	2121
2045	2121
2844	2121
3845	3846
1964	3846
41	2159
3734	2159
4335	2159
259	2159
3184	2159
1444	2159
1821	2159
3110	2159
3351	2159
2299	1057
1612	1057
2753	1057
3734	3845
3296	3845
3590	3845
212	1936
3425	1936
3689	4292
3166	2842
667	2842
2223	2842
4414	1002
2597	1002
2077	1002
3734	881
2223	881
2597	4414
3296	4414
2077	41
435	41
460	1327
4244	2048
927	2060
2977	2060
4640	2060
371	3602
2055	3602
3657	3978
3471	4427
58	4427
2580	4427
3422	3743
1183	1130
1957	1130
913	1619
227	4023
2916	4023
856	4023
3734	1337
283	1337
1727	1337
2916	227
374	227
856	227
326	227
1547	227
3508	227
3250	227
1547	2916
1739	1964
374	1964
326	1964
375	1964
1257	1964
2283	1964
374	1739
4354	1739
3611	1739
959	374
1071	374
4354	374
3611	374
1547	374
3250	374
435	959
4300	1537
2161	1537
2249	3734
1811	3734
1950	3734
1001	3734
1078	3734
4428	3734
2115	3734
717	3734
1371	3734
804	3734
1674	3734
2421	3734
2434	3734
2467	3734
2585	3734
3037	3734
3511	3734
3627	3734
4388	3734
3547	3734
524	2814
2585	2814
3296	946
2533	401
2237	401
2618	401
1502	401
4552	401
4047	2222
4413	2222
4354	1071
3611	4354
3079	3611
3132	3611
2067	3475
3296	2086
3203	3235
682	3235
686	3235
970	3235
3278	3235
2307	4064
2449	4064
3254	4064
435	3166
807	3166
4099	3166
4193	2507
1746	2507
551	2533
1144	2533
410	2533
507	2533
2239	2533
807	4193
887	4193
1957	4193
807	435
1183	435
4232	435
4411	435
521	435
2865	435
3657	435
667	807
2731	4047
3425	4047
3826	4047
2883	792
2226	418
1796	2237
3450	3780
1500	3780
4563	3780
1001	3780
637	3780
825	3780
1871	3642
283	861
4251	861
2209	283
583	283
3184	283
2284	283
2848	949
1144	949
2618	949
3915	949
2932	995
2580	58
2226	58
1144	823
1253	4279
1907	2276
2810	2276
3061	2276
3278	2276
1205	2276
841	856
3318	856
1878	856
4331	856
326	856
1547	856
2209	856
921	856
3318	841
1878	841
326	841
1547	841
1878	3318
4331	3318
326	3318
1547	3318
3512	3318
494	1878
4331	1878
326	1878
1547	1878
3512	1878
2745	1878
326	494
1547	494
2632	494
326	4331
1547	326
887	326
921	326
3512	1547
4198	1547
551	218
2618	218
1502	218
1946	218
3993	218
2395	887
4273	887
3296	2632
1950	3296
2631	3296
717	3296
1371	3296
524	3296
1411	3296
1698	3296
1957	3296
2099	3296
2421	3296
2434	3296
3425	3296
3511	3296
2753	3296
4234	3296
2223	962
4099	962
921	962
1612	962
1680	962
4451	962
4328	264
3662	1663
1183	685
4232	685
3145	685
3828	685
3423	685
2609	1253
3239	2223
4563	3450
4563	1500
3212	1500
1489	4563
712	4251
2311	4251
2311	712
4656	2751
1280	2725
3755	298
3547	15
3328	15
3663	2395
1144	2848
17	2848
2618	2848
1502	2848
403	4643
2618	4643
1502	4643
3109	4643
66	4235
120	628
1226	212
1803	212
1819	212
1846	212
1880	212
1947	212
2284	212
697	854
3175	1001
375	1043
375	3504
912	375
4120	375
3425	1078
239	551
4387	551
1117	551
2618	551
2045	551
4552	551
798	2731
1286	2731
2226	2731
2609	1286
689	2226
3826	2226
813	3573
2517	3573
3828	3573
767	689
2585	170
2618	705
2038	705
1971	66
2722	66
3278	66
3248	66
3553	66
468	4338
804	4338
2324	4338
505	1038
976	1727
1757	1727
3212	1727
1741	1147
3657	1147
162	3634
3192	4112
2722	4112
791	599
782	913
2421	1704
460	3175
968	3175
1148	3175
2604	3175
122	2122
1183	2631
4232	2631
4232	1183
3425	1183
3060	242
2521	3404
3203	3404
1839	4099
3794	4099
4658	4099
2753	4099
3663	4099
3203	2521
791	3192
3561	3192
2722	1535
146	3132
1937	4296
2618	1144
3915	1144
299	2942
2239	17
4380	2067
3662	1852
342	3250
1793	2255
3662	921
1904	122
2327	158
967	162
1420	207
2285	219
1335	236
398	279
4234	363
3278	371
4327	460
3176	461
3072	466
507	468
1958	506
3527	507
1821	535
2157	535
1668	558
1937	558
4552	608
2622	656
4394	804
1358	825
1957	825
3425	825
2434	829
3454	895
2284	901
2038	927
3995	927
2189	977
4310	978
3400	983
2327	1017
2968	1243
3710	1254
2609	1318
2356	1329
2844	2618
2172	1391
3155	1399
3870	1446
2877	1502
2373	1507
3794	1612
4394	1612
3821	1612
1621	1612
2753	1612
3663	1612
3496	1616
4552	1662
3423	1668
3627	1698
3652	1717
4371	1803
2770	1927
2131	1947
3853	1947
3425	1957
3061	1958
3794	2021
4510	2021
4552	2045
3791	2073
4552	3794
3821	3794
1621	3794
2753	3794
3663	3794
3662	2127
3884	2180
3627	2189
2968	2229
3248	2239
4552	2239
1657	2327
3662	2456
2690	2594
3099	2609
3662	2686
3425	2781
2903	2790
3061	2790
3425	3556
3089	3425
3511	3425
4536	3425
4552	2844
3397	2863
2971	2881
3436	2898
3099	2914
3527	3061
3209	3183
4569	3239
4656	3239
4583	3245
3662	3277
3791	3590
3826	3680
4244	3748
3663	2753
3328	3547
