4	296
4	337
4	762
4	926
4	1445
5	232
5	1292
8	1025
15	202
15	266
15	361
15	365
15	382
15	785
15	819
15	908
15	948
15	1098
15	1305
15	1377
15	1432
16	1050
18	685
18	1181
21	537
21	1031
22	992
23	671
23	1421
24	680
24	1039
24	1275
26	574
26	695
26	819
26	1017
26	1045
26	1309
26	1432
27	1045
28	547
28	887
28	1254
30	105
30	119
30	144
30	161
30	223
30	326
30	334
30	421
30	576
30	690
30	789
30	888
30	1009
30	1086
30	1182
30	1253
30	1309
30	1388
30	1398
31	1337
32	112
35	168
35	227
35	442
35	452
35	568
35	681
35	863
35	970
35	1131
35	1366
35	1507
36	52
36	106
36	155
36	202
36	203
36	479
36	488
36	492
36	509
36	574
36	635
36	644
36	722
36	819
36	864
36	908
36	940
36	974
36	1026
36	1054
36	1109
36	1161
36	1170
36	1230
36	1261
36	1305
36	1309
39	310
39	333
39	614
39	861
39	875
39	1022
39	1072
39	1108
39	1225
39	1326
41	1516
42	263
45	1274
48	1100
50	342
50	512
51	96
51	189
51	250
51	251
51	290
51	573
51	598
51	711
51	817
51	1101
51	1105
51	1232
51	1414
52	106
52	202
52	203
52	479
52	488
52	492
52	509
52	574
52	635
52	813
52	819
52	864
52	974
52	1026
52	1054
52	1109
52	1161
52	1170
52	1230
52	1261
52	1305
52	1309
55	818
59	235
60	392
60	516
60	809
67	1128
68	452
68	681
68	1483
71	291
71	368
71	500
71	624
71	630
71	666
71	1123
71	1451
73	805
73	1276
73	1346
75	710
75	1081
75	1130
75	1251
75	1429
76	994
79	202
79	543
79	696
79	713
81	511
81	548
81	825
81	1018
81	1088
81	1502
82	1478
85	561
85	1385
86	260
91	99
91	225
91	1111
96	250
96	251
96	290
96	417
96	573
96	598
96	711
96	817
96	824
96	1101
96	1105
96	1232
96	1414
97	568
97	1366
97	1507
99	225
105	119
105	134
105	140
105	155
105	203
105	223
105	361
105	492
105	509
105	574
105	576
105	639
105	722
105	785
105	789
105	819
105	864
105	908
105	989
105	1045
105	1054
105	1090
105	1109
105	1161
105	1170
105	1182
105	1230
105	1261
105	1305
105	1309
105	1388
105	1419
106	155
106	202
106	203
106	361
106	479
106	488
106	492
106	509
106	574
106	635
106	644
106	819
106	864
106	974
106	1026
106	1054
106	1109
106	1161
106	1170
106	1305
107	121
107	170
107	367
107	410
107	491
107	519
107	653
107	1209
107	1263
107	1335
107	1397
107	1476
107	1500
111	315
111	350
111	603
111	820
111	1000
112	821
114	536
114	979
118	296
118	328
118	523
118	876
118	915
118	1150
118	1365
119	223
119	789
119	854
119	1086
119	1182
119	1309
119	1388
119	1434
121	170
121	367
121	368
121	410
121	491
121	519
121	653
121	1209
121	1263
121	1335
121	1397
121	1476
121	1500
122	374
122	889
122	1056
122	1313
126	269
128	489
128	539
128	700
128	1012
128	1286
128	1298
130	627
130	1431
131	261
131	641
131	779
131	1075
131	1241
131	1361
132	610
134	140
134	204
134	276
134	366
134	515
134	597
134	645
134	908
134	1017
134	1283
138	576
140	203
140	515
140	597
140	645
140	785
140	943
140	1045
140	1283
140	1309
140	1419
141	693
142	152
144	223
144	326
144	421
144	789
144	943
144	1182
145	668
145	808
145	981
147	1384
153	1039
155	202
155	203
155	223
155	361
155	492
155	509
155	574
155	635
155	639
155	644
155	722
155	785
155	786
155	819
155	864
155	908
155	940
155	974
155	989
155	1026
155	1054
155	1096
155	1109
155	1161
155	1170
155	1182
155	1230
155	1231
155	1305
155	1309
155	1349
155	1423
157	578
157	594
157	1208
157	1284
157	1290
161	223
161	334
161	421
161	576
161	690
161	756
161	789
161	888
161	1009
161	1086
161	1164
161	1182
162	1445
168	227
168	442
168	452
168	681
168	863
168	970
168	1131
168	1366
168	1507
170	367
170	410
170	491
170	519
170	653
170	1209
170	1263
170	1335
170	1397
170	1476
170	1500
172	1275
174	642
174	1152
176	457
176	759
181	669
181	1031
182	828
182	997
185	1432
186	760
187	681
187	863
187	970
187	1507
189	290
189	711
189	817
189	1232
191	206
191	597
191	1063
191	1448
196	745
202	203
202	361
202	479
202	488
202	492
202	509
202	574
202	635
202	644
202	646
202	695
202	722
202	785
202	786
202	819
202	862
202	864
202	908
202	974
202	989
202	1026
202	1054
202	1096
202	1109
202	1161
202	1170
202	1230
202	1272
202	1279
202	1305
202	1309
202	1349
202	1358
202	1432
202	1441
203	361
203	479
203	492
203	509
203	515
203	574
203	635
203	639
203	644
203	645
203	722
203	785
203	819
203	864
203	908
203	974
203	989
203	1026
203	1054
203	1096
203	1109
203	1161
203	1170
203	1230
203	1261
203	1305
203	1309
203	1419
204	276
205	309
205	312
205	556
205	681
205	863
205	970
205	1043
206	1063
206	1448
207	222
207	471
207	616
207	643
207	650
207	708
213	866
214	504
214	954
217	255
217	552
220	295
220	535
222	471
222	616
222	643
222	650
222	706
222	708
222	1073
222	1278
223	326
223	334
223	421
223	576
223	789
223	888
223	1086
223	1182
223	1253
223	1309
223	1367
223	1388
224	738
224	855
224	880
224	1179
224	1189
224	1347
224	1489
224	1512
227	863
227	1366
227	1507
229	749
229	1016
229	1216
229	1277
232	1292
234	283
236	664
236	943
236	1141
245	298
245	499
245	885
250	251
250	290
250	573
250	711
250	817
250	1105
250	1232
250	1414
251	290
251	417
251	573
251	598
251	711
251	817
251	1101
251	1105
251	1232
251	1414
255	552
256	382
256	403
256	512
256	654
256	722
256	862
256	908
256	909
256	1078
256	1144
256	1159
256	1230
256	1272
256	1305
256	1342
256	1358
256	1388
256	1398
256	1419
257	1135
259	642
261	641
261	779
261	1361
266	948
266	1098
266	1309
267	1275
268	552
269	403
269	492
269	509
269	622
269	654
269	691
269	908
269	1144
269	1194
269	1305
272	682
272	831
272	1351
273	523
273	754
273	1365
274	620
274	847
279	719
290	573
290	598
290	711
290	817
290	1101
290	1105
290	1232
290	1414
291	368
291	500
291	624
291	630
291	666
291	1123
291	1451
295	472
295	768
295	847
296	337
296	424
296	527
296	553
296	652
296	762
296	920
296	926
296	1002
296	1158
296	1365
296	1418
296	1445
297	327
297	593
297	812
297	840
297	874
297	972
297	1026
297	1206
297	1336
297	1487
298	499
298	581
298	885
298	894
303	328
303	523
303	547
303	1365
306	495
306	695
306	1352
307	1197
309	312
309	556
309	970
309	1043
310	333
310	614
310	861
310	875
310	1022
310	1072
310	1108
310	1225
310	1326
311	432
311	484
311	524
311	1226
311	1386
312	556
312	681
312	970
312	1043
313	589
313	615
313	783
313	990
315	350
315	603
315	820
315	1000
326	744
326	789
326	888
326	1182
326	1249
326	1309
327	593
327	812
327	840
327	874
327	972
327	1206
327	1487
328	631
328	876
328	915
328	1075
332	650
333	614
333	861
333	875
333	1022
333	1072
333	1108
333	1225
333	1326
334	355
334	400
334	421
334	576
334	690
334	756
334	789
334	888
334	1009
334	1086
334	1164
334	1182
337	553
337	762
337	926
337	1002
337	1445
350	603
350	820
355	400
355	690
355	1086
356	554
356	565
356	697
356	1252
356	1327
356	1347
356	1418
356	1512
359	871
360	452
360	515
360	520
360	681
360	801
360	863
360	1114
360	1483
361	492
361	509
361	574
361	635
361	644
361	646
361	722
361	785
361	819
361	864
361	908
361	940
361	989
361	1026
361	1054
361	1109
361	1161
361	1305
361	1309
361	1419
361	1441
362	376
362	436
365	948
365	1098
365	1377
367	410
367	491
367	519
367	653
367	1209
367	1263
367	1335
367	1397
367	1476
367	1500
368	500
368	624
368	630
368	653
368	666
368	1123
368	1209
368	1451
368	1476
374	889
374	1056
374	1313
376	436
376	540
382	403
382	492
382	512
382	654
382	722
382	908
382	909
382	943
382	1027
382	1054
382	1078
382	1144
382	1159
382	1272
382	1305
382	1342
382	1358
382	1388
382	1398
382	1419
382	1432
382	1441
383	507
383	525
383	967
383	1307
385	887
389	1497
391	553
391	665
391	666
391	762
391	1184
391	1350
392	648
392	809
392	1071
397	558
397	1371
398	1468
400	690
400	1086
401	1150
403	469
403	492
403	512
403	574
403	622
403	646
403	654
403	691
403	862
403	908
403	909
403	1007
403	1027
403	1078
403	1144
403	1159
403	1194
403	1272
403	1305
403	1342
403	1358
403	1398
403	1419
403	1432
404	794
408	1091
408	1269
410	491
410	519
410	653
410	1209
410	1263
410	1335
410	1397
410	1476
410	1500
415	464
417	1414
418	729
418	825
421	576
421	690
421	789
421	888
421	1009
421	1086
421	1182
421	1309
422	1319
424	527
424	762
424	920
424	1418
424	1445
425	483
425	625
432	524
432	1226
433	674
433	1317
433	1321
439	965
442	681
442	863
442	1507
444	630
445	902
447	486
447	1154
447	1156
447	1486
449	489
449	700
449	1298
452	515
452	520
452	556
452	568
452	681
452	863
452	970
452	1043
452	1114
452	1333
452	1366
452	1483
452	1507
457	759
467	535
469	654
469	908
469	909
469	1144
469	1159
469	1305
471	616
471	643
471	650
471	708
472	535
472	847
476	1212
477	969
479	488
479	509
479	574
479	836
479	974
479	1026
479	1109
479	1170
479	1261
483	625
484	524
484	1226
484	1386
486	1154
486	1156
486	1486
488	509
488	635
488	974
488	1026
488	1054
488	1109
488	1170
488	1230
488	1231
488	1261
489	539
489	576
489	700
489	1012
489	1286
489	1298
491	519
491	653
491	1209
491	1263
491	1335
491	1397
491	1476
491	1500
492	509
492	574
492	635
492	644
492	646
492	654
492	722
492	785
492	819
492	864
492	908
492	940
492	974
492	1026
492	1054
492	1096
492	1109
492	1144
492	1161
492	1182
492	1272
492	1305
492	1309
492	1441
494	554
494	697
494	1252
494	1327
495	1352
499	581
499	885
499	894
500	624
500	630
500	666
500	1123
500	1451
504	954
506	1338
507	525
507	869
507	967
507	1307
509	574
509	635
509	639
509	644
509	646
509	654
509	722
509	785
509	819
509	862
509	864
509	908
509	974
509	989
509	990
509	1007
509	1026
509	1054
509	1096
509	1109
509	1161
509	1170
509	1230
509	1231
509	1261
509	1305
509	1309
509	1388
509	1432
509	1441
511	850
511	1502
512	654
512	691
512	862
512	909
512	1078
512	1144
512	1159
512	1272
512	1305
512	1342
512	1358
512	1398
512	1419
515	520
515	681
515	785
515	863
515	1182
515	1305
515	1309
515	1367
515	1419
515	1483
519	653
519	1209
519	1263
519	1335
519	1397
519	1476
519	1500
520	681
520	863
520	970
520	1114
520	1483
523	754
523	1365
524	1226
524	1386
525	869
525	967
525	1307
527	762
527	920
527	1158
527	1418
527	1445
528	1202
530	584
535	712
535	847
535	1320
536	979
537	1031
539	700
539	1012
539	1286
539	1298
541	1514
543	696
543	713
546	682
546	831
547	887
547	1254
548	1088
551	908
551	1300
553	665
553	762
553	926
553	1002
553	1184
553	1350
553	1445
554	565
554	697
554	1252
554	1327
554	1347
554	1418
554	1512
556	681
556	863
556	970
556	1043
556	1472
556	1507
558	1025
558	1371
561	1385
563	1305
565	697
565	1252
565	1327
565	1512
566	1417
568	681
568	863
568	1366
568	1507
572	975
572	1355
572	1446
573	598
573	711
573	817
573	824
573	1101
573	1105
573	1232
573	1414
574	635
574	639
574	644
574	722
574	785
574	819
574	864
574	908
574	940
574	989
574	1017
574	1026
574	1054
574	1096
574	1109
574	1159
574	1161
574	1170
574	1178
574	1182
574	1230
574	1261
574	1305
574	1309
574	1340
574	1349
574	1419
574	1423
574	1432
574	1441
576	700
576	789
576	1009
576	1086
576	1182
576	1298
576	1305
576	1309
576	1388
578	594
578	1208
578	1284
578	1290
589	615
589	783
590	1247
593	644
593	812
593	840
593	874
593	972
593	1026
593	1206
593	1336
593	1487
594	1208
594	1284
594	1290
594	1514
597	645
597	785
597	1283
598	711
598	817
598	1101
598	1105
598	1232
598	1414
602	648
603	820
603	1000
605	841
614	861
614	875
614	1022
614	1108
615	783
615	990
616	643
616	650
616	708
617	1250
617	1395
621	1323
622	691
622	887
622	1144
622	1194
622	1305
624	653
624	666
624	1123
624	1209
624	1451
627	739
627	1431
628	1041
630	1070
630	1123
631	779
631	876
631	915
631	1075
631	1361
634	657
634	761
634	1514
635	644
635	722
635	785
635	819
635	864
635	908
635	974
635	989
635	1026
635	1054
635	1096
635	1109
635	1161
635	1261
635	1305
635	1309
635	1432
635	1441
638	865
639	785
639	819
639	864
639	989
639	1054
639	1261
639	1309
639	1340
641	779
641	1075
641	1241
641	1361
642	1152
643	650
643	708
644	722
644	785
644	819
644	864
644	874
644	908
644	1026
644	1054
644	1096
644	1109
644	1161
644	1305
644	1309
644	1432
644	1441
645	785
645	819
645	908
645	1283
645	1309
645	1419
646	654
646	864
646	908
646	1109
646	1161
646	1305
646	1309
646	1432
646	1514
647	1318
648	809
648	847
650	708
652	1445
653	1209
653	1263
653	1335
653	1397
653	1476
653	1500
654	691
654	862
654	908
654	909
654	1027
654	1078
654	1144
654	1159
654	1194
654	1272
654	1305
654	1342
654	1358
654	1388
654	1398
654	1419
656	1205
656	1224
657	962
657	1200
664	943
665	762
665	1184
665	1350
666	762
666	1123
666	1350
666	1451
668	808
668	981
671	1421
675	1347
675	1455
675	1512
676	1427
678	681
681	863
681	970
681	1043
681	1114
681	1333
681	1366
681	1483
681	1507
682	831
682	1351
685	1181
687	1001
690	789
690	1086
691	909
691	1078
691	1144
691	1159
691	1194
691	1272
691	1305
691	1342
691	1358
695	1017
695	1045
695	1096
695	1352
696	713
697	1252
697	1327
697	1347
697	1418
697	1512
698	800
700	710
700	1012
700	1286
700	1298
701	1395
706	1073
706	1278
710	1081
710	1130
710	1251
710	1429
711	817
711	1101
711	1105
711	1232
711	1414
712	1320
714	782
715	868
715	1319
717	884
722	785
722	819
722	864
722	908
722	989
722	1026
722	1037
722	1054
722	1096
722	1109
722	1161
722	1170
722	1182
722	1230
722	1272
722	1279
722	1305
722	1309
722	1342
722	1419
722	1423
722	1432
729	825
731	835
733	816
733	1444
738	855
738	880
738	1179
738	1189
738	1347
738	1489
738	1512
739	1431
743	1506
745	1115
749	1277
754	1365
755	1112
756	1009
756	1086
761	819
761	1090
762	920
762	926
762	1158
762	1184
762	1350
762	1418
762	1445
775	1179
775	1215
775	1373
775	1455
775	1489
775	1512
779	1075
779	1241
779	1361
779	1418
784	1041
785	786
785	789
785	819
785	864
785	908
785	940
785	943
785	989
785	1026
785	1054
785	1090
785	1109
785	1161
785	1170
785	1283
785	1305
785	1309
785	1419
785	1432
786	819
786	864
786	1096
786	1305
786	1309
786	1484
789	819
789	888
789	1009
789	1086
789	1164
789	1182
789	1253
789	1309
789	1367
789	1388
796	1371
797	1285
801	1114
801	1483
804	1220
805	1276
805	1346
806	1338
808	981
809	866
809	990
812	840
812	874
812	972
812	1206
812	1487
816	1444
817	1101
817	1105
817	1232
817	1414
819	864
819	908
819	974
819	989
819	1026
819	1054
819	1086
819	1090
819	1096
819	1109
819	1161
819	1170
819	1182
819	1230
819	1231
819	1261
819	1305
819	1309
819	1419
819	1441
819	1514
820	1000
824	1414
828	997
831	1351
839	1339
840	874
840	972
840	1206
840	1487
841	918
841	1319
845	962
847	1327
847	1455
855	880
855	1179
855	1189
855	1347
855	1489
855	1512
861	875
861	1022
861	1072
861	1108
862	908
862	909
862	949
862	1078
862	1144
862	1159
862	1272
862	1305
862	1342
862	1358
862	1419
863	970
863	1043
863	1114
863	1333
863	1366
863	1483
863	1507
864	908
864	974
864	989
864	1007
864	1026
864	1054
864	1096
864	1109
864	1161
864	1170
864	1182
864	1230
864	1231
864	1261
864	1305
864	1309
864	1423
864	1432
864	1441
866	918
866	1443
868	1319
869	1110
869	1296
874	972
874	1206
874	1487
875	1022
875	1072
875	1108
876	915
876	1075
880	1179
880	1189
880	1347
880	1489
880	1512
887	1095
887	1254
887	1270
888	1009
888	1086
888	1182
888	1309
889	1056
889	1313
897	1214
898	1221
898	1499
908	909
908	949
908	1017
908	1026
908	1054
908	1096
908	1109
908	1144
908	1159
908	1161
908	1178
908	1182
908	1230
908	1272
908	1279
908	1305
908	1309
908	1342
908	1358
908	1388
908	1398
908	1419
908	1432
908	1441
909	1027
909	1078
909	1144
909	1159
909	1272
909	1305
909	1342
909	1358
909	1419
909	1432
915	1075
918	962
920	1158
920	1418
920	1445
926	1445
939	1399
940	1026
940	1054
940	1161
940	1178
940	1305
940	1309
940	1432
942	1453
943	1141
943	1305
943	1388
948	1098
948	1377
949	1272
949	1419
954	1408
957	1285
961	994
962	1319
962	1419
967	1307
970	1043
970	1333
970	1366
970	1472
970	1507
972	1026
972	1206
972	1487
973	989
974	1026
974	1054
974	1109
974	1161
974	1170
974	1231
974	1260
974	1261
974	1305
975	1355
975	1446
976	1353
986	1124
988	1337
989	1026
989	1054
989	1109
989	1161
989	1182
989	1230
989	1260
989	1441
992	1139
992	1392
1001	1142
1003	1236
1007	1305
1009	1086
1009	1182
1012	1286
1012	1298
1016	1216
1017	1045
1017	1054
1017	1419
1017	1432
1022	1072
1022	1108
1022	1225
1022	1326
1026	1054
1026	1096
1026	1109
1026	1161
1026	1170
1026	1182
1026	1230
1026	1261
1026	1305
1026	1309
1026	1419
1026	1432
1026	1441
1027	1055
1027	1078
1027	1159
1027	1272
1027	1305
1027	1342
1027	1419
1027	1432
1029	1108
1037	1309
1043	1507
1045	1283
1045	1305
1045	1432
1054	1096
1054	1109
1054	1144
1054	1159
1054	1161
1054	1170
1054	1178
1054	1230
1054	1261
1054	1279
1054	1305
1054	1309
1054	1349
1054	1423
1054	1432
1054	1441
1056	1313
1058	1190
1059	1393
1063	1448
1066	1418
1067	1216
1068	1071
1070	1123
1071	1327
1072	1108
1072	1225
1072	1326
1073	1278
1075	1241
1075	1361
1075	1418
1077	1223
1078	1144
1078	1159
1078	1272
1078	1305
1078	1342
1078	1358
1078	1398
1081	1130
1081	1251
1082	1276
1086	1164
1086	1182
1086	1309
1086	1388
1090	1309
1090	1514
1091	1269
1096	1109
1096	1161
1096	1230
1096	1305
1096	1309
1096	1423
1096	1432
1098	1377
1101	1105
1101	1232
1101	1414
1105	1232
1105	1414
1107	1449
1109	1161
1109	1170
1109	1182
1109	1230
1109	1231
1109	1261
1109	1305
1109	1309
1109	1432
1109	1441
1114	1483
1123	1451
1130	1251
1130	1429
1131	1507
1139	1392
1144	1159
1144	1194
1144	1272
1144	1305
1144	1342
1144	1358
1144	1398
1144	1419
1153	1320
1154	1156
1154	1486
1155	1408
1156	1486
1158	1418
1158	1445
1159	1272
1159	1305
1159	1342
1159	1358
1159	1398
1159	1419
1159	1432
1159	1441
1161	1170
1161	1230
1161	1260
1161	1261
1161	1279
1161	1305
1161	1309
1161	1423
1161	1432
1161	1441
1161	1484
1170	1230
1170	1261
1170	1305
1170	1309
1174	1311
1175	1502
1178	1305
1179	1189
1179	1215
1179	1347
1179	1373
1179	1455
1179	1489
1179	1512
1182	1305
1182	1309
1182	1367
1182	1388
1182	1432
1184	1350
1189	1347
1189	1489
1189	1512
1194	1305
1205	1224
1206	1336
1206	1487
1208	1242
1208	1284
1208	1290
1209	1263
1209	1335
1209	1397
1209	1476
1209	1500
1215	1347
1215	1373
1215	1455
1215	1489
1215	1512
1221	1499
1226	1386
1230	1279
1230	1305
1230	1309
1230	1342
1230	1419
1232	1414
1241	1361
1241	1418
1242	1284
1242	1290
1245	1280
1250	1395
1251	1429
1252	1327
1252	1347
1252	1418
1252	1512
1261	1305
1261	1309
1263	1335
1263	1397
1263	1476
1263	1500
1271	1491
1272	1305
1272	1342
1272	1358
1272	1388
1272	1398
1272	1419
1272	1432
1276	1346
1279	1305
1279	1342
1279	1423
1279	1432
1283	1359
1284	1290
1286	1298
1305	1309
1305	1342
1305	1358
1305	1388
1305	1398
1305	1419
1305	1423
1305	1432
1305	1441
1305	1514
1309	1367
1309	1388
1309	1419
1309	1432
1309	1441
1317	1321
1319	1327
1320	1445
1327	1347
1327	1418
1327	1455
1327	1512
1333	1507
1335	1397
1335	1476
1335	1500
1342	1358
1342	1398
1342	1419
1347	1373
1347	1418
1347	1455
1347	1489
1347	1512
1355	1446
1358	1398
1358	1419
1358	1432
1366	1507
1373	1455
1373	1489
1373	1512
1388	1398
1388	1419
1395	1440
1397	1476
1397	1500
1398	1432
1418	1445
1418	1512
1419	1432
1419	1484
1432	1441
1441	1484
1455	1489
1455	1512
1476	1500
1489	1512
296	4
337	4
762	4
926	4
1445	4
232	5
1292	5
1025	8
202	15
266	15
361	15
365	15
382	15
785	15
819	15
908	15
948	15
1098	15
1305	15
1377	15
1432	15
1050	16
685	18
1181	18
537	21
1031	21
992	22
671	23
1421	23
680	24
1039	24
1275	24
574	26
695	26
819	26
1017	26
1045	26
1309	26
1432	26
1045	27
547	28
887	28
1254	28
105	30
119	30
144	30
161	30
223	30
326	30
334	30
421	30
576	30
690	30
789	30
888	30
1009	30
1086	30
1182	30
1253	30
1309	30
1388	30
1398	30
1337	31
112	32
168	35
227	35
442	35
452	35
568	35
681	35
863	35
970	35
1131	35
1366	35
1507	35
52	36
106	36
155	36
202	36
203	36
479	36
488	36
492	36
509	36
574	36
635	36
644	36
722	36
819	36
864	36
908	36
940	36
974	36
1026	36
1054	36
1109	36
1161	36
1170	36
1230	36
1261	36
1305	36
1309	36
310	39
333	39
614	39
861	39
875	39
1022	39
1072	39
1108	39
1225	39
1326	39
1516	41
263	42
1274	45
1100	48
342	50
512	50
96	51
189	51
250	51
251	51
290	51
573	51
598	51
711	51
817	51
1101	51
1105	51
1232	51
1414	51
106	52
202	52
203	52
479	52
488	52
492	52
509	52
574	52
635	52
813	52
819	52
864	52
974	52
1026	52
1054	52
1109	52
1161	52
1170	52
1230	52
1261	52
1305	52
1309	52
818	55
235	59
392	60
516	60
809	60
1128	67
452	68
681	68
1483	68
291	71
368	71
500	71
624	71
630	71
666	71
1123	71
1451	71
805	73
1276	73
1346	73
710	75
1081	75
1130	75
1251	75
1429	75
994	76
202	79
543	79
696	79
713	79
511	81
548	81
825	81
1018	81
1088	81
1502	81
1478	82
561	85
1385	85
260	86
99	91
225	91
1111	91
250	96
251	96
290	96
417	96
573	96
598	96
711	96
817	96
824	96
1101	96
1105	96
1232	96
1414	96
568	97
1366	97
1507	97
225	99
119	105
134	105
140	105
155	105
203	105
223	105
361	105
492	105
509	105
574	105
576	105
639	105
722	105
785	105
789	105
819	105
864	105
908	105
989	105
1045	105
1054	105
1090	105
1109	105
1161	105
1170	105
1182	105
1230	105
1261	105
1305	105
1309	105
1388	105
1419	105
155	106
202	106
203	106
361	106
479	106
488	106
492	106
509	106
574	106
635	106
644	106
819	106
864	106
974	106
1026	106
1054	106
1109	106
1161	106
1170	106
1305	106
121	107
170	107
367	107
410	107
491	107
519	107
653	107
1209	107
1263	107
1335	107
1397	107
1476	107
1500	107
315	111
350	111
603	111
820	111
1000	111
821	112
536	114
979	114
296	118
328	118
523	118
876	118
915	118
1150	118
1365	118
223	119
789	119
854	119
1086	119
1182	119
1309	119
1388	119
1434	119
170	121
367	121
368	121
410	121
491	121
519	121
653	121
1209	121
1263	121
1335	121
1397	121
1476	121
1500	121
374	122
889	122
1056	122
1313	122
269	126
489	128
539	128
700	128
1012	128
1286	128
1298	128
627	130
1431	130
261	131
641	131
779	131
1075	131
1241	131
1361	131
610	132
140	134
204	134
276	134
366	134
515	134
597	134
645	134
908	134
1017	134
1283	134
576	138
203	140
515	140
597	140
645	140
785	140
943	140
1045	140
1283	140
1309	140
1419	140
693	141
152	142
223	144
326	144
421	144
789	144
943	144
1182	144
668	145
808	145
981	145
1384	147
1039	153
202	155
203	155
223	155
361	155
492	155
509	155
574	155
635	155
639	155
644	155
722	155
785	155
786	155
819	155
864	155
908	155
940	155
974	155
989	155
1026	155
1054	155
1096	155
1109	155
1161	155
1170	155
1182	155
1230	155
1231	155
1305	155
1309	155
1349	155
1423	155
578	157
594	157
1208	157
1284	157
1290	157
223	161
334	161
421	161
576	161
690	161
756	161
789	161
888	161
1009	161
1086	161
1164	161
1182	161
1445	162
227	168
442	168
452	168
681	168
863	168
970	168
1131	168
1366	168
1507	168
367	170
410	170
491	170
519	170
653	170
1209	170
1263	170
1335	170
1397	170
1476	170
1500	170
1275	172
642	174
1152	174
457	176
759	176
669	181
1031	181
828	182
997	182
1432	185
760	186
681	187
863	187
970	187
1507	187
290	189
711	189
817	189
1232	189
206	191
597	191
1063	191
1448	191
745	196
203	202
361	202
479	202
488	202
492	202
509	202
574	202
635	202
644	202
646	202
695	202
722	202
785	202
786	202
819	202
862	202
864	202
908	202
974	202
989	202
1026	202
1054	202
1096	202
1109	202
1161	202
1170	202
1230	202
1272	202
1279	202
1305	202
1309	202
1349	202
1358	202
1432	202
1441	202
361	203
479	203
492	203
509	203
515	203
574	203
635	203
639	203
644	203
645	203
722	203
785	203
819	203
864	203
908	203
974	203
989	203
1026	203
1054	203
1096	203
1109	203
1161	203
1170	203
1230	203
1261	203
1305	203
1309	203
1419	203
276	204
309	205
312	205
556	205
681	205
863	205
970	205
1043	205
1063	206
1448	206
222	207
471	207
616	207
643	207
650	207
708	207
866	213
504	214
954	214
255	217
552	217
295	220
535	220
471	222
616	222
643	222
650	222
706	222
708	222
1073	222
1278	222
326	223
334	223
421	223
576	223
789	223
888	223
1086	223
1182	223
1253	223
1309	223
1367	223
1388	223
738	224
855	224
880	224
1179	224
1189	224
1347	224
1489	224
1512	224
863	227
1366	227
1507	227
749	229
1016	229
1216	229
1277	229
1292	232
283	234
664	236
943	236
1141	236
298	245
499	245
885	245
251	250
290	250
573	250
711	250
817	250
1105	250
1232	250
1414	250
290	251
417	251
573	251
598	251
711	251
817	251
1101	251
1105	251
1232	251
1414	251
552	255
382	256
403	256
512	256
654	256
722	256
862	256
908	256
909	256
1078	256
1144	256
1159	256
1230	256
1272	256
1305	256
1342	256
1358	256
1388	256
1398	256
1419	256
1135	257
642	259
641	261
779	261
1361	261
948	266
1098	266
1309	266
1275	267
552	268
403	269
492	269
509	269
622	269
654	269
691	269
908	269
1144	269
1194	269
1305	269
682	272
831	272
1351	272
523	273
754	273
1365	273
620	274
847	274
719	279
573	290
598	290
711	290
817	290
1101	290
1105	290
1232	290
1414	290
368	291
500	291
624	291
630	291
666	291
1123	291
1451	291
472	295
768	295
847	295
337	296
424	296
527	296
553	296
652	296
762	296
920	296
926	296
1002	296
1158	296
1365	296
1418	296
1445	296
327	297
593	297
812	297
840	297
874	297
972	297
1026	297
1206	297
1336	297
1487	297
499	298
581	298
885	298
894	298
328	303
523	303
547	303
1365	303
495	306
695	306
1352	306
1197	307
312	309
556	309
970	309
1043	309
333	310
614	310
861	310
875	310
1022	310
1072	310
1108	310
1225	310
1326	310
432	311
484	311
524	311
1226	311
1386	311
556	312
681	312
970	312
1043	312
589	313
615	313
783	313
990	313
350	315
603	315
820	315
1000	315
744	326
789	326
888	326
1182	326
1249	326
1309	326
593	327
812	327
840	327
874	327
972	327
1206	327
1487	327
631	328
876	328
915	328
1075	328
650	332
614	333
861	333
875	333
1022	333
1072	333
1108	333
1225	333
1326	333
355	334
400	334
421	334
576	334
690	334
756	334
789	334
888	334
1009	334
1086	334
1164	334
1182	334
553	337
762	337
926	337
1002	337
1445	337
603	350
820	350
400	355
690	355
1086	355
554	356
565	356
697	356
1252	356
1327	356
1347	356
1418	356
1512	356
871	359
452	360
515	360
520	360
681	360
801	360
863	360
1114	360
1483	360
492	361
509	361
574	361
635	361
644	361
646	361
722	361
785	361
819	361
864	361
908	361
940	361
989	361
1026	361
1054	361
1109	361
1161	361
1305	361
1309	361
1419	361
1441	361
376	362
436	362
948	365
1098	365
1377	365
410	367
491	367
519	367
653	367
1209	367
1263	367
1335	367
1397	367
1476	367
1500	367
500	368
624	368
630	368
653	368
666	368
1123	368
1209	368
1451	368
1476	368
889	374
1056	374
1313	374
436	376
540	376
403	382
492	382
512	382
654	382
722	382
908	382
909	382
943	382
1027	382
1054	382
1078	382
1144	382
1159	382
1272	382
1305	382
1342	382
1358	382
1388	382
1398	382
1419	382
1432	382
1441	382
507	383
525	383
967	383
1307	383
887	385
1497	389
553	391
665	391
666	391
762	391
1184	391
1350	391
648	392
809	392
1071	392
558	397
1371	397
1468	398
690	400
1086	400
1150	401
469	403
492	403
512	403
574	403
622	403
646	403
654	403
691	403
862	403
908	403
909	403
1007	403
1027	403
1078	403
1144	403
1159	403
1194	403
1272	403
1305	403
1342	403
1358	403
1398	403
1419	403
1432	403
794	404
1091	408
1269	408
491	410
519	410
653	410
1209	410
1263	410
1335	410
1397	410
1476	410
1500	410
464	415
1414	417
729	418
825	418
576	421
690	421
789	421
888	421
1009	421
1086	421
1182	421
1309	421
1319	422
527	424
762	424
920	424
1418	424
1445	424
483	425
625	425
524	432
1226	432
674	433
1317	433
1321	433
965	439
681	442
863	442
1507	442
630	444
902	445
486	447
1154	447
1156	447
1486	447
489	449
700	449
1298	449
515	452
520	452
556	452
568	452
681	452
863	452
970	452
1043	452
1114	452
1333	452
1366	452
1483	452
1507	452
759	457
535	467
654	469
908	469
909	469
1144	469
1159	469
1305	469
616	471
643	471
650	471
708	471
535	472
847	472
1212	476
969	477
488	479
509	479
574	479
836	479
974	479
1026	479
1109	479
1170	479
1261	479
625	483
524	484
1226	484
1386	484
1154	486
1156	486
1486	486
509	488
635	488
974	488
1026	488
1054	488
1109	488
1170	488
1230	488
1231	488
1261	488
539	489
576	489
700	489
1012	489
1286	489
1298	489
519	491
653	491
1209	491
1263	491
1335	491
1397	491
1476	491
1500	491
509	492
574	492
635	492
644	492
646	492
654	492
722	492
785	492
819	492
864	492
908	492
940	492
974	492
1026	492
1054	492
1096	492
1109	492
1144	492
1161	492
1182	492
1272	492
1305	492
1309	492
1441	492
554	494
697	494
1252	494
1327	494
1352	495
581	499
885	499
894	499
624	500
630	500
666	500
1123	500
1451	500
954	504
1338	506
525	507
869	507
967	507
1307	507
574	509
635	509
639	509
644	509
646	509
654	509
722	509
785	509
819	509
862	509
864	509
908	509
974	509
989	509
990	509
1007	509
1026	509
1054	509
1096	509
1109	509
1161	509
1170	509
1230	509
1231	509
1261	509
1305	509
1309	509
1388	509
1432	509
1441	509
850	511
1502	511
654	512
691	512
862	512
909	512
1078	512
1144	512
1159	512
1272	512
1305	512
1342	512
1358	512
1398	512
1419	512
520	515
681	515
785	515
863	515
1182	515
1305	515
1309	515
1367	515
1419	515
1483	515
653	519
1209	519
1263	519
1335	519
1397	519
1476	519
1500	519
681	520
863	520
970	520
1114	520
1483	520
754	523
1365	523
1226	524
1386	524
869	525
967	525
1307	525
762	527
920	527
1158	527
1418	527
1445	527
1202	528
584	530
712	535
847	535
1320	535
979	536
1031	537
700	539
1012	539
1286	539
1298	539
1514	541
696	543
713	543
682	546
831	546
887	547
1254	547
1088	548
908	551
1300	551
665	553
762	553
926	553
1002	553
1184	553
1350	553
1445	553
565	554
697	554
1252	554
1327	554
1347	554
1418	554
1512	554
681	556
863	556
970	556
1043	556
1472	556
1507	556
1025	558
1371	558
1385	561
1305	563
697	565
1252	565
1327	565
1512	565
1417	566
681	568
863	568
1366	568
1507	568
975	572
1355	572
1446	572
598	573
711	573
817	573
824	573
1101	573
1105	573
1232	573
1414	573
635	574
639	574
644	574
722	574
785	574
819	574
864	574
908	574
940	574
989	574
1017	574
1026	574
1054	574
1096	574
1109	574
1159	574
1161	574
1170	574
1178	574
1182	574
1230	574
1261	574
1305	574
1309	574
1340	574
1349	574
1419	574
1423	574
1432	574
1441	574
700	576
789	576
1009	576
1086	576
1182	576
1298	576
1305	576
1309	576
1388	576
594	578
1208	578
1284	578
1290	578
615	589
783	589
1247	590
644	593
812	593
840	593
874	593
972	593
1026	593
1206	593
1336	593
1487	593
1208	594
1284	594
1290	594
1514	594
645	597
785	597
1283	597
711	598
817	598
1101	598
1105	598
1232	598
1414	598
648	602
820	603
1000	603
841	605
861	614
875	614
1022	614
1108	614
783	615
990	615
643	616
650	616
708	616
1250	617
1395	617
1323	621
691	622
887	622
1144	622
1194	622
1305	622
653	624
666	624
1123	624
1209	624
1451	624
739	627
1431	627
1041	628
1070	630
1123	630
779	631
876	631
915	631
1075	631
1361	631
657	634
761	634
1514	634
644	635
722	635
785	635
819	635
864	635
908	635
974	635
989	635
1026	635
1054	635
1096	635
1109	635
1161	635
1261	635
1305	635
1309	635
1432	635
1441	635
865	638
785	639
819	639
864	639
989	639
1054	639
1261	639
1309	639
1340	639
779	641
1075	641
1241	641
1361	641
1152	642
650	643
708	643
722	644
785	644
819	644
864	644
874	644
908	644
1026	644
1054	644
1096	644
1109	644
1161	644
1305	644
1309	644
1432	644
1441	644
785	645
819	645
908	645
1283	645
1309	645
1419	645
654	646
864	646
908	646
1109	646
1161	646
1305	646
1309	646
1432	646
1514	646
1318	647
809	648
847	648
708	650
1445	652
1209	653
1263	653
1335	653
1397	653
1476	653
1500	653
691	654
862	654
908	654
909	654
1027	654
1078	654
1144	654
1159	654
1194	654
1272	654
1305	654
1342	654
1358	654
1388	654
1398	654
1419	654
1205	656
1224	656
962	657
1200	657
943	664
762	665
1184	665
1350	665
762	666
1123	666
1350	666
1451	666
808	668
981	668
1421	671
1347	675
1455	675
1512	675
1427	676
681	678
863	681
970	681
1043	681
1114	681
1333	681
1366	681
1483	681
1507	681
831	682
1351	682
1181	685
1001	687
789	690
1086	690
909	691
1078	691
1144	691
1159	691
1194	691
1272	691
1305	691
1342	691
1358	691
1017	695
1045	695
1096	695
1352	695
713	696
1252	697
1327	697
1347	697
1418	697
1512	697
800	698
710	700
1012	700
1286	700
1298	700
1395	701
1073	706
1278	706
1081	710
1130	710
1251	710
1429	710
817	711
1101	711
1105	711
1232	711
1414	711
1320	712
782	714
868	715
1319	715
884	717
785	722
819	722
864	722
908	722
989	722
1026	722
1037	722
1054	722
1096	722
1109	722
1161	722
1170	722
1182	722
1230	722
1272	722
1279	722
1305	722
1309	722
1342	722
1419	722
1423	722
1432	722
825	729
835	731
816	733
1444	733
855	738
880	738
1179	738
1189	738
1347	738
1489	738
1512	738
1431	739
1506	743
1115	745
1277	749
1365	754
1112	755
1009	756
1086	756
819	761
1090	761
920	762
926	762
1158	762
1184	762
1350	762
1418	762
1445	762
1179	775
1215	775
1373	775
1455	775
1489	775
1512	775
1075	779
1241	779
1361	779
1418	779
1041	784
786	785
789	785
819	785
864	785
908	785
940	785
943	785
989	785
1026	785
1054	785
1090	785
1109	785
1161	785
1170	785
1283	785
1305	785
1309	785
1419	785
1432	785
819	786
864	786
1096	786
1305	786
1309	786
1484	786
819	789
888	789
1009	789
1086	789
1164	789
1182	789
1253	789
1309	789
1367	789
1388	789
1371	796
1285	797
1114	801
1483	801
1220	804
1276	805
1346	805
1338	806
981	808
866	809
990	809
840	812
874	812
972	812
1206	812
1487	812
1444	816
1101	817
1105	817
1232	817
1414	817
864	819
908	819
974	819
989	819
1026	819
1054	819
1086	819
1090	819
1096	819
1109	819
1161	819
1170	819
1182	819
1230	819
1231	819
1261	819
1305	819
1309	819
1419	819
1441	819
1514	819
1000	820
1414	824
997	828
1351	831
1339	839
874	840
972	840
1206	840
1487	840
918	841
1319	841
962	845
1327	847
1455	847
880	855
1179	855
1189	855
1347	855
1489	855
1512	855
875	861
1022	861
1072	861
1108	861
908	862
909	862
949	862
1078	862
1144	862
1159	862
1272	862
1305	862
1342	862
1358	862
1419	862
970	863
1043	863
1114	863
1333	863
1366	863
1483	863
1507	863
908	864
974	864
989	864
1007	864
1026	864
1054	864
1096	864
1109	864
1161	864
1170	864
1182	864
1230	864
1231	864
1261	864
1305	864
1309	864
1423	864
1432	864
1441	864
918	866
1443	866
1319	868
1110	869
1296	869
972	874
1206	874
1487	874
1022	875
1072	875
1108	875
915	876
1075	876
1179	880
1189	880
1347	880
1489	880
1512	880
1095	887
1254	887
1270	887
1009	888
1086	888
1182	888
1309	888
1056	889
1313	889
1214	897
1221	898
1499	898
909	908
949	908
1017	908
1026	908
1054	908
1096	908
1109	908
1144	908
1159	908
1161	908
1178	908
1182	908
1230	908
1272	908
1279	908
1305	908
1309	908
1342	908
1358	908
1388	908
1398	908
1419	908
1432	908
1441	908
1027	909
1078	909
1144	909
1159	909
1272	909
1305	909
1342	909
1358	909
1419	909
1432	909
1075	915
962	918
1158	920
1418	920
1445	920
1445	926
1399	939
1026	940
1054	940
1161	940
1178	940
1305	940
1309	940
1432	940
1453	942
1141	943
1305	943
1388	943
1098	948
1377	948
1272	949
1419	949
1408	954
1285	957
994	961
1319	962
1419	962
1307	967
1043	970
1333	970
1366	970
1472	970
1507	970
1026	972
1206	972
1487	972
989	973
1026	974
1054	974
1109	974
1161	974
1170	974
1231	974
1260	974
1261	974
1305	974
1355	975
1446	975
1353	976
1124	986
1337	988
1026	989
1054	989
1109	989
1161	989
1182	989
1230	989
1260	989
1441	989
1139	992
1392	992
1142	1001
1236	1003
1305	1007
1086	1009
1182	1009
1286	1012
1298	1012
1216	1016
1045	1017
1054	1017
1419	1017
1432	1017
1072	1022
1108	1022
1225	1022
1326	1022
1054	1026
1096	1026
1109	1026
1161	1026
1170	1026
1182	1026
1230	1026
1261	1026
1305	1026
1309	1026
1419	1026
1432	1026
1441	1026
1055	1027
1078	1027
1159	1027
1272	1027
1305	1027
1342	1027
1419	1027
1432	1027
1108	1029
1309	1037
1507	1043
1283	1045
1305	1045
1432	1045
1096	1054
1109	1054
1144	1054
1159	1054
1161	1054
1170	1054
1178	1054
1230	1054
1261	1054
1279	1054
1305	1054
1309	1054
1349	1054
1423	1054
1432	1054
1441	1054
1313	1056
1190	1058
1393	1059
1448	1063
1418	1066
1216	1067
1071	1068
1123	1070
1327	1071
1108	1072
1225	1072
1326	1072
1278	1073
1241	1075
1361	1075
1418	1075
1223	1077
1144	1078
1159	1078
1272	1078
1305	1078
1342	1078
1358	1078
1398	1078
1130	1081
1251	1081
1276	1082
1164	1086
1182	1086
1309	1086
1388	1086
1309	1090
1514	1090
1269	1091
1109	1096
1161	1096
1230	1096
1305	1096
1309	1096
1423	1096
1432	1096
1377	1098
1105	1101
1232	1101
1414	1101
1232	1105
1414	1105
1449	1107
1161	1109
1170	1109
1182	1109
1230	1109
1231	1109
1261	1109
1305	1109
1309	1109
1432	1109
1441	1109
1483	1114
1451	1123
1251	1130
1429	1130
1507	1131
1392	1139
1159	1144
1194	1144
1272	1144
1305	1144
1342	1144
1358	1144
1398	1144
1419	1144
1320	1153
1156	1154
1486	1154
1408	1155
1486	1156
1418	1158
1445	1158
1272	1159
1305	1159
1342	1159
1358	1159
1398	1159
1419	1159
1432	1159
1441	1159
1170	1161
1230	1161
1260	1161
1261	1161
1279	1161
1305	1161
1309	1161
1423	1161
1432	1161
1441	1161
1484	1161
1230	1170
1261	1170
1305	1170
1309	1170
1311	1174
1502	1175
1305	1178
1189	1179
1215	1179
1347	1179
1373	1179
1455	1179
1489	1179
1512	1179
1305	1182
1309	1182
1367	1182
1388	1182
1432	1182
1350	1184
1347	1189
1489	1189
1512	1189
1305	1194
1224	1205
1336	1206
1487	1206
1242	1208
1284	1208
1290	1208
1263	1209
1335	1209
1397	1209
1476	1209
1500	1209
1347	1215
1373	1215
1455	1215
1489	1215
1512	1215
1499	1221
1386	1226
1279	1230
1305	1230
1309	1230
1342	1230
1419	1230
1414	1232
1361	1241
1418	1241
1284	1242
1290	1242
1280	1245
1395	1250
1429	1251
1327	1252
1347	1252
1418	1252
1512	1252
1305	1261
1309	1261
1335	1263
1397	1263
1476	1263
1500	1263
1491	1271
1305	1272
1342	1272
1358	1272
1388	1272
1398	1272
1419	1272
1432	1272
1346	1276
1305	1279
1342	1279
1423	1279
1432	1279
1359	1283
1290	1284
1298	1286
1309	1305
1342	1305
1358	1305
1388	1305
1398	1305
1419	1305
1423	1305
1432	1305
1441	1305
1514	1305
1367	1309
1388	1309
1419	1309
1432	1309
1441	1309
1321	1317
1327	1319
1445	1320
1347	1327
1418	1327
1455	1327
1512	1327
1507	1333
1397	1335
1476	1335
1500	1335
1358	1342
1398	1342
1419	1342
1373	1347
1418	1347
1455	1347
1489	1347
1512	1347
1446	1355
1398	1358
1419	1358
1432	1358
1507	1366
1455	1373
1489	1373
1512	1373
1398	1388
1419	1388
1440	1395
1476	1397
1500	1397
1432	1398
1445	1418
1512	1418
1432	1419
1484	1419
1441	1432
1484	1441
1489	1455
1512	1455
1500	1476
1512	1489
