0	370
0	471
1	8
1	293
3	17
3	369
3	675
4	415
4	812
5	32
5	37
5	90
5	103
5	136
5	185
5	186
5	198
5	271
5	457
5	459
5	505
5	669
5	777
5	806
5	825
7	388
8	293
9	62
9	191
9	379
9	463
11	314
11	392
11	457
11	586
11	588
11	632
11	806
15	26
15	33
15	71
15	80
15	90
15	132
15	167
15	189
15	222
15	323
15	325
15	382
15	390
15	428
15	500
15	515
15	524
15	527
15	567
15	615
15	707
15	784
15	795
15	810
15	819
15	838
15	839
16	731
17	369
17	675
18	776
20	30
20	32
20	33
20	76
20	101
20	103
20	104
20	124
20	132
20	192
20	257
20	264
20	277
20	283
20	288
20	314
20	354
20	360
20	409
20	434
20	457
20	479
20	505
20	507
20	519
20	556
20	588
20	625
20	632
20	669
20	692
20	712
20	722
20	791
21	413
21	465
21	659
23	42
23	78
23	82
23	139
23	166
23	190
23	340
23	422
23	477
23	497
23	573
23	604
23	624
23	644
23	683
23	689
25	134
25	672
26	32
26	33
26	37
26	71
26	76
26	90
26	103
26	104
26	132
26	185
26	189
26	192
26	271
26	277
26	288
26	314
26	325
26	354
26	360
26	434
26	457
26	459
26	479
26	500
26	505
26	507
26	515
26	524
26	527
26	588
26	615
26	616
26	625
26	632
26	669
26	695
26	722
26	777
26	791
26	795
26	798
26	806
26	839
28	176
28	792
28	807
30	32
30	101
30	103
30	104
30	132
30	192
30	257
30	264
30	277
30	288
30	314
30	354
30	434
30	457
30	479
30	507
30	588
30	625
30	692
30	712
30	722
31	292
31	456
31	471
32	33
32	45
32	76
32	101
32	103
32	104
32	124
32	185
32	192
32	198
32	264
32	277
32	288
32	314
32	354
32	360
32	409
32	434
32	457
32	459
32	479
32	495
32	505
32	507
32	588
32	625
32	632
32	661
32	669
32	692
32	716
32	721
32	722
32	791
32	806
32	811
33	71
33	76
33	90
33	104
33	124
33	132
33	167
33	177
33	185
33	192
33	216
33	264
33	271
33	314
33	354
33	360
33	409
33	434
33	457
33	459
33	479
33	505
33	507
33	588
33	625
33	632
33	669
33	695
33	703
33	722
33	753
33	788
33	791
33	798
33	806
33	810
34	302
34	384
34	430
34	504
34	631
34	748
34	770
35	589
35	685
35	842
37	132
37	136
37	186
37	216
37	777
37	788
37	825
38	146
38	346
38	377
38	626
38	816
39	192
39	361
40	691
40	719
40	757
41	103
42	78
42	82
42	139
42	166
42	182
42	190
42	340
42	422
42	477
42	497
42	573
42	604
42	624
42	644
42	683
43	303
45	90
45	130
45	198
45	271
45	314
45	459
45	499
45	505
45	507
45	608
45	713
45	766
45	784
45	798
45	806
47	128
47	175
47	219
47	285
47	313
47	339
47	355
47	401
47	454
47	455
47	622
47	623
47	654
47	694
47	747
47	753
47	780
47	794
48	116
48	129
48	270
48	301
48	393
48	417
48	433
48	449
48	474
48	486
48	666
48	681
48	706
48	756
48	758
48	774
48	775
48	797
48	820
48	835
48	848
49	117
49	817
57	79
57	152
57	169
57	254
57	258
57	482
57	485
57	558
57	614
57	708
60	366
60	368
60	679
60	783
62	191
62	379
62	463
63	138
63	387
65	347
65	805
71	90
71	167
71	222
71	325
71	382
71	459
71	500
71	521
71	524
71	527
71	695
71	810
71	839
72	123
72	378
72	451
72	549
74	79
74	169
74	258
74	485
74	558
74	601
74	605
74	614
76	90
76	101
76	103
76	104
76	132
76	185
76	192
76	264
76	271
76	277
76	283
76	288
76	314
76	354
76	360
76	409
76	434
76	440
76	457
76	479
76	505
76	507
76	519
76	588
76	619
76	625
76	632
76	669
76	692
76	722
76	753
76	759
76	791
77	317
77	327
77	336
77	372
77	678
77	709
77	729
78	82
78	139
78	166
78	190
78	340
78	422
78	477
78	497
78	573
78	604
78	624
78	644
78	668
78	683
79	169
79	258
79	485
79	558
79	601
79	605
79	614
80	90
80	132
80	189
80	222
80	323
80	382
80	390
80	423
80	428
80	459
80	500
80	515
80	524
80	527
80	567
80	615
80	653
80	795
80	810
80	819
80	838
80	839
82	139
82	166
82	182
82	190
82	340
82	422
82	477
82	497
82	573
82	604
82	624
82	644
82	683
83	138
83	391
83	514
83	670
83	702
83	792
83	821
90	103
90	104
90	130
90	132
90	167
90	189
90	198
90	222
90	264
90	314
90	323
90	325
90	382
90	409
90	428
90	459
90	499
90	500
90	505
90	507
90	515
90	521
90	524
90	527
90	567
90	588
90	615
90	695
90	716
90	754
90	771
90	795
90	798
90	806
90	810
90	838
90	839
91	806
92	425
97	106
97	329
97	598
97	686
98	523
101	103
101	104
101	124
101	132
101	138
101	185
101	192
101	257
101	264
101	271
101	277
101	288
101	314
101	318
101	354
101	409
101	434
101	457
101	479
101	505
101	507
101	588
101	625
101	632
101	660
101	692
101	712
101	722
101	759
101	791
101	798
101	806
101	811
103	104
103	124
103	132
103	185
103	192
103	210
103	257
103	264
103	271
103	277
103	288
103	314
103	318
103	354
103	360
103	361
103	392
103	409
103	434
103	440
103	457
103	459
103	478
103	479
103	505
103	507
103	588
103	619
103	625
103	632
103	660
103	669
103	692
103	713
103	716
103	721
103	722
103	759
103	766
103	791
103	792
103	806
103	811
104	132
104	185
104	192
104	207
104	232
104	257
104	264
104	271
104	277
104	283
104	288
104	304
104	314
104	354
104	360
104	409
104	434
104	457
104	459
104	479
104	505
104	507
104	588
104	619
104	625
104	632
104	669
104	692
104	712
104	722
104	753
104	788
104	798
106	598
110	272
110	276
113	292
113	464
114	158
114	229
114	399
114	778
116	129
116	417
116	474
116	486
116	666
116	756
116	758
116	835
116	848
121	375
121	521
123	378
123	451
123	549
124	185
124	192
124	198
124	277
124	288
124	314
124	360
124	409
124	434
124	457
124	459
124	479
124	495
124	505
124	507
124	588
124	625
124	632
124	669
124	692
124	713
124	721
124	722
124	791
124	806
124	811
125	424
125	727
128	175
128	219
128	285
128	313
128	339
128	355
128	401
128	454
128	455
128	622
128	623
128	694
128	747
128	753
128	780
128	794
129	417
129	474
129	486
129	666
129	758
130	135
130	198
130	271
130	318
130	409
130	478
130	495
130	499
130	503
130	505
130	506
130	507
130	608
130	692
130	713
130	716
130	754
130	766
130	784
130	792
130	798
131	637
132	185
132	189
132	192
132	222
132	264
132	277
132	288
132	314
132	325
132	354
132	382
132	409
132	434
132	440
132	457
132	459
132	479
132	500
132	505
132	507
132	515
132	524
132	527
132	538
132	588
132	615
132	616
132	619
132	625
132	632
132	669
132	673
132	692
132	695
132	712
132	722
132	771
132	788
132	791
132	795
132	798
132	806
132	810
132	811
132	819
132	839
132	849
134	672
135	198
135	314
135	495
135	499
135	503
135	608
135	716
135	754
135	766
135	821
136	825
138	264
138	277
138	318
138	391
138	495
138	505
138	514
138	660
138	670
138	702
138	792
138	821
139	166
139	182
139	190
139	340
139	422
139	477
139	497
139	573
139	604
139	624
139	644
139	683
140	686
140	844
146	346
146	602
146	626
146	816
147	555
149	434
149	632
152	225
152	300
152	797
153	269
153	496
154	216
154	312
154	487
154	820
156	159
156	302
158	229
158	399
158	778
159	302
159	384
160	208
160	555
160	786
161	408
165	645
165	846
166	182
166	190
166	340
166	422
166	477
166	497
166	573
166	604
166	624
166	644
166	668
166	683
167	325
167	382
167	459
167	524
167	695
167	703
167	795
167	810
167	839
168	326
168	463
168	542
168	676
168	834
169	258
169	482
169	485
169	558
169	601
169	605
169	614
175	285
175	313
175	339
175	355
175	401
175	454
175	455
175	622
175	623
175	694
175	747
175	780
175	794
176	807
177	325
177	703
181	323
181	390
181	428
181	615
181	795
182	309
182	477
182	573
182	604
182	644
184	384
184	504
184	831
185	192
185	264
185	271
185	277
185	283
185	288
185	314
185	354
185	360
185	361
185	409
185	434
185	457
185	479
185	505
185	519
185	588
185	625
185	632
185	669
185	722
185	798
185	811
186	753
186	777
186	825
187	268
189	222
189	290
189	323
189	325
189	382
189	390
189	423
189	428
189	459
189	500
189	515
189	524
189	527
189	567
189	615
189	653
189	795
189	810
189	819
189	838
189	839
190	340
190	422
190	477
190	497
190	573
190	604
190	644
190	683
190	689
191	379
191	463
192	198
192	257
192	264
192	271
192	277
192	288
192	314
192	354
192	360
192	409
192	434
192	457
192	459
192	479
192	495
192	505
192	507
192	519
192	556
192	565
192	588
192	619
192	625
192	632
192	660
192	661
192	669
192	692
192	712
192	716
192	722
192	791
192	792
192	806
192	811
193	331
193	595
195	369
195	675
198	264
198	271
198	409
198	459
198	462
198	495
198	499
198	503
198	505
198	506
198	507
198	521
198	527
198	577
198	608
198	632
198	660
198	716
198	722
198	754
198	766
198	784
198	792
198	798
198	806
198	811
198	821
201	847
203	310
203	596
203	667
205	300
205	377
205	823
208	555
208	786
210	264
210	361
210	459
210	588
215	613
216	312
216	487
216	531
216	825
217	281
218	248
219	285
219	747
219	794
221	398
222	323
222	325
222	382
222	390
222	428
222	500
222	515
222	524
222	527
222	567
222	615
222	795
222	810
222	819
222	838
222	839
223	298
223	464
223	537
225	797
226	421
226	606
232	519
232	571
232	625
235	501
238	262
238	735
239	268
239	329
245	406
246	511
249	292
250	358
250	605
251	499
251	505
251	506
251	792
251	821
253	292
253	464
253	522
257	277
257	314
257	434
257	466
257	507
257	625
257	632
257	712
257	722
258	482
258	485
258	558
258	601
258	605
258	614
262	568
262	735
262	740
264	271
264	277
264	288
264	304
264	314
264	318
264	354
264	360
264	361
264	409
264	434
264	457
264	479
264	505
264	507
264	519
264	588
264	619
264	625
264	632
264	660
264	716
264	722
264	753
264	792
264	811
264	821
267	761
268	329
268	521
269	496
270	301
270	393
270	706
270	756
270	758
270	797
270	848
271	277
271	288
271	314
271	318
271	354
271	360
271	409
271	434
271	457
271	459
271	479
271	495
271	505
271	506
271	507
271	586
271	588
271	619
271	625
271	632
271	669
271	692
271	713
271	721
271	722
271	754
271	792
271	806
271	811
272	276
273	547
277	283
277	288
277	314
277	354
277	360
277	361
277	409
277	434
277	457
277	459
277	478
277	479
277	495
277	505
277	507
277	555
277	565
277	588
277	619
277	625
277	632
277	660
277	669
277	692
277	712
277	722
277	791
277	792
277	806
277	811
283	314
283	354
283	434
283	457
283	479
283	632
283	669
283	712
285	313
285	339
285	355
285	401
285	454
285	455
285	622
285	623
285	694
285	747
285	753
285	780
285	794
287	539
287	684
288	314
288	354
288	360
288	409
288	434
288	457
288	479
288	505
288	507
288	565
288	588
288	625
288	632
288	669
288	712
288	722
288	792
288	798
288	806
288	821
290	325
290	382
290	515
290	524
292	402
292	464
292	522
292	742
293	730
294	332
298	820
300	823
301	393
301	706
301	756
301	758
301	797
301	848
302	384
302	827
303	773
304	434
304	457
304	479
304	722
310	596
310	667
312	487
313	339
313	355
313	401
313	454
313	455
313	622
313	623
313	694
313	747
313	780
313	794
314	354
314	360
314	409
314	434
314	457
314	459
314	479
314	495
314	505
314	507
314	519
314	588
314	619
314	625
314	632
314	661
314	669
314	692
314	712
314	722
314	752
314	753
314	759
314	791
314	792
314	798
314	806
314	811
317	327
317	336
317	372
317	678
317	709
317	729
318	391
318	495
318	499
318	505
318	506
318	507
318	514
318	608
318	660
318	670
318	702
318	716
318	722
318	754
318	766
318	784
318	792
318	798
318	821
323	382
323	390
323	428
323	500
323	515
323	524
323	527
323	615
323	795
323	810
323	839
325	382
325	500
325	515
325	524
325	567
325	615
325	625
325	703
325	795
325	810
325	839
326	360
326	463
326	542
326	676
326	750
326	834
327	336
327	372
327	678
327	709
327	729
327	849
329	432
329	753
331	595
336	372
336	678
336	709
336	729
337	641
337	790
338	510
339	355
339	401
339	454
339	455
339	622
339	623
339	694
339	747
339	794
340	422
340	477
340	497
340	573
340	624
340	644
340	683
343	656
344	522
346	366
346	377
346	626
346	679
346	816
347	805
354	360
354	409
354	434
354	457
354	479
354	505
354	588
354	619
354	625
354	632
354	669
354	712
354	722
354	791
354	806
354	811
355	401
355	454
355	455
355	622
355	623
355	694
355	747
355	753
355	780
355	794
358	605
360	409
360	434
360	457
360	459
360	479
360	505
360	507
360	588
360	619
360	625
360	632
360	669
360	722
360	791
360	806
360	811
361	459
361	479
361	505
361	625
361	702
361	722
361	792
361	806
361	849
363	452
363	522
366	368
366	679
366	783
368	679
368	783
369	675
370	674
372	678
372	709
372	729
375	507
375	521
375	695
377	816
377	823
378	451
378	549
379	463
380	408
381	756
381	758
381	774
381	820
381	848
382	390
382	423
382	428
382	459
382	500
382	515
382	524
382	527
382	567
382	615
382	653
382	795
382	810
382	838
382	839
384	430
384	504
384	631
384	748
384	770
384	831
385	760
386	643
389	661
390	428
390	500
390	515
390	524
390	527
390	615
390	795
390	810
390	838
390	839
391	495
391	499
391	503
391	506
391	514
391	608
391	660
391	670
391	702
391	716
391	722
391	754
391	766
391	792
391	821
392	586
392	619
392	761
393	706
393	756
393	758
393	797
393	848
394	448
399	778
401	454
401	455
401	622
401	623
401	654
401	694
401	747
401	780
401	794
402	742
404	481
409	434
409	457
409	459
409	479
409	505
409	507
409	527
409	588
409	619
409	625
409	632
409	669
409	692
409	713
409	716
409	721
409	722
409	753
409	754
409	798
409	806
413	465
413	659
415	812
417	474
417	486
417	666
417	758
417	835
417	848
422	477
422	497
422	573
422	604
422	624
422	644
422	683
423	428
423	515
423	567
423	615
424	727
426	457
426	616
428	500
428	515
428	524
428	527
428	567
428	615
428	795
428	810
428	838
428	839
429	801
430	572
430	770
433	449
433	681
433	756
433	774
433	775
433	820
433	835
433	848
434	457
434	479
434	505
434	507
434	519
434	588
434	619
434	625
434	632
434	669
434	692
434	712
434	722
434	753
434	759
434	791
434	806
434	811
438	490
438	585
440	457
440	479
440	588
440	619
440	669
442	714
443	447
448	529
449	681
449	756
449	758
449	774
449	775
449	820
449	835
449	848
451	549
452	555
454	455
454	622
454	623
454	654
454	694
454	747
454	753
454	780
454	794
455	622
455	623
455	654
455	694
455	747
455	780
455	794
457	459
457	479
457	505
457	507
457	527
457	588
457	615
457	616
457	619
457	625
457	632
457	669
457	692
457	712
457	722
457	753
457	791
457	798
457	811
457	819
457	849
458	731
459	505
459	507
459	519
459	521
459	524
459	527
459	586
459	588
459	615
459	616
459	632
459	669
459	695
459	721
459	722
459	753
459	788
459	791
459	798
459	806
459	810
459	811
459	839
462	725
462	784
463	542
463	676
463	750
463	834
464	514
464	603
465	659
472	735
473	669
473	673
473	819
474	486
474	666
474	758
474	835
474	848
477	497
477	573
477	604
477	624
477	644
477	683
478	495
478	499
478	505
478	506
478	507
478	608
478	716
478	722
478	754
478	766
478	792
478	798
479	505
479	507
479	565
479	581
479	588
479	619
479	625
479	632
479	669
479	692
479	712
479	722
479	806
479	811
482	558
482	605
482	614
485	558
485	601
485	605
485	614
486	666
486	756
486	758
486	835
486	848
490	585
495	499
495	505
495	506
495	507
495	660
495	702
495	716
495	722
495	754
495	792
495	798
495	806
495	821
497	573
497	604
497	624
497	644
497	683
499	503
499	505
499	506
499	514
499	608
499	660
499	716
499	722
499	754
499	766
499	784
499	792
499	798
499	806
499	821
500	515
500	524
500	527
500	567
500	615
500	795
500	810
500	838
500	839
503	506
503	577
503	608
503	632
503	716
503	754
503	766
503	784
503	792
504	631
504	831
505	506
505	507
505	588
505	619
505	625
505	632
505	661
505	669
505	692
505	713
505	716
505	721
505	722
505	754
505	766
505	784
505	791
505	792
505	798
505	806
505	811
505	821
506	507
506	577
506	608
506	660
506	713
506	716
506	722
506	754
506	766
506	792
506	798
506	806
506	821
507	588
507	625
507	632
507	669
507	692
507	712
507	713
507	716
507	721
507	722
507	753
507	754
507	791
507	792
507	798
507	806
507	811
514	522
514	603
514	670
514	702
514	792
515	524
515	527
515	567
515	615
515	795
515	810
515	819
515	836
515	838
515	839
519	588
519	632
519	661
519	722
519	806
521	527
521	695
522	603
524	527
524	567
524	615
524	771
524	795
524	810
524	838
524	839
527	567
527	615
527	653
527	771
527	795
527	810
527	838
527	839
532	725
537	656
539	684
542	676
542	834
546	763
546	793
556	625
558	601
558	605
558	614
564	849
565	722
566	735
567	615
567	795
567	810
567	838
567	839
568	735
568	740
573	604
573	624
573	644
573	683
573	689
577	608
577	632
577	716
577	722
577	754
577	792
577	798
577	806
578	624
578	683
581	588
581	753
586	806
588	619
588	625
588	632
588	669
588	692
588	712
588	721
588	722
588	753
588	791
588	806
588	811
589	685
589	842
596	667
600	603
601	605
601	614
604	624
604	644
604	683
604	689
605	614
605	797
607	687
608	660
608	716
608	722
608	754
608	766
608	784
608	792
608	821
610	633
610	823
615	653
615	795
615	810
615	819
615	838
615	839
616	849
619	625
619	632
619	669
619	692
619	722
619	753
619	791
619	806
622	623
622	694
622	747
622	780
622	794
623	694
623	747
623	794
624	644
624	683
625	632
625	669
625	692
625	712
625	722
625	806
625	811
626	816
631	770
632	669
632	692
632	712
632	713
632	716
632	722
632	753
632	754
632	759
632	791
632	792
632	798
632	806
632	811
641	790
644	683
644	689
644	753
645	846
646	742
648	789
648	847
653	795
653	838
653	839
660	670
660	716
660	722
660	754
660	766
660	792
660	821
661	722
666	756
666	758
666	835
666	848
669	692
669	712
669	722
669	791
669	798
669	806
670	702
670	792
670	821
673	819
676	750
676	834
678	709
678	729
679	783
680	710
681	756
681	758
681	774
681	775
681	820
681	835
681	848
683	689
685	842
686	844
691	719
691	757
692	721
692	722
692	753
692	754
692	791
692	798
694	747
694	753
694	780
694	794
702	722
702	792
702	798
702	821
706	756
706	758
706	797
706	848
707	810
709	729
711	722
712	722
712	791
713	716
713	722
713	754
713	766
713	784
713	798
713	806
716	722
716	754
716	766
716	784
716	792
716	798
716	806
719	757
721	722
721	754
721	806
722	754
722	784
722	791
722	792
722	798
722	806
722	811
722	821
735	740
747	780
747	794
753	777
753	788
753	791
753	794
753	825
754	766
754	784
754	792
754	798
754	821
756	758
756	774
756	775
756	820
756	835
756	848
758	774
758	775
758	797
758	820
758	835
758	848
763	793
766	784
766	792
766	798
766	806
771	795
771	838
774	775
774	820
774	835
774	848
775	820
775	835
775	848
777	825
780	794
784	792
784	806
789	847
791	806
792	798
792	806
792	821
795	810
795	819
795	838
795	839
797	848
798	806
798	821
806	811
810	836
810	838
810	839
819	839
820	835
820	848
835	848
838	839
370	0
471	0
8	1
293	1
17	3
369	3
675	3
415	4
812	4
32	5
37	5
90	5
103	5
136	5
185	5
186	5
198	5
271	5
457	5
459	5
505	5
669	5
777	5
806	5
825	5
388	7
293	8
62	9
191	9
379	9
463	9
314	11
392	11
457	11
586	11
588	11
632	11
806	11
26	15
33	15
71	15
80	15
90	15
132	15
167	15
189	15
222	15
323	15
325	15
382	15
390	15
428	15
500	15
515	15
524	15
527	15
567	15
615	15
707	15
784	15
795	15
810	15
819	15
838	15
839	15
731	16
369	17
675	17
776	18
30	20
32	20
33	20
76	20
101	20
103	20
104	20
124	20
132	20
192	20
257	20
264	20
277	20
283	20
288	20
314	20
354	20
360	20
409	20
434	20
457	20
479	20
505	20
507	20
519	20
556	20
588	20
625	20
632	20
669	20
692	20
712	20
722	20
791	20
413	21
465	21
659	21
42	23
78	23
82	23
139	23
166	23
190	23
340	23
422	23
477	23
497	23
573	23
604	23
624	23
644	23
683	23
689	23
134	25
672	25
32	26
33	26
37	26
71	26
76	26
90	26
103	26
104	26
132	26
185	26
189	26
192	26
271	26
277	26
288	26
314	26
325	26
354	26
360	26
434	26
457	26
459	26
479	26
500	26
505	26
507	26
515	26
524	26
527	26
588	26
615	26
616	26
625	26
632	26
669	26
695	26
722	26
777	26
791	26
795	26
798	26
806	26
839	26
176	28
792	28
807	28
32	30
101	30
103	30
104	30
132	30
192	30
257	30
264	30
277	30
288	30
314	30
354	30
434	30
457	30
479	30
507	30
588	30
625	30
692	30
712	30
722	30
292	31
456	31
471	31
33	32
45	32
76	32
101	32
103	32
104	32
124	32
185	32
192	32
198	32
264	32
277	32
288	32
314	32
354	32
360	32
409	32
434	32
457	32
459	32
479	32
495	32
505	32
507	32
588	32
625	32
632	32
661	32
669	32
692	32
716	32
721	32
722	32
791	32
806	32
811	32
71	33
76	33
90	33
104	33
124	33
132	33
167	33
177	33
185	33
192	33
216	33
264	33
271	33
314	33
354	33
360	33
409	33
434	33
457	33
459	33
479	33
505	33
507	33
588	33
625	33
632	33
669	33
695	33
703	33
722	33
753	33
788	33
791	33
798	33
806	33
810	33
302	34
384	34
430	34
504	34
631	34
748	34
770	34
589	35
685	35
842	35
132	37
136	37
186	37
216	37
777	37
788	37
825	37
146	38
346	38
377	38
626	38
816	38
192	39
361	39
691	40
719	40
757	40
103	41
78	42
82	42
139	42
166	42
182	42
190	42
340	42
422	42
477	42
497	42
573	42
604	42
624	42
644	42
683	42
303	43
90	45
130	45
198	45
271	45
314	45
459	45
499	45
505	45
507	45
608	45
713	45
766	45
784	45
798	45
806	45
128	47
175	47
219	47
285	47
313	47
339	47
355	47
401	47
454	47
455	47
622	47
623	47
654	47
694	47
747	47
753	47
780	47
794	47
116	48
129	48
270	48
301	48
393	48
417	48
433	48
449	48
474	48
486	48
666	48
681	48
706	48
756	48
758	48
774	48
775	48
797	48
820	48
835	48
848	48
117	49
817	49
79	57
152	57
169	57
254	57
258	57
482	57
485	57
558	57
614	57
708	57
366	60
368	60
679	60
783	60
191	62
379	62
463	62
138	63
387	63
347	65
805	65
90	71
167	71
222	71
325	71
382	71
459	71
500	71
521	71
524	71
527	71
695	71
810	71
839	71
123	72
378	72
451	72
549	72
79	74
169	74
258	74
485	74
558	74
601	74
605	74
614	74
90	76
101	76
103	76
104	76
132	76
185	76
192	76
264	76
271	76
277	76
283	76
288	76
314	76
354	76
360	76
409	76
434	76
440	76
457	76
479	76
505	76
507	76
519	76
588	76
619	76
625	76
632	76
669	76
692	76
722	76
753	76
759	76
791	76
317	77
327	77
336	77
372	77
678	77
709	77
729	77
82	78
139	78
166	78
190	78
340	78
422	78
477	78
497	78
573	78
604	78
624	78
644	78
668	78
683	78
169	79
258	79
485	79
558	79
601	79
605	79
614	79
90	80
132	80
189	80
222	80
323	80
382	80
390	80
423	80
428	80
459	80
500	80
515	80
524	80
527	80
567	80
615	80
653	80
795	80
810	80
819	80
838	80
839	80
139	82
166	82
182	82
190	82
340	82
422	82
477	82
497	82
573	82
604	82
624	82
644	82
683	82
138	83
391	83
514	83
670	83
702	83
792	83
821	83
103	90
104	90
130	90
132	90
167	90
189	90
198	90
222	90
264	90
314	90
323	90
325	90
382	90
409	90
428	90
459	90
499	90
500	90
505	90
507	90
515	90
521	90
524	90
527	90
567	90
588	90
615	90
695	90
716	90
754	90
771	90
795	90
798	90
806	90
810	90
838	90
839	90
806	91
425	92
106	97
329	97
598	97
686	97
523	98
103	101
104	101
124	101
132	101
138	101
185	101
192	101
257	101
264	101
271	101
277	101
288	101
314	101
318	101
354	101
409	101
434	101
457	101
479	101
505	101
507	101
588	101
625	101
632	101
660	101
692	101
712	101
722	101
759	101
791	101
798	101
806	101
811	101
104	103
124	103
132	103
185	103
192	103
210	103
257	103
264	103
271	103
277	103
288	103
314	103
318	103
354	103
360	103
361	103
392	103
409	103
434	103
440	103
457	103
459	103
478	103
479	103
505	103
507	103
588	103
619	103
625	103
632	103
660	103
669	103
692	103
713	103
716	103
721	103
722	103
759	103
766	103
791	103
792	103
806	103
811	103
132	104
185	104
192	104
207	104
232	104
257	104
264	104
271	104
277	104
283	104
288	104
304	104
314	104
354	104
360	104
409	104
434	104
457	104
459	104
479	104
505	104
507	104
588	104
619	104
625	104
632	104
669	104
692	104
712	104
722	104
753	104
788	104
798	104
598	106
272	110
276	110
292	113
464	113
158	114
229	114
399	114
778	114
129	116
417	116
474	116
486	116
666	116
756	116
758	116
835	116
848	116
375	121
521	121
378	123
451	123
549	123
185	124
192	124
198	124
277	124
288	124
314	124
360	124
409	124
434	124
457	124
459	124
479	124
495	124
505	124
507	124
588	124
625	124
632	124
669	124
692	124
713	124
721	124
722	124
791	124
806	124
811	124
424	125
727	125
175	128
219	128
285	128
313	128
339	128
355	128
401	128
454	128
455	128
622	128
623	128
694	128
747	128
753	128
780	128
794	128
417	129
474	129
486	129
666	129
758	129
135	130
198	130
271	130
318	130
409	130
478	130
495	130
499	130
503	130
505	130
506	130
507	130
608	130
692	130
713	130
716	130
754	130
766	130
784	130
792	130
798	130
637	131
185	132
189	132
192	132
222	132
264	132
277	132
288	132
314	132
325	132
354	132
382	132
409	132
434	132
440	132
457	132
459	132
479	132
500	132
505	132
507	132
515	132
524	132
527	132
538	132
588	132
615	132
616	132
619	132
625	132
632	132
669	132
673	132
692	132
695	132
712	132
722	132
771	132
788	132
791	132
795	132
798	132
806	132
810	132
811	132
819	132
839	132
849	132
672	134
198	135
314	135
495	135
499	135
503	135
608	135
716	135
754	135
766	135
821	135
825	136
264	138
277	138
318	138
391	138
495	138
505	138
514	138
660	138
670	138
702	138
792	138
821	138
166	139
182	139
190	139
340	139
422	139
477	139
497	139
573	139
604	139
624	139
644	139
683	139
686	140
844	140
346	146
602	146
626	146
816	146
555	147
434	149
632	149
225	152
300	152
797	152
269	153
496	153
216	154
312	154
487	154
820	154
159	156
302	156
229	158
399	158
778	158
302	159
384	159
208	160
555	160
786	160
408	161
645	165
846	165
182	166
190	166
340	166
422	166
477	166
497	166
573	166
604	166
624	166
644	166
668	166
683	166
325	167
382	167
459	167
524	167
695	167
703	167
795	167
810	167
839	167
326	168
463	168
542	168
676	168
834	168
258	169
482	169
485	169
558	169
601	169
605	169
614	169
285	175
313	175
339	175
355	175
401	175
454	175
455	175
622	175
623	175
694	175
747	175
780	175
794	175
807	176
325	177
703	177
323	181
390	181
428	181
615	181
795	181
309	182
477	182
573	182
604	182
644	182
384	184
504	184
831	184
192	185
264	185
271	185
277	185
283	185
288	185
314	185
354	185
360	185
361	185
409	185
434	185
457	185
479	185
505	185
519	185
588	185
625	185
632	185
669	185
722	185
798	185
811	185
753	186
777	186
825	186
268	187
222	189
290	189
323	189
325	189
382	189
390	189
423	189
428	189
459	189
500	189
515	189
524	189
527	189
567	189
615	189
653	189
795	189
810	189
819	189
838	189
839	189
340	190
422	190
477	190
497	190
573	190
604	190
644	190
683	190
689	190
379	191
463	191
198	192
257	192
264	192
271	192
277	192
288	192
314	192
354	192
360	192
409	192
434	192
457	192
459	192
479	192
495	192
505	192
507	192
519	192
556	192
565	192
588	192
619	192
625	192
632	192
660	192
661	192
669	192
692	192
712	192
716	192
722	192
791	192
792	192
806	192
811	192
331	193
595	193
369	195
675	195
264	198
271	198
409	198
459	198
462	198
495	198
499	198
503	198
505	198
506	198
507	198
521	198
527	198
577	198
608	198
632	198
660	198
716	198
722	198
754	198
766	198
784	198
792	198
798	198
806	198
811	198
821	198
847	201
310	203
596	203
667	203
300	205
377	205
823	205
555	208
786	208
264	210
361	210
459	210
588	210
613	215
312	216
487	216
531	216
825	216
281	217
248	218
285	219
747	219
794	219
398	221
323	222
325	222
382	222
390	222
428	222
500	222
515	222
524	222
527	222
567	222
615	222
795	222
810	222
819	222
838	222
839	222
298	223
464	223
537	223
797	225
421	226
606	226
519	232
571	232
625	232
501	235
262	238
735	238
268	239
329	239
406	245
511	246
292	249
358	250
605	250
499	251
505	251
506	251
792	251
821	251
292	253
464	253
522	253
277	257
314	257
434	257
466	257
507	257
625	257
632	257
712	257
722	257
482	258
485	258
558	258
601	258
605	258
614	258
568	262
735	262
740	262
271	264
277	264
288	264
304	264
314	264
318	264
354	264
360	264
361	264
409	264
434	264
457	264
479	264
505	264
507	264
519	264
588	264
619	264
625	264
632	264
660	264
716	264
722	264
753	264
792	264
811	264
821	264
761	267
329	268
521	268
496	269
301	270
393	270
706	270
756	270
758	270
797	270
848	270
277	271
288	271
314	271
318	271
354	271
360	271
409	271
434	271
457	271
459	271
479	271
495	271
505	271
506	271
507	271
586	271
588	271
619	271
625	271
632	271
669	271
692	271
713	271
721	271
722	271
754	271
792	271
806	271
811	271
276	272
547	273
283	277
288	277
314	277
354	277
360	277
361	277
409	277
434	277
457	277
459	277
478	277
479	277
495	277
505	277
507	277
555	277
565	277
588	277
619	277
625	277
632	277
660	277
669	277
692	277
712	277
722	277
791	277
792	277
806	277
811	277
314	283
354	283
434	283
457	283
479	283
632	283
669	283
712	283
313	285
339	285
355	285
401	285
454	285
455	285
622	285
623	285
694	285
747	285
753	285
780	285
794	285
539	287
684	287
314	288
354	288
360	288
409	288
434	288
457	288
479	288
505	288
507	288
565	288
588	288
625	288
632	288
669	288
712	288
722	288
792	288
798	288
806	288
821	288
325	290
382	290
515	290
524	290
402	292
464	292
522	292
742	292
730	293
332	294
820	298
823	300
393	301
706	301
756	301
758	301
797	301
848	301
384	302
827	302
773	303
434	304
457	304
479	304
722	304
596	310
667	310
487	312
339	313
355	313
401	313
454	313
455	313
622	313
623	313
694	313
747	313
780	313
794	313
354	314
360	314
409	314
434	314
457	314
459	314
479	314
495	314
505	314
507	314
519	314
588	314
619	314
625	314
632	314
661	314
669	314
692	314
712	314
722	314
752	314
753	314
759	314
791	314
792	314
798	314
806	314
811	314
327	317
336	317
372	317
678	317
709	317
729	317
391	318
495	318
499	318
505	318
506	318
507	318
514	318
608	318
660	318
670	318
702	318
716	318
722	318
754	318
766	318
784	318
792	318
798	318
821	318
382	323
390	323
428	323
500	323
515	323
524	323
527	323
615	323
795	323
810	323
839	323
382	325
500	325
515	325
524	325
567	325
615	325
625	325
703	325
795	325
810	325
839	325
360	326
463	326
542	326
676	326
750	326
834	326
336	327
372	327
678	327
709	327
729	327
849	327
432	329
753	329
595	331
372	336
678	336
709	336
729	336
641	337
790	337
510	338
355	339
401	339
454	339
455	339
622	339
623	339
694	339
747	339
794	339
422	340
477	340
497	340
573	340
624	340
644	340
683	340
656	343
522	344
366	346
377	346
626	346
679	346
816	346
805	347
360	354
409	354
434	354
457	354
479	354
505	354
588	354
619	354
625	354
632	354
669	354
712	354
722	354
791	354
806	354
811	354
401	355
454	355
455	355
622	355
623	355
694	355
747	355
753	355
780	355
794	355
605	358
409	360
434	360
457	360
459	360
479	360
505	360
507	360
588	360
619	360
625	360
632	360
669	360
722	360
791	360
806	360
811	360
459	361
479	361
505	361
625	361
702	361
722	361
792	361
806	361
849	361
452	363
522	363
368	366
679	366
783	366
679	368
783	368
675	369
674	370
678	372
709	372
729	372
507	375
521	375
695	375
816	377
823	377
451	378
549	378
463	379
408	380
756	381
758	381
774	381
820	381
848	381
390	382
423	382
428	382
459	382
500	382
515	382
524	382
527	382
567	382
615	382
653	382
795	382
810	382
838	382
839	382
430	384
504	384
631	384
748	384
770	384
831	384
760	385
643	386
661	389
428	390
500	390
515	390
524	390
527	390
615	390
795	390
810	390
838	390
839	390
495	391
499	391
503	391
506	391
514	391
608	391
660	391
670	391
702	391
716	391
722	391
754	391
766	391
792	391
821	391
586	392
619	392
761	392
706	393
756	393
758	393
797	393
848	393
448	394
778	399
454	401
455	401
622	401
623	401
654	401
694	401
747	401
780	401
794	401
742	402
481	404
434	409
457	409
459	409
479	409
505	409
507	409
527	409
588	409
619	409
625	409
632	409
669	409
692	409
713	409
716	409
721	409
722	409
753	409
754	409
798	409
806	409
465	413
659	413
812	415
474	417
486	417
666	417
758	417
835	417
848	417
477	422
497	422
573	422
604	422
624	422
644	422
683	422
428	423
515	423
567	423
615	423
727	424
457	426
616	426
500	428
515	428
524	428
527	428
567	428
615	428
795	428
810	428
838	428
839	428
801	429
572	430
770	430
449	433
681	433
756	433
774	433
775	433
820	433
835	433
848	433
457	434
479	434
505	434
507	434
519	434
588	434
619	434
625	434
632	434
669	434
692	434
712	434
722	434
753	434
759	434
791	434
806	434
811	434
490	438
585	438
457	440
479	440
588	440
619	440
669	440
714	442
447	443
529	448
681	449
756	449
758	449
774	449
775	449
820	449
835	449
848	449
549	451
555	452
455	454
622	454
623	454
654	454
694	454
747	454
753	454
780	454
794	454
622	455
623	455
654	455
694	455
747	455
780	455
794	455
459	457
479	457
505	457
507	457
527	457
588	457
615	457
616	457
619	457
625	457
632	457
669	457
692	457
712	457
722	457
753	457
791	457
798	457
811	457
819	457
849	457
731	458
505	459
507	459
519	459
521	459
524	459
527	459
586	459
588	459
615	459
616	459
632	459
669	459
695	459
721	459
722	459
753	459
788	459
791	459
798	459
806	459
810	459
811	459
839	459
725	462
784	462
542	463
676	463
750	463
834	463
514	464
603	464
659	465
735	472
669	473
673	473
819	473
486	474
666	474
758	474
835	474
848	474
497	477
573	477
604	477
624	477
644	477
683	477
495	478
499	478
505	478
506	478
507	478
608	478
716	478
722	478
754	478
766	478
792	478
798	478
505	479
507	479
565	479
581	479
588	479
619	479
625	479
632	479
669	479
692	479
712	479
722	479
806	479
811	479
558	482
605	482
614	482
558	485
601	485
605	485
614	485
666	486
756	486
758	486
835	486
848	486
585	490
499	495
505	495
506	495
507	495
660	495
702	495
716	495
722	495
754	495
792	495
798	495
806	495
821	495
573	497
604	497
624	497
644	497
683	497
503	499
505	499
506	499
514	499
608	499
660	499
716	499
722	499
754	499
766	499
784	499
792	499
798	499
806	499
821	499
515	500
524	500
527	500
567	500
615	500
795	500
810	500
838	500
839	500
506	503
577	503
608	503
632	503
716	503
754	503
766	503
784	503
792	503
631	504
831	504
506	505
507	505
588	505
619	505
625	505
632	505
661	505
669	505
692	505
713	505
716	505
721	505
722	505
754	505
766	505
784	505
791	505
792	505
798	505
806	505
811	505
821	505
507	506
577	506
608	506
660	506
713	506
716	506
722	506
754	506
766	506
792	506
798	506
806	506
821	506
588	507
625	507
632	507
669	507
692	507
712	507
713	507
716	507
721	507
722	507
753	507
754	507
791	507
792	507
798	507
806	507
811	507
522	514
603	514
670	514
702	514
792	514
524	515
527	515
567	515
615	515
795	515
810	515
819	515
836	515
838	515
839	515
588	519
632	519
661	519
722	519
806	519
527	521
695	521
603	522
527	524
567	524
615	524
771	524
795	524
810	524
838	524
839	524
567	527
615	527
653	527
771	527
795	527
810	527
838	527
839	527
725	532
656	537
684	539
676	542
834	542
763	546
793	546
625	556
601	558
605	558
614	558
849	564
722	565
735	566
615	567
795	567
810	567
838	567
839	567
735	568
740	568
604	573
624	573
644	573
683	573
689	573
608	577
632	577
716	577
722	577
754	577
792	577
798	577
806	577
624	578
683	578
588	581
753	581
806	586
619	588
625	588
632	588
669	588
692	588
712	588
721	588
722	588
753	588
791	588
806	588
811	588
685	589
842	589
667	596
603	600
605	601
614	601
624	604
644	604
683	604
689	604
614	605
797	605
687	607
660	608
716	608
722	608
754	608
766	608
784	608
792	608
821	608
633	610
823	610
653	615
795	615
810	615
819	615
838	615
839	615
849	616
625	619
632	619
669	619
692	619
722	619
753	619
791	619
806	619
623	622
694	622
747	622
780	622
794	622
694	623
747	623
794	623
644	624
683	624
632	625
669	625
692	625
712	625
722	625
806	625
811	625
816	626
770	631
669	632
692	632
712	632
713	632
716	632
722	632
753	632
754	632
759	632
791	632
792	632
798	632
806	632
811	632
790	641
683	644
689	644
753	644
846	645
742	646
789	648
847	648
795	653
838	653
839	653
670	660
716	660
722	660
754	660
766	660
792	660
821	660
722	661
756	666
758	666
835	666
848	666
692	669
712	669
722	669
791	669
798	669
806	669
702	670
792	670
821	670
819	673
750	676
834	676
709	678
729	678
783	679
710	680
756	681
758	681
774	681
775	681
820	681
835	681
848	681
689	683
842	685
844	686
719	691
757	691
721	692
722	692
753	692
754	692
791	692
798	692
747	694
753	694
780	694
794	694
722	702
792	702
798	702
821	702
756	706
758	706
797	706
848	706
810	707
729	709
722	711
722	712
791	712
716	713
722	713
754	713
766	713
784	713
798	713
806	713
722	716
754	716
766	716
784	716
792	716
798	716
806	716
757	719
722	721
754	721
806	721
754	722
784	722
791	722
792	722
798	722
806	722
811	722
821	722
740	735
780	747
794	747
777	753
788	753
791	753
794	753
825	753
766	754
784	754
792	754
798	754
821	754
758	756
774	756
775	756
820	756
835	756
848	756
774	758
775	758
797	758
820	758
835	758
848	758
793	763
784	766
792	766
798	766
806	766
795	771
838	771
775	774
820	774
835	774
848	774
820	775
835	775
848	775
825	777
794	780
792	784
806	784
847	789
806	791
798	792
806	792
821	792
810	795
819	795
838	795
839	795
848	797
806	798
821	798
811	806
836	810
838	810
839	810
839	819
835	820
848	820
848	835
839	838
