1	8
1	293
3	675
3	688
5	32
5	103
5	271
5	457
5	459
5	621
5	736
5	777
5	825
7	388
8	293
9	62
9	463
11	314
11	392
11	457
11	570
11	586
11	588
11	632
11	737
12	586
13	296
13	591
15	58
15	71
15	80
15	115
15	122
15	132
15	167
15	189
15	323
15	325
15	390
15	491
15	500
15	527
15	533
15	559
15	627
15	707
15	737
15	784
15	795
15	810
15	819
15	839
16	56
16	731
20	30
20	32
20	53
20	76
20	101
20	103
20	132
20	257
20	264
20	265
20	277
20	283
20	288
20	314
20	354
20	360
20	434
20	457
20	479
20	556
20	575
20	576
20	588
20	625
20	632
20	651
20	657
20	692
20	712
20	722
20	736
20	737
20	815
24	851
29	47
29	128
29	150
29	174
29	175
29	285
29	313
29	330
29	339
29	355
29	454
29	455
29	476
29	622
29	623
29	665
29	700
29	747
29	780
30	32
30	53
30	101
30	103
30	132
30	257
30	264
30	265
30	277
30	288
30	314
30	354
30	434
30	453
30	457
30	479
30	575
30	576
30	588
30	625
30	651
30	657
30	692
30	712
30	722
30	736
30	737
32	45
32	53
32	76
32	101
32	103
32	264
32	265
32	277
32	288
32	314
32	354
32	360
32	434
32	457
32	459
32	479
32	495
32	575
32	576
32	588
32	625
32	632
32	651
32	657
32	661
32	692
32	716
32	721
32	722
32	736
32	737
32	811
32	815
38	146
38	346
38	377
38	626
38	816
39	554
39	736
40	691
40	719
40	743
40	757
43	303
45	271
45	314
45	367
45	459
45	499
45	608
45	627
45	649
45	736
45	766
45	784
45	798
45	808
45	815
46	814
47	128
47	150
47	174
47	175
47	285
47	313
47	330
47	339
47	355
47	454
47	455
47	460
47	476
47	622
47	623
47	654
47	665
47	700
47	747
47	753
47	780
48	116
48	301
48	307
48	393
48	417
48	433
48	449
48	474
48	681
48	706
48	739
48	755
48	758
48	774
48	797
48	835
48	848
48	850
50	546
50	763
50	793
53	76
53	101
53	103
53	257
53	264
53	277
53	283
53	288
53	314
53	354
53	360
53	434
53	457
53	479
53	575
53	576
53	625
53	632
53	651
53	657
53	722
53	736
55	334
55	561
56	458
56	731
58	115
58	132
58	189
58	325
58	459
58	473
58	737
58	810
58	819
58	839
60	170
60	366
60	368
60	679
60	783
62	463
63	138
65	347
65	805
69	268
69	329
69	459
69	586
69	628
69	737
69	798
70	279
70	499
70	649
70	660
70	792
70	808
71	115
71	122
71	167
71	325
71	459
71	500
71	527
71	627
71	810
71	839
73	209
76	101
76	103
76	115
76	132
76	264
76	265
76	271
76	277
76	283
76	288
76	314
76	354
76	360
76	434
76	457
76	479
76	554
76	575
76	576
76	588
76	619
76	625
76	632
76	651
76	657
76	692
76	722
76	736
76	737
76	753
76	759
76	815
77	109
77	336
77	372
77	678
77	709
77	729
79	258
79	485
79	558
79	601
79	605
79	614
80	115
80	132
80	189
80	323
80	390
80	423
80	459
80	491
80	500
80	527
80	533
80	795
80	810
80	819
80	839
81	813
83	138
83	230
83	345
83	391
83	461
83	512
83	514
83	551
83	702
83	792
86	718
91	362
92	425
96	427
97	106
97	329
97	598
97	686
97	830
98	523
101	103
101	132
101	138
101	257
101	264
101	271
101	277
101	288
101	314
101	318
101	354
101	434
101	457
101	479
101	554
101	559
101	576
101	588
101	625
101	632
101	651
101	657
101	660
101	692
101	712
101	722
101	736
101	737
101	759
101	798
101	811
101	815
101	828
103	132
103	210
103	257
103	264
103	265
103	271
103	277
103	288
103	314
103	318
103	354
103	360
103	392
103	434
103	457
103	459
103	479
103	554
103	575
103	576
103	588
103	619
103	625
103	632
103	651
103	657
103	660
103	692
103	716
103	721
103	722
103	736
103	737
103	759
103	766
103	792
103	811
103	815
105	386
105	643
106	598
106	830
107	316
107	518
107	631
107	770
109	336
109	372
109	678
109	709
109	729
109	849
110	276
114	158
114	260
114	399
114	690
115	132
115	167
115	189
115	323
115	325
115	459
115	491
115	500
115	527
115	627
115	707
115	737
115	771
115	795
115	810
115	839
116	417
116	474
116	739
116	755
116	758
116	835
116	848
116	850
120	145
121	640
123	378
123	549
125	727
127	281
128	150
128	174
128	175
128	285
128	313
128	330
128	339
128	355
128	454
128	455
128	476
128	622
128	623
128	665
128	700
128	747
128	753
128	780
132	189
132	264
132	277
132	288
132	314
132	325
132	354
132	434
132	457
132	459
132	479
132	500
132	527
132	538
132	559
132	570
132	575
132	576
132	588
132	619
132	625
132	628
132	632
132	651
132	657
132	692
132	712
132	722
132	736
132	737
132	771
132	788
132	795
132	798
132	810
132	811
132	815
132	819
132	839
132	849
137	718
138	230
138	264
138	277
138	318
138	345
138	367
138	391
138	461
138	495
138	514
138	660
138	702
138	736
138	792
138	808
138	815
139	157
139	166
139	171
139	182
139	340
139	422
139	477
139	484
139	548
139	573
139	604
139	624
139	644
139	683
139	745
146	346
146	602
146	626
146	816
147	555
150	174
150	175
150	285
150	313
150	330
150	339
150	355
150	454
150	455
150	476
150	622
150	623
150	654
150	665
150	700
150	747
150	780
152	769
152	797
152	813
155	392
155	609
156	159
156	518
157	166
157	171
157	182
157	340
157	422
157	477
157	484
157	548
157	573
157	604
157	624
157	644
157	683
157	689
157	745
158	260
158	399
158	690
159	518
161	408
162	652
165	645
165	846
166	171
166	182
166	340
166	422
166	477
166	484
166	548
166	573
166	604
166	624
166	644
166	683
166	745
167	231
167	325
167	459
167	491
167	737
167	795
167	810
167	839
168	463
168	483
168	609
170	366
170	368
170	679
170	783
171	182
171	340
171	422
171	477
171	484
171	548
171	573
171	604
171	624
171	644
171	683
171	689
171	745
174	175
174	285
174	313
174	330
174	339
174	355
174	454
174	455
174	476
174	622
174	623
174	665
174	700
174	747
174	780
175	285
175	313
175	330
175	339
175	355
175	454
175	455
175	476
175	622
175	623
175	665
175	700
175	747
175	780
177	325
181	211
181	323
181	390
181	795
182	477
182	484
182	573
182	604
182	644
187	268
189	323
189	325
189	390
189	423
189	459
189	491
189	500
189	527
189	533
189	737
189	795
189	810
189	819
189	839
193	492
193	595
193	738
195	675
197	727
203	528
204	728
205	377
210	264
210	459
210	588
210	736
210	815
211	323
211	390
211	795
214	444
221	398
230	345
230	391
230	461
230	495
230	512
230	551
230	608
230	660
230	702
230	736
230	792
231	325
233	430
236	701
237	321
237	592
237	647
238	262
238	395
240	408
245	406
247	528
250	605
250	699
253	292
253	464
255	540
257	265
257	277
257	314
257	434
257	466
257	576
257	625
257	632
257	657
257	712
257	722
258	485
258	558
258	601
258	605
258	614
258	769
260	399
260	690
262	395
262	568
262	591
262	740
264	265
264	271
264	277
264	288
264	304
264	314
264	318
264	354
264	360
264	367
264	434
264	457
264	479
264	551
264	559
264	575
264	576
264	588
264	619
264	625
264	632
264	651
264	660
264	716
264	722
264	736
264	737
264	753
264	792
264	811
264	815
265	271
265	277
265	314
265	338
265	360
265	434
265	457
265	479
265	555
265	575
265	588
265	625
265	632
265	651
265	722
265	736
265	815
266	301
266	393
266	706
268	329
268	411
269	496
271	277
271	279
271	288
271	314
271	318
271	354
271	360
271	434
271	457
271	459
271	479
271	495
271	570
271	575
271	576
271	586
271	588
271	619
271	625
271	632
271	651
271	692
271	721
271	722
271	736
271	737
271	754
271	792
271	811
271	815
273	547
274	287
274	684
277	283
277	288
277	314
277	354
277	360
277	367
277	434
277	457
277	459
277	479
277	495
277	551
277	554
277	555
277	575
277	576
277	588
277	619
277	625
277	632
277	651
277	657
277	660
277	692
277	712
277	722
277	736
277	737
277	792
277	811
277	815
278	349
279	318
279	367
279	391
279	461
279	499
279	503
279	541
279	608
279	649
279	660
279	716
279	722
279	736
279	754
279	766
279	784
279	792
279	798
279	808
283	314
283	354
283	434
283	457
283	479
283	575
283	632
283	712
283	736
284	782
285	313
285	330
285	339
285	355
285	454
285	455
285	460
285	476
285	622
285	623
285	665
285	700
285	747
285	753
285	780
287	684
288	314
288	354
288	360
288	434
288	457
288	461
288	479
288	554
288	576
288	588
288	625
288	632
288	651
288	657
288	712
288	722
288	736
288	737
288	792
288	798
288	815
292	402
292	464
293	730
301	307
301	393
301	706
301	758
301	797
301	848
303	773
304	434
304	457
304	479
304	722
307	393
307	706
307	848
311	638
313	330
313	339
313	355
313	454
313	455
313	460
313	476
313	622
313	623
313	665
313	700
313	747
313	780
314	354
314	360
314	434
314	457
314	459
314	479
314	495
314	554
314	559
314	570
314	575
314	576
314	588
314	619
314	625
314	632
314	649
314	651
314	657
314	661
314	692
314	712
314	722
314	736
314	737
314	753
314	759
314	792
314	798
314	811
314	815
316	430
316	518
316	631
316	770
318	345
318	367
318	391
318	461
318	495
318	499
318	514
318	608
318	649
318	660
318	702
318	716
318	722
318	736
318	754
318	766
318	784
318	792
318	798
318	808
318	815
321	592
321	647
323	390
323	500
323	527
323	533
323	795
323	810
323	839
325	491
325	500
325	625
325	737
325	795
325	810
325	839
329	432
329	753
330	355
330	454
330	455
330	476
330	622
330	623
330	665
330	747
330	780
334	561
336	372
336	678
336	709
336	729
338	510
339	355
339	454
339	455
339	460
339	476
339	622
339	623
339	665
339	700
339	747
340	422
340	477
340	484
340	548
340	573
340	624
340	644
340	683
345	391
345	461
345	514
345	660
345	702
345	736
345	792
346	366
346	377
346	626
346	679
346	816
347	805
348	490
348	585
352	640
353	370
353	426
353	849
354	360
354	434
354	457
354	479
354	554
354	575
354	576
354	588
354	619
354	625
354	632
354	651
354	712
354	722
354	736
354	737
354	811
354	815
355	454
355	455
355	476
355	622
355	623
355	665
355	700
355	747
355	753
355	780
360	434
360	457
360	459
360	479
360	483
360	575
360	576
360	588
360	619
360	625
360	632
360	651
360	722
360	736
360	737
360	811
362	762
365	520
366	368
366	679
366	783
367	391
367	461
367	495
367	499
367	503
367	514
367	541
367	608
367	627
367	632
367	649
367	660
367	716
367	722
367	736
367	754
367	766
367	784
367	792
367	798
367	808
368	679
368	783
370	536
370	674
372	678
372	709
372	729
373	391
373	461
373	514
373	702
373	792
377	816
378	549
380	408
381	758
381	774
381	848
386	643
388	530
390	500
390	527
390	795
390	810
390	839
391	461
391	495
391	499
391	503
391	514
391	608
391	649
391	660
391	702
391	716
391	722
391	736
391	754
391	766
391	792
391	808
392	570
392	586
392	619
393	706
393	758
393	797
393	848
394	448
395	472
395	568
395	591
395	740
399	690
403	436
404	741
413	465
417	474
417	739
417	755
417	758
417	835
417	848
417	850
422	477
422	484
422	548
422	573
422	604
422	624
422	644
422	683
422	745
423	533
426	457
429	801
430	518
430	572
430	770
431	650
433	449
433	681
433	774
433	835
433	848
434	457
434	479
434	554
434	575
434	576
434	588
434	619
434	625
434	632
434	651
434	657
434	692
434	712
434	722
434	736
434	737
434	753
434	759
434	811
434	815
437	450
437	786
441	494
448	529
449	681
449	758
449	774
449	835
449	848
450	786
454	455
454	476
454	622
454	623
454	654
454	665
454	700
454	747
454	753
454	780
455	476
455	622
455	623
455	654
455	665
455	700
455	747
455	780
457	459
457	479
457	527
457	554
457	575
457	576
457	588
457	619
457	625
457	628
457	632
457	651
457	657
457	692
457	712
457	722
457	736
457	737
457	753
457	798
457	811
457	819
457	849
458	731
459	527
459	559
459	575
459	586
459	588
459	627
459	632
459	651
459	721
459	722
459	736
459	737
459	753
459	788
459	798
459	810
459	811
459	839
460	780
461	495
461	499
461	608
461	649
461	660
461	702
461	716
461	736
461	754
461	766
461	792
461	798
461	808
461	815
462	649
462	784
463	483
463	576
463	609
463	750
464	514
473	819
474	739
474	755
474	758
474	835
474	848
474	850
476	622
476	623
476	665
476	700
476	747
476	753
476	780
477	484
477	548
477	573
477	604
477	624
477	644
477	683
479	554
479	575
479	576
479	581
479	588
479	619
479	625
479	632
479	651
479	657
479	692
479	712
479	722
479	736
479	737
479	811
479	815
483	609
484	548
484	573
484	604
484	624
484	644
484	683
485	558
485	601
485	605
485	614
487	545
487	765
487	814
490	585
491	500
491	527
491	737
491	795
491	839
492	595
492	738
495	499
495	541
495	649
495	660
495	702
495	716
495	722
495	736
495	737
495	754
495	792
495	798
498	589
498	685
499	503
499	514
499	541
499	608
499	627
499	649
499	660
499	716
499	722
499	736
499	754
499	766
499	784
499	792
499	798
499	808
500	527
500	533
500	795
500	810
500	839
503	608
503	632
503	649
503	716
503	736
503	754
503	766
503	784
503	792
503	808
509	536
512	551
512	702
512	722
512	792
514	702
514	792
518	631
518	770
526	716
526	798
527	533
527	576
527	627
527	737
527	771
527	795
527	810
527	839
533	795
533	810
533	839
535	841
536	741
536	798
538	657
541	608
541	649
541	716
541	722
541	736
541	754
541	784
541	792
541	808
543	554
545	765
545	814
546	763
546	793
548	573
548	604
548	624
548	644
548	683
551	702
551	722
551	736
551	792
551	815
554	575
554	576
554	588
554	625
554	632
554	651
554	692
554	722
554	811
554	815
556	625
558	601
558	605
558	614
559	625
559	737
559	815
564	849
568	740
570	586
570	798
573	604
573	624
573	644
573	683
573	689
573	745
575	576
575	588
575	625
575	632
575	651
575	657
575	692
575	712
575	722
575	736
575	737
575	811
576	588
576	609
576	619
576	625
576	632
576	651
576	657
576	692
576	712
576	722
576	736
576	737
576	798
576	811
576	815
578	624
578	683
581	588
581	737
581	753
586	736
588	619
588	625
588	632
588	651
588	657
588	692
588	712
588	721
588	722
588	736
588	737
588	753
588	811
588	815
589	685
591	740
592	647
595	738
597	822
598	830
599	635
601	605
601	614
604	624
604	644
604	683
604	689
604	745
605	614
605	699
605	797
608	627
608	649
608	660
608	716
608	722
608	736
608	754
608	766
608	784
608	792
608	808
610	633
610	697
610	705
611	691
611	719
619	625
619	632
619	651
619	692
619	722
619	736
619	737
619	753
619	815
621	753
621	777
621	788
621	825
622	623
622	665
622	747
622	780
623	665
623	700
623	747
624	644
624	683
625	632
625	651
625	657
625	692
625	712
625	722
625	736
625	737
625	811
626	816
627	649
627	716
627	754
627	766
627	795
631	770
632	651
632	657
632	692
632	712
632	716
632	722
632	736
632	737
632	753
632	754
632	759
632	792
632	798
632	811
632	815
633	697
633	705
638	781
641	790
644	683
644	689
644	745
644	753
645	846
649	660
649	716
649	722
649	736
649	754
649	766
649	784
649	792
649	798
649	808
649	811
651	657
651	692
651	712
651	721
651	722
651	736
651	737
651	753
651	811
651	815
657	692
657	712
657	722
657	736
657	737
657	800
657	828
660	716
660	722
660	736
660	754
660	766
660	792
660	808
661	722
661	736
665	747
665	780
675	688
678	709
678	729
679	783
680	710
681	758
681	774
681	835
681	848
683	689
683	745
686	844
691	719
691	743
691	757
692	721
692	722
692	736
692	737
692	753
692	754
692	798
692	815
697	705
699	797
700	747
702	722
702	736
702	792
702	798
702	815
706	758
706	797
706	848
707	810
709	729
712	722
712	736
712	737
716	722
716	736
716	754
716	766
716	784
716	792
716	798
716	808
719	743
719	757
721	722
721	736
721	754
722	736
722	737
722	754
722	784
722	792
722	798
722	808
722	811
722	815
722	828
736	737
736	754
736	766
736	784
736	792
736	798
736	808
736	811
736	815
736	849
737	771
737	788
737	795
737	798
737	810
737	811
737	815
737	839
739	755
739	758
739	769
739	835
739	848
739	850
747	780
753	777
753	788
753	815
753	825
754	766
754	784
754	792
754	798
754	808
755	758
755	835
755	848
755	850
758	774
758	797
758	835
758	848
758	850
763	793
765	814
766	784
766	792
766	798
766	808
771	795
774	835
774	848
777	825
784	792
784	808
792	798
792	808
792	815
795	810
795	819
795	839
797	813
797	848
798	808
798	815
810	836
810	839
819	839
835	848
835	850
848	850
8	1
293	1
675	3
688	3
32	5
103	5
271	5
457	5
459	5
621	5
736	5
777	5
825	5
388	7
293	8
62	9
463	9
314	11
392	11
457	11
570	11
586	11
588	11
632	11
737	11
586	12
296	13
591	13
58	15
71	15
80	15
115	15
122	15
132	15
167	15
189	15
323	15
325	15
390	15
491	15
500	15
527	15
533	15
559	15
627	15
707	15
737	15
784	15
795	15
810	15
819	15
839	15
56	16
731	16
30	20
32	20
53	20
76	20
101	20
103	20
132	20
257	20
264	20
265	20
277	20
283	20
288	20
314	20
354	20
360	20
434	20
457	20
479	20
556	20
575	20
576	20
588	20
625	20
632	20
651	20
657	20
692	20
712	20
722	20
736	20
737	20
815	20
851	24
47	29
128	29
150	29
174	29
175	29
285	29
313	29
330	29
339	29
355	29
454	29
455	29
476	29
622	29
623	29
665	29
700	29
747	29
780	29
32	30
53	30
101	30
103	30
132	30
257	30
264	30
265	30
277	30
288	30
314	30
354	30
434	30
453	30
457	30
479	30
575	30
576	30
588	30
625	30
651	30
657	30
692	30
712	30
722	30
736	30
737	30
45	32
53	32
76	32
101	32
103	32
264	32
265	32
277	32
288	32
314	32
354	32
360	32
434	32
457	32
459	32
479	32
495	32
575	32
576	32
588	32
625	32
632	32
651	32
657	32
661	32
692	32
716	32
721	32
722	32
736	32
737	32
811	32
815	32
146	38
346	38
377	38
626	38
816	38
554	39
736	39
691	40
719	40
743	40
757	40
303	43
271	45
314	45
367	45
459	45
499	45
608	45
627	45
649	45
736	45
766	45
784	45
798	45
808	45
815	45
814	46
128	47
150	47
174	47
175	47
285	47
313	47
330	47
339	47
355	47
454	47
455	47
460	47
476	47
622	47
623	47
654	47
665	47
700	47
747	47
753	47
780	47
116	48
301	48
307	48
393	48
417	48
433	48
449	48
474	48
681	48
706	48
739	48
755	48
758	48
774	48
797	48
835	48
848	48
850	48
546	50
763	50
793	50
76	53
101	53
103	53
257	53
264	53
277	53
283	53
288	53
314	53
354	53
360	53
434	53
457	53
479	53
575	53
576	53
625	53
632	53
651	53
657	53
722	53
736	53
334	55
561	55
458	56
731	56
115	58
132	58
189	58
325	58
459	58
473	58
737	58
810	58
819	58
839	58
170	60
366	60
368	60
679	60
783	60
463	62
138	63
347	65
805	65
268	69
329	69
459	69
586	69
628	69
737	69
798	69
279	70
499	70
649	70
660	70
792	70
808	70
115	71
122	71
167	71
325	71
459	71
500	71
527	71
627	71
810	71
839	71
209	73
101	76
103	76
115	76
132	76
264	76
265	76
271	76
277	76
283	76
288	76
314	76
354	76
360	76
434	76
457	76
479	76
554	76
575	76
576	76
588	76
619	76
625	76
632	76
651	76
657	76
692	76
722	76
736	76
737	76
753	76
759	76
815	76
109	77
336	77
372	77
678	77
709	77
729	77
258	79
485	79
558	79
601	79
605	79
614	79
115	80
132	80
189	80
323	80
390	80
423	80
459	80
491	80
500	80
527	80
533	80
795	80
810	80
819	80
839	80
813	81
138	83
230	83
345	83
391	83
461	83
512	83
514	83
551	83
702	83
792	83
718	86
362	91
425	92
427	96
106	97
329	97
598	97
686	97
830	97
523	98
103	101
132	101
138	101
257	101
264	101
271	101
277	101
288	101
314	101
318	101
354	101
434	101
457	101
479	101
554	101
559	101
576	101
588	101
625	101
632	101
651	101
657	101
660	101
692	101
712	101
722	101
736	101
737	101
759	101
798	101
811	101
815	101
828	101
132	103
210	103
257	103
264	103
265	103
271	103
277	103
288	103
314	103
318	103
354	103
360	103
392	103
434	103
457	103
459	103
479	103
554	103
575	103
576	103
588	103
619	103
625	103
632	103
651	103
657	103
660	103
692	103
716	103
721	103
722	103
736	103
737	103
759	103
766	103
792	103
811	103
815	103
386	105
643	105
598	106
830	106
316	107
518	107
631	107
770	107
336	109
372	109
678	109
709	109
729	109
849	109
276	110
158	114
260	114
399	114
690	114
132	115
167	115
189	115
323	115
325	115
459	115
491	115
500	115
527	115
627	115
707	115
737	115
771	115
795	115
810	115
839	115
417	116
474	116
739	116
755	116
758	116
835	116
848	116
850	116
145	120
640	121
378	123
549	123
727	125
281	127
150	128
174	128
175	128
285	128
313	128
330	128
339	128
355	128
454	128
455	128
476	128
622	128
623	128
665	128
700	128
747	128
753	128
780	128
189	132
264	132
277	132
288	132
314	132
325	132
354	132
434	132
457	132
459	132
479	132
500	132
527	132
538	132
559	132
570	132
575	132
576	132
588	132
619	132
625	132
628	132
632	132
651	132
657	132
692	132
712	132
722	132
736	132
737	132
771	132
788	132
795	132
798	132
810	132
811	132
815	132
819	132
839	132
849	132
718	137
230	138
264	138
277	138
318	138
345	138
367	138
391	138
461	138
495	138
514	138
660	138
702	138
736	138
792	138
808	138
815	138
157	139
166	139
171	139
182	139
340	139
422	139
477	139
484	139
548	139
573	139
604	139
624	139
644	139
683	139
745	139
346	146
602	146
626	146
816	146
555	147
174	150
175	150
285	150
313	150
330	150
339	150
355	150
454	150
455	150
476	150
622	150
623	150
654	150
665	150
700	150
747	150
780	150
769	152
797	152
813	152
392	155
609	155
159	156
518	156
166	157
171	157
182	157
340	157
422	157
477	157
484	157
548	157
573	157
604	157
624	157
644	157
683	157
689	157
745	157
260	158
399	158
690	158
518	159
408	161
652	162
645	165
846	165
171	166
182	166
340	166
422	166
477	166
484	166
548	166
573	166
604	166
624	166
644	166
683	166
745	166
231	167
325	167
459	167
491	167
737	167
795	167
810	167
839	167
463	168
483	168
609	168
366	170
368	170
679	170
783	170
182	171
340	171
422	171
477	171
484	171
548	171
573	171
604	171
624	171
644	171
683	171
689	171
745	171
175	174
285	174
313	174
330	174
339	174
355	174
454	174
455	174
476	174
622	174
623	174
665	174
700	174
747	174
780	174
285	175
313	175
330	175
339	175
355	175
454	175
455	175
476	175
622	175
623	175
665	175
700	175
747	175
780	175
325	177
211	181
323	181
390	181
795	181
477	182
484	182
573	182
604	182
644	182
268	187
323	189
325	189
390	189
423	189
459	189
491	189
500	189
527	189
533	189
737	189
795	189
810	189
819	189
839	189
492	193
595	193
738	193
675	195
727	197
528	203
728	204
377	205
264	210
459	210
588	210
736	210
815	210
323	211
390	211
795	211
444	214
398	221
345	230
391	230
461	230
495	230
512	230
551	230
608	230
660	230
702	230
736	230
792	230
325	231
430	233
701	236
321	237
592	237
647	237
262	238
395	238
408	240
406	245
528	247
605	250
699	250
292	253
464	253
540	255
265	257
277	257
314	257
434	257
466	257
576	257
625	257
632	257
657	257
712	257
722	257
485	258
558	258
601	258
605	258
614	258
769	258
399	260
690	260
395	262
568	262
591	262
740	262
265	264
271	264
277	264
288	264
304	264
314	264
318	264
354	264
360	264
367	264
434	264
457	264
479	264
551	264
559	264
575	264
576	264
588	264
619	264
625	264
632	264
651	264
660	264
716	264
722	264
736	264
737	264
753	264
792	264
811	264
815	264
271	265
277	265
314	265
338	265
360	265
434	265
457	265
479	265
555	265
575	265
588	265
625	265
632	265
651	265
722	265
736	265
815	265
301	266
393	266
706	266
329	268
411	268
496	269
277	271
279	271
288	271
314	271
318	271
354	271
360	271
434	271
457	271
459	271
479	271
495	271
570	271
575	271
576	271
586	271
588	271
619	271
625	271
632	271
651	271
692	271
721	271
722	271
736	271
737	271
754	271
792	271
811	271
815	271
547	273
287	274
684	274
283	277
288	277
314	277
354	277
360	277
367	277
434	277
457	277
459	277
479	277
495	277
551	277
554	277
555	277
575	277
576	277
588	277
619	277
625	277
632	277
651	277
657	277
660	277
692	277
712	277
722	277
736	277
737	277
792	277
811	277
815	277
349	278
318	279
367	279
391	279
461	279
499	279
503	279
541	279
608	279
649	279
660	279
716	279
722	279
736	279
754	279
766	279
784	279
792	279
798	279
808	279
314	283
354	283
434	283
457	283
479	283
575	283
632	283
712	283
736	283
782	284
313	285
330	285
339	285
355	285
454	285
455	285
460	285
476	285
622	285
623	285
665	285
700	285
747	285
753	285
780	285
684	287
314	288
354	288
360	288
434	288
457	288
461	288
479	288
554	288
576	288
588	288
625	288
632	288
651	288
657	288
712	288
722	288
736	288
737	288
792	288
798	288
815	288
402	292
464	292
730	293
307	301
393	301
706	301
758	301
797	301
848	301
773	303
434	304
457	304
479	304
722	304
393	307
706	307
848	307
638	311
330	313
339	313
355	313
454	313
455	313
460	313
476	313
622	313
623	313
665	313
700	313
747	313
780	313
354	314
360	314
434	314
457	314
459	314
479	314
495	314
554	314
559	314
570	314
575	314
576	314
588	314
619	314
625	314
632	314
649	314
651	314
657	314
661	314
692	314
712	314
722	314
736	314
737	314
753	314
759	314
792	314
798	314
811	314
815	314
430	316
518	316
631	316
770	316
345	318
367	318
391	318
461	318
495	318
499	318
514	318
608	318
649	318
660	318
702	318
716	318
722	318
736	318
754	318
766	318
784	318
792	318
798	318
808	318
815	318
592	321
647	321
390	323
500	323
527	323
533	323
795	323
810	323
839	323
491	325
500	325
625	325
737	325
795	325
810	325
839	325
432	329
753	329
355	330
454	330
455	330
476	330
622	330
623	330
665	330
747	330
780	330
561	334
372	336
678	336
709	336
729	336
510	338
355	339
454	339
455	339
460	339
476	339
622	339
623	339
665	339
700	339
747	339
422	340
477	340
484	340
548	340
573	340
624	340
644	340
683	340
391	345
461	345
514	345
660	345
702	345
736	345
792	345
366	346
377	346
626	346
679	346
816	346
805	347
490	348
585	348
640	352
370	353
426	353
849	353
360	354
434	354
457	354
479	354
554	354
575	354
576	354
588	354
619	354
625	354
632	354
651	354
712	354
722	354
736	354
737	354
811	354
815	354
454	355
455	355
476	355
622	355
623	355
665	355
700	355
747	355
753	355
780	355
434	360
457	360
459	360
479	360
483	360
575	360
576	360
588	360
619	360
625	360
632	360
651	360
722	360
736	360
737	360
811	360
762	362
520	365
368	366
679	366
783	366
391	367
461	367
495	367
499	367
503	367
514	367
541	367
608	367
627	367
632	367
649	367
660	367
716	367
722	367
736	367
754	367
766	367
784	367
792	367
798	367
808	367
679	368
783	368
536	370
674	370
678	372
709	372
729	372
391	373
461	373
514	373
702	373
792	373
816	377
549	378
408	380
758	381
774	381
848	381
643	386
530	388
500	390
527	390
795	390
810	390
839	390
461	391
495	391
499	391
503	391
514	391
608	391
649	391
660	391
702	391
716	391
722	391
736	391
754	391
766	391
792	391
808	391
570	392
586	392
619	392
706	393
758	393
797	393
848	393
448	394
472	395
568	395
591	395
740	395
690	399
436	403
741	404
465	413
474	417
739	417
755	417
758	417
835	417
848	417
850	417
477	422
484	422
548	422
573	422
604	422
624	422
644	422
683	422
745	422
533	423
457	426
801	429
518	430
572	430
770	430
650	431
449	433
681	433
774	433
835	433
848	433
457	434
479	434
554	434
575	434
576	434
588	434
619	434
625	434
632	434
651	434
657	434
692	434
712	434
722	434
736	434
737	434
753	434
759	434
811	434
815	434
450	437
786	437
494	441
529	448
681	449
758	449
774	449
835	449
848	449
786	450
455	454
476	454
622	454
623	454
654	454
665	454
700	454
747	454
753	454
780	454
476	455
622	455
623	455
654	455
665	455
700	455
747	455
780	455
459	457
479	457
527	457
554	457
575	457
576	457
588	457
619	457
625	457
628	457
632	457
651	457
657	457
692	457
712	457
722	457
736	457
737	457
753	457
798	457
811	457
819	457
849	457
731	458
527	459
559	459
575	459
586	459
588	459
627	459
632	459
651	459
721	459
722	459
736	459
737	459
753	459
788	459
798	459
810	459
811	459
839	459
780	460
495	461
499	461
608	461
649	461
660	461
702	461
716	461
736	461
754	461
766	461
792	461
798	461
808	461
815	461
649	462
784	462
483	463
576	463
609	463
750	463
514	464
819	473
739	474
755	474
758	474
835	474
848	474
850	474
622	476
623	476
665	476
700	476
747	476
753	476
780	476
484	477
548	477
573	477
604	477
624	477
644	477
683	477
554	479
575	479
576	479
581	479
588	479
619	479
625	479
632	479
651	479
657	479
692	479
712	479
722	479
736	479
737	479
811	479
815	479
609	483
548	484
573	484
604	484
624	484
644	484
683	484
558	485
601	485
605	485
614	485
545	487
765	487
814	487
585	490
500	491
527	491
737	491
795	491
839	491
595	492
738	492
499	495
541	495
649	495
660	495
702	495
716	495
722	495
736	495
737	495
754	495
792	495
798	495
589	498
685	498
503	499
514	499
541	499
608	499
627	499
649	499
660	499
716	499
722	499
736	499
754	499
766	499
784	499
792	499
798	499
808	499
527	500
533	500
795	500
810	500
839	500
608	503
632	503
649	503
716	503
736	503
754	503
766	503
784	503
792	503
808	503
536	509
551	512
702	512
722	512
792	512
702	514
792	514
631	518
770	518
716	526
798	526
533	527
576	527
627	527
737	527
771	527
795	527
810	527
839	527
795	533
810	533
839	533
841	535
741	536
798	536
657	538
608	541
649	541
716	541
722	541
736	541
754	541
784	541
792	541
808	541
554	543
765	545
814	545
763	546
793	546
573	548
604	548
624	548
644	548
683	548
702	551
722	551
736	551
792	551
815	551
575	554
576	554
588	554
625	554
632	554
651	554
692	554
722	554
811	554
815	554
625	556
601	558
605	558
614	558
625	559
737	559
815	559
849	564
740	568
586	570
798	570
604	573
624	573
644	573
683	573
689	573
745	573
576	575
588	575
625	575
632	575
651	575
657	575
692	575
712	575
722	575
736	575
737	575
811	575
588	576
609	576
619	576
625	576
632	576
651	576
657	576
692	576
712	576
722	576
736	576
737	576
798	576
811	576
815	576
624	578
683	578
588	581
737	581
753	581
736	586
619	588
625	588
632	588
651	588
657	588
692	588
712	588
721	588
722	588
736	588
737	588
753	588
811	588
815	588
685	589
740	591
647	592
738	595
822	597
830	598
635	599
605	601
614	601
624	604
644	604
683	604
689	604
745	604
614	605
699	605
797	605
627	608
649	608
660	608
716	608
722	608
736	608
754	608
766	608
784	608
792	608
808	608
633	610
697	610
705	610
691	611
719	611
625	619
632	619
651	619
692	619
722	619
736	619
737	619
753	619
815	619
753	621
777	621
788	621
825	621
623	622
665	622
747	622
780	622
665	623
700	623
747	623
644	624
683	624
632	625
651	625
657	625
692	625
712	625
722	625
736	625
737	625
811	625
816	626
649	627
716	627
754	627
766	627
795	627
770	631
651	632
657	632
692	632
712	632
716	632
722	632
736	632
737	632
753	632
754	632
759	632
792	632
798	632
811	632
815	632
697	633
705	633
781	638
790	641
683	644
689	644
745	644
753	644
846	645
660	649
716	649
722	649
736	649
754	649
766	649
784	649
792	649
798	649
808	649
811	649
657	651
692	651
712	651
721	651
722	651
736	651
737	651
753	651
811	651
815	651
692	657
712	657
722	657
736	657
737	657
800	657
828	657
716	660
722	660
736	660
754	660
766	660
792	660
808	660
722	661
736	661
747	665
780	665
688	675
709	678
729	678
783	679
710	680
758	681
774	681
835	681
848	681
689	683
745	683
844	686
719	691
743	691
757	691
721	692
722	692
736	692
737	692
753	692
754	692
798	692
815	692
705	697
797	699
747	700
722	702
736	702
792	702
798	702
815	702
758	706
797	706
848	706
810	707
729	709
722	712
736	712
737	712
722	716
736	716
754	716
766	716
784	716
792	716
798	716
808	716
743	719
757	719
722	721
736	721
754	721
736	722
737	722
754	722
784	722
792	722
798	722
808	722
811	722
815	722
828	722
737	736
754	736
766	736
784	736
792	736
798	736
808	736
811	736
815	736
849	736
771	737
788	737
795	737
798	737
810	737
811	737
815	737
839	737
755	739
758	739
769	739
835	739
848	739
850	739
780	747
777	753
788	753
815	753
825	753
766	754
784	754
792	754
798	754
808	754
758	755
835	755
848	755
850	755
774	758
797	758
835	758
848	758
850	758
793	763
814	765
784	766
792	766
798	766
808	766
795	771
835	774
848	774
825	777
792	784
808	784
798	792
808	792
815	792
810	795
819	795
839	795
813	797
848	797
808	798
815	798
836	810
839	810
839	819
848	835
850	835
850	848
