0	85
0	343
0	561
0	1385
7	679
8	1025
10	81
10	90
10	466
10	511
10	649
10	850
11	345
11	520
11	632
11	681
11	801
11	906
11	1044
11	1438
13	428
14	816
14	1444
15	62
15	180
15	202
15	361
15	365
15	478
15	785
15	819
15	822
15	908
15	1098
15	1140
15	1193
15	1432
17	327
17	593
17	812
17	830
17	840
17	874
17	929
17	1206
17	1336
23	104
23	671
23	830
23	911
23	1421
26	574
26	819
26	1017
26	1045
26	1048
26	1309
26	1432
28	547
33	142
34	545
34	1376
35	168
35	208
35	348
35	413
35	442
35	568
35	577
35	681
35	938
35	1187
35	1480
35	1507
36	62
36	63
36	202
36	203
36	373
36	419
36	478
36	492
36	517
36	526
36	574
36	644
36	780
36	819
36	908
36	914
36	940
36	974
36	991
36	1024
36	1026
36	1048
36	1193
36	1230
36	1261
36	1309
36	1410
39	159
39	310
39	325
39	333
39	614
39	861
39	875
39	1022
39	1072
39	1217
40	591
40	735
40	1259
40	1378
40	1485
42	1030
44	260
46	62
46	63
46	105
46	119
46	140
46	144
46	180
46	202
46	203
46	361
46	369
46	373
46	419
46	478
46	526
46	574
46	576
46	639
46	644
46	645
46	780
46	785
46	819
46	822
46	901
46	908
46	914
46	934
46	950
46	974
46	989
46	1024
46	1026
46	1048
46	1086
46	1093
46	1098
46	1134
46	1193
46	1233
46	1309
46	1410
46	1416
46	1419
46	1432
46	1495
47	413
47	681
47	1507
50	512
50	1134
50	1411
50	1435
54	969
60	392
60	428
60	516
60	809
61	535
61	818
61	845
62	63
62	94
62	105
62	202
62	203
62	361
62	373
62	419
62	478
62	492
62	526
62	574
62	644
62	780
62	785
62	819
62	822
62	908
62	914
62	974
62	1024
62	1026
62	1048
62	1134
62	1193
62	1230
62	1272
62	1279
62	1309
62	1410
62	1432
63	105
63	119
63	144
63	180
63	203
63	346
63	361
63	373
63	411
63	419
63	478
63	492
63	574
63	576
63	644
63	780
63	785
63	819
63	822
63	908
63	914
63	974
63	989
63	996
63	1024
63	1026
63	1048
63	1134
63	1193
63	1233
63	1249
63	1309
63	1406
63	1410
63	1419
63	1432
63	1439
67	1128
68	681
68	906
71	133
71	285
71	291
71	353
71	368
71	500
71	513
71	921
71	1028
71	1033
71	1123
71	1387
71	1451
72	373
72	478
72	646
72	989
73	1228
73	1276
73	1324
73	1346
74	390
75	200
75	1130
75	1251
75	1429
76	1415
78	884
78	1268
79	202
79	713
80	315
80	820
81	90
81	466
81	511
81	825
81	1018
81	1088
81	1502
85	343
85	561
85	1385
86	260
86	294
88	558
90	511
90	850
91	99
91	225
91	1111
94	180
94	574
94	822
94	899
94	908
94	914
94	1134
94	1144
94	1358
94	1398
94	1419
94	1432
95	288
96	250
96	251
96	290
96	417
96	612
96	711
96	814
96	824
96	860
96	1101
96	1166
96	1185
96	1232
96	1244
96	1414
99	225
100	123
103	976
103	1353
104	830
104	911
104	1421
105	119
105	140
105	180
105	203
105	361
105	369
105	373
105	419
105	492
105	526
105	574
105	576
105	639
105	785
105	819
105	822
105	908
105	914
105	950
105	989
105	996
105	1024
105	1045
105	1048
105	1193
105	1230
105	1261
105	1309
105	1406
105	1410
105	1419
109	918
109	1273
112	821
112	1297
118	296
118	328
118	466
118	474
118	876
118	993
118	1343
118	1365
118	1407
119	180
119	369
119	822
119	854
119	1086
119	1093
119	1193
119	1309
119	1439
119	1495
121	170
121	329
121	368
121	410
121	491
121	580
121	653
121	655
121	1089
121	1209
121	1263
121	1282
121	1335
129	159
129	310
129	325
129	333
129	1022
129	1072
129	1217
133	285
133	291
133	353
133	368
133	500
133	513
133	921
133	1123
133	1451
135	688
136	416
137	385
138	576
139	995
140	180
140	203
140	497
140	645
140	785
140	822
140	943
140	1045
140	1134
140	1309
140	1419
144	180
144	421
144	822
144	901
144	943
144	950
144	1093
144	1134
144	1233
144	1439
144	1495
145	240
145	668
145	808
145	811
145	981
147	171
147	466
148	686
148	841
148	918
148	1273
149	364
149	485
149	1354
150	398
153	778
153	1039
159	310
159	325
159	333
159	614
159	861
159	875
159	1022
159	1072
159	1192
159	1217
163	520
163	681
163	906
163	1044
166	269
166	691
166	924
166	928
166	984
166	1194
166	1411
168	348
168	442
168	577
168	681
168	938
168	1187
168	1480
168	1507
170	329
170	410
170	491
170	580
170	653
170	655
170	1028
170	1089
170	1209
170	1263
170	1282
170	1335
171	466
172	1275
174	1172
176	457
176	759
179	1354
180	202
180	203
180	369
180	421
180	492
180	574
180	576
180	587
180	767
180	785
180	822
180	899
180	901
180	908
180	914
180	934
180	943
180	950
180	1009
180	1048
180	1086
180	1093
180	1134
180	1140
180	1233
180	1272
180	1309
180	1416
180	1419
180	1432
180	1439
180	1493
180	1495
184	265
184	269
184	469
184	512
184	579
184	663
184	691
184	862
184	899
184	905
184	908
184	914
184	1027
184	1134
184	1144
184	1194
184	1272
184	1358
184	1398
184	1411
184	1419
184	1432
185	1432
189	290
189	711
189	1232
191	206
191	849
191	1063
191	1222
191	1436
191	1448
191	1481
194	946
196	745
200	1130
200	1251
200	1429
202	203
202	361
202	373
202	419
202	478
202	492
202	526
202	574
202	579
202	644
202	646
202	780
202	785
202	819
202	822
202	862
202	908
202	914
202	974
202	989
202	1024
202	1026
202	1048
202	1096
202	1134
202	1193
202	1230
202	1272
202	1279
202	1309
202	1349
202	1358
202	1410
202	1411
202	1432
203	361
203	373
203	393
203	419
203	437
203	478
203	492
203	517
203	526
203	559
203	574
203	583
203	639
203	644
203	645
203	780
203	785
203	819
203	822
203	908
203	914
203	974
203	989
203	1024
203	1026
203	1048
203	1096
203	1193
203	1230
203	1261
203	1309
203	1406
203	1419
204	276
204	349
204	1145
206	849
206	1063
206	1436
206	1448
206	1481
208	348
208	413
208	568
208	577
208	681
208	787
208	938
208	1044
208	1187
208	1438
208	1480
208	1507
210	799
216	230
218	232
218	1064
219	356
219	494
219	501
219	554
219	697
219	773
219	1030
219	1512
224	738
224	1179
224	1314
224	1343
224	1512
226	778
232	1064
240	668
240	808
240	981
247	378
248	453
248	514
250	251
250	290
250	711
250	814
250	860
250	1185
250	1232
250	1414
251	290
251	417
251	612
251	711
251	814
251	860
251	1101
251	1185
251	1232
251	1244
251	1414
260	423
265	512
265	574
265	663
265	899
265	905
265	1134
265	1144
265	1272
265	1358
269	492
269	579
269	691
269	908
269	928
269	1144
269	1194
269	1411
275	917
276	349
276	1145
276	1218
279	460
279	719
280	601
285	291
285	353
285	368
285	500
285	513
285	921
285	1033
285	1070
285	1123
285	1387
285	1451
290	612
290	711
290	814
290	860
290	1101
290	1166
290	1185
290	1232
290	1244
290	1414
291	353
291	368
291	500
291	513
291	921
291	1123
291	1387
291	1451
292	1278
296	458
296	466
296	527
296	652
296	920
296	926
296	1158
296	1322
296	1365
296	1445
301	411
301	572
301	975
303	328
303	547
303	993
303	1314
303	1365
303	1407
304	993
309	413
309	662
309	938
309	1043
309	1044
309	1428
310	325
310	333
310	614
310	861
310	875
310	1022
310	1072
310	1217
315	350
315	603
315	820
315	1000
316	713
317	1345
322	1300
324	1147
325	333
325	614
325	861
325	875
325	1022
325	1072
325	1192
325	1217
327	593
327	812
327	830
327	840
327	874
327	929
327	1206
328	876
328	993
328	1069
328	1075
328	1407
328	1461
329	410
329	491
329	580
329	653
329	655
329	1089
329	1209
329	1263
329	1282
329	1335
333	614
333	861
333	875
333	1022
333	1072
333	1217
341	391
341	665
341	1028
341	1184
341	1350
343	561
343	1385
345	632
345	906
346	1249
348	413
348	442
348	577
348	681
348	938
348	1187
348	1480
348	1507
349	1145
350	603
350	820
352	1509
353	368
353	500
353	513
353	921
353	1123
353	1451
355	400
355	587
355	767
355	1086
355	1416
356	501
356	554
356	697
356	773
356	1030
356	1512
361	373
361	478
361	492
361	517
361	526
361	574
361	644
361	646
361	780
361	785
361	819
361	908
361	940
361	989
361	1024
361	1026
361	1048
361	1193
361	1309
361	1419
362	436
362	514
364	473
364	485
364	708
364	1354
365	1098
365	1140
368	500
368	513
368	653
368	655
368	921
368	1028
368	1033
368	1123
368	1209
368	1282
368	1387
368	1451
369	421
369	529
369	576
369	587
369	767
369	822
369	901
369	934
369	950
369	1009
369	1086
369	1093
369	1309
369	1416
369	1439
369	1493
369	1495
373	419
373	478
373	492
373	526
373	574
373	639
373	644
373	780
373	785
373	819
373	822
373	908
373	914
373	940
373	974
373	991
373	1024
373	1026
373	1048
373	1096
373	1134
373	1193
373	1230
373	1261
373	1272
373	1309
373	1410
373	1411
373	1432
383	525
383	1023
384	945
388	781
388	1058
388	1190
389	1497
390	1180
390	1289
391	466
391	665
391	1184
391	1350
392	428
392	613
392	809
392	1071
396	448
400	587
400	1086
400	1416
408	1269
410	491
410	580
410	653
410	655
410	1089
410	1209
410	1263
410	1282
410	1335
411	572
411	975
411	1098
411	1140
413	520
413	568
413	577
413	662
413	681
413	732
413	787
413	938
413	1014
413	1043
413	1044
413	1187
413	1333
413	1438
413	1480
413	1507
417	1414
418	825
419	478
419	492
419	526
419	574
419	583
419	644
419	780
419	785
419	819
419	822
419	908
419	914
419	940
419	974
419	989
419	1024
419	1026
419	1048
419	1096
419	1193
419	1230
419	1261
419	1309
419	1349
419	1410
419	1432
420	707
421	576
421	587
421	767
421	901
421	934
421	950
421	1009
421	1086
421	1093
421	1309
421	1416
421	1439
421	1493
421	1495
426	778
428	535
428	819
428	1024
432	524
432	1226
433	763
433	878
436	514
437	940
437	1019
442	681
442	1187
442	1507
444	513
444	1407
447	585
447	1052
447	1154
447	1486
449	489
449	1298
451	721
453	913
457	759
458	466
458	527
458	920
458	1158
458	1322
458	1445
459	938
460	482
460	719
465	613
466	511
466	527
466	665
466	825
466	920
466	1158
466	1322
466	1350
466	1445
466	1502
468	641
468	1075
468	1241
468	1361
468	1461
469	899
469	908
469	1134
469	1144
469	1411
472	535
472	945
473	485
473	708
473	1354
474	1407
478	492
478	517
478	526
478	574
478	644
478	646
478	780
478	785
478	819
478	822
478	908
478	914
478	940
478	974
478	989
478	991
478	996
478	1024
478	1026
478	1048
478	1096
478	1193
478	1230
478	1261
478	1279
478	1309
478	1410
478	1423
478	1432
485	708
485	1354
489	549
489	576
489	1012
489	1298
489	1316
490	736
491	580
491	653
491	655
491	1028
491	1089
491	1209
491	1263
491	1282
491	1335
492	526
492	559
492	574
492	579
492	644
492	646
492	780
492	785
492	819
492	908
492	914
492	940
492	974
492	984
492	996
492	1024
492	1026
492	1048
492	1096
492	1144
492	1272
492	1309
492	1411
494	501
494	554
494	697
497	645
497	728
497	785
497	943
497	1067
500	513
500	921
500	1033
500	1123
500	1387
500	1451
501	554
501	697
501	773
501	1030
501	1512
511	649
511	850
511	1502
512	579
512	663
512	691
512	862
512	899
512	905
512	1134
512	1144
512	1272
512	1358
512	1398
512	1411
512	1419
513	653
513	921
513	1028
513	1033
513	1070
513	1123
513	1209
513	1387
513	1451
517	574
517	780
517	819
517	1024
517	1193
517	1261
518	1394
520	681
520	879
520	906
520	1014
520	1044
524	709
524	1226
524	1386
525	1023
526	574
526	639
526	644
526	780
526	785
526	819
526	908
526	914
526	989
526	1026
526	1048
526	1134
526	1193
526	1261
526	1309
526	1411
526	1419
526	1432
527	920
527	1158
527	1322
527	1445
529	934
530	747
535	712
535	945
536	765
545	1376
546	682
546	933
549	1012
549	1298
549	1316
551	908
551	1300
554	697
554	773
554	1030
554	1512
558	1025
558	1357
558	1371
559	780
559	819
559	974
561	1385
566	1417
568	577
568	681
568	1507
572	975
574	639
574	644
574	780
574	785
574	819
574	822
574	908
574	914
574	940
574	989
574	996
574	1017
574	1024
574	1026
574	1048
574	1096
574	1134
574	1193
574	1230
574	1261
574	1309
574	1349
574	1410
574	1411
574	1419
574	1423
574	1432
576	587
576	767
576	822
576	934
576	950
576	959
576	1009
576	1086
576	1093
576	1134
576	1298
576	1309
576	1416
576	1439
576	1495
577	681
577	787
577	938
577	1014
577	1043
577	1044
577	1187
577	1438
577	1480
577	1507
578	607
578	1208
578	1290
579	663
579	691
579	899
579	908
579	914
579	928
579	1134
579	1144
579	1194
579	1272
579	1358
579	1398
579	1411
579	1419
580	653
580	655
580	1089
580	1209
580	1263
580	1282
580	1335
582	1492
583	780
583	974
583	1024
583	1261
585	1052
585	1154
585	1486
586	1496
587	767
587	901
587	934
587	950
587	1086
587	1093
587	1416
587	1439
587	1495
591	735
591	1259
591	1378
591	1485
593	644
593	812
593	830
593	840
593	874
593	929
593	1026
593	1206
593	1336
596	765
599	889
599	1056
603	820
603	1000
605	841
605	858
607	1208
607	1290
612	711
612	814
612	824
612	860
612	1101
612	1185
612	1232
612	1244
612	1414
613	809
613	945
614	861
614	875
614	1022
614	1217
615	990
615	1403
619	679
620	945
632	681
632	906
632	1044
639	785
639	819
639	989
639	1193
639	1261
639	1309
641	1075
641	1241
641	1361
641	1461
644	780
644	785
644	819
644	822
644	874
644	908
644	914
644	1024
644	1026
644	1048
644	1096
644	1193
644	1309
644	1410
644	1432
645	785
645	819
645	822
645	908
645	1309
645	1419
646	822
646	908
646	996
646	1134
646	1309
646	1411
646	1432
646	1514
649	1513
652	1445
653	655
653	1028
653	1089
653	1209
653	1263
653	1282
653	1335
655	1028
655	1089
655	1209
655	1263
655	1282
655	1335
657	1200
662	938
662	1043
662	1428
663	691
663	862
663	899
663	905
663	908
663	1027
663	1134
663	1144
663	1272
663	1358
663	1398
663	1411
663	1419
663	1432
664	914
664	943
664	1233
665	1184
665	1350
667	1375
668	808
668	981
671	830
671	911
671	1421
675	1512
678	681
681	787
681	879
681	906
681	938
681	1014
681	1043
681	1044
681	1187
681	1333
681	1438
681	1480
681	1507
682	927
682	933
682	1191
682	1351
686	841
686	918
688	1082
689	1396
691	899
691	905
691	928
691	1134
691	1144
691	1194
691	1272
691	1358
691	1411
697	773
697	1030
697	1512
705	1185
708	945
708	1354
709	1226
709	1386
711	814
711	860
711	1101
711	1166
711	1185
711	1232
711	1244
711	1414
718	747
731	835
732	1044
732	1438
734	1351
735	1259
735	1378
735	1485
738	1179
738	1314
738	1343
738	1512
743	1506
745	1115
754	1365
758	1287
761	819
767	901
767	934
767	950
767	1009
767	1086
767	1093
767	1416
767	1439
767	1493
767	1495
773	1030
773	1512
775	1179
775	1512
778	1039
780	785
780	819
780	908
780	914
780	940
780	974
780	989
780	1024
780	1026
780	1048
780	1096
780	1193
780	1230
780	1261
780	1309
780	1349
780	1410
780	1432
781	1058
781	1190
784	886
784	1041
785	819
785	822
785	908
785	914
785	940
785	943
785	950
785	989
785	1024
785	1026
785	1048
785	1193
785	1309
785	1406
785	1419
785	1424
785	1432
787	938
787	1044
787	1368
787	1438
787	1480
787	1507
797	829
797	1285
801	906
803	997
807	1403
808	811
808	981
809	990
810	1480
812	830
812	840
812	874
812	929
812	1206
814	860
814	1101
814	1166
814	1185
814	1232
814	1244
814	1414
816	1444
819	822
819	908
819	914
819	950
819	974
819	989
819	1024
819	1026
819	1048
819	1086
819	1096
819	1193
819	1230
819	1261
819	1309
819	1410
819	1419
819	1514
820	1000
821	1297
822	908
822	914
822	940
822	943
822	950
822	996
822	1024
822	1045
822	1048
822	1086
822	1093
822	1134
822	1193
822	1233
822	1279
822	1309
822	1406
822	1410
822	1419
822	1432
822	1439
822	1495
824	1414
829	1134
829	1285
829	1398
830	840
830	874
830	911
830	929
830	1026
830	1206
830	1336
830	1421
838	954
840	874
840	929
840	1206
841	858
841	918
841	1273
841	1319
845	1401
849	1063
849	1436
849	1448
849	1481
854	1193
860	1101
860	1185
860	1232
860	1244
860	1414
861	875
861	1022
861	1072
861	1217
862	899
862	908
862	914
862	949
862	1134
862	1144
862	1272
862	1358
862	1411
862	1419
868	1319
872	1428
874	929
874	1206
875	1022
875	1072
875	1217
876	993
876	1069
876	1075
876	1461
879	1014
882	986
882	1124
886	1041
889	1056
890	1466
897	1214
898	1221
898	1499
899	905
899	908
899	928
899	1134
899	1144
899	1272
899	1358
899	1398
899	1411
899	1419
899	1432
901	934
901	950
901	1009
901	1086
901	1416
901	1439
901	1493
901	1495
905	1027
905	1134
905	1144
905	1272
905	1358
905	1398
905	1411
906	938
906	1014
906	1044
906	1438
908	914
908	949
908	1017
908	1024
908	1026
908	1048
908	1096
908	1134
908	1144
908	1193
908	1230
908	1272
908	1279
908	1309
908	1358
908	1398
908	1410
908	1411
908	1419
908	1432
911	1421
914	949
914	974
914	989
914	1017
914	1026
914	1048
914	1134
914	1144
914	1193
914	1230
914	1261
914	1272
914	1279
914	1309
914	1410
914	1411
914	1419
914	1432
918	1273
920	1158
920	1322
920	1445
921	1123
921	1451
924	984
924	1411
926	1445
927	1351
928	945
928	1071
928	1144
928	1194
928	1411
929	1206
933	1191
933	1351
934	950
934	1009
934	1086
934	1093
934	1416
934	1439
934	1490
934	1493
934	1495
937	1475
938	1043
938	1044
938	1187
938	1333
938	1438
938	1480
938	1507
940	1026
940	1048
940	1309
940	1432
942	1453
942	1460
943	950
943	1134
943	1233
944	1136
945	1071
949	1272
949	1419
950	1009
950	1026
950	1086
950	1093
950	1134
950	1308
950	1309
950	1416
950	1439
950	1493
950	1495
961	1415
964	1157
974	1024
974	1026
974	1048
974	1193
974	1260
974	1261
976	1353
984	1411
986	1124
989	1024
989	1026
989	1048
989	1193
989	1230
989	1260
989	1410
993	1069
993	1075
993	1407
993	1461
996	1302
996	1309
1001	1142
1001	1409
1004	1122
1005	1514
1009	1086
1009	1416
1009	1439
1009	1493
1009	1495
1012	1298
1012	1316
1013	1467
1014	1044
1014	1438
1014	1480
1017	1045
1017	1134
1017	1193
1017	1419
1017	1432
1022	1072
1022	1217
1024	1026
1024	1048
1024	1193
1024	1230
1024	1261
1024	1309
1024	1410
1024	1432
1025	1357
1026	1048
1026	1096
1026	1134
1026	1193
1026	1230
1026	1261
1026	1309
1026	1410
1026	1419
1026	1432
1027	1134
1027	1272
1027	1411
1027	1419
1027	1424
1027	1432
1027	1501
1028	1089
1028	1209
1028	1263
1028	1282
1028	1335
1028	1350
1030	1512
1032	1245
1033	1070
1033	1123
1033	1387
1043	1044
1043	1438
1043	1480
1043	1507
1044	1333
1044	1368
1044	1438
1044	1480
1044	1507
1045	1432
1048	1096
1048	1134
1048	1193
1048	1230
1048	1261
1048	1279
1048	1309
1048	1410
1048	1432
1052	1154
1052	1486
1058	1190
1059	1393
1061	1129
1063	1436
1063	1448
1063	1481
1068	1071
1069	1075
1069	1461
1070	1123
1070	1387
1072	1217
1075	1241
1075	1361
1075	1461
1082	1228
1082	1276
1086	1093
1086	1309
1086	1416
1086	1439
1086	1493
1086	1495
1089	1209
1089	1263
1089	1282
1089	1335
1093	1309
1093	1416
1093	1439
1093	1493
1093	1495
1096	1193
1096	1230
1096	1309
1096	1410
1096	1423
1096	1432
1098	1140
1098	1406
1101	1185
1101	1232
1101	1414
1123	1387
1123	1451
1130	1251
1130	1429
1134	1144
1134	1233
1134	1272
1134	1279
1134	1309
1134	1358
1134	1398
1134	1411
1134	1419
1134	1432
1139	1392
1142	1409
1144	1194
1144	1272
1144	1358
1144	1398
1144	1411
1144	1419
1151	1381
1154	1486
1158	1322
1158	1445
1179	1314
1179	1343
1179	1512
1180	1289
1184	1350
1185	1232
1185	1414
1187	1480
1187	1507
1191	1351
1193	1230
1193	1261
1193	1309
1193	1410
1193	1419
1193	1432
1194	1411
1206	1336
1208	1242
1208	1290
1209	1263
1209	1282
1209	1335
1210	1257
1221	1499
1222	1505
1226	1386
1228	1276
1228	1324
1228	1346
1230	1279
1230	1309
1230	1410
1230	1419
1232	1244
1232	1414
1241	1361
1241	1461
1242	1290
1244	1414
1245	1280
1251	1429
1259	1378
1259	1485
1261	1309
1261	1410
1263	1282
1263	1335
1272	1358
1272	1398
1272	1411
1272	1419
1272	1432
1273	1319
1276	1324
1276	1346
1279	1423
1279	1432
1282	1335
1308	1493
1309	1406
1309	1410
1309	1416
1309	1419
1309	1432
1309	1439
1309	1495
1314	1343
1314	1365
1314	1407
1314	1512
1322	1445
1333	1438
1333	1507
1343	1512
1357	1497
1358	1398
1358	1411
1358	1419
1358	1432
1361	1461
1365	1407
1378	1485
1383	1473
1387	1451
1395	1440
1398	1411
1398	1432
1410	1432
1411	1419
1411	1432
1416	1439
1416	1493
1416	1495
1419	1432
1436	1448
1436	1481
1438	1480
1438	1507
1439	1490
1439	1493
1439	1495
1448	1481
1453	1460
1480	1507
1493	1495
85	0
343	0
561	0
1385	0
679	7
1025	8
81	10
90	10
466	10
511	10
649	10
850	10
345	11
520	11
632	11
681	11
801	11
906	11
1044	11
1438	11
428	13
816	14
1444	14
62	15
180	15
202	15
361	15
365	15
478	15
785	15
819	15
822	15
908	15
1098	15
1140	15
1193	15
1432	15
327	17
593	17
812	17
830	17
840	17
874	17
929	17
1206	17
1336	17
104	23
671	23
830	23
911	23
1421	23
574	26
819	26
1017	26
1045	26
1048	26
1309	26
1432	26
547	28
142	33
545	34
1376	34
168	35
208	35
348	35
413	35
442	35
568	35
577	35
681	35
938	35
1187	35
1480	35
1507	35
62	36
63	36
202	36
203	36
373	36
419	36
478	36
492	36
517	36
526	36
574	36
644	36
780	36
819	36
908	36
914	36
940	36
974	36
991	36
1024	36
1026	36
1048	36
1193	36
1230	36
1261	36
1309	36
1410	36
159	39
310	39
325	39
333	39
614	39
861	39
875	39
1022	39
1072	39
1217	39
591	40
735	40
1259	40
1378	40
1485	40
1030	42
260	44
62	46
63	46
105	46
119	46
140	46
144	46
180	46
202	46
203	46
361	46
369	46
373	46
419	46
478	46
526	46
574	46
576	46
639	46
644	46
645	46
780	46
785	46
819	46
822	46
901	46
908	46
914	46
934	46
950	46
974	46
989	46
1024	46
1026	46
1048	46
1086	46
1093	46
1098	46
1134	46
1193	46
1233	46
1309	46
1410	46
1416	46
1419	46
1432	46
1495	46
413	47
681	47
1507	47
512	50
1134	50
1411	50
1435	50
969	54
392	60
428	60
516	60
809	60
535	61
818	61
845	61
63	62
94	62
105	62
202	62
203	62
361	62
373	62
419	62
478	62
492	62
526	62
574	62
644	62
780	62
785	62
819	62
822	62
908	62
914	62
974	62
1024	62
1026	62
1048	62
1134	62
1193	62
1230	62
1272	62
1279	62
1309	62
1410	62
1432	62
105	63
119	63
144	63
180	63
203	63
346	63
361	63
373	63
411	63
419	63
478	63
492	63
574	63
576	63
644	63
780	63
785	63
819	63
822	63
908	63
914	63
974	63
989	63
996	63
1024	63
1026	63
1048	63
1134	63
1193	63
1233	63
1249	63
1309	63
1406	63
1410	63
1419	63
1432	63
1439	63
1128	67
681	68
906	68
133	71
285	71
291	71
353	71
368	71
500	71
513	71
921	71
1028	71
1033	71
1123	71
1387	71
1451	71
373	72
478	72
646	72
989	72
1228	73
1276	73
1324	73
1346	73
390	74
200	75
1130	75
1251	75
1429	75
1415	76
884	78
1268	78
202	79
713	79
315	80
820	80
90	81
466	81
511	81
825	81
1018	81
1088	81
1502	81
343	85
561	85
1385	85
260	86
294	86
558	88
511	90
850	90
99	91
225	91
1111	91
180	94
574	94
822	94
899	94
908	94
914	94
1134	94
1144	94
1358	94
1398	94
1419	94
1432	94
288	95
250	96
251	96
290	96
417	96
612	96
711	96
814	96
824	96
860	96
1101	96
1166	96
1185	96
1232	96
1244	96
1414	96
225	99
123	100
976	103
1353	103
830	104
911	104
1421	104
119	105
140	105
180	105
203	105
361	105
369	105
373	105
419	105
492	105
526	105
574	105
576	105
639	105
785	105
819	105
822	105
908	105
914	105
950	105
989	105
996	105
1024	105
1045	105
1048	105
1193	105
1230	105
1261	105
1309	105
1406	105
1410	105
1419	105
918	109
1273	109
821	112
1297	112
296	118
328	118
466	118
474	118
876	118
993	118
1343	118
1365	118
1407	118
180	119
369	119
822	119
854	119
1086	119
1093	119
1193	119
1309	119
1439	119
1495	119
170	121
329	121
368	121
410	121
491	121
580	121
653	121
655	121
1089	121
1209	121
1263	121
1282	121
1335	121
159	129
310	129
325	129
333	129
1022	129
1072	129
1217	129
285	133
291	133
353	133
368	133
500	133
513	133
921	133
1123	133
1451	133
688	135
416	136
385	137
576	138
995	139
180	140
203	140
497	140
645	140
785	140
822	140
943	140
1045	140
1134	140
1309	140
1419	140
180	144
421	144
822	144
901	144
943	144
950	144
1093	144
1134	144
1233	144
1439	144
1495	144
240	145
668	145
808	145
811	145
981	145
171	147
466	147
686	148
841	148
918	148
1273	148
364	149
485	149
1354	149
398	150
778	153
1039	153
310	159
325	159
333	159
614	159
861	159
875	159
1022	159
1072	159
1192	159
1217	159
520	163
681	163
906	163
1044	163
269	166
691	166
924	166
928	166
984	166
1194	166
1411	166
348	168
442	168
577	168
681	168
938	168
1187	168
1480	168
1507	168
329	170
410	170
491	170
580	170
653	170
655	170
1028	170
1089	170
1209	170
1263	170
1282	170
1335	170
466	171
1275	172
1172	174
457	176
759	176
1354	179
202	180
203	180
369	180
421	180
492	180
574	180
576	180
587	180
767	180
785	180
822	180
899	180
901	180
908	180
914	180
934	180
943	180
950	180
1009	180
1048	180
1086	180
1093	180
1134	180
1140	180
1233	180
1272	180
1309	180
1416	180
1419	180
1432	180
1439	180
1493	180
1495	180
265	184
269	184
469	184
512	184
579	184
663	184
691	184
862	184
899	184
905	184
908	184
914	184
1027	184
1134	184
1144	184
1194	184
1272	184
1358	184
1398	184
1411	184
1419	184
1432	184
1432	185
290	189
711	189
1232	189
206	191
849	191
1063	191
1222	191
1436	191
1448	191
1481	191
946	194
745	196
1130	200
1251	200
1429	200
203	202
361	202
373	202
419	202
478	202
492	202
526	202
574	202
579	202
644	202
646	202
780	202
785	202
819	202
822	202
862	202
908	202
914	202
974	202
989	202
1024	202
1026	202
1048	202
1096	202
1134	202
1193	202
1230	202
1272	202
1279	202
1309	202
1349	202
1358	202
1410	202
1411	202
1432	202
361	203
373	203
393	203
419	203
437	203
478	203
492	203
517	203
526	203
559	203
574	203
583	203
639	203
644	203
645	203
780	203
785	203
819	203
822	203
908	203
914	203
974	203
989	203
1024	203
1026	203
1048	203
1096	203
1193	203
1230	203
1261	203
1309	203
1406	203
1419	203
276	204
349	204
1145	204
849	206
1063	206
1436	206
1448	206
1481	206
348	208
413	208
568	208
577	208
681	208
787	208
938	208
1044	208
1187	208
1438	208
1480	208
1507	208
799	210
230	216
232	218
1064	218
356	219
494	219
501	219
554	219
697	219
773	219
1030	219
1512	219
738	224
1179	224
1314	224
1343	224
1512	224
778	226
1064	232
668	240
808	240
981	240
378	247
453	248
514	248
251	250
290	250
711	250
814	250
860	250
1185	250
1232	250
1414	250
290	251
417	251
612	251
711	251
814	251
860	251
1101	251
1185	251
1232	251
1244	251
1414	251
423	260
512	265
574	265
663	265
899	265
905	265
1134	265
1144	265
1272	265
1358	265
492	269
579	269
691	269
908	269
928	269
1144	269
1194	269
1411	269
917	275
349	276
1145	276
1218	276
460	279
719	279
601	280
291	285
353	285
368	285
500	285
513	285
921	285
1033	285
1070	285
1123	285
1387	285
1451	285
612	290
711	290
814	290
860	290
1101	290
1166	290
1185	290
1232	290
1244	290
1414	290
353	291
368	291
500	291
513	291
921	291
1123	291
1387	291
1451	291
1278	292
458	296
466	296
527	296
652	296
920	296
926	296
1158	296
1322	296
1365	296
1445	296
411	301
572	301
975	301
328	303
547	303
993	303
1314	303
1365	303
1407	303
993	304
413	309
662	309
938	309
1043	309
1044	309
1428	309
325	310
333	310
614	310
861	310
875	310
1022	310
1072	310
1217	310
350	315
603	315
820	315
1000	315
713	316
1345	317
1300	322
1147	324
333	325
614	325
861	325
875	325
1022	325
1072	325
1192	325
1217	325
593	327
812	327
830	327
840	327
874	327
929	327
1206	327
876	328
993	328
1069	328
1075	328
1407	328
1461	328
410	329
491	329
580	329
653	329
655	329
1089	329
1209	329
1263	329
1282	329
1335	329
614	333
861	333
875	333
1022	333
1072	333
1217	333
391	341
665	341
1028	341
1184	341
1350	341
561	343
1385	343
632	345
906	345
1249	346
413	348
442	348
577	348
681	348
938	348
1187	348
1480	348
1507	348
1145	349
603	350
820	350
1509	352
368	353
500	353
513	353
921	353
1123	353
1451	353
400	355
587	355
767	355
1086	355
1416	355
501	356
554	356
697	356
773	356
1030	356
1512	356
373	361
478	361
492	361
517	361
526	361
574	361
644	361
646	361
780	361
785	361
819	361
908	361
940	361
989	361
1024	361
1026	361
1048	361
1193	361
1309	361
1419	361
436	362
514	362
473	364
485	364
708	364
1354	364
1098	365
1140	365
500	368
513	368
653	368
655	368
921	368
1028	368
1033	368
1123	368
1209	368
1282	368
1387	368
1451	368
421	369
529	369
576	369
587	369
767	369
822	369
901	369
934	369
950	369
1009	369
1086	369
1093	369
1309	369
1416	369
1439	369
1493	369
1495	369
419	373
478	373
492	373
526	373
574	373
639	373
644	373
780	373
785	373
819	373
822	373
908	373
914	373
940	373
974	373
991	373
1024	373
1026	373
1048	373
1096	373
1134	373
1193	373
1230	373
1261	373
1272	373
1309	373
1410	373
1411	373
1432	373
525	383
1023	383
945	384
781	388
1058	388
1190	388
1497	389
1180	390
1289	390
466	391
665	391
1184	391
1350	391
428	392
613	392
809	392
1071	392
448	396
587	400
1086	400
1416	400
1269	408
491	410
580	410
653	410
655	410
1089	410
1209	410
1263	410
1282	410
1335	410
572	411
975	411
1098	411
1140	411
520	413
568	413
577	413
662	413
681	413
732	413
787	413
938	413
1014	413
1043	413
1044	413
1187	413
1333	413
1438	413
1480	413
1507	413
1414	417
825	418
478	419
492	419
526	419
574	419
583	419
644	419
780	419
785	419
819	419
822	419
908	419
914	419
940	419
974	419
989	419
1024	419
1026	419
1048	419
1096	419
1193	419
1230	419
1261	419
1309	419
1349	419
1410	419
1432	419
707	420
576	421
587	421
767	421
901	421
934	421
950	421
1009	421
1086	421
1093	421
1309	421
1416	421
1439	421
1493	421
1495	421
778	426
535	428
819	428
1024	428
524	432
1226	432
763	433
878	433
514	436
940	437
1019	437
681	442
1187	442
1507	442
513	444
1407	444
585	447
1052	447
1154	447
1486	447
489	449
1298	449
721	451
913	453
759	457
466	458
527	458
920	458
1158	458
1322	458
1445	458
938	459
482	460
719	460
613	465
511	466
527	466
665	466
825	466
920	466
1158	466
1322	466
1350	466
1445	466
1502	466
641	468
1075	468
1241	468
1361	468
1461	468
899	469
908	469
1134	469
1144	469
1411	469
535	472
945	472
485	473
708	473
1354	473
1407	474
492	478
517	478
526	478
574	478
644	478
646	478
780	478
785	478
819	478
822	478
908	478
914	478
940	478
974	478
989	478
991	478
996	478
1024	478
1026	478
1048	478
1096	478
1193	478
1230	478
1261	478
1279	478
1309	478
1410	478
1423	478
1432	478
708	485
1354	485
549	489
576	489
1012	489
1298	489
1316	489
736	490
580	491
653	491
655	491
1028	491
1089	491
1209	491
1263	491
1282	491
1335	491
526	492
559	492
574	492
579	492
644	492
646	492
780	492
785	492
819	492
908	492
914	492
940	492
974	492
984	492
996	492
1024	492
1026	492
1048	492
1096	492
1144	492
1272	492
1309	492
1411	492
501	494
554	494
697	494
645	497
728	497
785	497
943	497
1067	497
513	500
921	500
1033	500
1123	500
1387	500
1451	500
554	501
697	501
773	501
1030	501
1512	501
649	511
850	511
1502	511
579	512
663	512
691	512
862	512
899	512
905	512
1134	512
1144	512
1272	512
1358	512
1398	512
1411	512
1419	512
653	513
921	513
1028	513
1033	513
1070	513
1123	513
1209	513
1387	513
1451	513
574	517
780	517
819	517
1024	517
1193	517
1261	517
1394	518
681	520
879	520
906	520
1014	520
1044	520
709	524
1226	524
1386	524
1023	525
574	526
639	526
644	526
780	526
785	526
819	526
908	526
914	526
989	526
1026	526
1048	526
1134	526
1193	526
1261	526
1309	526
1411	526
1419	526
1432	526
920	527
1158	527
1322	527
1445	527
934	529
747	530
712	535
945	535
765	536
1376	545
682	546
933	546
1012	549
1298	549
1316	549
908	551
1300	551
697	554
773	554
1030	554
1512	554
1025	558
1357	558
1371	558
780	559
819	559
974	559
1385	561
1417	566
577	568
681	568
1507	568
975	572
639	574
644	574
780	574
785	574
819	574
822	574
908	574
914	574
940	574
989	574
996	574
1017	574
1024	574
1026	574
1048	574
1096	574
1134	574
1193	574
1230	574
1261	574
1309	574
1349	574
1410	574
1411	574
1419	574
1423	574
1432	574
587	576
767	576
822	576
934	576
950	576
959	576
1009	576
1086	576
1093	576
1134	576
1298	576
1309	576
1416	576
1439	576
1495	576
681	577
787	577
938	577
1014	577
1043	577
1044	577
1187	577
1438	577
1480	577
1507	577
607	578
1208	578
1290	578
663	579
691	579
899	579
908	579
914	579
928	579
1134	579
1144	579
1194	579
1272	579
1358	579
1398	579
1411	579
1419	579
653	580
655	580
1089	580
1209	580
1263	580
1282	580
1335	580
1492	582
780	583
974	583
1024	583
1261	583
1052	585
1154	585
1486	585
1496	586
767	587
901	587
934	587
950	587
1086	587
1093	587
1416	587
1439	587
1495	587
735	591
1259	591
1378	591
1485	591
644	593
812	593
830	593
840	593
874	593
929	593
1026	593
1206	593
1336	593
765	596
889	599
1056	599
820	603
1000	603
841	605
858	605
1208	607
1290	607
711	612
814	612
824	612
860	612
1101	612
1185	612
1232	612
1244	612
1414	612
809	613
945	613
861	614
875	614
1022	614
1217	614
990	615
1403	615
679	619
945	620
681	632
906	632
1044	632
785	639
819	639
989	639
1193	639
1261	639
1309	639
1075	641
1241	641
1361	641
1461	641
780	644
785	644
819	644
822	644
874	644
908	644
914	644
1024	644
1026	644
1048	644
1096	644
1193	644
1309	644
1410	644
1432	644
785	645
819	645
822	645
908	645
1309	645
1419	645
822	646
908	646
996	646
1134	646
1309	646
1411	646
1432	646
1514	646
1513	649
1445	652
655	653
1028	653
1089	653
1209	653
1263	653
1282	653
1335	653
1028	655
1089	655
1209	655
1263	655
1282	655
1335	655
1200	657
938	662
1043	662
1428	662
691	663
862	663
899	663
905	663
908	663
1027	663
1134	663
1144	663
1272	663
1358	663
1398	663
1411	663
1419	663
1432	663
914	664
943	664
1233	664
1184	665
1350	665
1375	667
808	668
981	668
830	671
911	671
1421	671
1512	675
681	678
787	681
879	681
906	681
938	681
1014	681
1043	681
1044	681
1187	681
1333	681
1438	681
1480	681
1507	681
927	682
933	682
1191	682
1351	682
841	686
918	686
1082	688
1396	689
899	691
905	691
928	691
1134	691
1144	691
1194	691
1272	691
1358	691
1411	691
773	697
1030	697
1512	697
1185	705
945	708
1354	708
1226	709
1386	709
814	711
860	711
1101	711
1166	711
1185	711
1232	711
1244	711
1414	711
747	718
835	731
1044	732
1438	732
1351	734
1259	735
1378	735
1485	735
1179	738
1314	738
1343	738
1512	738
1506	743
1115	745
1365	754
1287	758
819	761
901	767
934	767
950	767
1009	767
1086	767
1093	767
1416	767
1439	767
1493	767
1495	767
1030	773
1512	773
1179	775
1512	775
1039	778
785	780
819	780
908	780
914	780
940	780
974	780
989	780
1024	780
1026	780
1048	780
1096	780
1193	780
1230	780
1261	780
1309	780
1349	780
1410	780
1432	780
1058	781
1190	781
886	784
1041	784
819	785
822	785
908	785
914	785
940	785
943	785
950	785
989	785
1024	785
1026	785
1048	785
1193	785
1309	785
1406	785
1419	785
1424	785
1432	785
938	787
1044	787
1368	787
1438	787
1480	787
1507	787
829	797
1285	797
906	801
997	803
1403	807
811	808
981	808
990	809
1480	810
830	812
840	812
874	812
929	812
1206	812
860	814
1101	814
1166	814
1185	814
1232	814
1244	814
1414	814
1444	816
822	819
908	819
914	819
950	819
974	819
989	819
1024	819
1026	819
1048	819
1086	819
1096	819
1193	819
1230	819
1261	819
1309	819
1410	819
1419	819
1514	819
1000	820
1297	821
908	822
914	822
940	822
943	822
950	822
996	822
1024	822
1045	822
1048	822
1086	822
1093	822
1134	822
1193	822
1233	822
1279	822
1309	822
1406	822
1410	822
1419	822
1432	822
1439	822
1495	822
1414	824
1134	829
1285	829
1398	829
840	830
874	830
911	830
929	830
1026	830
1206	830
1336	830
1421	830
954	838
874	840
929	840
1206	840
858	841
918	841
1273	841
1319	841
1401	845
1063	849
1436	849
1448	849
1481	849
1193	854
1101	860
1185	860
1232	860
1244	860
1414	860
875	861
1022	861
1072	861
1217	861
899	862
908	862
914	862
949	862
1134	862
1144	862
1272	862
1358	862
1411	862
1419	862
1319	868
1428	872
929	874
1206	874
1022	875
1072	875
1217	875
993	876
1069	876
1075	876
1461	876
1014	879
986	882
1124	882
1041	886
1056	889
1466	890
1214	897
1221	898
1499	898
905	899
908	899
928	899
1134	899
1144	899
1272	899
1358	899
1398	899
1411	899
1419	899
1432	899
934	901
950	901
1009	901
1086	901
1416	901
1439	901
1493	901
1495	901
1027	905
1134	905
1144	905
1272	905
1358	905
1398	905
1411	905
938	906
1014	906
1044	906
1438	906
914	908
949	908
1017	908
1024	908
1026	908
1048	908
1096	908
1134	908
1144	908
1193	908
1230	908
1272	908
1279	908
1309	908
1358	908
1398	908
1410	908
1411	908
1419	908
1432	908
1421	911
949	914
974	914
989	914
1017	914
1026	914
1048	914
1134	914
1144	914
1193	914
1230	914
1261	914
1272	914
1279	914
1309	914
1410	914
1411	914
1419	914
1432	914
1273	918
1158	920
1322	920
1445	920
1123	921
1451	921
984	924
1411	924
1445	926
1351	927
945	928
1071	928
1144	928
1194	928
1411	928
1206	929
1191	933
1351	933
950	934
1009	934
1086	934
1093	934
1416	934
1439	934
1490	934
1493	934
1495	934
1475	937
1043	938
1044	938
1187	938
1333	938
1438	938
1480	938
1507	938
1026	940
1048	940
1309	940
1432	940
1453	942
1460	942
950	943
1134	943
1233	943
1136	944
1071	945
1272	949
1419	949
1009	950
1026	950
1086	950
1093	950
1134	950
1308	950
1309	950
1416	950
1439	950
1493	950
1495	950
1415	961
1157	964
1024	974
1026	974
1048	974
1193	974
1260	974
1261	974
1353	976
1411	984
1124	986
1024	989
1026	989
1048	989
1193	989
1230	989
1260	989
1410	989
1069	993
1075	993
1407	993
1461	993
1302	996
1309	996
1142	1001
1409	1001
1122	1004
1514	1005
1086	1009
1416	1009
1439	1009
1493	1009
1495	1009
1298	1012
1316	1012
1467	1013
1044	1014
1438	1014
1480	1014
1045	1017
1134	1017
1193	1017
1419	1017
1432	1017
1072	1022
1217	1022
1026	1024
1048	1024
1193	1024
1230	1024
1261	1024
1309	1024
1410	1024
1432	1024
1357	1025
1048	1026
1096	1026
1134	1026
1193	1026
1230	1026
1261	1026
1309	1026
1410	1026
1419	1026
1432	1026
1134	1027
1272	1027
1411	1027
1419	1027
1424	1027
1432	1027
1501	1027
1089	1028
1209	1028
1263	1028
1282	1028
1335	1028
1350	1028
1512	1030
1245	1032
1070	1033
1123	1033
1387	1033
1044	1043
1438	1043
1480	1043
1507	1043
1333	1044
1368	1044
1438	1044
1480	1044
1507	1044
1432	1045
1096	1048
1134	1048
1193	1048
1230	1048
1261	1048
1279	1048
1309	1048
1410	1048
1432	1048
1154	1052
1486	1052
1190	1058
1393	1059
1129	1061
1436	1063
1448	1063
1481	1063
1071	1068
1075	1069
1461	1069
1123	1070
1387	1070
1217	1072
1241	1075
1361	1075
1461	1075
1228	1082
1276	1082
1093	1086
1309	1086
1416	1086
1439	1086
1493	1086
1495	1086
1209	1089
1263	1089
1282	1089
1335	1089
1309	1093
1416	1093
1439	1093
1493	1093
1495	1093
1193	1096
1230	1096
1309	1096
1410	1096
1423	1096
1432	1096
1140	1098
1406	1098
1185	1101
1232	1101
1414	1101
1387	1123
1451	1123
1251	1130
1429	1130
1144	1134
1233	1134
1272	1134
1279	1134
1309	1134
1358	1134
1398	1134
1411	1134
1419	1134
1432	1134
1392	1139
1409	1142
1194	1144
1272	1144
1358	1144
1398	1144
1411	1144
1419	1144
1381	1151
1486	1154
1322	1158
1445	1158
1314	1179
1343	1179
1512	1179
1289	1180
1350	1184
1232	1185
1414	1185
1480	1187
1507	1187
1351	1191
1230	1193
1261	1193
1309	1193
1410	1193
1419	1193
1432	1193
1411	1194
1336	1206
1242	1208
1290	1208
1263	1209
1282	1209
1335	1209
1257	1210
1499	1221
1505	1222
1386	1226
1276	1228
1324	1228
1346	1228
1279	1230
1309	1230
1410	1230
1419	1230
1244	1232
1414	1232
1361	1241
1461	1241
1290	1242
1414	1244
1280	1245
1429	1251
1378	1259
1485	1259
1309	1261
1410	1261
1282	1263
1335	1263
1358	1272
1398	1272
1411	1272
1419	1272
1432	1272
1319	1273
1324	1276
1346	1276
1423	1279
1432	1279
1335	1282
1493	1308
1406	1309
1410	1309
1416	1309
1419	1309
1432	1309
1439	1309
1495	1309
1343	1314
1365	1314
1407	1314
1512	1314
1445	1322
1438	1333
1507	1333
1512	1343
1497	1357
1398	1358
1411	1358
1419	1358
1432	1358
1461	1361
1407	1365
1485	1378
1473	1383
1451	1387
1440	1395
1411	1398
1432	1398
1432	1410
1419	1411
1432	1411
1439	1416
1493	1416
1495	1416
1432	1419
1448	1436
1481	1436
1480	1438
1507	1438
1490	1439
1493	1439
1495	1439
1481	1448
1460	1453
1507	1480
1495	1493
