1	579
3	675
3	688
4	415
4	812
9	51
9	62
9	191
11	314
11	457
11	570
11	588
11	632
11	737
11	806
13	296
15	33
15	58
15	80
15	115
15	122
15	132
15	167
15	172
15	189
15	222
15	382
15	500
15	515
15	524
15	527
15	567
15	615
15	618
15	663
15	707
15	737
15	744
15	795
15	810
15	819
15	839
19	34
19	178
19	233
19	384
19	430
19	572
20	30
20	33
20	76
20	101
20	103
20	124
20	132
20	192
20	220
20	256
20	257
20	264
20	265
20	277
20	283
20	314
20	409
20	434
20	457
20	479
20	507
20	575
20	576
20	588
20	593
20	625
20	632
20	657
20	712
20	722
20	736
20	737
20	791
20	815
28	176
28	279
28	636
28	792
28	807
30	101
30	103
30	132
30	192
30	220
30	256
30	257
30	264
30	265
30	277
30	314
30	434
30	453
30	457
30	479
30	507
30	575
30	576
30	588
30	593
30	625
30	657
30	712
30	722
30	736
30	737
33	58
33	76
33	115
33	124
33	132
33	167
33	177
33	185
33	192
33	216
33	220
33	256
33	264
33	314
33	409
33	434
33	457
33	459
33	479
33	507
33	554
33	575
33	576
33	588
33	593
33	625
33	632
33	636
33	657
33	663
33	695
33	722
33	736
33	737
33	791
33	798
33	806
33	810
34	178
34	233
34	302
34	384
34	430
34	504
34	631
34	809
35	498
35	589
35	685
35	842
36	384
36	504
36	831
38	346
38	350
38	377
38	626
38	629
39	192
39	256
39	361
39	554
39	736
40	691
40	743
40	757
41	103
42	78
42	82
42	157
42	166
42	171
42	182
42	190
42	422
42	477
42	484
42	604
42	624
42	745
43	303
45	130
45	198
45	314
45	367
45	459
45	507
45	593
45	608
45	636
45	642
45	713
45	736
45	798
45	806
45	815
47	128
47	174
47	175
47	285
47	339
47	401
47	455
47	476
47	622
47	623
47	654
47	665
47	694
47	700
47	747
47	780
47	794
48	116
48	301
48	307
48	393
48	474
48	666
48	706
48	756
48	758
48	774
48	775
48	820
48	835
48	848
48	850
49	117
49	817
50	763
56	458
56	731
57	79
57	254
57	258
57	286
57	407
57	485
57	614
57	708
57	769
58	115
58	132
58	189
58	382
58	459
58	473
58	524
58	615
58	618
58	663
58	673
58	737
58	810
58	819
58	839
60	85
60	170
60	366
60	368
60	679
60	749
61	193
61	331
61	492
61	738
62	191
63	138
63	387
65	805
72	123
72	451
72	549
73	209
76	101
76	103
76	115
76	132
76	185
76	192
76	220
76	256
76	264
76	265
76	277
76	283
76	314
76	357
76	409
76	434
76	440
76	457
76	479
76	507
76	554
76	575
76	576
76	588
76	593
76	619
76	625
76	632
76	657
76	663
76	722
76	736
76	737
76	759
76	791
76	815
78	82
78	157
78	166
78	171
78	190
78	422
78	477
78	484
78	548
78	604
78	624
78	668
78	745
79	258
79	407
79	485
79	605
79	614
80	115
80	132
80	172
80	189
80	222
80	382
80	423
80	459
80	500
80	515
80	524
80	527
80	567
80	615
80	618
80	653
80	663
80	744
80	795
80	810
80	819
80	839
82	157
82	166
82	171
82	182
82	190
82	422
82	477
82	484
82	548
82	604
82	624
82	745
85	170
85	366
85	368
85	679
85	749
86	718
91	362
91	806
95	401
95	455
95	694
97	106
97	329
97	598
97	686
97	830
101	103
101	124
101	132
101	138
101	185
101	192
101	213
101	220
101	256
101	257
101	264
101	277
101	314
101	409
101	434
101	457
101	479
101	507
101	554
101	576
101	588
101	593
101	625
101	632
101	642
101	657
101	712
101	722
101	736
101	737
101	759
101	791
101	798
101	806
101	815
103	124
103	132
103	185
103	192
103	220
103	256
103	257
103	264
103	265
103	277
103	314
103	361
103	409
103	434
103	440
103	457
103	459
103	479
103	507
103	554
103	575
103	576
103	588
103	593
103	619
103	625
103	632
103	636
103	657
103	713
103	716
103	721
103	722
103	736
103	737
103	759
103	791
103	792
103	806
103	815
105	587
106	598
106	830
108	443
109	317
109	327
109	372
109	678
109	729
109	849
113	292
113	464
113	768
115	132
115	167
115	172
115	189
115	222
115	382
115	459
115	500
115	515
115	524
115	527
115	615
115	618
115	663
115	695
115	707
115	737
115	795
115	810
115	839
116	474
116	666
116	756
116	758
116	835
116	848
116	850
121	375
121	521
121	640
123	451
123	549
124	185
124	192
124	198
124	220
124	256
124	277
124	314
124	409
124	434
124	457
124	459
124	479
124	495
124	507
124	554
124	575
124	576
124	588
124	593
124	625
124	632
124	636
124	713
124	721
124	722
124	736
124	737
124	791
124	806
128	174
128	175
128	285
128	339
128	401
128	455
128	476
128	622
128	623
128	665
128	694
128	700
128	747
128	780
128	794
130	135
130	198
130	213
130	279
130	367
130	409
130	495
130	503
130	507
130	541
130	608
130	636
130	642
130	713
130	716
130	736
130	754
130	792
130	798
131	637
132	185
132	189
132	192
132	220
132	222
132	256
132	264
132	277
132	282
132	305
132	314
132	357
132	382
132	409
132	434
132	440
132	457
132	459
132	479
132	500
132	507
132	515
132	524
132	527
132	538
132	570
132	575
132	576
132	583
132	588
132	593
132	615
132	618
132	619
132	625
132	628
132	632
132	657
132	663
132	673
132	695
132	712
132	722
132	736
132	737
132	744
132	791
132	795
132	798
132	806
132	810
132	815
132	819
132	839
132	849
134	672
135	198
135	213
135	279
135	314
135	367
135	461
135	495
135	503
135	608
135	636
135	642
135	716
135	754
138	213
138	230
138	264
138	277
138	345
138	367
138	391
138	461
138	495
138	514
138	642
138	670
138	702
138	736
138	792
138	815
140	286
140	686
140	769
140	844
149	434
149	632
154	216
154	312
154	487
154	765
154	820
155	267
155	609
156	159
156	302
157	166
157	171
157	182
157	190
157	422
157	477
157	484
157	548
157	604
157	624
157	689
157	745
158	229
158	399
158	690
158	778
159	302
159	384
160	450
160	786
163	733
164	475
165	645
165	846
166	171
166	182
166	190
166	422
166	477
166	484
166	548
166	604
166	624
166	668
166	745
167	382
167	459
167	524
167	663
167	695
167	737
167	795
167	810
167	839
170	366
170	368
170	679
170	749
171	182
171	190
171	422
171	477
171	484
171	548
171	604
171	624
171	689
171	745
172	181
172	189
172	211
172	222
172	382
172	423
172	500
172	515
172	524
172	527
172	567
172	615
172	618
172	653
172	663
172	744
172	795
172	810
172	819
172	839
173	255
174	175
174	285
174	339
174	401
174	455
174	476
174	622
174	623
174	665
174	694
174	700
174	747
174	780
174	794
175	285
175	339
175	401
175	455
175	476
175	622
175	623
175	665
175	694
175	700
175	747
175	780
175	794
176	807
178	233
178	384
178	430
181	211
181	615
181	795
182	309
182	477
182	484
182	604
184	282
184	384
184	504
184	809
184	831
185	192
185	256
185	264
185	277
185	283
185	314
185	361
185	409
185	434
185	457
185	479
185	554
185	575
185	576
185	588
185	593
185	625
185	632
185	722
185	736
185	737
185	798
185	815
186	621
186	639
186	825
187	268
189	222
189	382
189	423
189	459
189	500
189	515
189	524
189	527
189	567
189	615
189	618
189	653
189	663
189	737
189	744
189	795
189	810
189	819
189	839
190	422
190	477
190	484
190	604
190	689
190	745
192	198
192	213
192	220
192	256
192	257
192	264
192	265
192	277
192	314
192	357
192	409
192	434
192	457
192	459
192	479
192	495
192	507
192	565
192	575
192	576
192	588
192	593
192	619
192	625
192	632
192	636
192	657
192	661
192	712
192	716
192	722
192	736
192	737
192	791
192	792
192	806
192	815
193	331
193	492
193	738
195	675
198	213
198	264
198	279
198	367
198	409
198	459
198	461
198	495
198	503
198	507
198	521
198	527
198	541
198	593
198	608
198	632
198	636
198	642
198	716
198	722
198	736
198	754
198	792
198	798
198	806
199	522
204	728
205	377
205	664
205	823
206	227
211	615
211	795
213	230
213	251
213	264
213	279
213	314
213	345
213	361
213	367
213	391
213	461
213	495
213	503
213	514
213	541
213	551
213	565
213	608
213	636
213	642
213	670
213	702
213	716
213	722
213	736
213	754
213	792
213	798
213	806
213	815
214	444
216	312
216	487
216	531
216	621
216	639
216	765
216	825
217	281
220	256
220	257
220	264
220	277
220	314
220	409
220	434
220	457
220	459
220	479
220	507
220	554
220	575
220	576
220	588
220	593
220	619
220	625
220	632
220	657
220	712
220	722
220	736
220	737
220	759
220	791
220	806
220	815
221	398
222	382
222	500
222	515
222	524
222	527
222	567
222	615
222	618
222	663
222	737
222	795
222	810
222	819
222	839
225	243
226	421
226	606
227	292
227	457
227	553
227	575
227	843
229	690
230	345
230	391
230	461
230	495
230	512
230	551
230	608
230	636
230	642
230	702
230	736
230	792
232	571
232	625
233	384
233	430
235	501
237	321
237	592
237	647
238	395
238	735
247	528
251	367
251	636
251	642
251	736
251	792
254	286
255	540
256	264
256	265
256	277
256	283
256	314
256	361
256	409
256	434
256	440
256	457
256	459
256	479
256	507
256	554
256	575
256	576
256	588
256	593
256	619
256	625
256	632
256	657
256	712
256	721
256	722
256	736
256	737
256	791
256	806
256	815
257	265
257	277
257	314
257	434
257	466
257	507
257	576
257	625
257	632
257	657
257	712
257	722
258	286
258	407
258	485
258	605
258	614
258	769
264	265
264	277
264	314
264	361
264	367
264	409
264	434
264	457
264	479
264	507
264	551
264	575
264	576
264	588
264	593
264	619
264	625
264	632
264	642
264	663
264	716
264	722
264	736
264	737
264	792
264	815
265	277
265	314
265	338
265	434
265	457
265	479
265	575
265	588
265	593
265	625
265	632
265	722
265	736
265	815
266	301
266	393
266	706
267	609
268	329
268	411
268	521
269	496
273	547
274	287
274	539
277	283
277	314
277	357
277	361
277	367
277	409
277	434
277	457
277	459
277	479
277	495
277	507
277	551
277	554
277	565
277	575
277	576
277	588
277	593
277	619
277	625
277	632
277	657
277	712
277	722
277	736
277	737
277	791
277	792
277	806
277	815
279	367
279	391
279	461
279	503
279	541
279	608
279	636
279	642
279	716
279	722
279	736
279	754
279	792
279	798
282	328
282	384
282	459
282	504
282	527
282	618
282	663
282	736
282	737
282	798
282	831
283	314
283	434
283	457
283	479
283	575
283	593
283	632
283	712
283	736
285	339
285	401
285	455
285	476
285	622
285	623
285	665
285	694
285	700
285	747
285	780
285	794
286	407
286	769
287	539
292	464
292	522
292	742
298	349
298	820
299	733
301	307
301	393
301	706
301	756
301	758
301	848
302	384
302	827
305	636
305	673
305	736
307	393
307	706
307	848
310	435
310	528
310	596
310	667
312	487
312	765
314	357
314	409
314	434
314	457
314	459
314	479
314	495
314	507
314	554
314	570
314	575
314	576
314	588
314	593
314	619
314	625
314	632
314	636
314	657
314	661
314	663
314	712
314	722
314	736
314	737
314	752
314	759
314	791
314	792
314	798
314	806
314	815
317	327
317	372
317	678
317	729
321	592
321	647
326	483
326	542
326	576
326	609
326	676
326	750
327	372
327	678
327	729
327	849
329	432
331	492
331	738
338	510
339	401
339	455
339	476
339	622
339	623
339	665
339	694
339	700
339	747
339	794
344	522
345	391
345	461
345	514
345	642
345	670
345	702
345	736
345	792
346	366
346	377
346	626
346	629
346	679
348	490
348	585
350	629
352	640
356	480
357	457
357	479
357	554
357	593
357	628
357	632
357	712
357	737
357	752
361	367
361	459
361	479
361	625
361	636
361	702
361	722
361	736
361	737
361	792
361	806
361	815
361	849
366	368
366	679
366	749
367	391
367	461
367	495
367	503
367	514
367	541
367	608
367	632
367	636
367	642
367	670
367	713
367	716
367	722
367	736
367	754
367	792
367	798
368	679
368	749
372	678
372	729
373	391
373	461
373	514
373	670
373	702
373	792
375	507
375	521
375	695
377	629
377	823
380	408
381	756
381	758
381	774
381	820
381	848
382	423
382	459
382	500
382	515
382	524
382	527
382	567
382	615
382	618
382	653
382	663
382	737
382	744
382	795
382	810
382	839
384	430
384	504
384	631
384	809
384	831
388	530
389	661
391	461
391	495
391	503
391	514
391	608
391	636
391	642
391	670
391	702
391	716
391	722
391	736
391	754
391	792
393	706
393	756
393	758
393	848
395	472
395	568
395	726
395	735
399	690
399	778
401	455
401	476
401	622
401	623
401	654
401	665
401	694
401	700
401	747
401	780
401	794
404	741
407	485
407	605
407	614
407	769
409	434
409	457
409	459
409	479
409	507
409	527
409	554
409	575
409	576
409	583
409	588
409	593
409	619
409	625
409	632
409	636
409	657
409	663
409	713
409	716
409	721
409	722
409	736
409	737
409	754
409	798
409	806
409	815
413	465
415	812
418	805
420	720
422	477
422	484
422	548
422	604
422	624
422	745
423	515
423	567
423	615
429	801
430	572
431	650
434	457
434	479
434	507
434	554
434	575
434	576
434	588
434	593
434	619
434	625
434	632
434	657
434	712
434	722
434	736
434	737
434	759
434	791
434	806
434	815
435	528
435	596
435	667
438	490
438	585
440	457
440	479
440	588
440	619
440	736
440	737
440	832
445	725
450	786
451	549
455	476
455	622
455	623
455	654
455	665
455	694
455	700
455	747
455	780
455	794
457	459
457	479
457	507
457	527
457	554
457	575
457	576
457	588
457	593
457	615
457	619
457	625
457	628
457	632
457	657
457	663
457	712
457	722
457	736
457	737
457	791
457	798
457	819
457	849
458	731
459	507
459	521
459	524
459	527
459	575
459	588
459	593
459	615
459	618
459	632
459	636
459	663
459	695
459	721
459	722
459	736
459	737
459	791
459	798
459	806
459	810
459	839
461	495
461	565
461	608
461	636
461	642
461	670
461	702
461	716
461	736
461	754
461	792
461	798
461	806
461	815
464	514
471	536
472	580
472	735
473	673
473	819
474	666
474	758
474	835
474	848
474	850
476	622
476	623
476	665
476	694
476	700
476	747
476	780
476	794
477	484
477	548
477	604
477	624
479	507
479	554
479	565
479	575
479	576
479	581
479	588
479	593
479	619
479	625
479	632
479	657
479	663
479	712
479	722
479	736
479	737
479	806
479	815
483	542
483	609
483	676
484	548
484	604
484	624
485	605
485	614
487	765
488	630
490	585
492	738
493	826
495	507
495	541
495	636
495	642
495	702
495	716
495	722
495	736
495	737
495	754
495	792
495	798
495	806
498	589
498	685
498	842
500	515
500	524
500	527
500	567
500	615
500	663
500	795
500	810
500	839
503	608
503	632
503	636
503	642
503	716
503	736
503	754
503	792
504	631
504	809
504	831
507	526
507	554
507	570
507	576
507	588
507	593
507	625
507	632
507	636
507	642
507	657
507	663
507	712
507	713
507	716
507	721
507	722
507	736
507	737
507	754
507	791
507	792
507	798
507	806
509	536
509	717
512	551
512	702
512	722
512	792
514	522
514	642
514	670
514	702
514	792
515	524
515	527
515	567
515	615
515	618
515	663
515	744
515	795
515	810
515	819
515	836
515	839
521	527
521	636
521	640
521	695
521	736
524	527
524	567
524	615
524	618
524	663
524	737
524	744
524	795
524	810
524	839
526	713
526	716
526	798
527	567
527	576
527	615
527	618
527	636
527	653
527	663
527	737
527	795
527	810
527	839
528	596
528	667
532	725
535	841
536	717
536	741
536	798
537	656
538	657
541	608
541	636
541	642
541	716
541	722
541	736
541	754
541	792
542	576
542	609
542	676
548	604
548	624
551	702
551	722
551	736
551	792
551	815
554	575
554	576
554	588
554	593
554	625
554	632
554	663
554	711
554	722
554	791
554	815
564	849
565	575
565	722
565	736
566	735
567	615
567	663
567	795
567	810
567	839
568	726
568	735
570	593
570	636
570	798
570	806
575	576
575	588
575	593
575	625
575	632
575	657
575	712
575	722
575	736
575	737
575	791
575	806
576	588
576	593
576	609
576	619
576	625
576	632
576	636
576	657
576	663
576	712
576	713
576	722
576	736
576	737
576	791
576	798
576	806
576	815
581	588
581	737
583	737
588	593
588	619
588	625
588	632
588	636
588	657
588	663
588	712
588	721
588	722
588	736
588	737
588	791
588	806
588	815
589	685
589	842
592	647
593	619
593	625
593	632
593	636
593	642
593	657
593	661
593	712
593	713
593	721
593	722
593	736
593	737
593	759
593	791
593	792
593	806
593	815
596	667
598	830
604	624
604	689
604	745
605	614
605	699
608	636
608	642
608	716
608	722
608	736
608	754
608	792
610	633
610	705
610	823
611	691
612	717
615	618
615	653
615	663
615	737
615	744
615	795
615	810
615	819
615	839
618	653
618	663
618	707
618	737
618	795
618	810
618	839
619	625
619	632
619	722
619	736
619	737
619	791
619	806
619	815
621	639
621	825
622	623
622	665
622	694
622	747
622	780
622	794
623	665
623	694
623	700
623	747
623	794
625	632
625	657
625	663
625	712
625	722
625	736
625	737
625	806
626	629
631	809
632	636
632	642
632	657
632	712
632	713
632	716
632	722
632	736
632	737
632	754
632	759
632	791
632	792
632	798
632	806
632	815
633	705
636	642
636	663
636	695
636	713
636	716
636	721
636	722
636	736
636	737
636	754
636	792
636	798
636	806
639	825
642	670
642	702
642	713
642	716
642	722
642	736
642	754
642	792
642	798
642	815
645	846
646	742
648	789
653	795
653	839
657	712
657	722
657	736
657	737
657	791
657	800
661	722
661	736
663	736
663	737
663	791
663	795
663	806
663	810
663	839
664	823
665	694
665	747
665	780
665	794
666	756
666	758
666	835
666	848
666	850
670	702
670	736
670	792
673	734
673	744
673	819
675	688
676	750
678	729
679	749
680	710
685	842
686	844
690	778
691	743
691	757
694	700
694	747
694	780
694	794
700	747
700	794
702	722
702	736
702	792
702	798
702	815
705	823
706	756
706	758
706	848
707	810
711	722
712	722
712	736
712	737
712	791
713	716
713	722
713	736
713	754
713	798
713	806
716	722
716	736
716	754
716	792
716	798
716	806
717	741
721	722
721	736
721	754
721	806
722	736
722	737
722	754
722	791
722	792
722	798
722	806
722	815
726	735
736	737
736	754
736	791
736	792
736	798
736	806
736	815
736	849
737	791
737	795
737	798
737	806
737	810
737	815
737	839
744	795
744	819
747	780
747	794
754	792
754	798
756	758
756	774
756	775
756	820
756	835
756	848
756	850
758	774
758	775
758	820
758	835
758	848
758	850
774	775
774	820
774	835
774	848
775	820
775	835
775	848
780	794
791	806
792	798
792	806
792	815
792	832
795	810
795	819
795	839
798	806
798	815
798	832
809	831
810	836
810	839
818	824
819	839
820	835
820	848
835	848
835	850
848	850
579	1
675	3
688	3
415	4
812	4
51	9
62	9
191	9
314	11
457	11
570	11
588	11
632	11
737	11
806	11
296	13
33	15
58	15
80	15
115	15
122	15
132	15
167	15
172	15
189	15
222	15
382	15
500	15
515	15
524	15
527	15
567	15
615	15
618	15
663	15
707	15
737	15
744	15
795	15
810	15
819	15
839	15
34	19
178	19
233	19
384	19
430	19
572	19
30	20
33	20
76	20
101	20
103	20
124	20
132	20
192	20
220	20
256	20
257	20
264	20
265	20
277	20
283	20
314	20
409	20
434	20
457	20
479	20
507	20
575	20
576	20
588	20
593	20
625	20
632	20
657	20
712	20
722	20
736	20
737	20
791	20
815	20
176	28
279	28
636	28
792	28
807	28
101	30
103	30
132	30
192	30
220	30
256	30
257	30
264	30
265	30
277	30
314	30
434	30
453	30
457	30
479	30
507	30
575	30
576	30
588	30
593	30
625	30
657	30
712	30
722	30
736	30
737	30
58	33
76	33
115	33
124	33
132	33
167	33
177	33
185	33
192	33
216	33
220	33
256	33
264	33
314	33
409	33
434	33
457	33
459	33
479	33
507	33
554	33
575	33
576	33
588	33
593	33
625	33
632	33
636	33
657	33
663	33
695	33
722	33
736	33
737	33
791	33
798	33
806	33
810	33
178	34
233	34
302	34
384	34
430	34
504	34
631	34
809	34
498	35
589	35
685	35
842	35
384	36
504	36
831	36
346	38
350	38
377	38
626	38
629	38
192	39
256	39
361	39
554	39
736	39
691	40
743	40
757	40
103	41
78	42
82	42
157	42
166	42
171	42
182	42
190	42
422	42
477	42
484	42
604	42
624	42
745	42
303	43
130	45
198	45
314	45
367	45
459	45
507	45
593	45
608	45
636	45
642	45
713	45
736	45
798	45
806	45
815	45
128	47
174	47
175	47
285	47
339	47
401	47
455	47
476	47
622	47
623	47
654	47
665	47
694	47
700	47
747	47
780	47
794	47
116	48
301	48
307	48
393	48
474	48
666	48
706	48
756	48
758	48
774	48
775	48
820	48
835	48
848	48
850	48
117	49
817	49
763	50
458	56
731	56
79	57
254	57
258	57
286	57
407	57
485	57
614	57
708	57
769	57
115	58
132	58
189	58
382	58
459	58
473	58
524	58
615	58
618	58
663	58
673	58
737	58
810	58
819	58
839	58
85	60
170	60
366	60
368	60
679	60
749	60
193	61
331	61
492	61
738	61
191	62
138	63
387	63
805	65
123	72
451	72
549	72
209	73
101	76
103	76
115	76
132	76
185	76
192	76
220	76
256	76
264	76
265	76
277	76
283	76
314	76
357	76
409	76
434	76
440	76
457	76
479	76
507	76
554	76
575	76
576	76
588	76
593	76
619	76
625	76
632	76
657	76
663	76
722	76
736	76
737	76
759	76
791	76
815	76
82	78
157	78
166	78
171	78
190	78
422	78
477	78
484	78
548	78
604	78
624	78
668	78
745	78
258	79
407	79
485	79
605	79
614	79
115	80
132	80
172	80
189	80
222	80
382	80
423	80
459	80
500	80
515	80
524	80
527	80
567	80
615	80
618	80
653	80
663	80
744	80
795	80
810	80
819	80
839	80
157	82
166	82
171	82
182	82
190	82
422	82
477	82
484	82
548	82
604	82
624	82
745	82
170	85
366	85
368	85
679	85
749	85
718	86
362	91
806	91
401	95
455	95
694	95
106	97
329	97
598	97
686	97
830	97
103	101
124	101
132	101
138	101
185	101
192	101
213	101
220	101
256	101
257	101
264	101
277	101
314	101
409	101
434	101
457	101
479	101
507	101
554	101
576	101
588	101
593	101
625	101
632	101
642	101
657	101
712	101
722	101
736	101
737	101
759	101
791	101
798	101
806	101
815	101
124	103
132	103
185	103
192	103
220	103
256	103
257	103
264	103
265	103
277	103
314	103
361	103
409	103
434	103
440	103
457	103
459	103
479	103
507	103
554	103
575	103
576	103
588	103
593	103
619	103
625	103
632	103
636	103
657	103
713	103
716	103
721	103
722	103
736	103
737	103
759	103
791	103
792	103
806	103
815	103
587	105
598	106
830	106
443	108
317	109
327	109
372	109
678	109
729	109
849	109
292	113
464	113
768	113
132	115
167	115
172	115
189	115
222	115
382	115
459	115
500	115
515	115
524	115
527	115
615	115
618	115
663	115
695	115
707	115
737	115
795	115
810	115
839	115
474	116
666	116
756	116
758	116
835	116
848	116
850	116
375	121
521	121
640	121
451	123
549	123
185	124
192	124
198	124
220	124
256	124
277	124
314	124
409	124
434	124
457	124
459	124
479	124
495	124
507	124
554	124
575	124
576	124
588	124
593	124
625	124
632	124
636	124
713	124
721	124
722	124
736	124
737	124
791	124
806	124
174	128
175	128
285	128
339	128
401	128
455	128
476	128
622	128
623	128
665	128
694	128
700	128
747	128
780	128
794	128
135	130
198	130
213	130
279	130
367	130
409	130
495	130
503	130
507	130
541	130
608	130
636	130
642	130
713	130
716	130
736	130
754	130
792	130
798	130
637	131
185	132
189	132
192	132
220	132
222	132
256	132
264	132
277	132
282	132
305	132
314	132
357	132
382	132
409	132
434	132
440	132
457	132
459	132
479	132
500	132
507	132
515	132
524	132
527	132
538	132
570	132
575	132
576	132
583	132
588	132
593	132
615	132
618	132
619	132
625	132
628	132
632	132
657	132
663	132
673	132
695	132
712	132
722	132
736	132
737	132
744	132
791	132
795	132
798	132
806	132
810	132
815	132
819	132
839	132
849	132
672	134
198	135
213	135
279	135
314	135
367	135
461	135
495	135
503	135
608	135
636	135
642	135
716	135
754	135
213	138
230	138
264	138
277	138
345	138
367	138
391	138
461	138
495	138
514	138
642	138
670	138
702	138
736	138
792	138
815	138
286	140
686	140
769	140
844	140
434	149
632	149
216	154
312	154
487	154
765	154
820	154
267	155
609	155
159	156
302	156
166	157
171	157
182	157
190	157
422	157
477	157
484	157
548	157
604	157
624	157
689	157
745	157
229	158
399	158
690	158
778	158
302	159
384	159
450	160
786	160
733	163
475	164
645	165
846	165
171	166
182	166
190	166
422	166
477	166
484	166
548	166
604	166
624	166
668	166
745	166
382	167
459	167
524	167
663	167
695	167
737	167
795	167
810	167
839	167
366	170
368	170
679	170
749	170
182	171
190	171
422	171
477	171
484	171
548	171
604	171
624	171
689	171
745	171
181	172
189	172
211	172
222	172
382	172
423	172
500	172
515	172
524	172
527	172
567	172
615	172
618	172
653	172
663	172
744	172
795	172
810	172
819	172
839	172
255	173
175	174
285	174
339	174
401	174
455	174
476	174
622	174
623	174
665	174
694	174
700	174
747	174
780	174
794	174
285	175
339	175
401	175
455	175
476	175
622	175
623	175
665	175
694	175
700	175
747	175
780	175
794	175
807	176
233	178
384	178
430	178
211	181
615	181
795	181
309	182
477	182
484	182
604	182
282	184
384	184
504	184
809	184
831	184
192	185
256	185
264	185
277	185
283	185
314	185
361	185
409	185
434	185
457	185
479	185
554	185
575	185
576	185
588	185
593	185
625	185
632	185
722	185
736	185
737	185
798	185
815	185
621	186
639	186
825	186
268	187
222	189
382	189
423	189
459	189
500	189
515	189
524	189
527	189
567	189
615	189
618	189
653	189
663	189
737	189
744	189
795	189
810	189
819	189
839	189
422	190
477	190
484	190
604	190
689	190
745	190
198	192
213	192
220	192
256	192
257	192
264	192
265	192
277	192
314	192
357	192
409	192
434	192
457	192
459	192
479	192
495	192
507	192
565	192
575	192
576	192
588	192
593	192
619	192
625	192
632	192
636	192
657	192
661	192
712	192
716	192
722	192
736	192
737	192
791	192
792	192
806	192
815	192
331	193
492	193
738	193
675	195
213	198
264	198
279	198
367	198
409	198
459	198
461	198
495	198
503	198
507	198
521	198
527	198
541	198
593	198
608	198
632	198
636	198
642	198
716	198
722	198
736	198
754	198
792	198
798	198
806	198
522	199
728	204
377	205
664	205
823	205
227	206
615	211
795	211
230	213
251	213
264	213
279	213
314	213
345	213
361	213
367	213
391	213
461	213
495	213
503	213
514	213
541	213
551	213
565	213
608	213
636	213
642	213
670	213
702	213
716	213
722	213
736	213
754	213
792	213
798	213
806	213
815	213
444	214
312	216
487	216
531	216
621	216
639	216
765	216
825	216
281	217
256	220
257	220
264	220
277	220
314	220
409	220
434	220
457	220
459	220
479	220
507	220
554	220
575	220
576	220
588	220
593	220
619	220
625	220
632	220
657	220
712	220
722	220
736	220
737	220
759	220
791	220
806	220
815	220
398	221
382	222
500	222
515	222
524	222
527	222
567	222
615	222
618	222
663	222
737	222
795	222
810	222
819	222
839	222
243	225
421	226
606	226
292	227
457	227
553	227
575	227
843	227
690	229
345	230
391	230
461	230
495	230
512	230
551	230
608	230
636	230
642	230
702	230
736	230
792	230
571	232
625	232
384	233
430	233
501	235
321	237
592	237
647	237
395	238
735	238
528	247
367	251
636	251
642	251
736	251
792	251
286	254
540	255
264	256
265	256
277	256
283	256
314	256
361	256
409	256
434	256
440	256
457	256
459	256
479	256
507	256
554	256
575	256
576	256
588	256
593	256
619	256
625	256
632	256
657	256
712	256
721	256
722	256
736	256
737	256
791	256
806	256
815	256
265	257
277	257
314	257
434	257
466	257
507	257
576	257
625	257
632	257
657	257
712	257
722	257
286	258
407	258
485	258
605	258
614	258
769	258
265	264
277	264
314	264
361	264
367	264
409	264
434	264
457	264
479	264
507	264
551	264
575	264
576	264
588	264
593	264
619	264
625	264
632	264
642	264
663	264
716	264
722	264
736	264
737	264
792	264
815	264
277	265
314	265
338	265
434	265
457	265
479	265
575	265
588	265
593	265
625	265
632	265
722	265
736	265
815	265
301	266
393	266
706	266
609	267
329	268
411	268
521	268
496	269
547	273
287	274
539	274
283	277
314	277
357	277
361	277
367	277
409	277
434	277
457	277
459	277
479	277
495	277
507	277
551	277
554	277
565	277
575	277
576	277
588	277
593	277
619	277
625	277
632	277
657	277
712	277
722	277
736	277
737	277
791	277
792	277
806	277
815	277
367	279
391	279
461	279
503	279
541	279
608	279
636	279
642	279
716	279
722	279
736	279
754	279
792	279
798	279
328	282
384	282
459	282
504	282
527	282
618	282
663	282
736	282
737	282
798	282
831	282
314	283
434	283
457	283
479	283
575	283
593	283
632	283
712	283
736	283
339	285
401	285
455	285
476	285
622	285
623	285
665	285
694	285
700	285
747	285
780	285
794	285
407	286
769	286
539	287
464	292
522	292
742	292
349	298
820	298
733	299
307	301
393	301
706	301
756	301
758	301
848	301
384	302
827	302
636	305
673	305
736	305
393	307
706	307
848	307
435	310
528	310
596	310
667	310
487	312
765	312
357	314
409	314
434	314
457	314
459	314
479	314
495	314
507	314
554	314
570	314
575	314
576	314
588	314
593	314
619	314
625	314
632	314
636	314
657	314
661	314
663	314
712	314
722	314
736	314
737	314
752	314
759	314
791	314
792	314
798	314
806	314
815	314
327	317
372	317
678	317
729	317
592	321
647	321
483	326
542	326
576	326
609	326
676	326
750	326
372	327
678	327
729	327
849	327
432	329
492	331
738	331
510	338
401	339
455	339
476	339
622	339
623	339
665	339
694	339
700	339
747	339
794	339
522	344
391	345
461	345
514	345
642	345
670	345
702	345
736	345
792	345
366	346
377	346
626	346
629	346
679	346
490	348
585	348
629	350
640	352
480	356
457	357
479	357
554	357
593	357
628	357
632	357
712	357
737	357
752	357
367	361
459	361
479	361
625	361
636	361
702	361
722	361
736	361
737	361
792	361
806	361
815	361
849	361
368	366
679	366
749	366
391	367
461	367
495	367
503	367
514	367
541	367
608	367
632	367
636	367
642	367
670	367
713	367
716	367
722	367
736	367
754	367
792	367
798	367
679	368
749	368
678	372
729	372
391	373
461	373
514	373
670	373
702	373
792	373
507	375
521	375
695	375
629	377
823	377
408	380
756	381
758	381
774	381
820	381
848	381
423	382
459	382
500	382
515	382
524	382
527	382
567	382
615	382
618	382
653	382
663	382
737	382
744	382
795	382
810	382
839	382
430	384
504	384
631	384
809	384
831	384
530	388
661	389
461	391
495	391
503	391
514	391
608	391
636	391
642	391
670	391
702	391
716	391
722	391
736	391
754	391
792	391
706	393
756	393
758	393
848	393
472	395
568	395
726	395
735	395
690	399
778	399
455	401
476	401
622	401
623	401
654	401
665	401
694	401
700	401
747	401
780	401
794	401
741	404
485	407
605	407
614	407
769	407
434	409
457	409
459	409
479	409
507	409
527	409
554	409
575	409
576	409
583	409
588	409
593	409
619	409
625	409
632	409
636	409
657	409
663	409
713	409
716	409
721	409
722	409
736	409
737	409
754	409
798	409
806	409
815	409
465	413
812	415
805	418
720	420
477	422
484	422
548	422
604	422
624	422
745	422
515	423
567	423
615	423
801	429
572	430
650	431
457	434
479	434
507	434
554	434
575	434
576	434
588	434
593	434
619	434
625	434
632	434
657	434
712	434
722	434
736	434
737	434
759	434
791	434
806	434
815	434
528	435
596	435
667	435
490	438
585	438
457	440
479	440
588	440
619	440
736	440
737	440
832	440
725	445
786	450
549	451
476	455
622	455
623	455
654	455
665	455
694	455
700	455
747	455
780	455
794	455
459	457
479	457
507	457
527	457
554	457
575	457
576	457
588	457
593	457
615	457
619	457
625	457
628	457
632	457
657	457
663	457
712	457
722	457
736	457
737	457
791	457
798	457
819	457
849	457
731	458
507	459
521	459
524	459
527	459
575	459
588	459
593	459
615	459
618	459
632	459
636	459
663	459
695	459
721	459
722	459
736	459
737	459
791	459
798	459
806	459
810	459
839	459
495	461
565	461
608	461
636	461
642	461
670	461
702	461
716	461
736	461
754	461
792	461
798	461
806	461
815	461
514	464
536	471
580	472
735	472
673	473
819	473
666	474
758	474
835	474
848	474
850	474
622	476
623	476
665	476
694	476
700	476
747	476
780	476
794	476
484	477
548	477
604	477
624	477
507	479
554	479
565	479
575	479
576	479
581	479
588	479
593	479
619	479
625	479
632	479
657	479
663	479
712	479
722	479
736	479
737	479
806	479
815	479
542	483
609	483
676	483
548	484
604	484
624	484
605	485
614	485
765	487
630	488
585	490
738	492
826	493
507	495
541	495
636	495
642	495
702	495
716	495
722	495
736	495
737	495
754	495
792	495
798	495
806	495
589	498
685	498
842	498
515	500
524	500
527	500
567	500
615	500
663	500
795	500
810	500
839	500
608	503
632	503
636	503
642	503
716	503
736	503
754	503
792	503
631	504
809	504
831	504
526	507
554	507
570	507
576	507
588	507
593	507
625	507
632	507
636	507
642	507
657	507
663	507
712	507
713	507
716	507
721	507
722	507
736	507
737	507
754	507
791	507
792	507
798	507
806	507
536	509
717	509
551	512
702	512
722	512
792	512
522	514
642	514
670	514
702	514
792	514
524	515
527	515
567	515
615	515
618	515
663	515
744	515
795	515
810	515
819	515
836	515
839	515
527	521
636	521
640	521
695	521
736	521
527	524
567	524
615	524
618	524
663	524
737	524
744	524
795	524
810	524
839	524
713	526
716	526
798	526
567	527
576	527
615	527
618	527
636	527
653	527
663	527
737	527
795	527
810	527
839	527
596	528
667	528
725	532
841	535
717	536
741	536
798	536
656	537
657	538
608	541
636	541
642	541
716	541
722	541
736	541
754	541
792	541
576	542
609	542
676	542
604	548
624	548
702	551
722	551
736	551
792	551
815	551
575	554
576	554
588	554
593	554
625	554
632	554
663	554
711	554
722	554
791	554
815	554
849	564
575	565
722	565
736	565
735	566
615	567
663	567
795	567
810	567
839	567
726	568
735	568
593	570
636	570
798	570
806	570
576	575
588	575
593	575
625	575
632	575
657	575
712	575
722	575
736	575
737	575
791	575
806	575
588	576
593	576
609	576
619	576
625	576
632	576
636	576
657	576
663	576
712	576
713	576
722	576
736	576
737	576
791	576
798	576
806	576
815	576
588	581
737	581
737	583
593	588
619	588
625	588
632	588
636	588
657	588
663	588
712	588
721	588
722	588
736	588
737	588
791	588
806	588
815	588
685	589
842	589
647	592
619	593
625	593
632	593
636	593
642	593
657	593
661	593
712	593
713	593
721	593
722	593
736	593
737	593
759	593
791	593
792	593
806	593
815	593
667	596
830	598
624	604
689	604
745	604
614	605
699	605
636	608
642	608
716	608
722	608
736	608
754	608
792	608
633	610
705	610
823	610
691	611
717	612
618	615
653	615
663	615
737	615
744	615
795	615
810	615
819	615
839	615
653	618
663	618
707	618
737	618
795	618
810	618
839	618
625	619
632	619
722	619
736	619
737	619
791	619
806	619
815	619
639	621
825	621
623	622
665	622
694	622
747	622
780	622
794	622
665	623
694	623
700	623
747	623
794	623
632	625
657	625
663	625
712	625
722	625
736	625
737	625
806	625
629	626
809	631
636	632
642	632
657	632
712	632
713	632
716	632
722	632
736	632
737	632
754	632
759	632
791	632
792	632
798	632
806	632
815	632
705	633
642	636
663	636
695	636
713	636
716	636
721	636
722	636
736	636
737	636
754	636
792	636
798	636
806	636
825	639
670	642
702	642
713	642
716	642
722	642
736	642
754	642
792	642
798	642
815	642
846	645
742	646
789	648
795	653
839	653
712	657
722	657
736	657
737	657
791	657
800	657
722	661
736	661
736	663
737	663
791	663
795	663
806	663
810	663
839	663
823	664
694	665
747	665
780	665
794	665
756	666
758	666
835	666
848	666
850	666
702	670
736	670
792	670
734	673
744	673
819	673
688	675
750	676
729	678
749	679
710	680
842	685
844	686
778	690
743	691
757	691
700	694
747	694
780	694
794	694
747	700
794	700
722	702
736	702
792	702
798	702
815	702
823	705
756	706
758	706
848	706
810	707
722	711
722	712
736	712
737	712
791	712
716	713
722	713
736	713
754	713
798	713
806	713
722	716
736	716
754	716
792	716
798	716
806	716
741	717
722	721
736	721
754	721
806	721
736	722
737	722
754	722
791	722
792	722
798	722
806	722
815	722
735	726
737	736
754	736
791	736
792	736
798	736
806	736
815	736
849	736
791	737
795	737
798	737
806	737
810	737
815	737
839	737
795	744
819	744
780	747
794	747
792	754
798	754
758	756
774	756
775	756
820	756
835	756
848	756
850	756
774	758
775	758
820	758
835	758
848	758
850	758
775	774
820	774
835	774
848	774
820	775
835	775
848	775
794	780
806	791
798	792
806	792
815	792
832	792
810	795
819	795
839	795
806	798
815	798
832	798
831	809
836	810
839	810
824	818
839	819
835	820
848	820
848	835
850	835
850	848
