231	1931
231	1347
231	584
231	3291
3844	730
3844	4374
3844	3734
3844	3296
3699	1769
3699	398
3699	2635
137	937
2896	3125
2896	3389
2896	3780
2655	2138
3399	1559
2526	2030
2526	1269
526	1398
526	3607
526	4243
526	3674
526	3427
526	2183
526	1029
526	4302
526	3779
526	522
526	2100
1239	1601
1239	3577
2976	4595
2976	3573
2976	3710
2986	1029
91	2493
91	4611
91	3389
3115	1683
3115	276
3115	1347
3115	3389
3115	2114
45	3734
1398	3799
1398	1643
1398	1385
1398	3340
1398	430
1398	4506
1398	4127
1398	3023
1398	1029
1398	4302
1398	3779
1398	3651
1398	1718
1398	3145
2897	3175
4132	4612
4132	1158
4132	2764
4132	4450
4132	4571
4132	1559
4132	3296
4132	931
4132	1968
4132	3591
4132	4593
1638	102
1638	2493
1638	4253
3974	1432
3974	49
3974	3687
3974	334
3974	4258
3974	1466
3974	4070
3974	569
1655	1314
1655	2988
1655	3780
285	3379
2524	3674
2524	206
2524	3113
471	1193
3392	4003
3555	4003
1215	2791
1215	189
1215	1380
793	145
793	2023
793	4506
793	3389
889	4015
889	834
889	2294
889	696
889	2140
889	1349
889	584
889	4611
889	3950
2958	1530
2958	696
2958	3148
2958	3389
2958	2378
2174	3503
679	2366
679	102
679	4392
679	3734
679	3437
210	2300
210	1817
210	2183
210	435
210	1321
4494	1193
4494	2420
4494	2039
4494	3502
4494	982
4494	482
4494	304
4494	4678
4494	2447
4494	2051
4494	313
364	249
364	1269
4008	2117
4008	3104
4008	1480
4008	3657
3275	3245
337	2913
337	1033
1581	4611
4625	3575
4625	66
354	3875
450	2458
1136	3108
546	2973
546	817
546	4216
546	2952
546	2071
546	1441
546	144
546	1643
2973	817
2973	4216
2973	2952
2973	2071
2973	1441
2973	144
2973	1643
817	4216
817	2952
817	2071
817	1441
817	144
817	1643
4216	2952
4216	2071
4216	1441
4216	144
4216	1643
2952	2071
2952	3312
2952	3724
404	4472
404	1540
404	962
2076	3855
2076	3475
2442	3955
2442	2963
2671	4523
2671	1909
2671	1988
2671	3577
2671	4540
2671	3734
4470	1869
4470	4112
4470	791
1869	4112
4523	3692
4523	4645
4523	458
4523	4392
4523	3023
4523	3921
4523	4544
4523	4173
4523	162
1909	179
1909	1449
3955	1403
3955	1452
2657	4227
95	1150
198	2387
198	1712
4675	1414
4675	1894
4675	488
4675	982
4675	4464
4675	249
4675	4643
4675	2051
2868	3417
287	206
287	3688
287	706
2160	3880
2160	356
1543	465
1543	1647
1543	2727
1543	3315
1543	3389
3880	356
3880	2030
356	3427
356	3299
356	1984
356	3061
356	3621
1940	3431
1940	1727
499	3212
649	2090
649	4611
3952	1029
3952	3734
2341	553
1944	3734
1944	3780
1260	3039
3319	1683
3319	3378
3319	2680
862	553
862	3378
1018	529
1018	2259
3607	921
824	2278
824	1434
824	2458
824	1058
824	4500
824	3425
370	4611
370	1269
370	1179
370	4434
1615	1712
809	3046
2939	726
4558	1683
4679	3592
805	1231
805	1539
805	3677
805	2620
3431	61
3431	458
3431	4070
3431	4297
3431	1347
3431	4121
3431	2334
3431	1727
3431	2451
3431	1888
2362	172
2362	2166
2362	3488
3599	413
2606	744
2606	3101
4598	3170
4598	3917
4598	2124
4598	652
4669	1600
4669	1863
4669	3657
3208	1600
3208	749
3208	3365
3208	1745
3208	770
3208	1966
3208	3104
3208	1279
3208	3728
3208	4207
3208	865
3208	2318
3208	900
3208	2363
3208	30
3208	4651
3208	3660
3208	2098
3208	1559
3208	4414
3208	164
3208	435
3208	3296
3208	962
3208	921
3208	460
3208	1003
3208	2459
3208	2604
3208	2957
3208	3492
3208	4159
3208	4443
1432	3778
1432	1607
1432	2945
1432	1338
1432	161
1432	3046
1432	460
1432	3292
629	3209
3017	1836
3778	2458
3855	2030
3855	4156
3855	3379
3760	63
3189	3553
3108	2536
3108	2315
3108	3040
3108	2194
3108	3522
3108	2094
3108	2938
3108	572
3108	2945
3108	2304
3108	2123
3108	3600
3108	2353
3108	321
3108	3456
3108	1799
3108	2150
3108	2666
3108	4143
3108	2274
3108	2153
3108	1774
3108	2984
3108	2171
3108	1719
3108	3291
3108	1121
3108	4666
3108	4414
3108	2222
3108	4595
3108	2521
3108	70
3108	677
3108	970
3108	1073
3108	1079
3108	1429
3108	1447
3108	1467
3108	1681
3108	1752
3108	2051
3108	3794
3108	2135
3108	2157
3108	2233
3108	2437
3108	2467
3108	2505
3108	3242
3108	3347
3108	3413
3108	3446
3108	3473
3108	3838
3108	3948
3108	1888
542	2536
4548	2536
4548	1241
4548	2668
4548	4595
2536	4381
2536	2578
2536	0
2536	389
4381	0
4381	1286
4381	3556
2578	0
2578	1437
441	249
441	1269
441	3351
441	205
217	766
217	148
766	249
766	2447
2106	2557
2106	206
2557	2060
2348	3799
2348	4429
2348	3427
2348	3573
3195	593
3195	979
3195	3780
593	1314
50	1269
3304	238
3304	1091
1885	2764
1885	569
1214	1510
1214	1453
2315	3597
2315	2146
2315	3734
2315	3318
2315	3296
2315	1280
2315	3175
2315	1709
2315	3662
1353	2235
1353	3077
1353	745
1353	733
1353	753
1353	3734
1353	108
1353	4348
1353	1429
1353	2131
4487	4090
4487	458
4487	504
2460	3101
2460	3327
2317	3125
1451	3734
3799	430
3799	4174
3799	3427
3799	4127
3799	4651
3799	2842
3799	3328
2235	3120
2235	430
2235	3427
2235	4127
2235	2630
2235	3235
145	1335
145	2482
145	3328
4490	174
3623	4040
2933	2030
2933	3379
2933	3086
2933	4665
2933	906
2933	2171
2933	2895
2933	873
2933	1397
2837	2458
2837	650
2887	390
2887	652
2887	2035
2887	4427
2887	58
2887	2580
1649	4110
4655	2030
4655	2569
4655	1601
4655	1896
4655	1029
4655	1300
4655	3926
1386	2938
1386	488
1386	249
1386	1504
1769	4207
4046	3077
4046	2281
4046	691
61	1246
61	1314
61	2145
61	877
61	3845
61	1984
61	1335
61	3398
61	4028
61	1888
1384	1314
1384	3063
2640	4520
2640	430
2640	4394
422	2512
422	4618
422	1836
422	2098
422	2188
422	4595
492	1191
492	2035
4254	4571
4254	1847
4254	4064
4254	1535
4254	2532
4254	2957
3159	3379
3159	185
1684	413
1684	967
1684	4515
3549	1896
3549	4429
1336	2030
1336	1035
2030	2569
2030	4404
2030	2212
2030	2322
2030	1629
2030	3251
2030	1157
2030	3119
2030	1475
2030	1380
2030	2767
2030	3427
2030	3243
2030	2363
2030	2145
2030	4240
2030	647
2030	3312
2030	2424
2030	1135
2030	4599
2030	4200
2030	1486
2030	489
2030	2306
2030	4414
2030	4365
2030	712
2030	2981
2030	2232
2030	2115
2030	1631
2030	53
2030	656
2030	677
2030	762
2030	970
2030	1373
2030	2769
2030	2869
2030	2960
2030	3662
2030	4510
2030	2703
2537	2064
1193	3539
1193	2420
1193	1887
1193	488
1193	1400
1193	2275
1193	452
1193	2363
1193	249
1193	482
1193	2197
1193	2447
1193	2687
1193	2533
1193	4499
1193	66
1193	4428
1193	1502
1193	2051
1193	4157
2569	960
2569	2177
4404	1764
4404	3519
4404	3734
4404	3296
4404	1373
3554	2342
3554	4064
4485	457
4485	2471
4485	570
2729	4595
4551	1119
4551	4347
4551	1347
4551	4544
4551	3175
2791	2474
2791	1736
3374	1271
3374	2523
2221	1607
2221	1461
2221	1683
2221	2495
2221	838
2221	3832
2221	786
2221	3023
2221	754
2221	2833
2221	3384
2221	326
2221	4205
2282	1607
2282	1461
2282	838
2282	786
2282	3023
2282	1349
2282	2833
2282	326
2282	4205
2282	3425
653	2764
653	578
2489	1607
2489	838
2489	3832
2489	3023
2489	2833
2489	326
2489	3425
872	1607
872	838
872	3832
872	3023
872	754
872	2833
872	4205
872	4204
872	825
3118	1527
465	2023
465	3125
465	1380
465	206
3040	3184
3040	3680
2023	3125
2023	4505
2023	1966
2023	1981
2023	960
2023	1647
2023	3647
2023	1511
2023	1403
2023	271
2023	2989
2023	2609
1437	1461
1437	4667
1437	1314
1437	860
1437	2684
1437	569
1437	4581
1437	1984
1437	3296
1437	267
1437	1730
63	1729
63	2074
63	3296
36	3823
2071	1441
2071	144
2071	1461
2071	4618
2071	1643
2071	4414
2071	1337
3120	4504
3120	3668
3120	3444
3120	3882
3120	271
1441	144
1441	1643
1441	2867
144	1643
4221	3733
4015	3529
4015	577
4015	3101
4015	1027
4015	3793
4015	3173
4015	1029
4015	1921
4015	3389
4015	3437
4015	3296
4015	1500
4015	825
4015	3212
4015	3423
4015	3663
771	645
771	3773
771	979
857	4504
857	4047
529	1259
529	2140
529	4500
529	1071
529	4354
529	3611
529	4331
529	3349
529	4116
529	2378
3125	2644
3125	1300
3125	502
3125	3073
1009	30
3091	4090
3091	99
3091	1170
3091	1614
530	1530
645	553
645	4520
645	4090
645	2951
645	3170
645	2146
645	2979
645	1724
645	3635
645	1190
645	544
645	4071
645	2934
645	979
645	398
645	2382
645	939
645	1650
1607	4289
1607	2549
1607	3427
1607	647
1607	687
1607	2632
1607	15
1607	3175
1607	162
1607	1023
1607	3328
3345	1461
3345	770
3345	2129
3345	1027
3345	1369
3345	3734
3345	2413
3345	3662
553	770
553	668
553	1168
553	3140
553	99
553	1578
553	2979
553	1724
553	2596
553	3679
553	4047
553	267
553	3184
553	479
553	500
553	3891
3064	3104
3064	4374
3064	3734
3064	3296
1461	4618
1461	663
1461	2644
1461	2779
1461	3573
1562	3354
1562	34
1562	2037
1562	550
1562	652
1562	1288
1251	4376
953	2962
953	4217
953	2513
953	1314
953	2612
953	2746
953	900
953	3832
953	39
953	877
953	652
953	2580
953	3094
2962	2513
2962	1314
2962	2297
2962	2612
2962	2746
2962	900
2962	3832
2962	39
2962	877
2962	652
2962	2580
2962	3094
1340	2138
1340	4269
1340	366
1340	4258
1340	4188
392	3533
392	3077
392	2366
392	814
392	1347
392	2175
392	1269
4329	4025
918	2194
1224	3039
1224	3502
1224	982
1224	3456
1224	3105
1224	2447
1224	949
1224	958
1224	2051
193	2039
1191	3962
749	3101
467	4509
4535	1288
2138	3678
2138	3560
2138	172
2138	897
2138	81
2138	3692
2138	2554
2138	816
2138	4392
2138	1738
2138	900
2138	3299
2138	3793
2138	3023
2138	1646
2138	2334
2138	692
2138	1337
2138	1986
2138	4544
2138	2326
2138	1727
2138	4204
2138	1023
275	4618
275	663
275	3036
275	4520
275	4090
275	411
275	2934
275	2813
275	66
275	4334
4618	4227
4618	1027
4618	2779
4618	2413
4618	1294
4618	1959
663	1300
663	4414
3036	1280
2964	430
2964	365
2964	1213
2964	30
2964	3284
1624	3379
1624	4347
4520	1168
4520	2389
4520	979
4520	1294
37	2389
37	2281
37	2544
37	2842
37	3641
37	4334
4217	900
4217	1496
4217	692
4217	3094
3354	1510
3354	2389
3354	1314
3354	276
3354	570
3354	206
3354	1347
3354	3389
3354	283
3354	3296
3354	522
3354	113
3354	926
3354	3425
1427	2660
3762	2597
3622	1594
3622	2416
3622	2895
3622	3184
119	3379
119	1029
119	3389
119	3227
119	4571
119	3296
1414	4101
1414	488
1414	3575
1414	1810
1414	2357
1414	1300
1414	958
1414	4083
2563	488
1894	488
1894	1300
1894	1502
1605	592
2194	66
2194	1907
1974	592
592	969
2707	881
847	1609
847	2195
847	4269
847	3961
847	2245
847	696
847	3315
847	4500
847	3389
847	1269
847	1121
847	4248
847	3780
847	3296
847	3710
3873	2504
3873	1559
3873	2126
3873	2180
3873	3732
2400	418
2400	1888
4107	323
3365	868
3365	711
3769	3931
3769	1784
3769	489
3769	1989
3769	4031
3769	1814
3769	4087
3769	3734
2212	102
2212	3312
2212	3131
2212	3734
2212	2027
4472	4054
868	657
868	711
868	2786
920	1579
920	3734
3417	4504
3417	979
3181	70
2025	1709
409	2828
2079	3101
3199	3758
3199	267
1725	3734
3539	413
3539	2890
3539	1526
3539	2447
3539	66
2639	1674
1545	1269
4060	1434
1661	3109
1167	982
1167	413
1167	580
1167	249
1167	1951
1098	1484
1098	15
1881	30
1560	30
3781	2146
1483	3850
1483	2125
3287	3864
3287	4368
2474	3101
2474	2016
2474	3846
1781	1683
1781	2164
1781	3389
1781	3227
1781	1337
1781	3734
1781	3296
1781	1525
744	1745
744	1510
744	1496
744	881
3300	4229
2265	267
2263	2409
2558	4536
1745	1510
1745	4479
1745	4565
1745	3577
1745	292
1745	1524
1745	3209
4612	2094
4612	2190
1729	2190
1729	657
1729	1033
1729	4354
1729	267
1729	2614
1729	3209
770	4167
770	99
4410	102
3678	692
2074	2206
2074	3424
2074	504
2074	906
2074	4620
2683	1710
423	1978
423	1913
4169	1380
4169	1579
4169	1871
4024	668
4024	2366
4024	102
4024	3222
4024	1295
4024	1323
4024	2458
4024	1598
4024	3379
4469	3101
4469	4303
4469	1349
4469	4346
329	3101
3522	1981
3522	960
4213	1504
668	433
668	2366
668	102
668	1598
668	1799
668	4611
668	1269
668	3175
668	1318
668	3425
2629	550
4090	139
4090	3692
4090	99
4090	1170
4090	4481
4090	4332
4090	1540
4090	979
4090	1986
4090	963
4090	1984
4090	4544
4090	2358
4090	2378
4090	162
557	1157
4591	206
4591	2989
4591	4666
4529	1727
2975	504
2975	3046
2975	2326
2975	1727
4528	3046
3931	3106
3931	1784
3931	4017
3931	489
3931	1989
3931	4031
3931	1814
3931	4087
3931	3734
3931	1727
2734	1896
2734	4540
2734	4284
2734	4121
2118	1601
2118	3101
396	3560
396	3793
2717	2349
2717	2187
3004	3943
4667	962
4667	4244
938	2938
938	413
938	4432
938	1907
938	2810
24	44
4227	3481
4227	321
4227	1962
4227	1579
4227	1987
4227	3862
4227	1433
4227	1627
4227	1698
4227	2312
4227	2681
3550	3808
3550	1173
3550	2170
3550	1058
3550	689
1495	2544
1495	652
312	1965
1510	4479
1510	2406
1510	1135
1510	2680
1510	292
1510	1183
1510	1489
2784	2064
2784	1369
1988	3734
1158	1385
2504	1382
2504	662
2504	4657
2504	3042
2504	4600
1168	2183
1168	584
1168	3291
1168	522
1168	3425
80	1121
80	3734
80	1258
80	4373
49	1293
49	257
49	3577
159	2424
3220	1029
3220	3573
4101	1951
3228	549
1230	969
121	3779
121	997
4	2632
4	3296
757	996
757	4409
757	3479
757	2181
4142	2493
4142	3816
4142	233
2420	2026
2420	488
2420	3502
2420	982
2420	249
2420	1504
2420	2447
2420	2687
2420	2533
2420	949
2420	958
2420	2051
4386	3581
4386	2089
3581	2089
3581	3137
1123	1269
2938	1400
2938	4055
2938	160
2938	44
2938	410
2938	4083
2938	4446
760	313
2857	4506
1385	1004
2039	488
2039	1157
2039	411
2039	249
3065	2556
3065	2681
3340	2182
3340	687
3340	3011
3340	3389
3490	1559
2917	3105
1469	3502
3251	4614
3251	3105
3251	3389
3251	2447
3251	426
2092	3456
2026	1887
2026	488
1887	3502
1887	982
1887	462
1887	1889
1887	482
1887	2890
1887	1951
1887	2447
1887	4643
1887	66
1887	2051
1887	313
3505	899
1007	569
1007	933
3928	366
3928	569
1733	1789
1733	814
1733	1029
3055	3128
3055	4269
3055	3692
3055	1614
3055	3023
3055	4332
3055	2582
3055	2879
3055	2358
3055	26
3055	1266
3128	2116
2116	3312
3112	4005
4052	3465
2338	1029
3529	3104
3529	4005
3529	2891
3529	2048
3529	3296
3529	1036
572	1559
3609	570
3609	2668
3609	2632
673	458
673	3046
3687	3382
3687	2685
3687	1652
3687	2909
3687	3173
3687	302
3687	15
3687	768
2389	102
2389	1033
2389	3734
2389	3573
2389	1155
3382	3104
3382	646
3369	3058
196	661
2387	1295
4576	3734
1247	249
1247	1302
488	3502
488	982
488	1810
488	1889
488	413
488	580
488	1506
488	2363
488	934
488	2890
488	2257
488	2447
488	949
488	4643
488	958
488	2051
488	313
245	860
245	2363
245	3922
245	3022
3589	1683
3589	2368
3589	3067
3589	3046
3589	110
3589	3058
3589	3212
1400	334
1400	3945
1400	3337
1400	2363
1400	4643
1400	313
1400	2703
1961	3379
1961	4595
1961	3296
2513	1314
2513	2297
2513	2612
2513	2746
2513	3832
2513	39
2513	3734
2513	435
2513	3271
2513	3662
2513	3094
2163	2361
2163	3105
2163	3131
3643	81
3643	1577
3643	3378
171	3379
904	1036
2861	478
2861	4467
3039	3366
3039	3384
3039	66
3039	1399
2741	1119
2741	478
4316	1601
4027	4595
1016	1579
1016	1720
334	1163
334	1293
334	1778
1322	2274
1322	1269
1322	958
4525	3315
4525	4651
4525	3561
34	1231
34	550
34	4297
34	1737
34	3425
34	3061
34	3212
3850	4133
430	4539
430	4506
430	1889
430	3379
430	4042
430	1300
430	2820
430	3291
430	3634
430	136
430	695
430	2761
4631	1269
2154	3184
2941	2090
2941	982
4167	200
4167	1314
4167	3077
4167	1520
4167	2145
179	4025
180	3285
180	1269
740	3285
2774	982
2774	249
2774	1502
2774	205
2010	577
2010	2458
2010	550
2010	3379
2010	3793
2010	3523
2010	4332
2010	1500
3502	982
3502	2363
3502	249
3502	2197
3502	2568
3502	1169
3502	2687
3502	2533
3502	4499
3502	4643
3502	1612
3502	2051
2251	2354
421	834
421	3295
421	3734
421	3787
421	1023
3639	4297
3639	4595
3104	2764
3104	1601
3104	4243
3104	3796
3104	2727
3104	4374
3104	2544
3104	1222
3104	4312
3104	4414
3104	3184
3104	1183
3104	1100
3104	1674
1422	1347
1422	2918
1422	578
937	4504
937	206
937	3198
2764	3796
2764	2366
2764	1323
2764	3361
2764	350
2764	2778
2764	3542
2764	578
2764	4176
2764	4064
2764	2455
2764	1183
2764	3
2764	3525
2764	3544
1150	4352
1150	865
1150	1325
1150	4354
1150	326
4125	206
1176	1157
1176	3069
4308	2366
52	3734
4294	2345
4294	1577
4294	3661
4294	3773
4294	1929
3533	702
2024	2182
1981	960
1981	435
1981	3328
960	816
960	4131
960	435
960	1825
960	3328
442	3442
442	3379
442	919
442	4428
442	2122
442	1634
3707	1726
3707	1716
3707	3038
1145	3314
3314	1716
3314	3038
2210	2963
2210	3145
200	1246
200	1314
1246	1314
1246	3077
2945	3379
3249	3240
1314	3580
1314	1428
1314	3077
1314	2297
1314	2064
1314	2612
1314	1738
1314	1546
1314	2746
1314	2979
1314	39
1314	3081
1314	877
1314	753
1314	2719
1314	3215
1314	3978
1314	2580
1314	4168
1314	13
1314	1418
1314	2018
1314	4265
1314	3094
1314	4234
3580	4347
702	2620
1235	1601
1235	1300
1235	3734
1235	435
1304	2294
1304	2544
1304	906
1378	3953
1378	3734
1378	594
1378	781
1119	4128
1119	249
1119	2197
1119	3175
1119	3553
4270	2366
4270	1323
47	1555
1555	696
1555	687
2090	982
2090	412
2090	1907
2090	2178
2090	3662
982	992
982	3566
982	1889
982	2363
982	249
982	482
982	934
982	2890
982	1951
982	1504
982	1269
982	2568
982	2687
982	2533
982	949
982	1502
982	2051
982	313
2685	3427
2588	1408
4026	3023
438	3389
4366	1371
1679	4651
3106	4172
3106	1244
3106	1293
3106	2727
3106	986
3106	4156
3106	1209
3106	1440
3106	3577
3106	3519
3106	1337
3106	1537
3106	3734
3106	691
3106	734
3106	2161
4172	1473
4172	4160
4172	1209
4172	3519
4172	691
1428	3077
1428	4064
1428	921
1428	1266
1428	1525
3077	2145
1789	4500
1601	278
1601	390
1601	4243
1601	2840
1601	4362
1601	2204
1601	4463
1601	4440
1601	1029
1601	1269
1601	4138
1601	1337
1601	4279
1601	2378
1601	5
1601	921
1601	2156
1601	4277
4464	478
4464	249
4464	794
1647	1683
1647	276
1647	1910
1647	4611
1647	4040
1647	3389
1647	2632
1647	3296
3481	1850
3481	1029
4513	1029
2304	1043
1388	1267
2359	1295
2359	474
4539	986
3075	4504
3075	3641
3560	2297
3560	1683
3560	3677
3560	1738
3560	3734
3560	1986
3560	3296
3560	4544
3560	3212
2297	550
2297	2746
2297	3832
2297	39
2297	504
2297	877
2297	3094
3808	3564
278	2146
4165	2471
4165	647
4165	3023
549	2366
549	3222
549	1121
549	2879
4417	1027
172	897
172	896
172	4479
172	696
172	3227
172	899
172	522
2843	390
1810	2533
1810	3097
4057	897
4057	4248
4057	407
4057	2404
4184	4544
433	2909
433	3011
369	3986
1134	1269
1134	3734
1248	3734
1248	689
3233	3924
3233	3033
3233	3997
462	532
462	81
462	3378
462	3101
462	3179
462	2005
863	1896
863	986
863	355
863	2668
863	3734
863	2814
863	3318
863	3296
532	3378
532	3101
532	522
189	2458
3898	249
1244	584
1244	3444
1244	2255
2550	1029
1609	2195
1609	3961
1609	2766
2195	3961
2195	2766
1195	4374
1195	4405
1195	3734
1195	3296
834	3295
834	1190
834	652
834	3734
2345	4665
2345	1403
2345	1121
3924	3033
3033	1169
3033	3665
4003	1380
4003	2620
4003	3379
4003	1496
4003	435
3367	4269
1896	3776
1896	3427
1896	3605
1896	1300
1896	4087
1896	418
1896	2232
1896	3854
1896	921
1896	3853
1896	4616
1520	2104
4269	2458
4269	4671
4269	1696
4269	3284
4269	1646
4269	1536
4269	2107
2644	3692
390	1455
390	1058
390	545
390	1033
4044	3078
4044	3722
4044	3379
4044	3312
4044	3577
4044	3734
4044	3296
478	661
478	2325
860	3297
860	3598
4504	4055
4504	2659
4504	979
4504	3166
4504	4047
3961	4239
3961	2766
897	896
897	2779
897	1738
897	4188
897	4673
897	1895
897	4121
897	3227
897	1559
897	3437
897	3046
82	687
82	504
896	696
896	2164
896	3227
896	407
896	229
81	366
81	4258
81	2779
81	3414
81	3793
81	4188
81	2098
81	4540
81	4673
81	4121
81	3710
3923	3101
3923	2779
4243	4374
4243	1029
4243	3779
4243	3734
4243	3296
1234	249
1234	1300
1234	4251
1456	1269
3833	3261
3353	1502
2013	3105
992	1683
992	3984
992	2891
992	1347
992	2719
992	1269
992	110
2270	3379
3716	3661
2950	998
591	3379
2381	570
2913	1279
2913	1627
2913	3209
2089	3379
139	206
139	4611
139	3780
139	2888
3426	419
3426	584
3426	3688
3426	3425
419	3101
2108	1594
2108	1337
2108	3734
2108	3212
2514	3444
2549	3222
2549	1295
2549	1323
2549	267
2549	3573
822	1910
3674	4671
3674	3635
3674	720
3674	1289
3674	4348
3674	4657
3958	3456
3958	2363
3958	700
3958	2447
2006	3162
3728	2146
3728	3677
3728	2098
3728	3734
3728	4544
966	2533
4479	292
4479	4094
4506	3296
3970	3444
1999	4595
2129	1293
2129	869
2129	1369
2129	3582
4580	4611
4353	2353
4151	3465
4151	4374
4151	3734
3796	952
3796	4017
3796	1813
232	4595
2245	3424
2245	1325
2245	1984
2245	990
366	4258
366	1565
366	3414
366	4611
366	1442
4258	1565
1565	264
3764	2458
3764	3663
3564	4592
3564	3962
3564	3379
3564	1594
3564	962
4415	2620
4415	3379
4415	1594
4415	1337
1473	3379
1473	4611
1473	1029
1293	2620
1293	3379
1293	1594
1293	578
1293	283
1293	2632
454	208
454	1489
2064	1849
2064	3235
2064	4064
2064	10
2064	2413
2064	15
2064	3473
1849	3962
1595	102
1595	3222
1595	1295
1595	2458
1595	1300
2206	1380
2206	3519
2206	657
2206	3296
2206	2097
2206	1452
2697	2486
2697	2885
575	349
2840	2196
2840	267
3146	30
3146	160
1064	3680
568	969
1231	1824
3692	458
3692	1027
3692	504
3692	1653
3692	2833
3692	3986
3692	2326
3692	1727
3692	3212
4645	657
4645	1446
458	1614
458	4416
458	4636
458	550
458	504
458	4632
458	2833
458	1081
458	2358
458	3198
458	2786
458	1076
1683	1598
1683	2779
1683	3337
1683	98
1683	1465
1683	1511
1683	4540
1683	3215
1683	3235
1683	3166
1683	2005
1683	667
1683	229
1683	1280
1683	2995
1683	4616
4362	2810
3776	873
3776	3296
3776	3046
2319	1300
2319	2681
3566	2188
3837	2544
3837	2100
4128	2680
4128	1646
4128	3253
3672	2711
4114	1079
577	4544
2495	1036
2495	3662
1530	3101
1530	3209
4180	99
1416	1027
1416	4544
2727	2679
2727	1712
2727	3879
2727	1286
2711	3101
2711	1712
1380	1029
1114	2668
3856	3389
1764	3734
1764	251
1764	1698
1434	3571
1434	3573
1539	4544
2037	1799
2366	102
2366	3222
2366	1295
2366	1323
2366	2458
2366	4145
2366	1784
2366	482
2366	2553
2366	1190
2366	3715
2366	340
2366	3166
2366	1226
2366	3803
2366	734
102	3222
102	1295
102	1323
102	2458
102	1784
102	4042
102	2906
102	2164
102	2989
102	3394
102	4556
102	4354
102	58
102	3986
102	1604
102	4030
3222	1295
3222	1323
3222	2458
3222	4103
3222	1227
3222	251
1295	1323
1295	2458
1295	1027
1295	3661
1295	570
1295	943
1295	906
1295	1227
1295	2989
1295	407
1295	4197
1295	2730
1295	792
1295	267
1295	3573
1295	3184
1295	2132
1295	2852
1323	2458
1323	2140
1323	206
1323	4540
1323	2918
1323	2989
1323	2730
1323	628
1323	1828
1323	1902
1323	2337
2458	3893
2458	1784
2458	900
2458	206
2458	1455
2458	1484
2458	3215
2458	3935
2458	4087
2458	1227
2458	2989
2458	199
2458	4544
2458	1536
2458	1552
2458	1959
4326	3984
4326	206
4326	3389
4326	4434
4326	4377
3597	1280
3597	3425
2182	4429
2182	2779
2182	3577
2182	1029
2182	113
2182	3425
3893	3889
3893	4159
3361	1771
1528	2294
1528	1369
2294	3756
2294	1290
2294	1635
2294	3773
2281	1635
2281	3773
2590	4571
2590	3413
737	1496
737	4121
737	1269
4570	435
1889	249
1889	2687
413	249
413	934
413	2687
413	1502
413	3553
2166	1738
1949	2036
1949	2164
3864	2125
3864	1161
3864	4368
3864	205
2694	249
580	249
580	1951
580	958
580	1318
580	1502
3823	4229
3823	628
4565	2547
4565	1269
3378	2937
3378	2005
969	2638
969	979
969	1227
969	2060
969	3734
969	559
969	573
969	576
969	615
969	626
969	1079
969	1196
969	1376
969	1642
969	1670
969	1773
969	2856
99	1170
99	267
1614	4392
1614	1058
1614	3503
1614	1337
350	3296
3722	1125
4005	2493
4005	657
600	206
1377	4207
1377	1269
1377	825
1377	1928
9	2323
9	4500
9	3491
3323	4601
3170	1995
3170	979
3170	2022
3170	2307
3170	4589
4145	1418
2956	3677
2956	1033
1611	3577
276	801
276	4540
276	4047
276	283
3101	1784
3101	3677
3101	2692
3101	4303
3101	4546
3101	4002
3101	2035
3101	2060
3101	374
3101	2813
3101	2966
3101	2687
3101	962
3101	2586
3101	2115
3101	265
3101	325
3101	468
3101	2337
3101	2505
3101	2556
3101	2599
3101	2954
3101	2970
3101	2971
3101	3071
3101	3073
3101	3565
3101	3603
3101	3711
3101	3947
3101	4097
3430	152
3430	374
1978	152
1978	1559
1978	374
1978	4595
321	3379
321	1173
321	152
321	1559
321	1325
321	1739
321	374
321	4595
4652	3425
2794	3427
3804	4450
3804	2589
2146	4352
2146	4188
2146	3598
2146	979
2146	2937
2146	2413
2146	2632
2146	800
2146	4097
4450	1942
4450	2620
4450	1222
4450	1023
4462	4665
3295	3734
4207	696
4207	3465
4207	3296
4207	2125
4207	926
4207	1418
4207	4491
2554	801
2554	1027
2554	3443
2554	3212
4192	934
3756	2150
3756	3296
3756	3422
696	2833
696	1804
696	2609
1488	986
4429	1190
4429	2842
4429	3124
4429	3425
3465	2902
2902	3494
2816	374
2227	1417
2227	3688
1159	4229
243	1027
4492	2984
2260	3577
2724	4032
3901	1058
2190	560
2190	376
1259	2140
3976	2012
3976	3122
2612	2746
2612	900
2612	3832
2612	39
2612	877
2612	2580
2612	1500
2612	4285
2612	3094
2323	4595
1598	3235
1513	1836
2696	1836
4409	984
2677	1723
2677	3527
3810	816
3810	4147
3810	3482
3810	400
3810	1085
3810	974
3810	3364
3810	3510
3810	3224
3810	2056
3810	905
3810	100
3810	906
698	1209
2748	1836
2748	1928
3730	816
3730	974
3730	3364
3730	3224
3730	905
816	1836
4147	1269
3482	1836
3482	4595
1085	1836
974	1836
3364	113
3510	1836
2349	538
3224	1836
2056	152
2056	1257
905	1836
1836	3173
1836	3773
1836	326
1836	4461
3818	2842
2767	164
3633	1785
662	1349
662	1592
801	1914
801	1442
801	4500
801	3056
323	1932
323	4546
323	2766
2963	1213
2963	3282
2963	2574
2963	305
986	1417
986	2620
986	3379
986	2804
986	3322
986	1594
986	2318
986	1440
4629	1269
3558	1029
3558	3425
4396	4595
1673	2660
1673	3242
1673	3774
4156	3379
1784	1814
1784	3152
2308	4465
2308	3573
4374	1222
4374	1033
4374	3131
4374	4414
4374	3296
4374	113
4374	2434
208	3046
208	1489
1027	570
1027	3023
1027	1029
1027	4665
1027	435
1027	1727
1027	1267
1027	3511
1027	3610
1027	4402
1027	1023
3427	152
3427	1029
3427	1300
3427	4215
3427	1811
3427	2232
3427	3145
4465	3437
4416	570
4416	3023
4416	504
4416	2326
4416	1727
4416	2097
2779	3240
2779	3444
2779	921
2779	331
2779	4434
2779	1023
2779	734
1843	2680
1843	1033
1843	4595
1843	3780
3240	3235
3240	4595
4642	4595
4642	298
4639	1269
4341	962
1965	55
1965	4391
1965	199
1965	2051
604	1766
4493	838
4493	2632
865	1470
865	84
865	1325
865	4023
865	4595
865	326
865	1081
865	2503
3557	2424
3557	4611
1417	3322
1417	2300
1417	1594
1417	3456
1417	3439
1417	3577
1628	3734
1628	3296
4481	1986
4481	2505
1997	3081
1997	4087
1997	3868
1997	1710
2544	691
1726	844
1726	1369
1726	1904
4636	504
4636	1727
4392	3677
4392	2620
4392	1986
4392	4544
3677	1738
3677	1546
3677	2098
3677	4332
3677	4544
3677	4234
550	1738
550	1785
550	504
550	3921
550	2833
550	1337
550	4544
550	3986
550	2326
550	1727
1738	3734
1738	1986
1738	4544
1738	4635
1738	4234
1738	2261
4019	3379
2140	2909
2140	3011
2140	1023
3414	1442
1192	825
1192	4137
3785	3437
1546	1986
1785	2719
3661	4496
1209	3389
1209	3734
1209	2161
3962	844
3962	1369
3962	881
3962	4414
3962	2597
3962	3657
3962	939
844	1302
844	881
844	913
2620	3379
2620	2804
2620	3322
2620	2471
2620	3577
2620	3779
2620	3734
2620	264
3379	2804
3379	2318
3379	2471
3379	3312
3379	3577
3379	4021
3379	3023
3379	797
3379	1696
3379	1635
3379	4665
3379	2546
3379	271
3379	1121
3379	2630
3379	1592
3379	3744
3379	3734
3379	2455
3379	1718
3379	4285
3379	1015
3379	153
3379	185
3379	277
3379	284
3379	391
3379	931
3379	1301
3379	1766
3379	1777
3379	2107
3379	2502
3379	2614
3379	2932
3379	3107
3379	3122
3379	3196
3379	3218
3379	3459
3379	3494
3379	4077
3379	3820
3379	3834
3379	3995
3379	4075
3379	4118
3379	4126
3379	4247
3379	4264
3379	4028
2804	1594
1290	3456
1290	2318
1290	1453
3322	3439
2300	3456
1594	2471
1594	3312
1594	3577
1594	3734
1594	3657
3456	2363
3456	3439
3456	3577
3456	1496
3456	1300
3456	1592
3456	3296
3456	958
3456	3134
3456	3568
2318	1147
2318	2614
2471	1540
2471	3496
1578	152
1578	374
1578	3611
2096	2357
2096	797
2608	1301
1491	1506
4424	3433
4199	1269
3293	3921
1506	249
1506	612
1910	1302
2497	2306
2430	1429
3297	2827
3297	3792
3297	2034
3297	2820
3297	3328
2827	3792
2827	2034
3792	2034
3792	136
72	1302
72	1811
2275	4110
2275	4095
2275	1632
2275	3261
2275	1540
2275	66
4110	4095
4110	1632
4095	1632
3261	4595
1331	3851
1331	4595
1331	4126
1716	3038
1103	4161
1311	3205
2746	900
2746	3832
2746	39
2746	877
2746	3734
2746	1031
2746	2293
2746	3094
3243	3147
1381	1710
64	1079
3605	4595
452	1951
452	1190
452	2357
452	3086
452	2447
452	2051
1799	1300
355	1023
2368	544
2368	1300
2368	515
2368	3166
2368	201
2992	1269
900	4347
900	39
900	1496
900	652
900	3209
900	3094
316	1559
316	3175
3815	4347
640	4347
640	1029
1991	4347
2150	4347
2150	717
2150	3018
4489	4347
2979	3780
1724	110
1724	3212
84	1029
4149	44
3084	3679
814	3734
190	3734
4055	30
4055	160
4055	3235
4055	435
4055	1397
3515	599
3515	4356
3515	3192
3515	791
3515	3
142	538
142	3423
2289	736
2465	3773
925	3366
925	3945
925	1761
3366	3945
1579	3945
1579	3752
1579	910
1579	838
1579	651
1579	1559
3945	3752
3945	980
3945	1867
3945	2231
3945	4087
3945	2706
3752	910
3752	838
1850	838
1850	3542
1850	3056
1850	921
1850	4320
980	3491
910	838
838	1269
838	1804
2406	4312
2087	1941
2087	2114
3832	39
3832	877
3832	2580
3832	3094
2666	584
3424	206
3424	584
3424	2493
3424	3046
2598	1121
1440	2680
1440	1325
1440	4595
1440	4413
238	2824
3337	2363
3337	249
3337	1029
3337	3105
3337	2533
3337	4643
3337	3058
3337	3680
4347	2523
4347	3611
4347	1391
4347	3425
2363	249
2363	934
2363	2890
2363	2447
2363	949
2363	2051
2363	3425
2363	313
491	249
249	1589
249	612
249	1951
249	2357
249	2202
249	3179
249	4678
249	2447
249	949
249	4643
249	66
249	405
249	410
249	958
249	1502
249	2051
249	2681
249	2824
249	3553
249	3802
249	3836
249	313
412	2982
412	3310
1245	304
1723	3984
1723	584
1723	1302
1723	3389
1723	4434
1723	4377
98	3011
124	4500
124	60
124	1559
124	2817
3984	1680
871	1496
871	594
1465	482
1465	2719
1465	691
1465	4451
4350	2719
482	3061
934	2447
934	958
934	3061
934	313
21	66
4271	661
612	199
4143	2326
4143	1727
3035	3734
3299	4249
3793	2600
474	3973
1185	3023
1185	1286
2890	3806
2890	2533
2890	66
2890	2051
2890	313
3758	300
3809	300
377	300
31	300
31	2531
1677	300
300	94
3635	3660
3635	1033
3635	3046
3635	3425
3635	3663
2197	2051
1951	4678
1951	4643
1951	2178
1995	647
1995	687
3877	4562
647	687
647	2124
647	4611
647	4040
647	4562
647	15
647	3175
687	1453
687	3312
687	1763
687	1863
687	4540
687	3917
687	4040
687	4562
687	15
687	3328
786	2005
786	1811
786	4562
1065	1399
1190	584
1190	979
1190	398
1190	3423
456	304
2274	657
2274	4571
2274	3184
1453	3312
1453	2306
1453	3787
1453	2378
3312	1763
3312	3577
3312	1915
3312	3184
3312	1576
3312	3152
1763	504
1763	3780
3806	705
2139	3389
4467	3296
1504	2051
1504	2923
952	3315
952	4632
1222	3734
1222	3296
570	3571
570	2424
570	869
570	2918
570	289
570	4620
570	1500
570	3573
570	3046
570	1296
570	1860
570	2836
3571	1883
2424	30
2424	1712
2424	3978
2424	289
2424	520
2424	134
1713	2989
1713	289
3282	1712
3282	4666
2574	3773
2574	4666
2574	3437
2574	2326
903	4666
903	3437
30	3284
30	3734
30	3152
206	2334
206	1712
206	2989
206	4666
206	2523
206	289
206	1984
206	502
206	267
206	184
206	3229
4297	2906
4297	4595
4297	3780
4297	4544
3577	4423
3577	1033
3577	4332
3577	1029
3577	1719
3577	2842
3577	2060
3577	1325
3577	3734
3577	4204
3577	2100
3577	3292
3577	1023
2891	1559
39	877
39	3474
39	2580
39	4168
39	962
39	3094
544	3997
544	3320
1276	782
4100	4544
4100	2326
2577	626
3023	1369
504	4632
504	2833
504	2358
504	3046
504	2326
504	3198
504	1727
504	2786
504	1076
504	1757
504	2097
504	1828
1883	3734
1883	2814
1883	3422
1511	4611
1511	3291
344	4611
1439	3773
1135	3105
2202	1296
2202	1502
1994	2180
3315	1703
4303	3175
1173	1338
1173	1455
1173	2170
1173	1058
1173	652
1173	3226
1173	2680
1173	545
1173	1033
1173	1915
1173	1325
1173	4556
1173	2222
1173	962
1173	4413
1173	689
1349	736
1349	2493
1349	3816
1349	233
1349	1033
1349	3201
1867	2222
1867	962
1347	2153
1347	1033
1347	2878
1347	2222
1347	4620
1347	3641
1338	1915
736	3086
584	2153
584	2124
584	1033
584	1403
584	2632
584	1183
3668	161
3668	3744
2464	882
2464	979
2464	1712
2464	268
2464	1183
882	979
882	268
882	1183
3067	791
2425	979
648	4651
648	3724
4312	3296
4312	4562
2457	3734
3081	1121
877	2580
877	4168
877	3094
753	2719
753	267
4188	3679
4188	2679
4188	3851
4188	4611
4188	4121
2218	2989
2493	3816
2493	233
2493	3173
2493	3734
3816	233
3816	1419
3816	1033
3816	2918
3816	3511
233	3473
4131	4651
4131	10
4131	277
4131	2411
2928	152
2928	3773
2928	578
2928	374
2595	4064
650	3124
650	4588
4651	3173
4651	1030
4651	1283
4651	2104
4651	4205
4651	126
4651	1448
4651	2114
4651	3328
2153	4473
107	3673
3444	267
3444	3320
3444	4442
2098	3679
2098	4544
4546	2820
4546	3734
797	1337
797	1604
919	2679
1496	713
1496	1662
1496	3603
1496	3710
3519	2966
3519	3454
3519	734
2164	1455
2164	1058
2164	3291
2164	4595
3523	3734
3173	4037
3173	283
3488	2114
152	4138
152	3773
152	1739
152	520
152	1071
152	4354
4540	4284
4540	3679
4540	4611
4540	283
4540	4544
4284	4200
4284	3679
4284	4611
4284	4670
3917	2124
3917	652
2124	4200
2124	3679
2124	1806
4200	2679
4200	3851
4200	4611
4200	652
4200	4121
3679	4611
3679	4121
2679	3851
2679	4611
2679	4673
2679	4670
2679	4121
3851	4611
3851	4673
3851	4121
4611	4673
4611	4670
4611	4121
4611	1029
4611	1842
4611	4556
4611	2739
4611	288
4611	2028
4611	3058
4673	4121
3526	3169
4076	3440
4421	4544
4421	588
4421	3376
1419	1455
1419	657
1419	1058
1419	2680
1419	545
1419	1033
1419	2249
1419	1423
1419	113
1455	657
1455	1058
1455	2680
1455	545
1455	1033
1455	3425
2170	1804
555	2114
657	1058
657	2680
657	545
657	1033
657	711
657	1559
657	881
657	1423
657	990
1058	2680
1058	1033
1058	1325
1058	3780
1058	1423
1058	3184
652	4670
652	3773
652	374
652	2787
652	3797
4670	4121
4121	1442
3148	4544
3148	1258
3148	1516
3148	3100
3725	3113
2555	661
2555	3616
2680	545
2680	1033
2680	1423
2680	1804
545	1033
545	1423
545	3826
1033	1269
1033	3503
1033	4047
1033	1423
1033	113
1033	3556
711	4000
4332	3212
1985	3425
4017	1814
489	1989
489	1814
489	1559
489	3734
1989	1814
1989	4087
1989	3734
4031	1814
4031	3734
434	1727
1442	3341
1442	3131
1442	4248
3284	2719
3284	4666
3284	289
3284	3437
3882	325
3541	3389
3541	1399
1778	1637
1646	3253
3960	161
902	4244
700	1300
700	3428
4040	1540
4040	1811
4040	15
943	3734
4500	1029
4500	405
1029	3779
1029	2225
1029	2232
1029	113
1029	3145
1029	251
1029	2505
1029	2531
1029	3063
1029	3657
850	1300
1030	1712
1597	3734
3011	113
1635	4562
1635	2405
1635	3473
1635	4075
661	2879
661	399
661	958
661	1604
661	1612
661	1890
661	4001
661	4219
661	4261
661	4264
2659	4047
1217	785
2334	3389
2334	3437
2334	1888
1302	71
1302	2097
2682	199
2676	199
2999	1637
2257	2447
1637	435
1109	3086
3086	906
3086	2171
3086	2895
3086	873
3086	1397
3086	3774
4665	692
4665	2895
4665	3629
4665	2016
906	298
3800	1366
3225	1712
1366	1612
1366	3794
1366	1397
1403	3389
1403	899
1403	3734
1403	3296
1403	1036
3179	304
3179	2687
3179	794
3179	4517
304	3105
304	3296
3105	1300
3105	2730
3105	705
3105	2660
3105	44
3105	1028
3105	2821
2895	3629
2895	2016
2895	2568
2895	873
1540	825
3389	60
3389	2523
3389	2632
3389	2173
3389	4205
3389	184
3389	2609
3215	2989
3215	3437
55	1300
1826	4331
1269	283
1269	10
1269	58
1269	4499
1269	4544
1269	1536
1269	197
1269	301
1269	362
1269	808
1269	926
1269	958
1269	1267
1269	1429
1269	1828
1269	1892
1269	4268
1269	4496
2035	4427
2035	58
2035	2580
2016	164
3131	1559
3131	3296
3131	3152
4138	3773
4138	1071
4138	3611
2568	331
2568	2051
2568	3662
4678	2687
4678	69
4678	1502
4678	3665
4678	2703
4071	979
4071	1973
4647	3437
2668	271
2668	3734
2668	302
2668	3325
2668	185
2668	436
2668	2307
271	283
2918	3734
1300	3235
1300	1296
1300	2051
2188	3839
2934	979
3773	374
3773	3611
2342	4354
3445	3175
2820	3227
2820	899
2820	1559
2820	3328
569	899
569	3868
569	1811
569	3328
3227	899
3227	2632
3227	3511
3227	3328
899	3734
899	1367
899	3556
899	3328
3598	3425
3194	4087
1814	4087
1814	3734
1814	2358
3997	15
3997	1604
979	268
979	1183
979	331
979	398
979	894
979	1576
979	2382
979	3826
578	3425
1104	85
1104	743
1104	1447
1104	2329
2225	724
351	2980
351	3425
2980	1680
1227	1712
1227	2989
1227	4666
1227	289
1227	3732
1369	881
1369	2597
1712	2989
1712	3437
2989	4666
2989	2842
2989	3437
2989	2522
2989	1890
1973	2811
4571	4047
4571	1371
3291	3680
1121	1559
1121	3734
1121	1031
1121	524
4666	3734
4666	435
4666	3437
4666	3296
4666	1003
4666	3209
4666	3990
636	630
3868	407
4248	407
4248	2404
407	1915
407	2404
4324	4595
4324	2521
3846	3845
3419	3845
3419	3590
3845	3734
3845	3296
3845	3590
4292	3689
1559	4064
1559	3384
1559	3046
1559	921
1559	88
1559	800
1559	1301
1559	1435
1559	1582
1559	1766
1559	2957
1559	3121
1559	4247
1559	4158
2068	941
2842	3166
2842	667
881	3734
2447	2687
2447	2533
2447	949
2447	1117
2447	205
4414	2597
4414	3296
3686	3038
4581	2988
3124	3166
3124	667
3124	522
1327	460
2048	4244
2060	2888
2060	2977
2060	4640
3602	371
3978	3657
4427	3471
4427	58
4427	2580
4176	3107
1298	3328
4455	890
1325	4023
1325	4064
1325	4595
1325	326
1325	4413
4023	2916
4023	4595
1337	3734
1337	1986
1337	283
1337	1727
1739	374
1739	4354
1739	3611
374	520
374	1071
374	4354
374	3611
520	3611
2937	3734
2937	3296
2937	169
1537	4300
1537	734
1537	2161
2966	418
4556	4595
2687	949
2687	958
2687	2051
2687	313
3734	3437
3734	2249
3734	1811
3734	1771
3734	1950
3734	4428
3734	2115
3734	717
3734	1371
3734	277
3734	1210
3734	1674
3734	2028
3734	2434
3734	2467
3734	2482
3734	2888
3734	3037
3734	3134
3734	3152
3734	3511
3734	4388
2814	524
946	3296
1986	4544
2879	515
2879	724
2878	962
2222	4047
2222	4413
2222	4573
1071	4354
4354	3611
2086	3296
3235	682
3235	970
3235	1670
1984	3780
1984	1888
4064	2307
4064	2449
4064	3229
4064	1452
4064	2518
3166	435
2005	229
2507	1746
2533	410
2533	958
2533	2051
2533	313
435	1183
435	2614
435	3657
4047	1256
4047	3425
4047	3826
792	2883
3437	1500
418	4370
108	981
2910	4595
3384	268
3384	1183
3384	3527
4595	4116
4595	1572
4595	76
4595	806
4595	931
4595	1265
4595	1825
4595	1891
4595	1928
4595	1963
4595	2329
4595	3028
4595	3107
4595	3327
4595	3476
4595	3584
4595	4077
4595	3995
4595	4025
4595	4092
4595	1397
3780	502
3780	1500
3780	267
3780	825
283	2209
283	3184
949	2051
995	2932
10	2255
58	2580
2580	4168
2580	3094
2413	3573
3318	4331
3318	3349
3318	326
4331	326
326	921
326	184
2632	3296
2632	184
3296	1771
3296	1950
3296	2027
3296	717
3296	4204
3296	1371
3296	166
3296	277
3296	399
3296	524
3296	1411
3296	1698
3296	2028
3296	2029
3296	2434
3296	2482
3296	3425
3296	3511
3296	2753
3296	4234
3787	4434
2589	2787
2589	962
962	4573
962	2780
962	921
962	1612
962	1680
962	2029
962	4451
264	4116
4116	2033
4116	3425
4620	967
1771	3680
1500	3212
4544	1489
4544	4234
4251	712
712	65
2125	610
1572	3175
2346	66
1720	3491
1720	3569
3491	2468
298	3933
298	154
298	3755
15	3328
4643	403
4643	1502
4643	2051
4643	3109
267	785
267	3537
267	384
267	3320
267	913
267	2240
267	3425
785	3537
785	3320
785	2097
785	76
2780	2810
1827	2100
384	3074
3320	689
2027	2115
1286	44
1286	2609
1286	4496
1286	1397
3573	2378
3573	118
3573	4616
1804	2378
1804	1525
689	767
689	4501
705	2038
66	67
66	1175
66	1971
66	3248
66	3553
1710	2115
113	2522
113	1525
2358	2326
2358	1727
2358	2097
3046	2326
2326	3198
2326	1727
2326	2786
2326	1076
2326	2817
3198	1727
1727	2786
1727	1076
1727	1757
1727	3212
1036	184
1147	1524
1147	1741
1147	3657
3634	162
4112	3192
599	4356
599	791
913	782
3175	460
3175	2604
3175	4401
1740	1430
1183	3425
242	3060
4356	3192
4356	791
4356	3
3192	791
3192	3
3192	3561
4657	1310
1100	2293
1100	921
4205	4204
4204	4242
1371	3990
2378	3061
5	3328
53	2752
2255	1793
921	3229
921	3662
69	1502
70	1707
148	4092
162	967
219	2285
236	1335
279	398
310	2038
402	727
455	665
455	3669
460	4327
588	1023
594	1196
594	1876
618	2604
626	2971
630	997
656	2622
695	3527
726	4638
762	3201
825	1358
825	3425
894	2038
895	3454
931	1120
958	2051
997	3565
1003	1524
1028	4249
1079	3005
1117	313
1155	4025
1175	4265
1266	3425
1318	2609
1329	2356
1391	2172
1418	4569
1446	3870
1467	4521
1502	2051
1502	2681
1582	3904
1599	2817
1612	3794
1612	4394
1612	3821
1612	1397
1612	1621
1612	2753
1612	3663
1616	3496
1662	3134
1717	3652
1873	3425
2021	3794
2021	4510
2051	2126
2051	3553
2051	313
2058	3328
2100	3212
2100	3665
3794	3821
3794	1397
3794	1621
3794	2753
3794	3663
2126	3423
2127	3662
2411	3492
2594	2690
2594	2665
2614	3657
2686	3662
2781	3425
2790	3061
2799	3229
3556	3425
3425	3089
3425	3262
3425	3511
3425	4536
2863	3397
2915	3076
2970	3662
3037	3229
3061	3527
3100	3662
3221	3094
3351	4491
3680	3826
3889	4004
3938	4265
4219	4640
724	4234
4510	1397
2753	3663
1931	231
1347	231
584	231
3291	231
730	3844
4374	3844
3734	3844
3296	3844
1769	3699
398	3699
2635	3699
937	137
3125	2896
3389	2896
3780	2896
2138	2655
1559	3399
2030	2526
1269	2526
1398	526
3607	526
4243	526
3674	526
3427	526
2183	526
1029	526
4302	526
3779	526
522	526
2100	526
1601	1239
3577	1239
4595	2976
3573	2976
3710	2976
1029	2986
2493	91
4611	91
3389	91
1683	3115
276	3115
1347	3115
3389	3115
2114	3115
3734	45
3799	1398
1643	1398
1385	1398
3340	1398
430	1398
4506	1398
4127	1398
3023	1398
1029	1398
4302	1398
3779	1398
3651	1398
1718	1398
3145	1398
3175	2897
4612	4132
1158	4132
2764	4132
4450	4132
4571	4132
1559	4132
3296	4132
931	4132
1968	4132
3591	4132
4593	4132
102	1638
2493	1638
4253	1638
1432	3974
49	3974
3687	3974
334	3974
4258	3974
1466	3974
4070	3974
569	3974
1314	1655
2988	1655
3780	1655
3379	285
3674	2524
206	2524
3113	2524
1193	471
4003	3392
4003	3555
2791	1215
189	1215
1380	1215
145	793
2023	793
4506	793
3389	793
4015	889
834	889
2294	889
696	889
2140	889
1349	889
584	889
4611	889
3950	889
1530	2958
696	2958
3148	2958
3389	2958
2378	2958
3503	2174
2366	679
102	679
4392	679
3734	679
3437	679
2300	210
1817	210
2183	210
435	210
1321	210
1193	4494
2420	4494
2039	4494
3502	4494
982	4494
482	4494
304	4494
4678	4494
2447	4494
2051	4494
313	4494
249	364
1269	364
2117	4008
3104	4008
1480	4008
3657	4008
3245	3275
2913	337
1033	337
4611	1581
3575	4625
66	4625
3875	354
2458	450
3108	1136
2973	546
817	546
4216	546
2952	546
2071	546
1441	546
144	546
1643	546
817	2973
4216	2973
2952	2973
2071	2973
1441	2973
144	2973
1643	2973
4216	817
2952	817
2071	817
1441	817
144	817
1643	817
2952	4216
2071	4216
1441	4216
144	4216
1643	4216
2071	2952
3312	2952
3724	2952
4472	404
1540	404
962	404
3855	2076
3475	2076
3955	2442
2963	2442
4523	2671
1909	2671
1988	2671
3577	2671
4540	2671
3734	2671
1869	4470
4112	4470
791	4470
4112	1869
3692	4523
4645	4523
458	4523
4392	4523
3023	4523
3921	4523
4544	4523
4173	4523
162	4523
179	1909
1449	1909
1403	3955
1452	3955
4227	2657
1150	95
2387	198
1712	198
1414	4675
1894	4675
488	4675
982	4675
4464	4675
249	4675
4643	4675
2051	4675
3417	2868
206	287
3688	287
706	287
3880	2160
356	2160
465	1543
1647	1543
2727	1543
3315	1543
3389	1543
356	3880
2030	3880
3427	356
3299	356
1984	356
3061	356
3621	356
3431	1940
1727	1940
3212	499
2090	649
4611	649
1029	3952
3734	3952
553	2341
3734	1944
3780	1944
3039	1260
1683	3319
3378	3319
2680	3319
553	862
3378	862
529	1018
2259	1018
921	3607
2278	824
1434	824
2458	824
1058	824
4500	824
3425	824
4611	370
1269	370
1179	370
4434	370
1712	1615
3046	809
726	2939
1683	4558
3592	4679
1231	805
1539	805
3677	805
2620	805
61	3431
458	3431
4070	3431
4297	3431
1347	3431
4121	3431
2334	3431
1727	3431
2451	3431
1888	3431
172	2362
2166	2362
3488	2362
413	3599
744	2606
3101	2606
3170	4598
3917	4598
2124	4598
652	4598
1600	4669
1863	4669
3657	4669
1600	3208
749	3208
3365	3208
1745	3208
770	3208
1966	3208
3104	3208
1279	3208
3728	3208
4207	3208
865	3208
2318	3208
900	3208
2363	3208
30	3208
4651	3208
3660	3208
2098	3208
1559	3208
4414	3208
164	3208
435	3208
3296	3208
962	3208
921	3208
460	3208
1003	3208
2459	3208
2604	3208
2957	3208
3492	3208
4159	3208
4443	3208
3778	1432
1607	1432
2945	1432
1338	1432
161	1432
3046	1432
460	1432
3292	1432
3209	629
1836	3017
2458	3778
2030	3855
4156	3855
3379	3855
63	3760
3553	3189
2536	3108
2315	3108
3040	3108
2194	3108
3522	3108
2094	3108
2938	3108
572	3108
2945	3108
2304	3108
2123	3108
3600	3108
2353	3108
321	3108
3456	3108
1799	3108
2150	3108
2666	3108
4143	3108
2274	3108
2153	3108
1774	3108
2984	3108
2171	3108
1719	3108
3291	3108
1121	3108
4666	3108
4414	3108
2222	3108
4595	3108
2521	3108
70	3108
677	3108
970	3108
1073	3108
1079	3108
1429	3108
1447	3108
1467	3108
1681	3108
1752	3108
2051	3108
3794	3108
2135	3108
2157	3108
2233	3108
2437	3108
2467	3108
2505	3108
3242	3108
3347	3108
3413	3108
3446	3108
3473	3108
3838	3108
3948	3108
1888	3108
2536	542
2536	4548
1241	4548
2668	4548
4595	4548
4381	2536
2578	2536
0	2536
389	2536
0	4381
1286	4381
3556	4381
0	2578
1437	2578
249	441
1269	441
3351	441
205	441
766	217
148	217
249	766
2447	766
2557	2106
206	2106
2060	2557
3799	2348
4429	2348
3427	2348
3573	2348
593	3195
979	3195
3780	3195
1314	593
1269	50
238	3304
1091	3304
2764	1885
569	1885
1510	1214
1453	1214
3597	2315
2146	2315
3734	2315
3318	2315
3296	2315
1280	2315
3175	2315
1709	2315
3662	2315
2235	1353
3077	1353
745	1353
733	1353
753	1353
3734	1353
108	1353
4348	1353
1429	1353
2131	1353
4090	4487
458	4487
504	4487
3101	2460
3327	2460
3125	2317
3734	1451
430	3799
4174	3799
3427	3799
4127	3799
4651	3799
2842	3799
3328	3799
3120	2235
430	2235
3427	2235
4127	2235
2630	2235
3235	2235
1335	145
2482	145
3328	145
174	4490
4040	3623
2030	2933
3379	2933
3086	2933
4665	2933
906	2933
2171	2933
2895	2933
873	2933
1397	2933
2458	2837
650	2837
390	2887
652	2887
2035	2887
4427	2887
58	2887
2580	2887
4110	1649
2030	4655
2569	4655
1601	4655
1896	4655
1029	4655
1300	4655
3926	4655
2938	1386
488	1386
249	1386
1504	1386
4207	1769
3077	4046
2281	4046
691	4046
1246	61
1314	61
2145	61
877	61
3845	61
1984	61
1335	61
3398	61
4028	61
1888	61
1314	1384
3063	1384
4520	2640
430	2640
4394	2640
2512	422
4618	422
1836	422
2098	422
2188	422
4595	422
1191	492
2035	492
4571	4254
1847	4254
4064	4254
1535	4254
2532	4254
2957	4254
3379	3159
185	3159
413	1684
967	1684
4515	1684
1896	3549
4429	3549
2030	1336
1035	1336
2569	2030
4404	2030
2212	2030
2322	2030
1629	2030
3251	2030
1157	2030
3119	2030
1475	2030
1380	2030
2767	2030
3427	2030
3243	2030
2363	2030
2145	2030
4240	2030
647	2030
3312	2030
2424	2030
1135	2030
4599	2030
4200	2030
1486	2030
489	2030
2306	2030
4414	2030
4365	2030
712	2030
2981	2030
2232	2030
2115	2030
1631	2030
53	2030
656	2030
677	2030
762	2030
970	2030
1373	2030
2769	2030
2869	2030
2960	2030
3662	2030
4510	2030
2703	2030
2064	2537
3539	1193
2420	1193
1887	1193
488	1193
1400	1193
2275	1193
452	1193
2363	1193
249	1193
482	1193
2197	1193
2447	1193
2687	1193
2533	1193
4499	1193
66	1193
4428	1193
1502	1193
2051	1193
4157	1193
960	2569
2177	2569
1764	4404
3519	4404
3734	4404
3296	4404
1373	4404
2342	3554
4064	3554
457	4485
2471	4485
570	4485
4595	2729
1119	4551
4347	4551
1347	4551
4544	4551
3175	4551
2474	2791
1736	2791
1271	3374
2523	3374
1607	2221
1461	2221
1683	2221
2495	2221
838	2221
3832	2221
786	2221
3023	2221
754	2221
2833	2221
3384	2221
326	2221
4205	2221
1607	2282
1461	2282
838	2282
786	2282
3023	2282
1349	2282
2833	2282
326	2282
4205	2282
3425	2282
2764	653
578	653
1607	2489
838	2489
3832	2489
3023	2489
2833	2489
326	2489
3425	2489
1607	872
838	872
3832	872
3023	872
754	872
2833	872
4205	872
4204	872
825	872
1527	3118
2023	465
3125	465
1380	465
206	465
3184	3040
3680	3040
3125	2023
4505	2023
1966	2023
1981	2023
960	2023
1647	2023
3647	2023
1511	2023
1403	2023
271	2023
2989	2023
2609	2023
1461	1437
4667	1437
1314	1437
860	1437
2684	1437
569	1437
4581	1437
1984	1437
3296	1437
267	1437
1730	1437
1729	63
2074	63
3296	63
3823	36
1441	2071
144	2071
1461	2071
4618	2071
1643	2071
4414	2071
1337	2071
4504	3120
3668	3120
3444	3120
3882	3120
271	3120
144	1441
1643	1441
2867	1441
1643	144
3733	4221
3529	4015
577	4015
3101	4015
1027	4015
3793	4015
3173	4015
1029	4015
1921	4015
3389	4015
3437	4015
3296	4015
1500	4015
825	4015
3212	4015
3423	4015
3663	4015
645	771
3773	771
979	771
4504	857
4047	857
1259	529
2140	529
4500	529
1071	529
4354	529
3611	529
4331	529
3349	529
4116	529
2378	529
2644	3125
1300	3125
502	3125
3073	3125
30	1009
4090	3091
99	3091
1170	3091
1614	3091
1530	530
553	645
4520	645
4090	645
2951	645
3170	645
2146	645
2979	645
1724	645
3635	645
1190	645
544	645
4071	645
2934	645
979	645
398	645
2382	645
939	645
1650	645
4289	1607
2549	1607
3427	1607
647	1607
687	1607
2632	1607
15	1607
3175	1607
162	1607
1023	1607
3328	1607
1461	3345
770	3345
2129	3345
1027	3345
1369	3345
3734	3345
2413	3345
3662	3345
770	553
668	553
1168	553
3140	553
99	553
1578	553
2979	553
1724	553
2596	553
3679	553
4047	553
267	553
3184	553
479	553
500	553
3891	553
3104	3064
4374	3064
3734	3064
3296	3064
4618	1461
663	1461
2644	1461
2779	1461
3573	1461
3354	1562
34	1562
2037	1562
550	1562
652	1562
1288	1562
4376	1251
2962	953
4217	953
2513	953
1314	953
2612	953
2746	953
900	953
3832	953
39	953
877	953
652	953
2580	953
3094	953
2513	2962
1314	2962
2297	2962
2612	2962
2746	2962
900	2962
3832	2962
39	2962
877	2962
652	2962
2580	2962
3094	2962
2138	1340
4269	1340
366	1340
4258	1340
4188	1340
3533	392
3077	392
2366	392
814	392
1347	392
2175	392
1269	392
4025	4329
2194	918
3039	1224
3502	1224
982	1224
3456	1224
3105	1224
2447	1224
949	1224
958	1224
2051	1224
2039	193
3962	1191
3101	749
4509	467
1288	4535
3678	2138
3560	2138
172	2138
897	2138
81	2138
3692	2138
2554	2138
816	2138
4392	2138
1738	2138
900	2138
3299	2138
3793	2138
3023	2138
1646	2138
2334	2138
692	2138
1337	2138
1986	2138
4544	2138
2326	2138
1727	2138
4204	2138
1023	2138
4618	275
663	275
3036	275
4520	275
4090	275
411	275
2934	275
2813	275
66	275
4334	275
4227	4618
1027	4618
2779	4618
2413	4618
1294	4618
1959	4618
1300	663
4414	663
1280	3036
430	2964
365	2964
1213	2964
30	2964
3284	2964
3379	1624
4347	1624
1168	4520
2389	4520
979	4520
1294	4520
2389	37
2281	37
2544	37
2842	37
3641	37
4334	37
900	4217
1496	4217
692	4217
3094	4217
1510	3354
2389	3354
1314	3354
276	3354
570	3354
206	3354
1347	3354
3389	3354
283	3354
3296	3354
522	3354
113	3354
926	3354
3425	3354
2660	1427
2597	3762
1594	3622
2416	3622
2895	3622
3184	3622
3379	119
1029	119
3389	119
3227	119
4571	119
3296	119
4101	1414
488	1414
3575	1414
1810	1414
2357	1414
1300	1414
958	1414
4083	1414
488	2563
488	1894
1300	1894
1502	1894
592	1605
66	2194
1907	2194
592	1974
969	592
881	2707
1609	847
2195	847
4269	847
3961	847
2245	847
696	847
3315	847
4500	847
3389	847
1269	847
1121	847
4248	847
3780	847
3296	847
3710	847
2504	3873
1559	3873
2126	3873
2180	3873
3732	3873
418	2400
1888	2400
323	4107
868	3365
711	3365
3931	3769
1784	3769
489	3769
1989	3769
4031	3769
1814	3769
4087	3769
3734	3769
102	2212
3312	2212
3131	2212
3734	2212
2027	2212
4054	4472
657	868
711	868
2786	868
1579	920
3734	920
4504	3417
979	3417
70	3181
1709	2025
2828	409
3101	2079
3758	3199
267	3199
3734	1725
413	3539
2890	3539
1526	3539
2447	3539
66	3539
1674	2639
1269	1545
1434	4060
3109	1661
982	1167
413	1167
580	1167
249	1167
1951	1167
1484	1098
15	1098
30	1881
30	1560
2146	3781
3850	1483
2125	1483
3864	3287
4368	3287
3101	2474
2016	2474
3846	2474
1683	1781
2164	1781
3389	1781
3227	1781
1337	1781
3734	1781
3296	1781
1525	1781
1745	744
1510	744
1496	744
881	744
4229	3300
267	2265
2409	2263
4536	2558
1510	1745
4479	1745
4565	1745
3577	1745
292	1745
1524	1745
3209	1745
2094	4612
2190	4612
2190	1729
657	1729
1033	1729
4354	1729
267	1729
2614	1729
3209	1729
4167	770
99	770
102	4410
692	3678
2206	2074
3424	2074
504	2074
906	2074
4620	2074
1710	2683
1978	423
1913	423
1380	4169
1579	4169
1871	4169
668	4024
2366	4024
102	4024
3222	4024
1295	4024
1323	4024
2458	4024
1598	4024
3379	4024
3101	4469
4303	4469
1349	4469
4346	4469
3101	329
1981	3522
960	3522
1504	4213
433	668
2366	668
102	668
1598	668
1799	668
4611	668
1269	668
3175	668
1318	668
3425	668
550	2629
139	4090
3692	4090
99	4090
1170	4090
4481	4090
4332	4090
1540	4090
979	4090
1986	4090
963	4090
1984	4090
4544	4090
2358	4090
2378	4090
162	4090
1157	557
206	4591
2989	4591
4666	4591
1727	4529
504	2975
3046	2975
2326	2975
1727	2975
3046	4528
3106	3931
1784	3931
4017	3931
489	3931
1989	3931
4031	3931
1814	3931
4087	3931
3734	3931
1727	3931
1896	2734
4540	2734
4284	2734
4121	2734
1601	2118
3101	2118
3560	396
3793	396
2349	2717
2187	2717
3943	3004
962	4667
4244	4667
2938	938
413	938
4432	938
1907	938
2810	938
44	24
3481	4227
321	4227
1962	4227
1579	4227
1987	4227
3862	4227
1433	4227
1627	4227
1698	4227
2312	4227
2681	4227
3808	3550
1173	3550
2170	3550
1058	3550
689	3550
2544	1495
652	1495
1965	312
4479	1510
2406	1510
1135	1510
2680	1510
292	1510
1183	1510
1489	1510
2064	2784
1369	2784
3734	1988
1385	1158
1382	2504
662	2504
4657	2504
3042	2504
4600	2504
2183	1168
584	1168
3291	1168
522	1168
3425	1168
1121	80
3734	80
1258	80
4373	80
1293	49
257	49
3577	49
2424	159
1029	3220
3573	3220
1951	4101
549	3228
969	1230
3779	121
997	121
2632	4
3296	4
996	757
4409	757
3479	757
2181	757
2493	4142
3816	4142
233	4142
2026	2420
488	2420
3502	2420
982	2420
249	2420
1504	2420
2447	2420
2687	2420
2533	2420
949	2420
958	2420
2051	2420
3581	4386
2089	4386
2089	3581
3137	3581
1269	1123
1400	2938
4055	2938
160	2938
44	2938
410	2938
4083	2938
4446	2938
313	760
4506	2857
1004	1385
488	2039
1157	2039
411	2039
249	2039
2556	3065
2681	3065
2182	3340
687	3340
3011	3340
3389	3340
1559	3490
3105	2917
3502	1469
4614	3251
3105	3251
3389	3251
2447	3251
426	3251
3456	2092
1887	2026
488	2026
3502	1887
982	1887
462	1887
1889	1887
482	1887
2890	1887
1951	1887
2447	1887
4643	1887
66	1887
2051	1887
313	1887
899	3505
569	1007
933	1007
366	3928
569	3928
1789	1733
814	1733
1029	1733
3128	3055
4269	3055
3692	3055
1614	3055
3023	3055
4332	3055
2582	3055
2879	3055
2358	3055
26	3055
1266	3055
2116	3128
3312	2116
4005	3112
3465	4052
1029	2338
3104	3529
4005	3529
2891	3529
2048	3529
3296	3529
1036	3529
1559	572
570	3609
2668	3609
2632	3609
458	673
3046	673
3382	3687
2685	3687
1652	3687
2909	3687
3173	3687
302	3687
15	3687
768	3687
102	2389
1033	2389
3734	2389
3573	2389
1155	2389
3104	3382
646	3382
3058	3369
661	196
1295	2387
3734	4576
249	1247
1302	1247
3502	488
982	488
1810	488
1889	488
413	488
580	488
1506	488
2363	488
934	488
2890	488
2257	488
2447	488
949	488
4643	488
958	488
2051	488
313	488
860	245
2363	245
3922	245
3022	245
1683	3589
2368	3589
3067	3589
3046	3589
110	3589
3058	3589
3212	3589
334	1400
3945	1400
3337	1400
2363	1400
4643	1400
313	1400
2703	1400
3379	1961
4595	1961
3296	1961
1314	2513
2297	2513
2612	2513
2746	2513
3832	2513
39	2513
3734	2513
435	2513
3271	2513
3662	2513
3094	2513
2361	2163
3105	2163
3131	2163
81	3643
1577	3643
3378	3643
3379	171
1036	904
478	2861
4467	2861
3366	3039
3384	3039
66	3039
1399	3039
1119	2741
478	2741
1601	4316
4595	4027
1579	1016
1720	1016
1163	334
1293	334
1778	334
2274	1322
1269	1322
958	1322
3315	4525
4651	4525
3561	4525
1231	34
550	34
4297	34
1737	34
3425	34
3061	34
3212	34
4133	3850
4539	430
4506	430
1889	430
3379	430
4042	430
1300	430
2820	430
3291	430
3634	430
136	430
695	430
2761	430
1269	4631
3184	2154
2090	2941
982	2941
200	4167
1314	4167
3077	4167
1520	4167
2145	4167
4025	179
3285	180
1269	180
3285	740
982	2774
249	2774
1502	2774
205	2774
577	2010
2458	2010
550	2010
3379	2010
3793	2010
3523	2010
4332	2010
1500	2010
982	3502
2363	3502
249	3502
2197	3502
2568	3502
1169	3502
2687	3502
2533	3502
4499	3502
4643	3502
1612	3502
2051	3502
2354	2251
834	421
3295	421
3734	421
3787	421
1023	421
4297	3639
4595	3639
2764	3104
1601	3104
4243	3104
3796	3104
2727	3104
4374	3104
2544	3104
1222	3104
4312	3104
4414	3104
3184	3104
1183	3104
1100	3104
1674	3104
1347	1422
2918	1422
578	1422
4504	937
206	937
3198	937
3796	2764
2366	2764
1323	2764
3361	2764
350	2764
2778	2764
3542	2764
578	2764
4176	2764
4064	2764
2455	2764
1183	2764
3	2764
3525	2764
3544	2764
4352	1150
865	1150
1325	1150
4354	1150
326	1150
206	4125
1157	1176
3069	1176
2366	4308
3734	52
2345	4294
1577	4294
3661	4294
3773	4294
1929	4294
702	3533
2182	2024
960	1981
435	1981
3328	1981
816	960
4131	960
435	960
1825	960
3328	960
3442	442
3379	442
919	442
4428	442
2122	442
1634	442
1726	3707
1716	3707
3038	3707
3314	1145
1716	3314
3038	3314
2963	2210
3145	2210
1246	200
1314	200
1314	1246
3077	1246
3379	2945
3240	3249
3580	1314
1428	1314
3077	1314
2297	1314
2064	1314
2612	1314
1738	1314
1546	1314
2746	1314
2979	1314
39	1314
3081	1314
877	1314
753	1314
2719	1314
3215	1314
3978	1314
2580	1314
4168	1314
13	1314
1418	1314
2018	1314
4265	1314
3094	1314
4234	1314
4347	3580
2620	702
1601	1235
1300	1235
3734	1235
435	1235
2294	1304
2544	1304
906	1304
3953	1378
3734	1378
594	1378
781	1378
4128	1119
249	1119
2197	1119
3175	1119
3553	1119
2366	4270
1323	4270
1555	47
696	1555
687	1555
982	2090
412	2090
1907	2090
2178	2090
3662	2090
992	982
3566	982
1889	982
2363	982
249	982
482	982
934	982
2890	982
1951	982
1504	982
1269	982
2568	982
2687	982
2533	982
949	982
1502	982
2051	982
313	982
3427	2685
1408	2588
3023	4026
3389	438
1371	4366
4651	1679
4172	3106
1244	3106
1293	3106
2727	3106
986	3106
4156	3106
1209	3106
1440	3106
3577	3106
3519	3106
1337	3106
1537	3106
3734	3106
691	3106
734	3106
2161	3106
1473	4172
4160	4172
1209	4172
3519	4172
691	4172
3077	1428
4064	1428
921	1428
1266	1428
1525	1428
2145	3077
4500	1789
278	1601
390	1601
4243	1601
2840	1601
4362	1601
2204	1601
4463	1601
4440	1601
1029	1601
1269	1601
4138	1601
1337	1601
4279	1601
2378	1601
5	1601
921	1601
2156	1601
4277	1601
478	4464
249	4464
794	4464
1683	1647
276	1647
1910	1647
4611	1647
4040	1647
3389	1647
2632	1647
3296	1647
1850	3481
1029	3481
1029	4513
1043	2304
1267	1388
1295	2359
474	2359
986	4539
4504	3075
3641	3075
2297	3560
1683	3560
3677	3560
1738	3560
3734	3560
1986	3560
3296	3560
4544	3560
3212	3560
550	2297
2746	2297
3832	2297
39	2297
504	2297
877	2297
3094	2297
3564	3808
2146	278
2471	4165
647	4165
3023	4165
2366	549
3222	549
1121	549
2879	549
1027	4417
897	172
896	172
4479	172
696	172
3227	172
899	172
522	172
390	2843
2533	1810
3097	1810
897	4057
4248	4057
407	4057
2404	4057
4544	4184
2909	433
3011	433
3986	369
1269	1134
3734	1134
3734	1248
689	1248
3924	3233
3033	3233
3997	3233
532	462
81	462
3378	462
3101	462
3179	462
2005	462
1896	863
986	863
355	863
2668	863
3734	863
2814	863
3318	863
3296	863
3378	532
3101	532
522	532
2458	189
249	3898
584	1244
3444	1244
2255	1244
1029	2550
2195	1609
3961	1609
2766	1609
3961	2195
2766	2195
4374	1195
4405	1195
3734	1195
3296	1195
3295	834
1190	834
652	834
3734	834
4665	2345
1403	2345
1121	2345
3033	3924
1169	3033
3665	3033
1380	4003
2620	4003
3379	4003
1496	4003
435	4003
4269	3367
3776	1896
3427	1896
3605	1896
1300	1896
4087	1896
418	1896
2232	1896
3854	1896
921	1896
3853	1896
4616	1896
2104	1520
2458	4269
4671	4269
1696	4269
3284	4269
1646	4269
1536	4269
2107	4269
3692	2644
1455	390
1058	390
545	390
1033	390
3078	4044
3722	4044
3379	4044
3312	4044
3577	4044
3734	4044
3296	4044
661	478
2325	478
3297	860
3598	860
4055	4504
2659	4504
979	4504
3166	4504
4047	4504
4239	3961
2766	3961
896	897
2779	897
1738	897
4188	897
4673	897
1895	897
4121	897
3227	897
1559	897
3437	897
3046	897
687	82
504	82
696	896
2164	896
3227	896
407	896
229	896
366	81
4258	81
2779	81
3414	81
3793	81
4188	81
2098	81
4540	81
4673	81
4121	81
3710	81
3101	3923
2779	3923
4374	4243
1029	4243
3779	4243
3734	4243
3296	4243
249	1234
1300	1234
4251	1234
1269	1456
3261	3833
1502	3353
3105	2013
1683	992
3984	992
2891	992
1347	992
2719	992
1269	992
110	992
3379	2270
3661	3716
998	2950
3379	591
570	2381
1279	2913
1627	2913
3209	2913
3379	2089
206	139
4611	139
3780	139
2888	139
419	3426
584	3426
3688	3426
3425	3426
3101	419
1594	2108
1337	2108
3734	2108
3212	2108
3444	2514
3222	2549
1295	2549
1323	2549
267	2549
3573	2549
1910	822
4671	3674
3635	3674
720	3674
1289	3674
4348	3674
4657	3674
3456	3958
2363	3958
700	3958
2447	3958
3162	2006
2146	3728
3677	3728
2098	3728
3734	3728
4544	3728
2533	966
292	4479
4094	4479
3296	4506
3444	3970
4595	1999
1293	2129
869	2129
1369	2129
3582	2129
4611	4580
2353	4353
3465	4151
4374	4151
3734	4151
952	3796
4017	3796
1813	3796
4595	232
3424	2245
1325	2245
1984	2245
990	2245
4258	366
1565	366
3414	366
4611	366
1442	366
1565	4258
264	1565
2458	3764
3663	3764
4592	3564
3962	3564
3379	3564
1594	3564
962	3564
2620	4415
3379	4415
1594	4415
1337	4415
3379	1473
4611	1473
1029	1473
2620	1293
3379	1293
1594	1293
578	1293
283	1293
2632	1293
208	454
1489	454
1849	2064
3235	2064
4064	2064
10	2064
2413	2064
15	2064
3473	2064
3962	1849
102	1595
3222	1595
1295	1595
2458	1595
1300	1595
1380	2206
3519	2206
657	2206
3296	2206
2097	2206
1452	2206
2486	2697
2885	2697
349	575
2196	2840
267	2840
30	3146
160	3146
3680	1064
969	568
1824	1231
458	3692
1027	3692
504	3692
1653	3692
2833	3692
3986	3692
2326	3692
1727	3692
3212	3692
657	4645
1446	4645
1614	458
4416	458
4636	458
550	458
504	458
4632	458
2833	458
1081	458
2358	458
3198	458
2786	458
1076	458
1598	1683
2779	1683
3337	1683
98	1683
1465	1683
1511	1683
4540	1683
3215	1683
3235	1683
3166	1683
2005	1683
667	1683
229	1683
1280	1683
2995	1683
4616	1683
2810	4362
873	3776
3296	3776
3046	3776
1300	2319
2681	2319
2188	3566
2544	3837
2100	3837
2680	4128
1646	4128
3253	4128
2711	3672
1079	4114
4544	577
1036	2495
3662	2495
3101	1530
3209	1530
99	4180
1027	1416
4544	1416
2679	2727
1712	2727
3879	2727
1286	2727
3101	2711
1712	2711
1029	1380
2668	1114
3389	3856
3734	1764
251	1764
1698	1764
3571	1434
3573	1434
4544	1539
1799	2037
102	2366
3222	2366
1295	2366
1323	2366
2458	2366
4145	2366
1784	2366
482	2366
2553	2366
1190	2366
3715	2366
340	2366
3166	2366
1226	2366
3803	2366
734	2366
3222	102
1295	102
1323	102
2458	102
1784	102
4042	102
2906	102
2164	102
2989	102
3394	102
4556	102
4354	102
58	102
3986	102
1604	102
4030	102
1295	3222
1323	3222
2458	3222
4103	3222
1227	3222
251	3222
1323	1295
2458	1295
1027	1295
3661	1295
570	1295
943	1295
906	1295
1227	1295
2989	1295
407	1295
4197	1295
2730	1295
792	1295
267	1295
3573	1295
3184	1295
2132	1295
2852	1295
2458	1323
2140	1323
206	1323
4540	1323
2918	1323
2989	1323
2730	1323
628	1323
1828	1323
1902	1323
2337	1323
3893	2458
1784	2458
900	2458
206	2458
1455	2458
1484	2458
3215	2458
3935	2458
4087	2458
1227	2458
2989	2458
199	2458
4544	2458
1536	2458
1552	2458
1959	2458
3984	4326
206	4326
3389	4326
4434	4326
4377	4326
1280	3597
3425	3597
4429	2182
2779	2182
3577	2182
1029	2182
113	2182
3425	2182
3889	3893
4159	3893
1771	3361
2294	1528
1369	1528
3756	2294
1290	2294
1635	2294
3773	2294
1635	2281
3773	2281
4571	2590
3413	2590
1496	737
4121	737
1269	737
435	4570
249	1889
2687	1889
249	413
934	413
2687	413
1502	413
3553	413
1738	2166
2036	1949
2164	1949
2125	3864
1161	3864
4368	3864
205	3864
249	2694
249	580
1951	580
958	580
1318	580
1502	580
4229	3823
628	3823
2547	4565
1269	4565
2937	3378
2005	3378
2638	969
979	969
1227	969
2060	969
3734	969
559	969
573	969
576	969
615	969
626	969
1079	969
1196	969
1376	969
1642	969
1670	969
1773	969
2856	969
1170	99
267	99
4392	1614
1058	1614
3503	1614
1337	1614
3296	350
1125	3722
2493	4005
657	4005
206	600
4207	1377
1269	1377
825	1377
1928	1377
2323	9
4500	9
3491	9
4601	3323
1995	3170
979	3170
2022	3170
2307	3170
4589	3170
1418	4145
3677	2956
1033	2956
3577	1611
801	276
4540	276
4047	276
283	276
1784	3101
3677	3101
2692	3101
4303	3101
4546	3101
4002	3101
2035	3101
2060	3101
374	3101
2813	3101
2966	3101
2687	3101
962	3101
2586	3101
2115	3101
265	3101
325	3101
468	3101
2337	3101
2505	3101
2556	3101
2599	3101
2954	3101
2970	3101
2971	3101
3071	3101
3073	3101
3565	3101
3603	3101
3711	3101
3947	3101
4097	3101
152	3430
374	3430
152	1978
1559	1978
374	1978
4595	1978
3379	321
1173	321
152	321
1559	321
1325	321
1739	321
374	321
4595	321
3425	4652
3427	2794
4450	3804
2589	3804
4352	2146
4188	2146
3598	2146
979	2146
2937	2146
2413	2146
2632	2146
800	2146
4097	2146
1942	4450
2620	4450
1222	4450
1023	4450
4665	4462
3734	3295
696	4207
3465	4207
3296	4207
2125	4207
926	4207
1418	4207
4491	4207
801	2554
1027	2554
3443	2554
3212	2554
934	4192
2150	3756
3296	3756
3422	3756
2833	696
1804	696
2609	696
986	1488
1190	4429
2842	4429
3124	4429
3425	4429
2902	3465
3494	2902
374	2816
1417	2227
3688	2227
4229	1159
1027	243
2984	4492
3577	2260
4032	2724
1058	3901
560	2190
376	2190
2140	1259
2012	3976
3122	3976
2746	2612
900	2612
3832	2612
39	2612
877	2612
2580	2612
1500	2612
4285	2612
3094	2612
4595	2323
3235	1598
1836	1513
1836	2696
984	4409
1723	2677
3527	2677
816	3810
4147	3810
3482	3810
400	3810
1085	3810
974	3810
3364	3810
3510	3810
3224	3810
2056	3810
905	3810
100	3810
906	3810
1209	698
1836	2748
1928	2748
816	3730
974	3730
3364	3730
3224	3730
905	3730
1836	816
1269	4147
1836	3482
4595	3482
1836	1085
1836	974
113	3364
1836	3510
538	2349
1836	3224
152	2056
1257	2056
1836	905
3173	1836
3773	1836
326	1836
4461	1836
2842	3818
164	2767
1785	3633
1349	662
1592	662
1914	801
1442	801
4500	801
3056	801
1932	323
4546	323
2766	323
1213	2963
3282	2963
2574	2963
305	2963
1417	986
2620	986
3379	986
2804	986
3322	986
1594	986
2318	986
1440	986
1269	4629
1029	3558
3425	3558
4595	4396
2660	1673
3242	1673
3774	1673
3379	4156
1814	1784
3152	1784
4465	2308
3573	2308
1222	4374
1033	4374
3131	4374
4414	4374
3296	4374
113	4374
2434	4374
3046	208
1489	208
570	1027
3023	1027
1029	1027
4665	1027
435	1027
1727	1027
1267	1027
3511	1027
3610	1027
4402	1027
1023	1027
152	3427
1029	3427
1300	3427
4215	3427
1811	3427
2232	3427
3145	3427
3437	4465
570	4416
3023	4416
504	4416
2326	4416
1727	4416
2097	4416
3240	2779
3444	2779
921	2779
331	2779
4434	2779
1023	2779
734	2779
2680	1843
1033	1843
4595	1843
3780	1843
3235	3240
4595	3240
4595	4642
298	4642
1269	4639
962	4341
55	1965
4391	1965
199	1965
2051	1965
1766	604
838	4493
2632	4493
1470	865
84	865
1325	865
4023	865
4595	865
326	865
1081	865
2503	865
2424	3557
4611	3557
3322	1417
2300	1417
1594	1417
3456	1417
3439	1417
3577	1417
3734	1628
3296	1628
1986	4481
2505	4481
3081	1997
4087	1997
3868	1997
1710	1997
691	2544
844	1726
1369	1726
1904	1726
504	4636
1727	4636
3677	4392
2620	4392
1986	4392
4544	4392
1738	3677
1546	3677
2098	3677
4332	3677
4544	3677
4234	3677
1738	550
1785	550
504	550
3921	550
2833	550
1337	550
4544	550
3986	550
2326	550
1727	550
3734	1738
1986	1738
4544	1738
4635	1738
4234	1738
2261	1738
3379	4019
2909	2140
3011	2140
1023	2140
1442	3414
825	1192
4137	1192
3437	3785
1986	1546
2719	1785
4496	3661
3389	1209
3734	1209
2161	1209
844	3962
1369	3962
881	3962
4414	3962
2597	3962
3657	3962
939	3962
1302	844
881	844
913	844
3379	2620
2804	2620
3322	2620
2471	2620
3577	2620
3779	2620
3734	2620
264	2620
2804	3379
2318	3379
2471	3379
3312	3379
3577	3379
4021	3379
3023	3379
797	3379
1696	3379
1635	3379
4665	3379
2546	3379
271	3379
1121	3379
2630	3379
1592	3379
3744	3379
3734	3379
2455	3379
1718	3379
4285	3379
1015	3379
153	3379
185	3379
277	3379
284	3379
391	3379
931	3379
1301	3379
1766	3379
1777	3379
2107	3379
2502	3379
2614	3379
2932	3379
3107	3379
3122	3379
3196	3379
3218	3379
3459	3379
3494	3379
4077	3379
3820	3379
3834	3379
3995	3379
4075	3379
4118	3379
4126	3379
4247	3379
4264	3379
4028	3379
1594	2804
3456	1290
2318	1290
1453	1290
3439	3322
3456	2300
2471	1594
3312	1594
3577	1594
3734	1594
3657	1594
2363	3456
3439	3456
3577	3456
1496	3456
1300	3456
1592	3456
3296	3456
958	3456
3134	3456
3568	3456
1147	2318
2614	2318
1540	2471
3496	2471
152	1578
374	1578
3611	1578
2357	2096
797	2096
1301	2608
1506	1491
3433	4424
1269	4199
3921	3293
249	1506
612	1506
1302	1910
2306	2497
1429	2430
2827	3297
3792	3297
2034	3297
2820	3297
3328	3297
3792	2827
2034	2827
2034	3792
136	3792
1302	72
1811	72
4110	2275
4095	2275
1632	2275
3261	2275
1540	2275
66	2275
4095	4110
1632	4110
1632	4095
4595	3261
3851	1331
4595	1331
4126	1331
3038	1716
4161	1103
3205	1311
900	2746
3832	2746
39	2746
877	2746
3734	2746
1031	2746
2293	2746
3094	2746
3147	3243
1710	1381
1079	64
4595	3605
1951	452
1190	452
2357	452
3086	452
2447	452
2051	452
1300	1799
1023	355
544	2368
1300	2368
515	2368
3166	2368
201	2368
1269	2992
4347	900
39	900
1496	900
652	900
3209	900
3094	900
1559	316
3175	316
4347	3815
4347	640
1029	640
4347	1991
4347	2150
717	2150
3018	2150
4347	4489
3780	2979
110	1724
3212	1724
1029	84
44	4149
3679	3084
3734	814
3734	190
30	4055
160	4055
3235	4055
435	4055
1397	4055
599	3515
4356	3515
3192	3515
791	3515
3	3515
538	142
3423	142
736	2289
3773	2465
3366	925
3945	925
1761	925
3945	3366
3945	1579
3752	1579
910	1579
838	1579
651	1579
1559	1579
3752	3945
980	3945
1867	3945
2231	3945
4087	3945
2706	3945
910	3752
838	3752
838	1850
3542	1850
3056	1850
921	1850
4320	1850
3491	980
838	910
1269	838
1804	838
4312	2406
1941	2087
2114	2087
39	3832
877	3832
2580	3832
3094	3832
584	2666
206	3424
584	3424
2493	3424
3046	3424
1121	2598
2680	1440
1325	1440
4595	1440
4413	1440
2824	238
2363	3337
249	3337
1029	3337
3105	3337
2533	3337
4643	3337
3058	3337
3680	3337
2523	4347
3611	4347
1391	4347
3425	4347
249	2363
934	2363
2890	2363
2447	2363
949	2363
2051	2363
3425	2363
313	2363
249	491
1589	249
612	249
1951	249
2357	249
2202	249
3179	249
4678	249
2447	249
949	249
4643	249
66	249
405	249
410	249
958	249
1502	249
2051	249
2681	249
2824	249
3553	249
3802	249
3836	249
313	249
2982	412
3310	412
304	1245
3984	1723
584	1723
1302	1723
3389	1723
4434	1723
4377	1723
3011	98
4500	124
60	124
1559	124
2817	124
1680	3984
1496	871
594	871
482	1465
2719	1465
691	1465
4451	1465
2719	4350
3061	482
2447	934
958	934
3061	934
313	934
66	21
661	4271
199	612
2326	4143
1727	4143
3734	3035
4249	3299
2600	3793
3973	474
3023	1185
1286	1185
3806	2890
2533	2890
66	2890
2051	2890
313	2890
300	3758
300	3809
300	377
300	31
2531	31
300	1677
94	300
3660	3635
1033	3635
3046	3635
3425	3635
3663	3635
2051	2197
4678	1951
4643	1951
2178	1951
647	1995
687	1995
4562	3877
687	647
2124	647
4611	647
4040	647
4562	647
15	647
3175	647
1453	687
3312	687
1763	687
1863	687
4540	687
3917	687
4040	687
4562	687
15	687
3328	687
2005	786
1811	786
4562	786
1399	1065
584	1190
979	1190
398	1190
3423	1190
304	456
657	2274
4571	2274
3184	2274
3312	1453
2306	1453
3787	1453
2378	1453
1763	3312
3577	3312
1915	3312
3184	3312
1576	3312
3152	3312
504	1763
3780	1763
705	3806
3389	2139
3296	4467
2051	1504
2923	1504
3315	952
4632	952
3734	1222
3296	1222
3571	570
2424	570
869	570
2918	570
289	570
4620	570
1500	570
3573	570
3046	570
1296	570
1860	570
2836	570
1883	3571
30	2424
1712	2424
3978	2424
289	2424
520	2424
134	2424
2989	1713
289	1713
1712	3282
4666	3282
3773	2574
4666	2574
3437	2574
2326	2574
4666	903
3437	903
3284	30
3734	30
3152	30
2334	206
1712	206
2989	206
4666	206
2523	206
289	206
1984	206
502	206
267	206
184	206
3229	206
2906	4297
4595	4297
3780	4297
4544	4297
4423	3577
1033	3577
4332	3577
1029	3577
1719	3577
2842	3577
2060	3577
1325	3577
3734	3577
4204	3577
2100	3577
3292	3577
1023	3577
1559	2891
877	39
3474	39
2580	39
4168	39
962	39
3094	39
3997	544
3320	544
782	1276
4544	4100
2326	4100
626	2577
1369	3023
4632	504
2833	504
2358	504
3046	504
2326	504
3198	504
1727	504
2786	504
1076	504
1757	504
2097	504
1828	504
3734	1883
2814	1883
3422	1883
4611	1511
3291	1511
4611	344
3773	1439
3105	1135
1296	2202
1502	2202
2180	1994
1703	3315
3175	4303
1338	1173
1455	1173
2170	1173
1058	1173
652	1173
3226	1173
2680	1173
545	1173
1033	1173
1915	1173
1325	1173
4556	1173
2222	1173
962	1173
4413	1173
689	1173
736	1349
2493	1349
3816	1349
233	1349
1033	1349
3201	1349
2222	1867
962	1867
2153	1347
1033	1347
2878	1347
2222	1347
4620	1347
3641	1347
1915	1338
3086	736
2153	584
2124	584
1033	584
1403	584
2632	584
1183	584
161	3668
3744	3668
882	2464
979	2464
1712	2464
268	2464
1183	2464
979	882
268	882
1183	882
791	3067
979	2425
4651	648
3724	648
3296	4312
4562	4312
3734	2457
1121	3081
2580	877
4168	877
3094	877
2719	753
267	753
3679	4188
2679	4188
3851	4188
4611	4188
4121	4188
2989	2218
3816	2493
233	2493
3173	2493
3734	2493
233	3816
1419	3816
1033	3816
2918	3816
3511	3816
3473	233
4651	4131
10	4131
277	4131
2411	4131
152	2928
3773	2928
578	2928
374	2928
4064	2595
3124	650
4588	650
3173	4651
1030	4651
1283	4651
2104	4651
4205	4651
126	4651
1448	4651
2114	4651
3328	4651
4473	2153
3673	107
267	3444
3320	3444
4442	3444
3679	2098
4544	2098
2820	4546
3734	4546
1337	797
1604	797
2679	919
713	1496
1662	1496
3603	1496
3710	1496
2966	3519
3454	3519
734	3519
1455	2164
1058	2164
3291	2164
4595	2164
3734	3523
4037	3173
283	3173
2114	3488
4138	152
3773	152
1739	152
520	152
1071	152
4354	152
4284	4540
3679	4540
4611	4540
283	4540
4544	4540
4200	4284
3679	4284
4611	4284
4670	4284
2124	3917
652	3917
4200	2124
3679	2124
1806	2124
2679	4200
3851	4200
4611	4200
652	4200
4121	4200
4611	3679
4121	3679
3851	2679
4611	2679
4673	2679
4670	2679
4121	2679
4611	3851
4673	3851
4121	3851
4673	4611
4670	4611
4121	4611
1029	4611
1842	4611
4556	4611
2739	4611
288	4611
2028	4611
3058	4611
4121	4673
3169	3526
3440	4076
4544	4421
588	4421
3376	4421
1455	1419
657	1419
1058	1419
2680	1419
545	1419
1033	1419
2249	1419
1423	1419
113	1419
657	1455
1058	1455
2680	1455
545	1455
1033	1455
3425	1455
1804	2170
2114	555
1058	657
2680	657
545	657
1033	657
711	657
1559	657
881	657
1423	657
990	657
2680	1058
1033	1058
1325	1058
3780	1058
1423	1058
3184	1058
4670	652
3773	652
374	652
2787	652
3797	652
4121	4670
1442	4121
4544	3148
1258	3148
1516	3148
3100	3148
3113	3725
661	2555
3616	2555
545	2680
1033	2680
1423	2680
1804	2680
1033	545
1423	545
3826	545
1269	1033
3503	1033
4047	1033
1423	1033
113	1033
3556	1033
4000	711
3212	4332
3425	1985
1814	4017
1989	489
1814	489
1559	489
3734	489
1814	1989
4087	1989
3734	1989
1814	4031
3734	4031
1727	434
3341	1442
3131	1442
4248	1442
2719	3284
4666	3284
289	3284
3437	3284
325	3882
3389	3541
1399	3541
1637	1778
3253	1646
161	3960
4244	902
1300	700
3428	700
1540	4040
1811	4040
15	4040
3734	943
1029	4500
405	4500
3779	1029
2225	1029
2232	1029
113	1029
3145	1029
251	1029
2505	1029
2531	1029
3063	1029
3657	1029
1300	850
1712	1030
3734	1597
113	3011
4562	1635
2405	1635
3473	1635
4075	1635
2879	661
399	661
958	661
1604	661
1612	661
1890	661
4001	661
4219	661
4261	661
4264	661
4047	2659
785	1217
3389	2334
3437	2334
1888	2334
71	1302
2097	1302
199	2682
199	2676
1637	2999
2447	2257
435	1637
3086	1109
906	3086
2171	3086
2895	3086
873	3086
1397	3086
3774	3086
692	4665
2895	4665
3629	4665
2016	4665
298	906
1366	3800
1712	3225
1612	1366
3794	1366
1397	1366
3389	1403
899	1403
3734	1403
3296	1403
1036	1403
304	3179
2687	3179
794	3179
4517	3179
3105	304
3296	304
1300	3105
2730	3105
705	3105
2660	3105
44	3105
1028	3105
2821	3105
3629	2895
2016	2895
2568	2895
873	2895
825	1540
60	3389
2523	3389
2632	3389
2173	3389
4205	3389
184	3389
2609	3389
2989	3215
3437	3215
1300	55
4331	1826
283	1269
10	1269
58	1269
4499	1269
4544	1269
1536	1269
197	1269
301	1269
362	1269
808	1269
926	1269
958	1269
1267	1269
1429	1269
1828	1269
1892	1269
4268	1269
4496	1269
4427	2035
58	2035
2580	2035
164	2016
1559	3131
3296	3131
3152	3131
3773	4138
1071	4138
3611	4138
331	2568
2051	2568
3662	2568
2687	4678
69	4678
1502	4678
3665	4678
2703	4678
979	4071
1973	4071
3437	4647
271	2668
3734	2668
302	2668
3325	2668
185	2668
436	2668
2307	2668
283	271
3734	2918
3235	1300
1296	1300
2051	1300
3839	2188
979	2934
374	3773
3611	3773
4354	2342
3175	3445
3227	2820
899	2820
1559	2820
3328	2820
899	569
3868	569
1811	569
3328	569
899	3227
2632	3227
3511	3227
3328	3227
3734	899
1367	899
3556	899
3328	899
3425	3598
4087	3194
4087	1814
3734	1814
2358	1814
15	3997
1604	3997
268	979
1183	979
331	979
398	979
894	979
1576	979
2382	979
3826	979
3425	578
85	1104
743	1104
1447	1104
2329	1104
724	2225
2980	351
3425	351
1680	2980
1712	1227
2989	1227
4666	1227
289	1227
3732	1227
881	1369
2597	1369
2989	1712
3437	1712
4666	2989
2842	2989
3437	2989
2522	2989
1890	2989
2811	1973
4047	4571
1371	4571
3680	3291
1559	1121
3734	1121
1031	1121
524	1121
3734	4666
435	4666
3437	4666
3296	4666
1003	4666
3209	4666
3990	4666
630	636
407	3868
407	4248
2404	4248
1915	407
2404	407
4595	4324
2521	4324
3845	3846
3845	3419
3590	3419
3734	3845
3296	3845
3590	3845
3689	4292
4064	1559
3384	1559
3046	1559
921	1559
88	1559
800	1559
1301	1559
1435	1559
1582	1559
1766	1559
2957	1559
3121	1559
4247	1559
4158	1559
941	2068
3166	2842
667	2842
3734	881
2687	2447
2533	2447
949	2447
1117	2447
205	2447
2597	4414
3296	4414
3038	3686
2988	4581
3166	3124
667	3124
522	3124
460	1327
4244	2048
2888	2060
2977	2060
4640	2060
371	3602
3657	3978
3471	4427
58	4427
2580	4427
3107	4176
3328	1298
890	4455
4023	1325
4064	1325
4595	1325
326	1325
4413	1325
2916	4023
4595	4023
3734	1337
1986	1337
283	1337
1727	1337
374	1739
4354	1739
3611	1739
520	374
1071	374
4354	374
3611	374
3611	520
3734	2937
3296	2937
169	2937
4300	1537
734	1537
2161	1537
418	2966
4595	4556
949	2687
958	2687
2051	2687
313	2687
3437	3734
2249	3734
1811	3734
1771	3734
1950	3734
4428	3734
2115	3734
717	3734
1371	3734
277	3734
1210	3734
1674	3734
2028	3734
2434	3734
2467	3734
2482	3734
2888	3734
3037	3734
3134	3734
3152	3734
3511	3734
4388	3734
524	2814
3296	946
4544	1986
515	2879
724	2879
962	2878
4047	2222
4413	2222
4573	2222
4354	1071
3611	4354
3296	2086
682	3235
970	3235
1670	3235
3780	1984
1888	1984
2307	4064
2449	4064
3229	4064
1452	4064
2518	4064
435	3166
229	2005
1746	2507
410	2533
958	2533
2051	2533
313	2533
1183	435
2614	435
3657	435
1256	4047
3425	4047
3826	4047
2883	792
1500	3437
4370	418
981	108
4595	2910
268	3384
1183	3384
3527	3384
4116	4595
1572	4595
76	4595
806	4595
931	4595
1265	4595
1825	4595
1891	4595
1928	4595
1963	4595
2329	4595
3028	4595
3107	4595
3327	4595
3476	4595
3584	4595
4077	4595
3995	4595
4025	4595
4092	4595
1397	4595
502	3780
1500	3780
267	3780
825	3780
2209	283
3184	283
2051	949
2932	995
2255	10
2580	58
4168	2580
3094	2580
3573	2413
4331	3318
3349	3318
326	3318
326	4331
921	326
184	326
3296	2632
184	2632
1771	3296
1950	3296
2027	3296
717	3296
4204	3296
1371	3296
166	3296
277	3296
399	3296
524	3296
1411	3296
1698	3296
2028	3296
2029	3296
2434	3296
2482	3296
3425	3296
3511	3296
2753	3296
4234	3296
4434	3787
2787	2589
962	2589
4573	962
2780	962
921	962
1612	962
1680	962
2029	962
4451	962
4116	264
2033	4116
3425	4116
967	4620
3680	1771
3212	1500
1489	4544
4234	4544
712	4251
65	712
610	2125
3175	1572
66	2346
3491	1720
3569	1720
2468	3491
3933	298
154	298
3755	298
3328	15
403	4643
1502	4643
2051	4643
3109	4643
785	267
3537	267
384	267
3320	267
913	267
2240	267
3425	267
3537	785
3320	785
2097	785
76	785
2810	2780
2100	1827
3074	384
689	3320
2115	2027
44	1286
2609	1286
4496	1286
1397	1286
2378	3573
118	3573
4616	3573
2378	1804
1525	1804
767	689
4501	689
2038	705
67	66
1175	66
1971	66
3248	66
3553	66
2115	1710
2522	113
1525	113
2326	2358
1727	2358
2097	2358
2326	3046
3198	2326
1727	2326
2786	2326
1076	2326
2817	2326
1727	3198
2786	1727
1076	1727
1757	1727
3212	1727
184	1036
1524	1147
1741	1147
3657	1147
162	3634
3192	4112
4356	599
791	599
782	913
460	3175
2604	3175
4401	3175
1430	1740
3425	1183
3060	242
3192	4356
791	4356
3	4356
791	3192
3	3192
3561	3192
1310	4657
2293	1100
921	1100
4204	4205
4242	4204
3990	1371
3061	2378
3328	5
2752	53
1793	2255
3229	921
3662	921
1502	69
1707	70
4092	148
967	162
2285	219
1335	236
398	279
2038	310
727	402
665	455
3669	455
4327	460
1023	588
1196	594
1876	594
2604	618
2971	626
997	630
2622	656
3527	695
4638	726
3201	762
1358	825
3425	825
2038	894
3454	895
1120	931
2051	958
3565	997
1524	1003
4249	1028
3005	1079
313	1117
4025	1155
4265	1175
3425	1266
2609	1318
2356	1329
2172	1391
4569	1418
3870	1446
4521	1467
2051	1502
2681	1502
3904	1582
2817	1599
3794	1612
4394	1612
3821	1612
1397	1612
1621	1612
2753	1612
3663	1612
3496	1616
3134	1662
3652	1717
3425	1873
3794	2021
4510	2021
2126	2051
3553	2051
313	2051
3328	2058
3212	2100
3665	2100
3821	3794
1397	3794
1621	3794
2753	3794
3663	3794
3423	2126
3662	2127
3492	2411
2690	2594
2665	2594
3657	2614
3662	2686
3425	2781
3061	2790
3229	2799
3425	3556
3089	3425
3262	3425
3511	3425
4536	3425
3397	2863
3076	2915
3662	2970
3229	3037
3527	3061
3662	3100
3094	3221
4491	3351
3826	3680
4004	3889
4265	3938
4640	4219
4234	724
1397	4510
3663	2753
