2	394
2	657
2	845
2	962
4	296
4	337
4	762
4	926
4	1445
7	679
8	1025
9	1059
9	1393
11	345
11	520
11	681
11	801
11	863
11	906
12	100
12	656
12	1205
12	1224
15	62
15	180
15	202
15	361
15	365
15	382
15	819
15	948
15	1305
15	1377
15	1432
15	1464
16	1050
17	593
17	812
17	830
17	840
17	874
17	1079
17	1336
21	537
21	1031
22	992
23	104
23	830
23	911
23	1421
24	1275
26	574
26	695
26	819
26	1017
26	1045
26	1048
26	1309
26	1432
27	1045
28	547
28	887
28	1051
28	1080
28	1254
30	105
30	119
30	144
30	180
30	223
30	334
30	421
30	576
30	592
30	690
30	767
30	789
30	888
30	1009
30	1086
30	1093
30	1182
30	1253
30	1309
30	1325
30	1398
30	1416
30	1454
33	142
33	152
34	545
34	1376
35	168
35	227
35	348
35	442
35	568
35	681
35	863
35	970
35	1131
35	1366
35	1480
35	1507
36	52
36	62
36	106
36	155
36	202
36	203
36	373
36	419
36	479
36	488
36	509
36	517
36	574
36	644
36	722
36	819
36	864
36	914
36	940
36	974
36	1026
36	1048
36	1054
36	1170
36	1230
36	1261
36	1281
36	1305
36	1309
36	1450
39	165
39	310
39	333
39	614
39	753
39	861
39	895
39	980
39	1072
39	1108
39	1146
39	1326
42	263
44	260
45	1274
47	681
47	863
47	970
47	1366
47	1507
48	1100
49	272
49	682
49	831
49	1351
50	342
50	512
50	1435
51	250
51	251
51	290
51	612
51	711
51	814
51	817
51	1101
51	1105
51	1185
51	1232
51	1414
52	62
52	106
52	202
52	203
52	373
52	419
52	479
52	488
52	509
52	574
52	583
52	813
52	819
52	864
52	914
52	974
52	1026
52	1048
52	1054
52	1170
52	1230
52	1261
52	1281
52	1305
52	1309
53	107
53	121
53	329
53	410
53	491
53	653
53	1209
53	1263
53	1335
53	1397
53	1500
59	235
59	1405
60	392
60	428
60	516
60	809
62	105
62	106
62	155
62	202
62	203
62	361
62	373
62	382
62	419
62	509
62	574
62	644
62	722
62	819
62	864
62	893
62	914
62	974
62	1026
62	1048
62	1054
62	1170
62	1178
62	1182
62	1230
62	1272
62	1279
62	1281
62	1305
62	1309
62	1432
62	1441
62	1450
66	898
66	1221
66	1499
67	1128
68	681
68	906
71	291
71	368
71	500
71	624
71	630
71	666
71	1033
71	1123
71	1451
72	373
72	646
72	989
72	1305
73	1276
73	1346
76	994
76	1415
78	717
78	992
78	1268
79	202
79	543
79	713
79	1094
81	90
81	466
81	548
81	825
81	1015
81	1018
81	1088
81	1502
82	1478
85	343
85	561
85	1385
86	260
86	294
90	850
91	99
91	225
91	1111
95	1446
97	568
97	1366
97	1507
99	225
100	656
100	1205
101	340
104	830
104	911
104	1421
105	119
105	134
105	155
105	180
105	203
105	223
105	361
105	373
105	419
105	509
105	574
105	576
105	639
105	722
105	789
105	819
105	864
105	914
105	989
105	1045
105	1048
105	1054
105	1090
105	1170
105	1182
105	1230
105	1261
105	1281
105	1305
105	1309
105	1325
105	1419
105	1454
106	155
106	202
106	203
106	361
106	373
106	419
106	479
106	488
106	509
106	517
106	574
106	644
106	819
106	864
106	974
106	1026
106	1054
106	1170
106	1281
106	1305
107	121
107	170
107	329
107	410
107	491
107	653
107	1209
107	1263
107	1335
107	1397
107	1500
109	918
109	962
111	315
111	350
111	603
111	820
111	1000
112	821
119	180
119	223
119	592
119	789
119	1086
119	1093
119	1182
119	1309
119	1434
119	1454
121	170
121	329
121	368
121	410
121	491
121	653
121	1209
121	1263
121	1335
121	1397
121	1500
122	270
122	374
122	889
122	1056
122	1313
126	269
128	489
128	539
128	1012
128	1051
128	1286
128	1298
129	310
129	333
129	1072
129	1108
129	1146
130	1431
131	261
131	641
131	779
131	1075
131	1390
134	180
134	204
134	276
134	497
134	515
134	645
134	1017
134	1283
137	385
137	887
138	576
141	693
142	152
143	403
143	512
143	862
143	1144
143	1159
143	1177
144	180
144	223
144	421
144	592
144	789
144	943
144	1093
144	1182
144	1233
145	240
145	668
145	808
145	981
147	171
147	466
147	1015
147	1384
155	180
155	202
155	203
155	223
155	361
155	373
155	419
155	509
155	517
155	574
155	639
155	644
155	722
155	786
155	819
155	864
155	914
155	940
155	974
155	989
155	1026
155	1048
155	1054
155	1096
155	1170
155	1182
155	1230
155	1281
155	1305
155	1309
155	1349
155	1423
155	1450
157	578
157	1208
157	1284
157	1290
162	1445
165	310
165	333
165	614
165	753
165	861
165	895
165	980
165	1072
165	1108
165	1146
165	1326
166	269
166	403
166	691
166	826
166	924
166	984
166	1194
166	1248
168	227
168	348
168	442
168	681
168	863
168	970
168	1131
168	1366
168	1480
168	1507
170	329
170	410
170	491
170	653
170	1209
170	1263
170	1335
170	1397
170	1500
171	466
171	1015
171	1384
172	1275
176	759
180	202
180	203
180	223
180	256
180	334
180	382
180	421
180	515
180	574
180	576
180	592
180	722
180	744
180	767
180	789
180	888
180	914
180	943
180	1009
180	1048
180	1086
180	1093
180	1159
180	1182
180	1233
180	1272
180	1305
180	1309
180	1367
180	1416
180	1419
180	1432
182	803
182	997
185	1432
190	481
190	596
190	883
194	946
202	203
202	361
202	373
202	399
202	419
202	479
202	488
202	509
202	574
202	644
202	646
202	695
202	722
202	786
202	819
202	862
202	864
202	914
202	974
202	989
202	1026
202	1048
202	1054
202	1096
202	1170
202	1177
202	1230
202	1272
202	1279
202	1281
202	1305
202	1309
202	1349
202	1358
202	1432
202	1441
202	1450
203	361
203	373
203	419
203	479
203	509
203	515
203	517
203	559
203	574
203	583
203	639
203	644
203	645
203	722
203	819
203	864
203	914
203	974
203	989
203	1026
203	1048
203	1054
203	1096
203	1170
203	1230
203	1261
203	1281
203	1305
203	1309
203	1419
203	1450
204	276
205	309
205	312
205	556
205	681
205	863
205	970
206	1063
206	1436
206	1448
207	222
207	471
207	643
207	708
207	1354
214	838
214	954
217	552
220	295
222	239
222	471
222	643
222	706
222	708
222	1073
222	1278
222	1354
223	334
223	421
223	576
223	592
223	767
223	789
223	888
223	1086
223	1093
223	1182
223	1233
223	1253
223	1309
223	1367
223	1416
224	738
224	855
224	880
224	1179
224	1189
224	1314
224	1344
224	1489
224	1512
227	348
227	863
227	1366
227	1480
227	1507
229	749
229	1016
229	1216
229	1277
234	283
236	664
236	943
236	1141
239	706
239	1073
239	1278
240	668
240	808
240	981
241	268
244	1287
246	1013
248	514
250	251
250	290
250	711
250	814
250	817
250	1105
250	1185
250	1232
250	1414
251	290
251	417
251	612
251	711
251	814
251	817
251	1101
251	1105
251	1185
251	1232
251	1414
256	265
256	382
256	403
256	512
256	654
256	722
256	862
256	893
256	905
256	909
256	914
256	1144
256	1159
256	1230
256	1272
256	1305
256	1358
256	1398
256	1419
257	1135
261	641
261	779
265	382
265	403
265	512
265	574
265	654
265	826
265	893
265	905
265	1144
265	1159
265	1272
265	1358
267	1275
268	552
269	403
269	509
269	654
269	691
269	826
269	893
269	1144
269	1177
269	1194
269	1248
269	1305
269	1450
270	374
270	889
270	1056
270	1313
270	1354
272	682
272	831
272	1351
273	523
273	754
273	1222
273	1365
273	1505
274	620
275	917
280	601
290	612
290	711
290	814
290	817
290	1101
290	1105
290	1185
290	1232
290	1414
291	368
291	500
291	624
291	630
291	666
291	1123
291	1451
295	472
296	337
296	424
296	466
296	527
296	652
296	762
296	920
296	926
296	1002
296	1042
296	1080
296	1158
296	1365
296	1445
298	499
298	581
298	885
298	894
299	796
303	523
303	547
303	1314
303	1365
306	495
306	695
306	1079
306	1352
307	1197
309	312
309	556
309	970
310	333
310	614
310	753
310	861
310	895
310	980
310	1072
310	1108
310	1146
310	1326
312	556
312	681
312	970
315	350
315	603
315	820
315	1000
318	721
319	1163
329	410
329	491
329	653
329	1209
329	1263
329	1335
329	1397
329	1500
333	614
333	753
333	861
333	895
333	980
333	1072
333	1108
333	1146
333	1326
334	355
334	400
334	421
334	576
334	690
334	767
334	789
334	888
334	1009
334	1086
334	1093
334	1164
334	1182
334	1325
334	1416
334	1454
335	477
337	466
337	762
337	926
337	1002
337	1445
340	1016
342	1435
343	561
343	1385
345	863
345	906
346	592
346	744
348	442
348	681
348	863
348	970
348	1131
348	1366
348	1480
348	1507
350	603
350	820
355	400
355	690
355	767
355	1086
355	1416
361	373
361	509
361	517
361	574
361	644
361	646
361	722
361	819
361	864
361	940
361	989
361	1026
361	1048
361	1054
361	1281
361	1305
361	1309
361	1419
361	1441
361	1450
362	436
362	514
365	948
365	1377
365	1464
368	500
368	624
368	630
368	653
368	666
368	1033
368	1123
368	1209
368	1451
373	382
373	403
373	419
373	479
373	488
373	509
373	574
373	639
373	644
373	722
373	819
373	864
373	893
373	914
373	940
373	974
373	1026
373	1048
373	1054
373	1096
373	1159
373	1170
373	1177
373	1178
373	1230
373	1261
373	1272
373	1281
373	1305
373	1309
373	1432
373	1441
373	1450
374	889
374	1056
374	1313
382	403
382	512
382	654
382	722
382	826
382	829
382	893
382	905
382	909
382	914
382	943
382	1027
382	1054
382	1144
382	1159
382	1177
382	1272
382	1281
382	1305
382	1358
382	1398
382	1419
382	1432
382	1441
385	887
387	490
389	1497
391	466
391	665
391	666
391	762
391	1184
391	1350
392	428
392	648
392	809
392	1071
399	646
399	1048
399	1305
399	1450
399	1484
400	690
400	1086
400	1416
402	1204
403	469
403	512
403	574
403	646
403	654
403	691
403	826
403	862
403	893
403	905
403	909
403	984
403	1027
403	1144
403	1159
403	1177
403	1194
403	1248
403	1272
403	1281
403	1305
403	1358
403	1398
403	1419
403	1432
403	1450
407	1084
408	1091
408	1269
410	491
410	653
410	1209
410	1263
410	1335
410	1397
410	1500
411	572
411	975
411	1355
411	1446
411	1464
415	464
417	1414
418	729
418	825
419	479
419	488
419	509
419	574
419	583
419	644
419	722
419	819
419	864
419	914
419	940
419	974
419	989
419	1026
419	1048
419	1054
419	1096
419	1170
419	1230
419	1261
419	1281
419	1305
419	1309
419	1349
419	1432
419	1450
421	576
421	592
421	690
421	767
421	789
421	888
421	1009
421	1086
421	1093
421	1182
421	1309
421	1416
421	1454
422	1319
424	527
424	762
424	920
424	1445
425	591
428	819
428	992
431	640
432	524
433	674
433	1317
436	514
439	965
441	1329
442	681
442	863
442	1507
445	902
446	1246
447	1154
447	1156
447	1486
449	489
449	1298
451	721
460	482
460	719
466	527
466	665
466	762
466	825
466	920
466	1015
466	1042
466	1080
466	1158
466	1350
466	1445
466	1502
469	654
469	909
469	1144
469	1159
469	1305
470	584
471	643
471	708
471	1354
477	969
479	488
479	509
479	532
479	574
479	583
479	836
479	914
479	974
479	1026
479	1170
479	1261
479	1281
484	524
484	709
484	1386
488	509
488	974
488	1026
488	1048
488	1054
488	1170
488	1230
488	1261
488	1281
489	539
489	576
489	1012
489	1051
489	1286
489	1298
491	653
491	1209
491	1263
491	1335
491	1397
491	1500
494	697
494	1252
494	1327
495	1079
495	1352
497	645
497	728
497	943
497	1067
497	1216
497	1283
499	581
499	885
499	894
500	624
500	630
500	666
500	1033
500	1123
500	1451
503	742
506	977
506	1338
509	517
509	574
509	583
509	639
509	644
509	646
509	654
509	722
509	819
509	862
509	864
509	893
509	914
509	974
509	984
509	989
509	990
509	1026
509	1048
509	1054
509	1096
509	1170
509	1177
509	1230
509	1261
509	1281
509	1305
509	1309
509	1432
509	1441
509	1450
510	629
512	654
512	691
512	826
512	862
512	905
512	909
512	1144
512	1159
512	1177
512	1272
512	1281
512	1305
512	1358
512	1398
512	1419
514	540
515	520
515	681
515	863
515	906
515	1014
515	1093
515	1182
515	1305
515	1309
515	1367
515	1419
517	574
517	819
517	864
517	1054
517	1261
517	1305
520	681
520	863
520	906
520	970
520	1014
523	754
523	1365
524	709
524	1386
525	869
527	762
527	920
527	1158
527	1445
529	592
537	1031
537	1293
539	1012
539	1051
539	1286
539	1298
541	1514
543	713
543	1094
544	764
544	941
545	1376
546	682
546	831
547	887
547	1254
548	1088
551	1300
556	681
556	863
556	970
556	1472
556	1507
558	1025
558	1357
558	1371
559	819
559	864
559	974
559	1281
561	1385
566	1417
568	681
568	863
568	1366
568	1507
572	975
572	1355
572	1446
574	639
574	644
574	722
574	819
574	864
574	893
574	914
574	940
574	989
574	1017
574	1026
574	1048
574	1054
574	1096
574	1159
574	1170
574	1178
574	1182
574	1230
574	1261
574	1281
574	1305
574	1309
574	1349
574	1419
574	1423
574	1432
574	1441
574	1450
575	1015
575	1384
576	767
576	789
576	959
576	1009
576	1086
576	1093
576	1182
576	1298
576	1305
576	1309
576	1416
578	1208
578	1284
578	1290
583	974
583	1054
583	1261
583	1281
589	615
589	783
592	744
592	888
592	1009
592	1086
592	1182
592	1309
592	1416
593	644
593	812
593	830
593	840
593	874
593	1026
593	1079
593	1336
603	820
603	1000
605	841
612	711
612	814
612	817
612	1101
612	1105
612	1185
612	1232
612	1414
614	753
614	861
614	895
614	980
614	1108
614	1146
615	783
615	990
620	1113
621	1323
623	728
624	653
624	666
624	1123
624	1209
624	1451
628	1041
630	1033
630	1070
630	1123
631	779
631	1069
631	1075
638	865
639	819
639	864
639	989
639	1054
639	1261
639	1309
641	779
641	1075
641	1390
643	708
643	1354
644	722
644	819
644	864
644	874
644	914
644	1026
644	1048
644	1054
644	1096
644	1281
644	1305
644	1309
644	1432
644	1441
645	819
645	1283
645	1309
645	1419
646	654
646	864
646	1248
646	1281
646	1305
646	1309
646	1432
646	1450
646	1514
647	1306
647	1318
648	809
649	1513
652	1445
653	1209
653	1263
653	1335
653	1397
653	1500
654	691
654	826
654	862
654	893
654	905
654	909
654	1027
654	1144
654	1159
654	1177
654	1194
654	1272
654	1281
654	1305
654	1358
654	1398
654	1419
656	1205
656	1224
657	962
657	1200
664	914
664	943
664	1233
665	762
665	1184
665	1350
666	762
666	1123
666	1350
666	1451
668	808
668	981
673	721
675	1344
675	1512
676	1427
678	681
681	863
681	906
681	970
681	1014
681	1333
681	1366
681	1480
681	1507
682	831
682	1351
690	767
690	789
690	1086
690	1416
691	826
691	893
691	905
691	909
691	1144
691	1159
691	1177
691	1194
691	1248
691	1272
691	1281
691	1305
691	1358
695	1017
695	1045
695	1096
695	1352
697	1252
697	1327
697	1344
697	1512
698	800
706	1073
706	1278
708	1354
709	1386
711	814
711	817
711	1101
711	1105
711	1185
711	1232
711	1414
712	1320
713	1094
714	782
722	819
722	864
722	914
722	989
722	1026
722	1037
722	1048
722	1054
722	1096
722	1170
722	1182
722	1230
722	1272
722	1279
722	1281
722	1305
722	1309
722	1419
722	1423
722	1432
722	1450
729	825
731	835
733	816
733	1444
737	852
738	855
738	880
738	1179
738	1189
738	1314
738	1489
738	1512
739	1431
743	1506
749	1277
753	861
753	895
753	980
753	1072
753	1108
753	1146
753	1326
754	1365
757	1040
762	920
762	926
762	1158
762	1184
762	1350
762	1445
767	789
767	1009
767	1086
767	1093
767	1182
767	1416
772	1283
775	1179
775	1215
775	1344
775	1373
775	1489
775	1512
779	1075
779	1390
784	1041
786	819
786	864
786	1048
786	1096
786	1305
786	1309
786	1484
788	892
788	1087
789	819
789	888
789	1009
789	1086
789	1093
789	1164
789	1182
789	1253
789	1308
789	1309
789	1325
789	1367
789	1416
789	1454
796	1371
797	829
797	1285
801	906
803	997
806	1338
808	981
809	990
810	1480
812	830
812	840
812	874
812	1079
814	817
814	1101
814	1105
814	1185
814	1232
814	1414
816	1444
817	1101
817	1105
817	1185
817	1232
817	1414
819	864
819	914
819	974
819	989
819	1026
819	1048
819	1054
819	1086
819	1090
819	1096
819	1170
819	1182
819	1230
819	1261
819	1281
819	1305
819	1309
819	1419
819	1441
819	1454
819	1514
820	1000
825	1015
826	893
826	909
826	1144
826	1159
826	1177
826	1194
826	1248
826	1272
826	1305
826	1358
826	1419
826	1432
826	1450
829	1159
829	1285
829	1398
830	840
830	874
830	911
830	1026
830	1079
830	1336
830	1421
831	1351
832	1514
838	954
839	1339
840	874
841	918
841	1319
844	1371
845	962
855	880
855	1179
855	1189
855	1314
855	1489
855	1512
861	895
861	980
861	1072
861	1108
861	1146
862	893
862	909
862	914
862	949
862	1144
862	1159
862	1272
862	1281
862	1305
862	1358
862	1419
863	906
863	970
863	1014
863	1333
863	1366
863	1480
863	1507
864	914
864	974
864	989
864	1026
864	1048
864	1054
864	1096
864	1170
864	1182
864	1230
864	1261
864	1281
864	1305
864	1309
864	1423
864	1432
864	1441
864	1450
868	1319
869	1296
870	951
874	1079
880	1179
880	1189
880	1314
880	1344
880	1489
880	1512
887	1254
888	1009
888	1086
888	1093
888	1182
888	1309
888	1416
889	1056
889	1313
892	1087
893	909
893	914
893	1144
893	1159
893	1177
893	1248
893	1272
893	1281
893	1305
893	1309
893	1419
893	1432
895	980
895	1072
895	1108
895	1146
895	1326
897	1214
898	1221
898	1499
903	1381
905	909
905	1027
905	1144
905	1159
905	1272
905	1305
905	1358
905	1398
906	1014
909	914
909	1027
909	1144
909	1159
909	1177
909	1272
909	1281
909	1305
909	1358
909	1419
909	1432
911	1421
914	949
914	974
914	989
914	1017
914	1026
914	1048
914	1054
914	1144
914	1170
914	1182
914	1230
914	1261
914	1272
914	1279
914	1281
914	1305
914	1309
914	1419
914	1432
914	1441
918	962
920	1158
920	1445
924	984
924	1248
924	1281
926	1042
926	1445
940	1026
940	1048
940	1054
940	1178
940	1281
940	1305
940	1309
940	1432
940	1450
943	1141
943	1233
943	1305
944	1136
948	1377
948	1464
949	1272
949	1419
954	1408
955	1181
957	1285
961	994
961	1415
962	1319
962	1419
970	1333
970	1366
970	1472
970	1480
970	1507
974	1026
974	1048
974	1054
974	1170
974	1260
974	1261
974	1281
974	1305
975	1355
975	1446
976	1353
980	1072
980	1108
980	1146
984	1248
984	1281
984	1305
984	1450
986	1124
989	1026
989	1048
989	1054
989	1182
989	1230
989	1260
989	1281
989	1441
989	1450
992	1139
992	1310
992	1392
994	1415
1009	1086
1009	1182
1009	1416
1012	1286
1012	1298
1014	1480
1015	1088
1015	1175
1015	1502
1016	1216
1017	1045
1017	1054
1017	1419
1017	1432
1025	1357
1026	1048
1026	1054
1026	1079
1026	1096
1026	1170
1026	1182
1026	1230
1026	1261
1026	1281
1026	1305
1026	1309
1026	1419
1026	1432
1026	1441
1026	1450
1027	1055
1027	1159
1027	1272
1027	1281
1027	1305
1027	1419
1027	1432
1027	1501
1033	1070
1033	1123
1037	1309
1042	1445
1045	1283
1045	1305
1045	1432
1048	1054
1048	1096
1048	1170
1048	1182
1048	1230
1048	1261
1048	1279
1048	1281
1048	1305
1048	1309
1048	1432
1048	1441
1048	1450
1051	1286
1051	1298
1054	1096
1054	1144
1054	1159
1054	1170
1054	1178
1054	1230
1054	1261
1054	1279
1054	1281
1054	1305
1054	1309
1054	1349
1054	1423
1054	1432
1054	1441
1054	1450
1056	1313
1058	1190
1059	1393
1063	1436
1063	1448
1067	1216
1068	1071
1069	1075
1070	1123
1071	1327
1072	1108
1072	1146
1072	1326
1073	1278
1075	1080
1075	1390
1079	1352
1080	1303
1081	1130
1081	1251
1082	1276
1086	1093
1086	1164
1086	1182
1086	1309
1086	1325
1086	1416
1086	1454
1090	1309
1090	1514
1091	1269
1093	1164
1093	1182
1093	1253
1093	1309
1093	1416
1096	1230
1096	1281
1096	1305
1096	1309
1096	1423
1096	1432
1096	1450
1101	1105
1101	1185
1101	1232
1101	1414
1105	1185
1105	1232
1105	1414
1108	1146
1123	1451
1130	1251
1130	1429
1131	1480
1131	1507
1139	1392
1144	1159
1144	1177
1144	1194
1144	1248
1144	1272
1144	1281
1144	1305
1144	1358
1144	1398
1144	1419
1144	1450
1146	1326
1153	1320
1154	1156
1154	1486
1155	1408
1156	1486
1158	1445
1159	1177
1159	1272
1159	1281
1159	1305
1159	1358
1159	1398
1159	1419
1159	1432
1159	1441
1164	1416
1170	1230
1170	1261
1170	1281
1170	1305
1170	1309
1170	1474
1174	1311
1175	1502
1177	1194
1177	1272
1177	1281
1177	1305
1177	1358
1178	1281
1178	1305
1179	1189
1179	1215
1179	1314
1179	1344
1179	1373
1179	1489
1179	1512
1182	1305
1182	1309
1182	1367
1182	1416
1182	1432
1184	1350
1185	1232
1185	1414
1189	1314
1189	1344
1189	1489
1189	1512
1194	1248
1194	1305
1205	1224
1208	1242
1208	1284
1208	1290
1209	1263
1209	1335
1209	1397
1209	1500
1215	1344
1215	1373
1215	1489
1215	1512
1221	1499
1222	1505
1230	1279
1230	1281
1230	1305
1230	1309
1230	1419
1230	1450
1232	1414
1242	1284
1242	1290
1248	1281
1248	1305
1248	1419
1248	1450
1251	1429
1252	1327
1252	1344
1252	1512
1260	1281
1261	1281
1261	1305
1261	1309
1263	1335
1263	1397
1263	1500
1271	1491
1272	1281
1272	1305
1272	1358
1272	1398
1272	1419
1272	1432
1276	1346
1279	1281
1279	1305
1279	1423
1279	1432
1281	1305
1281	1309
1281	1398
1281	1419
1281	1423
1281	1432
1281	1441
1281	1450
1281	1474
1283	1359
1284	1290
1286	1298
1305	1309
1305	1358
1305	1398
1305	1419
1305	1423
1305	1432
1305	1441
1305	1450
1305	1514
1306	1318
1309	1367
1309	1416
1309	1419
1309	1432
1309	1441
1309	1450
1314	1344
1314	1365
1314	1489
1314	1512
1319	1327
1320	1445
1325	1416
1325	1454
1327	1344
1327	1512
1333	1507
1335	1397
1335	1500
1344	1373
1344	1489
1344	1512
1355	1446
1357	1497
1358	1398
1358	1419
1358	1432
1366	1480
1366	1507
1367	1416
1373	1489
1373	1512
1377	1464
1383	1473
1397	1500
1398	1432
1416	1454
1419	1432
1419	1450
1419	1484
1423	1450
1432	1441
1434	1454
1436	1448
1441	1484
1480	1507
1489	1512
394	2
657	2
845	2
962	2
296	4
337	4
762	4
926	4
1445	4
679	7
1025	8
1059	9
1393	9
345	11
520	11
681	11
801	11
863	11
906	11
100	12
656	12
1205	12
1224	12
62	15
180	15
202	15
361	15
365	15
382	15
819	15
948	15
1305	15
1377	15
1432	15
1464	15
1050	16
593	17
812	17
830	17
840	17
874	17
1079	17
1336	17
537	21
1031	21
992	22
104	23
830	23
911	23
1421	23
1275	24
574	26
695	26
819	26
1017	26
1045	26
1048	26
1309	26
1432	26
1045	27
547	28
887	28
1051	28
1080	28
1254	28
105	30
119	30
144	30
180	30
223	30
334	30
421	30
576	30
592	30
690	30
767	30
789	30
888	30
1009	30
1086	30
1093	30
1182	30
1253	30
1309	30
1325	30
1398	30
1416	30
1454	30
142	33
152	33
545	34
1376	34
168	35
227	35
348	35
442	35
568	35
681	35
863	35
970	35
1131	35
1366	35
1480	35
1507	35
52	36
62	36
106	36
155	36
202	36
203	36
373	36
419	36
479	36
488	36
509	36
517	36
574	36
644	36
722	36
819	36
864	36
914	36
940	36
974	36
1026	36
1048	36
1054	36
1170	36
1230	36
1261	36
1281	36
1305	36
1309	36
1450	36
165	39
310	39
333	39
614	39
753	39
861	39
895	39
980	39
1072	39
1108	39
1146	39
1326	39
263	42
260	44
1274	45
681	47
863	47
970	47
1366	47
1507	47
1100	48
272	49
682	49
831	49
1351	49
342	50
512	50
1435	50
250	51
251	51
290	51
612	51
711	51
814	51
817	51
1101	51
1105	51
1185	51
1232	51
1414	51
62	52
106	52
202	52
203	52
373	52
419	52
479	52
488	52
509	52
574	52
583	52
813	52
819	52
864	52
914	52
974	52
1026	52
1048	52
1054	52
1170	52
1230	52
1261	52
1281	52
1305	52
1309	52
107	53
121	53
329	53
410	53
491	53
653	53
1209	53
1263	53
1335	53
1397	53
1500	53
235	59
1405	59
392	60
428	60
516	60
809	60
105	62
106	62
155	62
202	62
203	62
361	62
373	62
382	62
419	62
509	62
574	62
644	62
722	62
819	62
864	62
893	62
914	62
974	62
1026	62
1048	62
1054	62
1170	62
1178	62
1182	62
1230	62
1272	62
1279	62
1281	62
1305	62
1309	62
1432	62
1441	62
1450	62
898	66
1221	66
1499	66
1128	67
681	68
906	68
291	71
368	71
500	71
624	71
630	71
666	71
1033	71
1123	71
1451	71
373	72
646	72
989	72
1305	72
1276	73
1346	73
994	76
1415	76
717	78
992	78
1268	78
202	79
543	79
713	79
1094	79
90	81
466	81
548	81
825	81
1015	81
1018	81
1088	81
1502	81
1478	82
343	85
561	85
1385	85
260	86
294	86
850	90
99	91
225	91
1111	91
1446	95
568	97
1366	97
1507	97
225	99
656	100
1205	100
340	101
830	104
911	104
1421	104
119	105
134	105
155	105
180	105
203	105
223	105
361	105
373	105
419	105
509	105
574	105
576	105
639	105
722	105
789	105
819	105
864	105
914	105
989	105
1045	105
1048	105
1054	105
1090	105
1170	105
1182	105
1230	105
1261	105
1281	105
1305	105
1309	105
1325	105
1419	105
1454	105
155	106
202	106
203	106
361	106
373	106
419	106
479	106
488	106
509	106
517	106
574	106
644	106
819	106
864	106
974	106
1026	106
1054	106
1170	106
1281	106
1305	106
121	107
170	107
329	107
410	107
491	107
653	107
1209	107
1263	107
1335	107
1397	107
1500	107
918	109
962	109
315	111
350	111
603	111
820	111
1000	111
821	112
180	119
223	119
592	119
789	119
1086	119
1093	119
1182	119
1309	119
1434	119
1454	119
170	121
329	121
368	121
410	121
491	121
653	121
1209	121
1263	121
1335	121
1397	121
1500	121
270	122
374	122
889	122
1056	122
1313	122
269	126
489	128
539	128
1012	128
1051	128
1286	128
1298	128
310	129
333	129
1072	129
1108	129
1146	129
1431	130
261	131
641	131
779	131
1075	131
1390	131
180	134
204	134
276	134
497	134
515	134
645	134
1017	134
1283	134
385	137
887	137
576	138
693	141
152	142
403	143
512	143
862	143
1144	143
1159	143
1177	143
180	144
223	144
421	144
592	144
789	144
943	144
1093	144
1182	144
1233	144
240	145
668	145
808	145
981	145
171	147
466	147
1015	147
1384	147
180	155
202	155
203	155
223	155
361	155
373	155
419	155
509	155
517	155
574	155
639	155
644	155
722	155
786	155
819	155
864	155
914	155
940	155
974	155
989	155
1026	155
1048	155
1054	155
1096	155
1170	155
1182	155
1230	155
1281	155
1305	155
1309	155
1349	155
1423	155
1450	155
578	157
1208	157
1284	157
1290	157
1445	162
310	165
333	165
614	165
753	165
861	165
895	165
980	165
1072	165
1108	165
1146	165
1326	165
269	166
403	166
691	166
826	166
924	166
984	166
1194	166
1248	166
227	168
348	168
442	168
681	168
863	168
970	168
1131	168
1366	168
1480	168
1507	168
329	170
410	170
491	170
653	170
1209	170
1263	170
1335	170
1397	170
1500	170
466	171
1015	171
1384	171
1275	172
759	176
202	180
203	180
223	180
256	180
334	180
382	180
421	180
515	180
574	180
576	180
592	180
722	180
744	180
767	180
789	180
888	180
914	180
943	180
1009	180
1048	180
1086	180
1093	180
1159	180
1182	180
1233	180
1272	180
1305	180
1309	180
1367	180
1416	180
1419	180
1432	180
803	182
997	182
1432	185
481	190
596	190
883	190
946	194
203	202
361	202
373	202
399	202
419	202
479	202
488	202
509	202
574	202
644	202
646	202
695	202
722	202
786	202
819	202
862	202
864	202
914	202
974	202
989	202
1026	202
1048	202
1054	202
1096	202
1170	202
1177	202
1230	202
1272	202
1279	202
1281	202
1305	202
1309	202
1349	202
1358	202
1432	202
1441	202
1450	202
361	203
373	203
419	203
479	203
509	203
515	203
517	203
559	203
574	203
583	203
639	203
644	203
645	203
722	203
819	203
864	203
914	203
974	203
989	203
1026	203
1048	203
1054	203
1096	203
1170	203
1230	203
1261	203
1281	203
1305	203
1309	203
1419	203
1450	203
276	204
309	205
312	205
556	205
681	205
863	205
970	205
1063	206
1436	206
1448	206
222	207
471	207
643	207
708	207
1354	207
838	214
954	214
552	217
295	220
239	222
471	222
643	222
706	222
708	222
1073	222
1278	222
1354	222
334	223
421	223
576	223
592	223
767	223
789	223
888	223
1086	223
1093	223
1182	223
1233	223
1253	223
1309	223
1367	223
1416	223
738	224
855	224
880	224
1179	224
1189	224
1314	224
1344	224
1489	224
1512	224
348	227
863	227
1366	227
1480	227
1507	227
749	229
1016	229
1216	229
1277	229
283	234
664	236
943	236
1141	236
706	239
1073	239
1278	239
668	240
808	240
981	240
268	241
1287	244
1013	246
514	248
251	250
290	250
711	250
814	250
817	250
1105	250
1185	250
1232	250
1414	250
290	251
417	251
612	251
711	251
814	251
817	251
1101	251
1105	251
1185	251
1232	251
1414	251
265	256
382	256
403	256
512	256
654	256
722	256
862	256
893	256
905	256
909	256
914	256
1144	256
1159	256
1230	256
1272	256
1305	256
1358	256
1398	256
1419	256
1135	257
641	261
779	261
382	265
403	265
512	265
574	265
654	265
826	265
893	265
905	265
1144	265
1159	265
1272	265
1358	265
1275	267
552	268
403	269
509	269
654	269
691	269
826	269
893	269
1144	269
1177	269
1194	269
1248	269
1305	269
1450	269
374	270
889	270
1056	270
1313	270
1354	270
682	272
831	272
1351	272
523	273
754	273
1222	273
1365	273
1505	273
620	274
917	275
601	280
612	290
711	290
814	290
817	290
1101	290
1105	290
1185	290
1232	290
1414	290
368	291
500	291
624	291
630	291
666	291
1123	291
1451	291
472	295
337	296
424	296
466	296
527	296
652	296
762	296
920	296
926	296
1002	296
1042	296
1080	296
1158	296
1365	296
1445	296
499	298
581	298
885	298
894	298
796	299
523	303
547	303
1314	303
1365	303
495	306
695	306
1079	306
1352	306
1197	307
312	309
556	309
970	309
333	310
614	310
753	310
861	310
895	310
980	310
1072	310
1108	310
1146	310
1326	310
556	312
681	312
970	312
350	315
603	315
820	315
1000	315
721	318
1163	319
410	329
491	329
653	329
1209	329
1263	329
1335	329
1397	329
1500	329
614	333
753	333
861	333
895	333
980	333
1072	333
1108	333
1146	333
1326	333
355	334
400	334
421	334
576	334
690	334
767	334
789	334
888	334
1009	334
1086	334
1093	334
1164	334
1182	334
1325	334
1416	334
1454	334
477	335
466	337
762	337
926	337
1002	337
1445	337
1016	340
1435	342
561	343
1385	343
863	345
906	345
592	346
744	346
442	348
681	348
863	348
970	348
1131	348
1366	348
1480	348
1507	348
603	350
820	350
400	355
690	355
767	355
1086	355
1416	355
373	361
509	361
517	361
574	361
644	361
646	361
722	361
819	361
864	361
940	361
989	361
1026	361
1048	361
1054	361
1281	361
1305	361
1309	361
1419	361
1441	361
1450	361
436	362
514	362
948	365
1377	365
1464	365
500	368
624	368
630	368
653	368
666	368
1033	368
1123	368
1209	368
1451	368
382	373
403	373
419	373
479	373
488	373
509	373
574	373
639	373
644	373
722	373
819	373
864	373
893	373
914	373
940	373
974	373
1026	373
1048	373
1054	373
1096	373
1159	373
1170	373
1177	373
1178	373
1230	373
1261	373
1272	373
1281	373
1305	373
1309	373
1432	373
1441	373
1450	373
889	374
1056	374
1313	374
403	382
512	382
654	382
722	382
826	382
829	382
893	382
905	382
909	382
914	382
943	382
1027	382
1054	382
1144	382
1159	382
1177	382
1272	382
1281	382
1305	382
1358	382
1398	382
1419	382
1432	382
1441	382
887	385
490	387
1497	389
466	391
665	391
666	391
762	391
1184	391
1350	391
428	392
648	392
809	392
1071	392
646	399
1048	399
1305	399
1450	399
1484	399
690	400
1086	400
1416	400
1204	402
469	403
512	403
574	403
646	403
654	403
691	403
826	403
862	403
893	403
905	403
909	403
984	403
1027	403
1144	403
1159	403
1177	403
1194	403
1248	403
1272	403
1281	403
1305	403
1358	403
1398	403
1419	403
1432	403
1450	403
1084	407
1091	408
1269	408
491	410
653	410
1209	410
1263	410
1335	410
1397	410
1500	410
572	411
975	411
1355	411
1446	411
1464	411
464	415
1414	417
729	418
825	418
479	419
488	419
509	419
574	419
583	419
644	419
722	419
819	419
864	419
914	419
940	419
974	419
989	419
1026	419
1048	419
1054	419
1096	419
1170	419
1230	419
1261	419
1281	419
1305	419
1309	419
1349	419
1432	419
1450	419
576	421
592	421
690	421
767	421
789	421
888	421
1009	421
1086	421
1093	421
1182	421
1309	421
1416	421
1454	421
1319	422
527	424
762	424
920	424
1445	424
591	425
819	428
992	428
640	431
524	432
674	433
1317	433
514	436
965	439
1329	441
681	442
863	442
1507	442
902	445
1246	446
1154	447
1156	447
1486	447
489	449
1298	449
721	451
482	460
719	460
527	466
665	466
762	466
825	466
920	466
1015	466
1042	466
1080	466
1158	466
1350	466
1445	466
1502	466
654	469
909	469
1144	469
1159	469
1305	469
584	470
643	471
708	471
1354	471
969	477
488	479
509	479
532	479
574	479
583	479
836	479
914	479
974	479
1026	479
1170	479
1261	479
1281	479
524	484
709	484
1386	484
509	488
974	488
1026	488
1048	488
1054	488
1170	488
1230	488
1261	488
1281	488
539	489
576	489
1012	489
1051	489
1286	489
1298	489
653	491
1209	491
1263	491
1335	491
1397	491
1500	491
697	494
1252	494
1327	494
1079	495
1352	495
645	497
728	497
943	497
1067	497
1216	497
1283	497
581	499
885	499
894	499
624	500
630	500
666	500
1033	500
1123	500
1451	500
742	503
977	506
1338	506
517	509
574	509
583	509
639	509
644	509
646	509
654	509
722	509
819	509
862	509
864	509
893	509
914	509
974	509
984	509
989	509
990	509
1026	509
1048	509
1054	509
1096	509
1170	509
1177	509
1230	509
1261	509
1281	509
1305	509
1309	509
1432	509
1441	509
1450	509
629	510
654	512
691	512
826	512
862	512
905	512
909	512
1144	512
1159	512
1177	512
1272	512
1281	512
1305	512
1358	512
1398	512
1419	512
540	514
520	515
681	515
863	515
906	515
1014	515
1093	515
1182	515
1305	515
1309	515
1367	515
1419	515
574	517
819	517
864	517
1054	517
1261	517
1305	517
681	520
863	520
906	520
970	520
1014	520
754	523
1365	523
709	524
1386	524
869	525
762	527
920	527
1158	527
1445	527
592	529
1031	537
1293	537
1012	539
1051	539
1286	539
1298	539
1514	541
713	543
1094	543
764	544
941	544
1376	545
682	546
831	546
887	547
1254	547
1088	548
1300	551
681	556
863	556
970	556
1472	556
1507	556
1025	558
1357	558
1371	558
819	559
864	559
974	559
1281	559
1385	561
1417	566
681	568
863	568
1366	568
1507	568
975	572
1355	572
1446	572
639	574
644	574
722	574
819	574
864	574
893	574
914	574
940	574
989	574
1017	574
1026	574
1048	574
1054	574
1096	574
1159	574
1170	574
1178	574
1182	574
1230	574
1261	574
1281	574
1305	574
1309	574
1349	574
1419	574
1423	574
1432	574
1441	574
1450	574
1015	575
1384	575
767	576
789	576
959	576
1009	576
1086	576
1093	576
1182	576
1298	576
1305	576
1309	576
1416	576
1208	578
1284	578
1290	578
974	583
1054	583
1261	583
1281	583
615	589
783	589
744	592
888	592
1009	592
1086	592
1182	592
1309	592
1416	592
644	593
812	593
830	593
840	593
874	593
1026	593
1079	593
1336	593
820	603
1000	603
841	605
711	612
814	612
817	612
1101	612
1105	612
1185	612
1232	612
1414	612
753	614
861	614
895	614
980	614
1108	614
1146	614
783	615
990	615
1113	620
1323	621
728	623
653	624
666	624
1123	624
1209	624
1451	624
1041	628
1033	630
1070	630
1123	630
779	631
1069	631
1075	631
865	638
819	639
864	639
989	639
1054	639
1261	639
1309	639
779	641
1075	641
1390	641
708	643
1354	643
722	644
819	644
864	644
874	644
914	644
1026	644
1048	644
1054	644
1096	644
1281	644
1305	644
1309	644
1432	644
1441	644
819	645
1283	645
1309	645
1419	645
654	646
864	646
1248	646
1281	646
1305	646
1309	646
1432	646
1450	646
1514	646
1306	647
1318	647
809	648
1513	649
1445	652
1209	653
1263	653
1335	653
1397	653
1500	653
691	654
826	654
862	654
893	654
905	654
909	654
1027	654
1144	654
1159	654
1177	654
1194	654
1272	654
1281	654
1305	654
1358	654
1398	654
1419	654
1205	656
1224	656
962	657
1200	657
914	664
943	664
1233	664
762	665
1184	665
1350	665
762	666
1123	666
1350	666
1451	666
808	668
981	668
721	673
1344	675
1512	675
1427	676
681	678
863	681
906	681
970	681
1014	681
1333	681
1366	681
1480	681
1507	681
831	682
1351	682
767	690
789	690
1086	690
1416	690
826	691
893	691
905	691
909	691
1144	691
1159	691
1177	691
1194	691
1248	691
1272	691
1281	691
1305	691
1358	691
1017	695
1045	695
1096	695
1352	695
1252	697
1327	697
1344	697
1512	697
800	698
1073	706
1278	706
1354	708
1386	709
814	711
817	711
1101	711
1105	711
1185	711
1232	711
1414	711
1320	712
1094	713
782	714
819	722
864	722
914	722
989	722
1026	722
1037	722
1048	722
1054	722
1096	722
1170	722
1182	722
1230	722
1272	722
1279	722
1281	722
1305	722
1309	722
1419	722
1423	722
1432	722
1450	722
825	729
835	731
816	733
1444	733
852	737
855	738
880	738
1179	738
1189	738
1314	738
1489	738
1512	738
1431	739
1506	743
1277	749
861	753
895	753
980	753
1072	753
1108	753
1146	753
1326	753
1365	754
1040	757
920	762
926	762
1158	762
1184	762
1350	762
1445	762
789	767
1009	767
1086	767
1093	767
1182	767
1416	767
1283	772
1179	775
1215	775
1344	775
1373	775
1489	775
1512	775
1075	779
1390	779
1041	784
819	786
864	786
1048	786
1096	786
1305	786
1309	786
1484	786
892	788
1087	788
819	789
888	789
1009	789
1086	789
1093	789
1164	789
1182	789
1253	789
1308	789
1309	789
1325	789
1367	789
1416	789
1454	789
1371	796
829	797
1285	797
906	801
997	803
1338	806
981	808
990	809
1480	810
830	812
840	812
874	812
1079	812
817	814
1101	814
1105	814
1185	814
1232	814
1414	814
1444	816
1101	817
1105	817
1185	817
1232	817
1414	817
864	819
914	819
974	819
989	819
1026	819
1048	819
1054	819
1086	819
1090	819
1096	819
1170	819
1182	819
1230	819
1261	819
1281	819
1305	819
1309	819
1419	819
1441	819
1454	819
1514	819
1000	820
1015	825
893	826
909	826
1144	826
1159	826
1177	826
1194	826
1248	826
1272	826
1305	826
1358	826
1419	826
1432	826
1450	826
1159	829
1285	829
1398	829
840	830
874	830
911	830
1026	830
1079	830
1336	830
1421	830
1351	831
1514	832
954	838
1339	839
874	840
918	841
1319	841
1371	844
962	845
880	855
1179	855
1189	855
1314	855
1489	855
1512	855
895	861
980	861
1072	861
1108	861
1146	861
893	862
909	862
914	862
949	862
1144	862
1159	862
1272	862
1281	862
1305	862
1358	862
1419	862
906	863
970	863
1014	863
1333	863
1366	863
1480	863
1507	863
914	864
974	864
989	864
1026	864
1048	864
1054	864
1096	864
1170	864
1182	864
1230	864
1261	864
1281	864
1305	864
1309	864
1423	864
1432	864
1441	864
1450	864
1319	868
1296	869
951	870
1079	874
1179	880
1189	880
1314	880
1344	880
1489	880
1512	880
1254	887
1009	888
1086	888
1093	888
1182	888
1309	888
1416	888
1056	889
1313	889
1087	892
909	893
914	893
1144	893
1159	893
1177	893
1248	893
1272	893
1281	893
1305	893
1309	893
1419	893
1432	893
980	895
1072	895
1108	895
1146	895
1326	895
1214	897
1221	898
1499	898
1381	903
909	905
1027	905
1144	905
1159	905
1272	905
1305	905
1358	905
1398	905
1014	906
914	909
1027	909
1144	909
1159	909
1177	909
1272	909
1281	909
1305	909
1358	909
1419	909
1432	909
1421	911
949	914
974	914
989	914
1017	914
1026	914
1048	914
1054	914
1144	914
1170	914
1182	914
1230	914
1261	914
1272	914
1279	914
1281	914
1305	914
1309	914
1419	914
1432	914
1441	914
962	918
1158	920
1445	920
984	924
1248	924
1281	924
1042	926
1445	926
1026	940
1048	940
1054	940
1178	940
1281	940
1305	940
1309	940
1432	940
1450	940
1141	943
1233	943
1305	943
1136	944
1377	948
1464	948
1272	949
1419	949
1408	954
1181	955
1285	957
994	961
1415	961
1319	962
1419	962
1333	970
1366	970
1472	970
1480	970
1507	970
1026	974
1048	974
1054	974
1170	974
1260	974
1261	974
1281	974
1305	974
1355	975
1446	975
1353	976
1072	980
1108	980
1146	980
1248	984
1281	984
1305	984
1450	984
1124	986
1026	989
1048	989
1054	989
1182	989
1230	989
1260	989
1281	989
1441	989
1450	989
1139	992
1310	992
1392	992
1415	994
1086	1009
1182	1009
1416	1009
1286	1012
1298	1012
1480	1014
1088	1015
1175	1015
1502	1015
1216	1016
1045	1017
1054	1017
1419	1017
1432	1017
1357	1025
1048	1026
1054	1026
1079	1026
1096	1026
1170	1026
1182	1026
1230	1026
1261	1026
1281	1026
1305	1026
1309	1026
1419	1026
1432	1026
1441	1026
1450	1026
1055	1027
1159	1027
1272	1027
1281	1027
1305	1027
1419	1027
1432	1027
1501	1027
1070	1033
1123	1033
1309	1037
1445	1042
1283	1045
1305	1045
1432	1045
1054	1048
1096	1048
1170	1048
1182	1048
1230	1048
1261	1048
1279	1048
1281	1048
1305	1048
1309	1048
1432	1048
1441	1048
1450	1048
1286	1051
1298	1051
1096	1054
1144	1054
1159	1054
1170	1054
1178	1054
1230	1054
1261	1054
1279	1054
1281	1054
1305	1054
1309	1054
1349	1054
1423	1054
1432	1054
1441	1054
1450	1054
1313	1056
1190	1058
1393	1059
1436	1063
1448	1063
1216	1067
1071	1068
1075	1069
1123	1070
1327	1071
1108	1072
1146	1072
1326	1072
1278	1073
1080	1075
1390	1075
1352	1079
1303	1080
1130	1081
1251	1081
1276	1082
1093	1086
1164	1086
1182	1086
1309	1086
1325	1086
1416	1086
1454	1086
1309	1090
1514	1090
1269	1091
1164	1093
1182	1093
1253	1093
1309	1093
1416	1093
1230	1096
1281	1096
1305	1096
1309	1096
1423	1096
1432	1096
1450	1096
1105	1101
1185	1101
1232	1101
1414	1101
1185	1105
1232	1105
1414	1105
1146	1108
1451	1123
1251	1130
1429	1130
1480	1131
1507	1131
1392	1139
1159	1144
1177	1144
1194	1144
1248	1144
1272	1144
1281	1144
1305	1144
1358	1144
1398	1144
1419	1144
1450	1144
1326	1146
1320	1153
1156	1154
1486	1154
1408	1155
1486	1156
1445	1158
1177	1159
1272	1159
1281	1159
1305	1159
1358	1159
1398	1159
1419	1159
1432	1159
1441	1159
1416	1164
1230	1170
1261	1170
1281	1170
1305	1170
1309	1170
1474	1170
1311	1174
1502	1175
1194	1177
1272	1177
1281	1177
1305	1177
1358	1177
1281	1178
1305	1178
1189	1179
1215	1179
1314	1179
1344	1179
1373	1179
1489	1179
1512	1179
1305	1182
1309	1182
1367	1182
1416	1182
1432	1182
1350	1184
1232	1185
1414	1185
1314	1189
1344	1189
1489	1189
1512	1189
1248	1194
1305	1194
1224	1205
1242	1208
1284	1208
1290	1208
1263	1209
1335	1209
1397	1209
1500	1209
1344	1215
1373	1215
1489	1215
1512	1215
1499	1221
1505	1222
1279	1230
1281	1230
1305	1230
1309	1230
1419	1230
1450	1230
1414	1232
1284	1242
1290	1242
1281	1248
1305	1248
1419	1248
1450	1248
1429	1251
1327	1252
1344	1252
1512	1252
1281	1260
1281	1261
1305	1261
1309	1261
1335	1263
1397	1263
1500	1263
1491	1271
1281	1272
1305	1272
1358	1272
1398	1272
1419	1272
1432	1272
1346	1276
1281	1279
1305	1279
1423	1279
1432	1279
1305	1281
1309	1281
1398	1281
1419	1281
1423	1281
1432	1281
1441	1281
1450	1281
1474	1281
1359	1283
1290	1284
1298	1286
1309	1305
1358	1305
1398	1305
1419	1305
1423	1305
1432	1305
1441	1305
1450	1305
1514	1305
1318	1306
1367	1309
1416	1309
1419	1309
1432	1309
1441	1309
1450	1309
1344	1314
1365	1314
1489	1314
1512	1314
1327	1319
1445	1320
1416	1325
1454	1325
1344	1327
1512	1327
1507	1333
1397	1335
1500	1335
1373	1344
1489	1344
1512	1344
1446	1355
1497	1357
1398	1358
1419	1358
1432	1358
1480	1366
1507	1366
1416	1367
1489	1373
1512	1373
1464	1377
1473	1383
1500	1397
1432	1398
1454	1416
1432	1419
1450	1419
1484	1419
1450	1423
1441	1432
1454	1434
1448	1436
1484	1441
1507	1480
1512	1489
