3699	398
3699	2635
1970	2990
137	703
137	2070
2896	3389
2896	3780
358	4148
358	652
2655	2138
2655	4074
2655	4058
3399	3916
526	1398
526	3607
526	3674
526	3427
526	2183
526	86
526	3779
526	1943
1239	1601
1239	1753
1239	4073
2976	3573
2976	3710
91	4611
91	3389
3115	3737
3115	4034
3115	276
3115	1347
3115	59
3115	3389
2718	728
2994	206
2994	2159
2994	3780
1398	2335
1398	3129
1398	2277
1398	1385
1398	4212
1398	430
1398	443
1398	4170
1398	1948
1398	540
1398	4127
1398	3023
1398	3390
1398	3779
1398	1718
1398	3145
2897	3175
3434	206
3434	4193
4132	4612
4132	1158
4132	1580
4132	4450
4132	473
4132	510
4132	4571
4132	4596
4132	931
4132	3591
4132	4564
4132	4593
1638	343
1638	102
1638	4253
1655	715
1655	1314
1655	2651
1655	2988
1655	3780
898	4165
898	4347
898	110
2524	3674
2524	206
891	4011
891	1753
891	4611
891	1878
891	3425
471	1412
471	2469
471	507
728	3208
728	4358
728	220
728	62
728	2646
728	865
728	4306
728	4131
728	4414
728	2597
728	3978
728	2086
728	435
728	26
728	2585
1215	1380
1215	3412
793	145
793	2023
793	3389
1131	1269
1131	4079
1412	4087
2958	696
2958	3827
2958	3148
2958	3389
2958	1013
2958	2378
2174	4185
2174	1063
2174	3503
679	4185
679	102
679	4392
679	1063
679	4674
679	3734
679	3437
3628	4381
3628	488
3628	2533
3628	3174
3628	2051
3628	4552
4494	2420
4494	1613
4494	3502
4494	482
4494	4533
4494	1144
4494	2045
4494	2051
4494	313
4494	4527
364	1269
3757	1775
1478	2837
1478	3909
1407	3236
1841	2584
337	2566
337	2913
337	250
337	1800
337	4231
337	1033
294	1789
294	813
1581	2646
1581	4611
1172	2499
1172	911
1172	2409
1172	4359
1172	3940
1172	2001
354	3875
4664	1315
4664	3068
2973	817
2973	2952
2973	2584
2973	2071
2973	1441
2973	1355
2973	4011
2973	1692
817	2952
817	2071
817	1441
2952	2584
2952	2071
2952	3312
2952	3724
404	4472
404	1540
404	962
2860	343
343	3461
343	4433
343	824
343	4568
343	3208
343	749
343	2527
343	3589
343	1223
343	173
343	2206
343	2208
343	2102
343	2919
343	1419
343	1220
343	1033
343	4096
343	2375
343	1957
343	2898
3461	4433
3461	1732
3461	3101
3461	4193
3461	1399
4433	2397
2671	4523
2671	1909
2671	1618
2671	3992
2671	4540
2671	101
2671	3734
4523	1975
4523	3692
4523	4645
4523	3824
4523	458
4523	4392
4523	1341
4523	3023
4523	3921
4523	4544
4523	4173
4523	162
1909	179
406	4335
406	175
95	1150
2142	1326
3264	1070
3264	3425
4675	488
4675	4643
4675	2051
287	206
287	706
2575	3880
2575	356
2575	3427
3880	356
3880	2030
3880	3214
3880	718
356	3427
356	3299
356	3236
356	3061
356	3621
1940	3431
1940	1948
499	429
499	3212
3866	4313
3866	544
3866	2533
649	2090
649	4611
649	739
649	1692
3952	3734
2341	553
1260	3039
3377	3319
3377	3378
3377	885
3319	443
3319	3378
3319	3257
3319	885
1018	529
1018	2259
3607	1852
3607	921
1022	759
1022	4314
824	2278
824	7
824	3477
824	1434
824	1058
824	4500
824	3425
370	4611
370	1269
370	4067
1615	1712
2335	1385
2335	4212
2335	540
2939	726
3372	407
4679	3592
805	2930
805	7
805	1231
805	1539
805	3677
805	1308
805	386
3431	62
3431	3824
3431	458
3431	4070
3431	1347
3431	59
3431	4121
3431	2451
2362	2551
2362	2166
2362	3488
2362	870
3599	413
3599	3791
1732	2658
2606	744
2606	3101
607	3272
607	3456
2996	3644
4598	3695
4598	2124
4598	652
4598	828
4309	2081
4568	1600
4568	1745
4568	900
269	1269
269	4411
3208	1600
3208	749
3208	4607
3208	3365
3208	1745
3208	770
3208	2566
3208	1966
3208	3767
3208	246
3208	4663
3208	1279
3208	3728
3208	1309
3208	2254
3208	4207
3208	1898
3208	1948
3208	865
3208	1749
3208	2318
3208	900
3208	3660
3208	4414
3208	2772
3208	3357
3208	435
3208	962
3208	921
3208	388
3208	460
3208	521
3208	2604
3208	2865
3208	4443
1432	3900
1432	1607
1432	2945
1432	2551
1432	1338
1432	161
1432	2020
1432	3046
1432	460
1432	3292
629	101
2407	157
2407	2030
4532	157
4532	2536
542	157
542	2536
3306	157
3306	2536
3306	2578
157	2536
157	4381
157	950
157	2578
2536	4381
2536	950
2536	2578
2536	3236
2536	389
2536	3828
4381	1286
4381	3556
950	2578
2567	2420
2567	199
2567	507
140	4107
140	4112
1840	2935
217	766
217	148
217	2438
766	3174
2106	715
2106	206
2287	847
2287	1229
2287	4011
2287	81
2287	4170
2287	3427
2287	1044
2287	1689
2287	3145
1343	3992
2136	2138
2136	1314
2136	2208
2136	2159
2136	3734
2136	2395
2136	3663
3195	979
3195	3780
50	1269
1332	1562
1332	3638
1332	584
1332	4596
2793	811
2793	1791
2793	1043
2793	3504
2793	1091
2793	4120
2295	4304
4182	2767
4182	3236
951	553
951	458
951	1309
951	504
1885	718
1885	569
3900	2368
3900	2955
3900	1194
2315	2146
2315	3734
2315	3318
2315	3175
2315	1709
2315	3662
803	3623
803	4554
803	775
803	3818
803	167
803	3798
803	1753
803	16
803	3236
803	3009
1451	3734
1451	548
3770	1314
145	360
145	1335
145	2482
3623	4040
2837	2844
596	3707
596	4363
596	3962
596	1369
596	2058
721	476
3894	1328
3894	921
4384	3222
4574	1379
4574	3437
1348	3222
1348	206
1348	2070
1348	2989
1348	2159
4655	2030
4655	2569
4655	1601
4655	86
4655	317
4655	1943
4046	2281
4046	691
1596	2888
2930	1975
2930	847
2930	757
2930	1979
2930	863
2930	81
2930	1171
2930	3728
2930	577
2930	102
2930	2166
2930	4333
2930	4392
2930	3942
2930	3677
2930	1308
2930	1206
2930	1107
2930	3023
2930	2181
2930	2632
2930	4544
2930	118
2930	1367
2930	1516
2930	2365
4088	966
4088	504
1384	1314
1384	290
2640	430
2640	2199
2640	4394
422	4618
422	2188
422	1270
3129	3477
3129	2842
3129	3166
4254	4056
4254	3824
4254	4571
4254	1847
4254	4064
4254	1535
4254	2532
3159	185
1684	413
1336	2030
2030	2569
2030	4404
2030	1436
2030	1629
2030	1229
2030	2510
2030	3336
2030	3119
2030	1475
2030	2402
2030	4170
2030	1380
2030	2767
2030	1639
2030	3427
2030	2145
2030	4240
2030	647
2030	3312
2030	2424
2030	1486
2030	1606
2030	4436
2030	1561
2030	1832
2030	2306
2030	2955
2030	86
2030	4414
2030	4365
2030	712
2030	2981
2030	551
2030	2232
2030	1542
2030	566
2030	677
2030	762
2030	970
2030	1743
2030	1927
2030	2045
2030	2339
2030	2384
2030	2869
2030	2922
2030	2960
2030	3344
2030	3662
2030	4073
2030	4510
2030	2703
3321	323
3321	618
3814	672
3814	529
3814	1729
3814	2140
3814	4584
3814	3895
3814	1071
2569	2137
2569	1262
2137	672
2137	409
2137	329
2137	438
2137	4170
2137	318
2137	13
2137	241
2137	455
4404	1171
4404	173
4404	1764
4404	3519
4404	3734
4130	1080
4130	909
4130	2325
1682	969
4457	606
4457	4465
4457	3334
4457	2007
4457	1063
4457	3785
4457	1349
4457	2159
4457	3734
4457	3437
4457	1211
2485	969
2485	2254
2485	2638
4485	2471
4485	2159
261	2504
1344	2078
3374	1271
2221	1551
2221	1607
2221	2355
2221	3832
2221	786
2221	3023
2221	1567
2221	2955
2221	4193
2221	3384
2221	887
2221	601
2221	1270
2221	4205
2221	664
2282	1551
2282	1607
2282	786
2282	3023
2282	1349
2282	4193
2282	1270
2282	4205
2282	664
2282	3425
653	578
2360	3368
2023	3486
2023	4505
2023	1967
2023	1966
2023	3647
2023	1511
2023	1403
2023	718
2023	2989
2023	2223
2023	1980
2023	2609
715	847
715	1168
715	3055
715	792
715	2883
63	1729
63	2074
2584	2071
2584	1441
2584	1013
1551	4618
1551	1528
1551	2294
1551	2281
1551	4429
1551	814
1551	887
4085	4392
2071	1441
2071	4618
2071	1171
2071	4414
2071	1337
2071	388
3120	2277
3120	4504
3120	3668
3120	3444
3120	3882
3120	138
621	2443
672	529
672	2566
672	4584
672	1071
672	4354
672	3611
857	2463
857	4504
857	4047
529	4011
529	2140
529	4584
529	3895
529	4500
529	1567
529	1071
529	4354
529	3611
529	3258
529	1878
529	4331
529	2378
1009	2642
1370	2419
1370	4011
1370	2934
1370	979
1607	4289
1607	3427
1607	647
1607	887
1607	2632
1607	15
1607	3175
1607	162
1607	3068
1607	1957
1607	3547
3345	770
3345	2129
3345	541
3345	1369
3345	41
3345	3734
3345	3662
2419	99
2419	3297
2419	4648
2419	2034
2419	878
553	770
553	668
553	1168
553	3140
553	99
553	2979
553	755
553	2596
553	4488
553	1567
553	4047
553	1734
553	601
553	2226
553	3184
553	500
553	3891
553	4035
1562	4020
1562	34
1562	550
1562	652
1562	138
2962	1314
2962	2612
2962	900
2962	3832
2962	39
2962	877
2962	3390
2962	652
2962	2580
2962	613
1485	3779
1618	1792
1618	4170
1340	2138
1340	4074
1340	4058
1340	4269
1340	366
392	3533
392	814
392	1347
392	1269
918	2194
918	250
1224	3039
1224	3502
1224	3456
1224	4533
1224	3105
1224	949
1224	1144
1224	1925
1224	2051
3737	1971
193	4608
182	2533
2052	4266
2052	2420
2052	1887
2052	488
2052	969
2052	452
2052	2666
2052	2687
2052	2533
2052	949
2052	3174
2052	1868
1975	2138
1975	4090
1975	4034
1975	2700
1975	3767
1975	1314
1975	3692
1975	773
1975	4187
1975	3677
1975	3638
1975	4262
1975	1986
1975	4234
3486	2529
4289	1207
4505	3859
1191	3962
1191	3236
1191	41
1191	1270
749	3101
2390	2461
2138	4074
2138	4058
2138	4020
2138	4351
2138	1010
2138	3302
2138	3467
2138	81
2138	3692
2138	3824
2138	816
2138	2875
2138	4392
2138	3942
2138	3638
2138	1206
2138	900
2138	445
2138	3299
2138	3793
2138	1107
2138	3023
2138	3843
2138	3916
2138	2651
2138	1337
2138	1747
2138	1986
2138	4544
2138	2340
2138	1542
2138	4204
2138	1272
4074	4058
4074	4020
4074	1010
4074	3916
4074	1337
4074	1747
4074	239
4058	4257
4058	4020
4058	3467
4058	1434
4058	4392
4058	3843
4058	4500
4058	2637
4058	1877
275	4618
275	663
275	3487
275	4090
275	1171
275	2934
275	66
275	4334
4618	3695
4618	2779
4618	2226
4618	1959
4618	3867
663	4414
2964	430
2964	365
2964	2476
2964	318
2964	2070
2964	1379
2964	4603
2964	388
2964	2642
3487	4358
3487	2389
3487	2510
3487	4347
3487	979
3487	2226
37	2389
37	2281
37	4231
37	2842
37	3641
37	4334
3290	2716
3290	3619
3290	2947
3290	3816
3290	2632
3290	3627
2716	3498
2716	4645
1630	3622
1630	2895
4607	3126
4607	1579
4607	4674
4607	2895
4607	2223
4607	1980
4607	3473
4607	4277
3622	2416
3622	2895
3622	2223
3622	3184
3912	2438
1659	2515
1659	2456
3847	3690
732	1365
4422	867
1605	273
2194	66
2194	1907
1974	3638
4257	2527
2527	2074
2527	113
2527	3425
847	2510
847	1609
847	2195
847	4269
847	1375
847	2646
847	696
847	3315
847	4500
847	3389
847	1269
847	247
847	4248
847	3780
847	2823
847	3710
1977	3175
1977	2585
2463	2846
2463	4504
2463	3843
3873	2504
3873	2180
3873	2305
3873	3732
3690	1613
3690	7
3690	2026
4107	323
1809	3662
3214	979
3214	41
3214	283
3858	4163
3858	4012
3858	3635
3858	152
3858	374
2603	4336
3365	3895
3365	711
3769	3931
3769	936
3769	1731
3769	4031
3769	1814
3769	4087
3769	3734
3769	2268
523	1068
523	1291
523	4392
523	4240
523	709
523	3315
523	1597
523	1369
523	2060
523	3930
523	2751
523	608
523	774
4472	4054
3190	3509
3190	662
3190	736
3405	3793
3405	3816
3405	233
3405	2858
4336	442
4336	250
4336	969
4336	1800
4630	4090
4630	3489
4460	865
4460	3843
4460	598
4460	3916
2025	1709
3199	3758
3199	551
4020	4128
4020	4605
4020	652
4020	1939
1725	3734
1545	1269
4060	1434
1976	2585
4456	1804
1098	1484
1098	15
1881	2070
1881	1690
1881	2642
3781	2146
1483	3850
2474	3101
2474	3846
4056	3086
4056	455
2277	1729
2277	280
2277	1844
2277	3668
2277	3389
4078	3965
744	1745
744	2566
744	1496
744	881
744	2772
2263	2409
2258	3829
2258	2491
3829	4064
3829	2491
1745	292
1745	2772
1745	2223
1745	1524
1745	2321
1745	4564
4612	4646
4612	2190
1729	4646
1729	2190
1729	3895
1729	1033
1729	1567
1729	4354
770	99
4063	3533
4063	185
4063	547
2762	3055
2074	2206
2074	504
2074	4620
2074	2375
2074	605
3093	773
3093	1986
3093	387
4169	1380
4169	1579
4169	1871
4024	668
4024	884
4024	102
4024	3222
4024	1323
4024	1020
4024	3703
4024	239
1362	661
329	3101
2149	3175
2149	403
668	102
668	3703
668	1799
668	3895
668	4611
668	1567
668	859
668	1269
668	3175
668	3425
2629	550
2629	1567
4090	3302
4090	139
4090	3692
4090	3824
4090	99
4090	1170
4090	4481
4090	3942
4090	4332
4090	1540
4090	979
4090	1986
4090	4544
4090	2378
4090	162
2566	1279
2566	1181
2566	643
2566	1289
2566	4064
2566	1211
2566	1671
2566	381
2566	449
2566	670
2566	1187
2566	1272
2566	1303
4358	3734
4358	2005
2975	504
2975	3046
2975	1270
3931	4017
3931	936
3931	1731
3931	4031
3931	1814
3931	4087
3931	3734
1197	2646
1355	4667
1355	658
1355	3635
1355	483
1355	4177
1355	4604
1355	4500
1355	3734
1355	2189
3498	1761
4034	2206
4034	3677
4034	3638
4034	1546
4034	4544
4034	879
4034	1573
4034	4234
2734	4540
2734	4284
2734	4121
2734	128
1967	2947
1967	2159
1967	927
1069	102
1275	598
2343	2651
2343	3734
396	3793
396	3012
4667	962
938	2938
938	413
938	4432
938	1907
938	2810
2796	3573
3550	1173
3550	1058
3550	2226
3550	689
3789	1382
3789	3225
312	1965
2784	1369
4550	1385
4550	4212
4550	3843
4550	3916
4550	3734
1158	1385
2504	1382
2504	4293
2504	662
2504	4007
2504	2438
2504	3042
2726	1567
2700	3767
2700	4250
2700	1986
884	2294
884	4064
1168	3767
1168	14
1168	2183
1168	584
1168	3291
1168	3425
2044	3817
80	3734
80	1258
3187	841
49	3477
49	1293
49	1341
159	2424
2423	86
3220	3573
309	3734
1352	1304
4101	2469
3228	549
1436	2129
1436	541
1436	3403
1230	969
121	3951
121	3779
188	3765
4	2632
4351	3389
4351	2642
3840	2226
757	996
757	1898
757	987
757	2688
757	1561
757	2181
3767	4357
3767	4323
3767	3692
3767	4326
3767	4392
3767	3942
3767	550
3767	4042
3767	1723
3767	1107
3767	3023
3767	4332
3767	2981
3767	2378
3767	4234
4142	3816
4142	233
2420	2026
2420	488
2420	3502
2420	2148
2420	2687
2420	2533
2420	949
2420	3174
2420	1868
2420	551
2420	2051
2420	4552
1818	4386
1818	4398
1818	2089
1818	2653
1818	2541
4386	4398
4386	2089
4386	2653
4398	2089
3015	458
3015	4326
3015	1844
3015	504
3015	1228
1613	56
1613	7
1613	2026
1613	1887
1613	488
1613	3502
1613	722
1613	4488
1613	4665
1613	2192
1613	2687
1613	2533
1613	949
1613	3174
1613	551
1613	1502
1613	2051
2935	2810
2938	1400
2938	2120
2938	2428
2938	4446
2938	4527
760	313
2078	3687
2078	4012
2078	3083
2078	3023
2078	1496
2078	1169
2078	2179
669	4170
1385	4212
1385	1004
1385	3675
3065	3994
3065	2556
1798	794
1798	3826
2397	206
2397	3780
2397	1013
2951	1567
1469	3502
56	7
7	2026
7	1293
7	580
7	4481
7	795
7	1144
7	2051
7	313
7	4527
2026	1887
2026	488
2026	3174
2026	1868
1887	3502
1887	462
1887	482
1887	4533
1887	1868
1887	4643
1887	551
1887	66
1887	1144
1887	2051
1887	2844
1887	1205
1887	313
1887	4527
4212	1004
4212	3675
4212	3250
4212	931
4212	2011
3928	3949
3928	366
3928	569
1010	577
1010	3942
1010	504
1010	525
1010	2426
1010	3897
3055	3128
3055	1786
3055	4269
3055	3692
3055	1614
3055	445
3055	1107
3055	3023
3055	4332
3055	795
3055	26
3055	3278
3112	4005
4052	3465
246	2070
246	2999
246	2159
3529	4011
3529	4005
3529	2048
673	458
673	3046
3687	3382
3687	3477
3687	2909
3687	3173
3687	15
3687	768
3687	880
2389	102
2389	1033
2389	3734
2389	4193
2389	3573
2389	1155
3382	2410
3382	3236
3382	880
3382	646
2710	4497
4497	2140
4576	3734
4319	1269
4319	113
488	3502
488	3934
488	1810
488	2014
488	2435
488	413
488	580
488	1080
488	1506
488	2733
488	4533
488	2257
488	949
488	3930
488	1868
488	2848
488	4643
488	551
488	1144
488	1925
488	2045
488	2051
488	313
488	4527
3589	3638
3589	2368
3589	3067
3589	2159
3589	2395
3589	3046
3589	880
3589	110
3589	1796
3589	3058
3589	3212
1400	334
1400	3945
1400	1868
1400	2848
1400	4643
1400	1925
1400	2045
1400	313
1400	4527
1400	2703
1229	430
1229	877
1229	2060
1229	921
1229	3239
1229	2528
2163	2361
2163	3105
1140	4674
3643	81
3643	3378
3643	3916
2213	1138
2213	507
3360	2081
3360	4086
3695	1315
3695	863
3695	4269
3695	758
3695	2227
3695	3493
3695	3389
3695	962
3695	990
3695	3584
3302	1314
3302	2159
2861	478
2861	1089
3039	3384
3039	66
3039	1399
3039	2822
3039	1205
2741	1119
2741	478
4313	279
4316	1601
429	3734
429	3009
1016	1579
334	1293
334	1220
334	4081
1322	1080
1322	1269
116	1220
116	3682
4525	3315
34	1231
34	550
34	1107
34	1737
34	3425
34	3061
34	3212
3850	4133
430	4539
430	3817
430	1326
430	4042
430	16
430	3291
430	3634
430	136
430	2648
1786	661
3693	3236
1815	1863
1815	601
3949	4512
3949	4163
3949	4012
3949	321
3949	152
3949	652
3949	3773
3949	1739
3949	374
180	1269
2936	4170
740	4011
4512	1739
4512	374
4512	4354
2774	1502
2010	577
2010	1556
2010	703
2010	550
2010	3638
2010	3793
2010	1107
2010	4332
3502	2570
3502	2901
3502	1169
3502	2687
3502	2533
3502	3174
3502	4499
3502	2848
3502	4643
3502	551
3502	1612
3502	2045
3502	2051
3502	2844
3502	4552
3934	66
3934	2844
1382	1468
1382	2491
2251	2354
421	3734
421	3787
1223	4224
1223	886
1223	102
1223	1323
1223	584
1223	3827
1223	4611
1223	4017
1223	4193
1223	2642
4224	886
4224	2909
4224	3315
1422	1347
1422	859
1422	2918
1422	578
1150	4352
1150	865
1150	4354
1150	1878
1150	2055
4125	206
1315	1366
1315	3166
1315	4099
1315	1621
2469	66
3533	1556
3533	1943
694	66
442	3442
442	718
442	1634
3707	885
2210	3145
846	1796
2945	3236
1314	3580
1314	4646
1314	1428
1314	4291
1314	2302
1314	2612
1314	1546
1314	2979
1314	39
1314	3081
1314	877
1314	4276
1314	2719
1314	3215
1314	86
1314	3978
1314	2580
1314	13
1314	2018
1314	4203
1314	4234
3580	4347
1292	1571
1292	3734
1292	1902
443	3734
1235	1601
1235	3734
1235	435
1235	2491
1304	2294
1304	3813
1304	1567
676	99
1378	3953
1378	3734
2085	696
2085	4611
2085	3389
2085	1337
1119	4128
1119	3175
1119	3553
1219	4305
1219	47
1219	3619
4646	206
4646	16
4646	3784
4646	3291
4646	3425
2090	3174
2090	2848
2090	1907
2090	2178
2090	3662
4026	3023
2510	4011
2510	81
2510	2979
2510	3635
2510	979
2510	2226
438	3389
802	1519
802	1496
802	1627
4366	1371
4366	2189
4366	3627
4172	4160
4172	2498
4172	3519
4172	691
1428	1936
1428	4064
1428	921
3336	1789
3336	4019
1789	4500
1789	1821
1601	278
1601	390
1601	62
1601	4333
1601	2007
1601	2204
1601	4463
1601	4440
1601	2152
1601	1240
1601	1269
1601	86
1601	1337
1601	4279
1601	2378
1601	5
1601	1852
1601	921
1601	2156
1601	4277
1601	1943
3481	1850
3481	1943
2304	1043
2304	3504
1388	1267
4323	390
4323	99
3608	4663
3608	4544
278	2146
4165	1110
4165	2471
4165	647
4165	1753
4165	3023
4165	1982
4165	1262
549	3222
549	4189
549	1299
549	2159
1810	4488
1810	2533
1810	3174
1810	1925
1810	3097
4057	4248
4057	407
2551	3827
2551	3291
4184	4544
369	3986
1134	1269
1134	3734
1248	3734
1248	689
462	81
462	3378
462	3101
462	2005
863	355
863	2120
863	2668
863	3734
863	2814
863	3258
863	3318
4222	1269
2499	911
2499	2409
2499	2895
1609	2195
1609	247
1609	3547
2195	3703
2195	247
2195	3547
341	3236
3924	3033
3033	2661
3033	1169
3033	3665
4011	1171
4011	3619
4011	2354
4011	2146
4011	4284
4011	4225
4011	2306
4011	1567
4011	979
4011	2226
4011	2858
4011	2378
4011	1509
3367	4269
3477	4504
3477	1898
3477	1753
3477	623
3477	3166
3477	4047
4269	4671
4269	247
4269	2107
273	662
273	206
273	1274
390	1171
390	4605
390	3951
390	1455
390	1220
390	4225
390	1058
390	1033
2846	2947
2846	1749
2846	4047
2846	861
2846	3641
2846	2736
4044	3722
4044	3312
4044	127
4044	3734
220	4450
220	3734
478	3236
478	661
478	2325
4504	1753
4504	979
4504	3166
4504	4047
82	3951
82	504
82	3916
81	3992
81	366
81	1644
81	4382
81	2779
81	3414
81	3793
81	3951
81	1107
81	4540
81	4673
81	4121
81	3710
1456	1269
3833	3261
3833	507
2014	3174
3353	1502
994	4064
2432	3174
2432	2051
2432	3527
1171	3962
1171	206
1171	3148
1171	1033
1171	3556
1255	3734
2950	998
3619	4429
3619	14
3619	1567
3619	3425
2913	1279
2913	540
2913	1627
1279	540
2089	2653
2314	3456
2314	3235
139	206
139	4611
139	3780
139	2888
3161	1110
2108	623
2108	1337
2108	3734
2108	3212
2355	887
250	969
250	2547
250	1269
3453	1868
3992	2166
3992	4481
3992	161
3992	976
3992	3207
3674	4671
3674	3635
3674	720
3674	935
3674	1289
3674	86
3674	2375
3958	3456
3728	2146
3728	3677
3728	3734
3728	4544
966	2533
173	3542
173	3173
173	2651
173	699
280	3668
280	3444
2129	1293
2129	541
2129	869
2129	1369
2129	3582
2757	74
2847	1606
4580	4611
4151	3465
4151	3734
232	2733
366	4382
366	540
366	3414
366	4611
366	3163
366	2750
366	1442
366	3916
2476	3109
631	2124
2738	2238
1644	2779
4415	1749
4415	1337
1293	775
1293	1749
1293	57
1293	859
1293	578
1293	283
1293	2632
1293	3250
1293	3828
454	3740
454	1489
3393	1699
3775	3174
3775	2848
2206	1380
2206	3519
2947	4645
2947	3895
2947	2632
62	4392
62	2159
4439	4414
2697	2486
2697	2885
568	969
1138	2720
1099	1269
1231	1824
3692	458
3692	504
3692	3813
3692	2375
3692	3986
3692	1270
3692	3212
4645	4170
4645	1341
4645	86
4645	1446
2402	4178
3824	458
3824	4611
3824	2189
3824	3212
458	1309
458	1614
458	4636
458	658
458	550
458	504
458	4632
458	1081
458	3198
458	976
458	1270
758	206
2653	1636
2570	3174
2570	1868
2570	551
2570	1144
2570	3675
2570	3568
2570	4527
2646	1749
2646	3734
2646	962
2646	4278
4170	2062
4170	1764
4170	1434
4170	3427
4170	1455
4170	86
4170	3779
4170	4082
4170	3145
4170	2045
4170	4510
4170	1943
775	3011
4160	2081
4160	1262
1110	276
1309	3921
3837	887
3837	3136
4128	1080
3672	2711
577	4596
577	4544
2062	2070
2062	3519
2727	2679
2727	1712
2727	3879
2727	1286
2711	3101
2711	1712
2884	3101
1380	2477
1380	1512
729	3222
1764	3734
1764	251
1764	2191
1434	3571
1434	86
1434	3573
1434	2305
1434	3207
4140	1347
4140	3425
1539	386
1539	4544
102	3222
102	1323
102	1020
102	3703
102	2148
102	4042
102	1715
102	2070
102	510
102	2906
102	4177
102	3813
102	2989
102	3394
102	4354
102	58
102	3986
102	1604
102	3521
3222	1323
3222	1020
3222	3703
3222	2070
3222	510
3222	3447
3222	4103
3222	1227
3222	251
1323	1020
1323	3703
1323	2148
1323	2140
1323	206
1323	4540
1323	4436
1323	2918
1323	2989
1323	2730
1323	628
1323	1902
1323	2337
1020	3703
1020	2070
1020	2989
1020	3644
1020	2914
1020	3506
1020	2376
3703	206
4326	3984
4326	206
4326	3389
4326	880
4326	4441
4326	4377
22	15
4585	4382
606	2007
606	2574
606	1227
606	2989
606	1379
606	4666
606	2159
606	3437
606	791
606	3110
644	3212
3893	3236
3361	1753
3361	1771
1528	2294
1528	1369
2294	3756
2294	1290
2294	3773
2281	3773
2590	1567
2590	4571
2590	3413
773	4481
773	4187
773	3942
773	3677
773	550
773	3638
773	4332
773	1986
773	4234
413	2687
413	3174
413	3682
413	1502
413	1925
413	3553
2166	3951
2166	3784
2166	2651
2166	2159
541	869
541	1369
2694	3174
2694	4552
580	3174
580	1502
580	1796
3823	628
3823	885
3823	2189
3378	2937
3378	2005
969	2638
969	1800
969	586
969	979
969	1227
969	1095
969	2060
969	3734
969	573
969	576
969	615
969	634
969	670
969	1272
969	1376
969	1670
969	1773
969	1925
969	2220
969	2853
99	1170
1614	4392
1614	1058
1614	3503
1614	1337
3722	2208
3722	1125
4005	2208
4005	445
4005	2191
600	206
3841	1464
9	4500
9	3491
3323	4601
276	59
276	4540
276	4047
276	283
3101	2565
3101	2782
3101	2529
3101	3677
3101	2428
3101	2692
3101	4604
3101	4002
3101	1606
3101	2035
3101	2060
3101	374
3101	2966
3101	2687
3101	962
3101	2611
3101	3691
3101	265
3101	468
3101	476
3101	2316
3101	2083
3101	2337
3101	2421
3101	2505
3101	2556
3101	2599
3101	2844
3101	2912
3101	2954
3101	2970
3101	3071
3101	3073
3101	3565
3101	3947
3430	4012
3430	2208
3430	152
3430	374
4163	4012
4163	152
4163	598
4163	374
4163	3318
4163	3422
4163	3657
4012	321
4012	473
4012	152
4012	3773
4012	1739
4012	374
4012	3734
4012	1071
4012	2375
321	1173
321	152
321	1739
321	374
4291	2081
4291	3591
1751	4271
1751	2051
4633	216
3749	3660
3749	913
2565	3826
4652	3425
2208	1347
2208	4611
2208	927
2208	4466
2254	2529
2254	1369
2254	3221
3804	4450
2146	4352
2146	835
2146	3598
2146	979
2146	2937
2146	2632
2146	2226
2146	388
2889	2159
4450	1942
4450	1222
4207	696
4207	3465
4207	1586
4207	2651
4207	926
3756	2150
3756	3422
696	1567
696	1804
696	1957
696	2609
3141	3173
1942	861
4429	2842
4429	3425
4671	1948
3465	4448
3465	3653
4448	4674
3130	2306
1529	798
1529	4198
243	86
243	1943
911	2409
2724	1878
2724	4032
4359	3411
2617	2983
2190	560
2190	376
1557	2990
1557	3515
4382	2909
4382	3068
4166	4228
4166	3503
4166	3780
2612	900
2612	3832
2612	39
2612	877
2612	3390
2612	2580
2562	3174
3509	662
3509	3784
3509	1013
996	1898
1898	987
1898	3460
1898	3456
1898	3882
1898	2688
1898	1561
1898	2181
1898	2520
1898	1832
1898	247
1898	4193
3730	816
3730	974
3730	3364
3730	3224
4147	1269
4147	861
3364	113
3224	2159
2320	1914
987	962
987	4593
1934	104
1934	3937
1934	712
2371	1542
2782	1868
2782	3802
4304	4099
4304	3663
3818	2842
2767	86
2767	1943
3633	1785
1364	662
1364	3437
662	1349
662	1592
662	2223
3892	853
4629	1269
3030	4337
928	3236
2802	2989
3513	3164
1673	3242
1639	2156
4156	1749
4156	3916
2625	3163
2625	4335
1948	2159
1948	1699
1948	1878
3427	152
3427	1811
3427	2232
3427	3145
1556	1116
1556	2180
4465	3437
4465	861
4465	2841
3334	861
2007	1063
2007	3534
2007	2574
2007	1227
2007	2989
2007	2159
2007	3734
2007	3437
2007	3068
2007	3110
2779	852
2779	3444
2779	921
2779	2642
2779	734
852	2368
852	544
1531	281
4642	298
4639	1269
3618	3954
1965	4391
1965	199
1965	2051
3272	3456
3272	4549
3083	524
2148	3061
865	84
865	420
865	4023
865	227
865	1878
865	2223
865	1081
865	2503
2983	507
540	3163
540	1442
540	4500
540	598
703	4187
703	550
703	1227
703	3198
1080	2257
1080	4391
1080	3174
1080	1925
1628	3734
4481	3638
4481	1986
4481	2505
3126	3236
2529	3962
2529	844
2529	4231
2529	3784
2529	1369
2529	2940
2529	1533
2529	2223
4070	3951
4187	3638
4187	1308
4187	3236
4187	1986
4187	3212
2875	980
2875	4544
2875	1717
4636	504
4636	3236
4392	3677
4392	3638
4392	1308
4392	41
4392	1986
4392	4544
3942	1337
3942	3212
658	504
3677	1546
3677	1308
3677	1206
3677	4332
3677	4544
3677	4234
550	3638
550	4262
550	1785
550	504
550	3921
550	1337
550	1878
550	4544
550	3986
550	1270
3638	1546
3638	1308
3638	1206
3638	1107
3638	4177
3638	795
3638	1986
3638	4544
3638	4203
3638	4234
4262	504
4262	4632
2140	4584
2140	2909
2140	3895
2140	3011
2140	1878
4584	841
4584	1878
1063	3212
3414	1442
3785	3843
3785	3437
3785	861
1546	1986
1308	1206
1308	1271
1308	4544
1785	2719
14	584
14	4611
3962	844
3962	1749
3962	3784
3962	1369
3962	2940
3962	881
3962	4414
3962	2597
3962	2223
3962	3657
844	881
844	913
2610	1749
2610	1540
1290	3456
1290	2318
1290	115
1290	2159
141	2318
3456	1496
3456	1592
3456	4007
3456	1542
3456	3134
3456	3568
1749	2471
1749	1341
1749	3444
1749	4054
1749	1592
1749	3734
1749	3010
57	1341
57	3734
2318	3010
2318	1147
2471	1540
2471	3496
4653	152
4653	374
2661	1335
1491	1506
3293	3921
1800	807
1506	612
2430	1429
3297	4648
3297	2034
4648	2034
72	1811
1993	2060
2275	4110
2275	722
2275	1632
2275	3261
2275	1540
2275	551
2275	66
2275	1144
4110	722
4110	1632
4110	1144
722	1632
722	3174
722	1868
722	2848
722	551
722	1144
1632	1144
1341	1799
1341	900
1341	206
1341	3390
1341	1496
4231	2666
4231	10
4231	3073
1207	3308
1181	4155
1381	3278
64	346
452	3086
452	1868
452	2051
355	3068
2368	544
2368	3166
2992	1269
2992	4579
900	4347
900	39
900	3390
900	1496
900	652
316	3175
2167	711
2167	4000
2167	962
1566	4347
3815	4347
2150	1844
2150	4347
2150	717
2150	3018
4489	4347
1820	1567
1820	3734
2979	3780
2979	4321
814	3734
190	3734
1326	2842
2990	3515
2990	544
2990	859
2990	4112
2990	3192
2990	791
3515	3192
3515	791
2310	3236
2310	4134
2310	1939
2310	4082
2778	1567
3534	1868
3534	3682
3534	3517
2289	736
2465	3773
104	3086
104	1567
104	2045
925	3945
925	1761
1579	3945
1579	910
3945	980
3945	1867
3945	2231
3945	4087
3945	2706
2066	2236
1850	2236
1850	3542
1850	247
1850	921
1850	4320
2428	643
980	3491
910	1715
910	1617
2406	4312
4013	2424
3493	206
3493	2375
3832	39
3832	877
3832	3390
3832	2580
3832	887
473	59
473	1567
473	1169
2666	584
78	3236
725	3734
3667	3843
3667	3916
3667	3930
1844	4347
4347	3611
4347	1391
4347	3425
491	1925
964	4423
964	2226
1245	3136
1723	3984
1723	584
1723	1567
1723	3389
1723	880
1723	4377
124	4500
124	60
124	2375
124	2229
124	2817
3984	1680
3350	1753
4240	4193
4240	2384
1313	3444
1313	807
1203	206
482	3174
482	2844
482	3061
21	66
4271	661
612	199
3035	3734
3299	3951
3793	2600
3758	300
3895	2600
3895	1471
3895	1071
3895	4064
3895	2378
3895	921
377	300
31	300
300	94
300	1982
3635	3660
3635	1033
3635	3046
3635	3425
3635	3791
3635	3663
1617	825
1995	647
647	2124
647	4611
647	4436
647	4040
647	1787
647	3368
647	4562
647	15
647	3175
786	2005
786	887
786	1811
786	4562
786	1957
1065	1399
2886	2623
1753	1296
1753	1568
1753	3601
4605	1468
4605	4064
4605	3780
3940	3312
3940	504
3940	1468
115	555
3312	1468
3312	1915
3312	3184
3312	2421
3312	3152
2183	86
2139	3389
1222	1567
1222	3734
3571	1883
2424	859
2424	1712
2424	1379
2424	3978
2424	289
909	4500
1713	2989
1713	289
2574	3773
2574	1379
2574	4666
2574	2159
2574	3437
2574	3110
206	2070
206	1712
206	2989
206	4155
206	1379
206	4666
206	289
206	589
206	637
206	3229
2070	1227
2070	2989
2070	2159
135	3954
3954	3444
3954	2161
581	3734
3719	313
755	435
755	1013
755	204
755	3425
39	877
39	3390
39	2580
39	962
127	3784
127	787
127	584
127	4096
127	242
127	782
4100	4544
4189	2153
2835	1959
2835	3425
1107	1337
1107	1986
1107	1878
1107	4544
4482	1270
3023	4674
3023	1369
3023	887
504	1593
504	4632
504	1468
504	3046
504	3198
504	976
504	1270
504	1757
504	1780
504	3897
4432	4533
1883	3734
1883	2814
1883	3422
1511	4611
1511	3291
4674	4571
4674	2159
4674	3734
4674	2642
1439	3773
2202	1296
2202	1502
2202	2844
1994	2180
622	942
623	1269
623	4047
623	942
3315	3489
3315	1936
3315	2375
3489	1173
3489	1347
3489	1338
3489	3827
3489	652
3489	962
3489	2119
510	2899
510	798
1173	1338
1173	1455
1173	1220
1173	4225
1173	1058
1173	652
1173	1033
1173	1915
1173	962
1173	4413
1173	2226
1173	689
1349	736
1349	3816
1349	233
1349	1033
1349	2000
1349	887
1349	3201
2656	3236
1867	962
1347	2153
1347	4225
1347	1033
1347	4620
1347	314
1347	3641
1338	1915
1338	2226
3784	2919
3784	1033
3784	1567
3784	1369
3784	1183
3784	1013
3784	2378
3273	584
3273	59
3273	3827
1586	2609
787	1957
736	3086
584	2153
584	2124
584	643
584	1033
584	1690
584	1567
584	1403
584	2632
584	1183
2899	798
3668	161
3668	3744
882	979
882	4278
882	1183
1583	4225
3067	791
1519	3250
1519	2255
648	3724
4312	4562
3441	4407
3081	859
3081	2922
877	3390
877	2580
386	2365
4287	2159
2919	798
59	3827
59	3518
59	1267
3816	233
3816	1419
3816	1033
3816	2918
3816	444
3816	3511
233	3473
4131	10
4131	1925
4131	2411
833	2906
2595	4064
3660	4099
107	4656
1102	3734
3236	3646
3236	4611
3236	4031
3236	569
3236	4365
3236	2375
3236	4205
3236	426
3236	1711
3236	1907
3236	2283
3236	2888
3236	3211
3236	3278
3236	3791
3236	3857
3236	3910
3236	4198
3236	4264
3236	3268
3236	4349
3236	2968
3444	885
485	3518
1914	3518
4177	4544
797	1337
797	1604
539	885
539	646
3390	1496
3390	247
3390	2937
1496	1662
1496	3710
3519	2966
3519	734
3518	1730
3173	283
3173	699
152	3773
152	1739
152	1071
152	4354
152	3250
4540	4284
4540	4611
4540	283
4540	4544
4284	290
4284	4611
4148	2124
4148	2377
4148	290
4148	652
4148	113
2124	2377
2124	290
2124	1806
2124	1663
2377	290
2377	652
2377	1911
290	2679
290	4611
290	652
290	4121
290	1262
2679	2763
2679	4611
2679	4673
2679	4121
2763	4611
2763	4121
4611	4673
4611	1220
4611	4121
4611	1567
4611	2940
4611	2739
4611	288
4611	1078
4611	4278
4611	1401
4611	3058
4673	4121
3843	240
3843	598
3843	3538
3843	3916
3843	3437
4604	4250
1051	643
1051	3941
3526	3169
3231	2058
1419	1455
1419	1220
1419	4225
1419	1058
1419	1033
1419	2249
1419	113
1455	1220
1455	4225
1455	1058
1455	1033
1455	664
1455	3425
1220	1033
1220	1008
4225	1058
4225	1033
4225	113
4225	927
1058	1033
1058	3780
1058	3184
652	3773
652	374
652	3797
4121	1442
3148	643
3148	4544
3148	1258
3148	1516
3148	2008
3148	3100
643	2912
643	3100
1033	1567
1033	1269
1033	3503
1033	4047
1033	113
1033	1521
1033	3556
4436	15
711	4000
101	2220
4332	1270
4332	3212
4017	936
4017	1731
4017	1814
936	1731
936	4031
936	4672
936	1814
936	4087
936	3734
1731	4031
1731	1814
1731	4087
1731	3734
4031	1814
4031	3734
4632	1573
4250	2755
1442	3341
1442	3916
1442	4248
1561	66
1561	1502
902	608
4040	1540
4040	1811
4040	15
1787	15
2306	835
943	3734
835	979
4500	718
4500	1878
240	3916
598	3538
598	3916
598	885
2733	2687
2733	3174
2733	4552
1597	3734
3011	859
3011	113
4533	2687
4533	2533
4533	949
4533	2045
1240	1337
1240	435
3538	3916
3538	3026
4488	3086
661	4343
661	399
661	1604
661	1612
661	1890
661	4261
661	4264
2020	3475
2020	507
1000	3644
4276	3662
3501	298
1468	1367
2682	199
2859	199
2719	1759
2999	3346
2257	3174
3871	2844
853	4498
1109	3086
1109	4086
3813	3086
3813	1567
3813	859
3813	298
3813	399
3086	1567
3086	2171
3086	2895
3086	4086
4665	2192
4665	859
4665	2895
4665	3629
2192	859
2192	2895
1567	2171
1567	1540
1567	4047
1567	887
1567	2632
1567	317
1567	3727
3225	1712
3225	3642
1366	1612
1366	3794
1403	3389
1403	3734
1403	4193
3105	2730
859	578
859	1286
2895	3629
1540	825
3389	2955
3389	60
3389	4383
3389	2632
3389	2375
3389	1078
3389	4278
3389	4205
3389	2609
3215	2989
3215	3437
2955	60
2955	4383
60	4383
4383	283
1826	4331
1269	675
1269	283
1269	10
1269	58
1269	4499
1269	4544
1269	1671
1269	222
1269	301
1269	362
1269	808
1269	926
1269	1137
1269	1267
1269	1429
1269	1892
1269	2798
1269	4214
1269	4268
1269	4318
1269	4322
1269	4476
1269	4496
2035	378
2035	4427
2035	58
2035	2580
420	227
420	2585
4036	3995
4036	998
4647	3437
2668	3734
2668	3309
2668	185
2668	436
2668	525
2668	2189
2668	2307
2668	3965
4054	1333
378	4427
378	58
2918	3734
128	347
128	689
2188	3839
718	1957
2934	979
2934	2226
247	3734
247	628
247	3198
247	1194
247	2552
247	3547
3916	2159
3916	3734
3916	3359
3916	2081
3916	2623
3916	885
3773	374
3773	3611
3773	1878
3773	1687
3773	1748
3445	3175
569	3868
569	1811
569	3068
3598	3425
3615	3636
3615	3663
1044	589
1814	4087
1814	3734
979	3309
979	4278
979	1183
979	398
979	828
979	2382
979	3826
3503	2008
86	861
86	1542
86	3145
86	2922
86	4510
86	1943
3779	1943
578	3425
2651	3734
2651	2340
2225	507
351	3425
1227	1712
1227	2989
1227	1379
1227	4666
1227	289
1227	3110
1227	3732
1369	881
1369	2597
1369	2223
1369	1759
2940	2888
1712	2989
1712	1379
1712	3437
1712	3110
2989	4155
2989	1379
2989	4666
2989	2842
2989	2081
2989	3437
2989	1890
2989	3411
2989	4542
4155	4666
4155	3013
2901	4082
2901	17
2901	357
4571	4047
4571	1371
3291	3680
1379	2159
1379	3437
1379	3110
4666	4603
4666	3734
4666	435
4666	3437
4666	3990
28	1089
784	4248
784	3734
3868	407
4248	407
407	1915
407	4335
2894	1752
4324	2521
3846	3845
2159	41
2159	3734
2159	3437
2159	4335
2159	3184
2159	537
2159	1821
2159	3110
2159	3351
4603	2642
1057	1612
1057	2528
3419	3845
3419	3590
3845	3734
3845	3590
1936	3425
2842	3166
2842	667
2842	2223
881	2772
881	3734
881	2223
4414	2597
4414	388
4414	699
2924	3930
41	435
41	2910
1327	460
2060	927
2060	2888
2060	2977
2060	4640
3602	371
3602	2055
3357	4498
3978	3657
4427	3471
4427	58
4427	2580
1298	3915
3743	3422
4455	1542
4023	227
4023	2916
1337	3734
1337	1986
1337	283
1337	1270
227	2916
227	374
227	3508
227	3250
1739	374
1739	4354
1739	3611
374	1071
374	4354
374	3611
374	3250
2937	3734
2966	418
2966	2912
2687	949
2687	1868
2687	551
2687	2051
2687	2844
2687	313
2687	4527
3734	3437
3734	2249
3734	1811
3734	1771
3734	1950
3734	1078
3734	717
3734	1371
3734	804
3734	1674
3734	2421
3734	2434
3734	2467
3734	2482
3734	2585
3734	2888
3734	3037
3734	3134
3734	3152
3734	3511
3734	3627
3734	4388
3734	4597
3734	3547
2814	524
2814	2585
4596	4507
4596	4480
4596	3425
4596	4234
1986	4544
1986	3068
1071	4354
4354	3611
3611	3132
3611	3164
3235	682
3235	970
3235	1361
3235	1670
3235	3278
4064	388
4064	2307
4064	2449
4064	3229
3166	435
3166	807
3166	4099
2507	4193
2507	1746
2533	1868
2533	551
2533	1542
2533	1144
2533	507
2533	1925
2533	2051
2533	313
4193	807
4193	887
4193	1957
435	807
435	1183
435	4411
435	2758
435	521
435	552
435	2865
435	3657
807	667
4047	3425
4047	3826
792	2883
3437	3110
3437	2642
418	2226
418	4370
108	981
3384	4278
3384	1671
3384	1183
3384	3527
2237	1796
3780	637
3780	825
3642	1871
861	283
861	4251
861	4082
283	583
283	3184
949	3174
949	1868
949	2848
949	1144
949	2051
949	3915
949	4527
3174	1868
3174	2848
3174	4643
3174	551
3174	1542
3174	1144
3174	1925
3174	2045
3174	2051
3174	2844
3174	2877
3174	3061
3174	313
3174	4527
10	2255
58	2580
58	2226
823	1144
3258	3318
3258	1878
841	3318
841	1878
3318	1878
3318	4331
3318	3512
1878	4331
1878	3512
887	2395
887	4205
887	2642
962	2223
962	4099
962	921
962	1612
962	1680
962	4451
1663	3662
4499	2848
4499	1144
4499	4527
1771	3680
2223	3239
2223	4524
2375	113
2375	2356
2375	2642
4544	1489
4544	4234
2380	3691
2380	3491
2380	2321
4251	712
4562	4086
1089	1535
1089	2758
1089	3358
1868	4337
1868	1502
1868	1971
1868	3569
1868	4552
4178	2611
2751	4656
3691	3491
3691	3682
3691	2045
3491	2468
2491	4459
298	3755
15	3547
2395	2858
2395	3663
2848	1144
2848	17
2848	1502
2848	2051
4643	403
4643	1502
4643	2051
4643	3109
4235	66
1078	2378
1078	3425
384	3074
551	239
551	4387
551	1117
551	2045
551	2051
551	4552
551	4527
1286	2609
1286	4496
2226	689
2226	3854
2226	4370
2226	3826
3573	2378
3573	118
3573	813
3573	2517
3573	3828
1804	2378
689	767
170	2585
66	1971
66	2823
66	3278
66	3553
3046	1270
3198	1270
976	1270
1270	1757
1270	1516
1270	2373
1270	2609
1147	1524
1147	3657
3634	1542
3634	162
4112	3192
913	782
1704	2421
3175	460
3175	968
3175	1148
3175	2604
1980	1671
1980	4337
4278	1671
4278	1183
1671	1183
1183	3425
2858	2021
242	3060
4134	4082
4099	1839
4099	3794
4099	4658
4099	3663
1939	4082
3192	791
2758	2011
880	3058
1542	4552
4296	1937
1144	3915
4205	4204
1371	3990
2942	299
1013	213
2378	3061
42	558
1852	3662
3250	342
921	388
921	3229
921	3662
70	1707
148	4092
158	2327
207	1420
279	398
317	507
360	2776
371	3278
388	2189
388	3627
448	4478
455	3669
460	4327
461	3176
468	507
480	3401
507	4575
507	3527
537	1925
548	1956
548	2051
558	1668
558	1937
565	1274
608	3134
608	4552
613	691
618	2604
693	1262
726	4638
762	3201
804	4394
825	1957
825	3425
828	2161
829	2434
927	3995
931	1120
977	2189
978	4310
1011	1262
1017	2327
1047	1777
1117	313
1146	4527
1258	4459
1399	1925
1399	3155
1402	3147
1409	4301
1502	2051
1502	2877
1502	4527
1507	2373
1599	2817
1612	3794
1612	4394
1612	3821
1612	1621
1612	3663
1616	3496
1636	4157
1662	3134
1662	4552
1692	2339
1717	3652
1756	2921
1854	1943
1925	1956
1925	4552
1925	4527
1927	2770
1947	2131
1957	3425
1958	3061
2021	3794
2021	4510
2045	2051
2045	4552
2051	3553
2051	3915
2051	4552
2051	313
2051	4527
2058	3547
2059	3738
2073	3791
3794	4552
3794	3821
3794	1621
3794	3663
2189	3627
2229	2968
2456	3662
2505	1943
2686	3662
2781	3425
2790	2903
2790	3061
2799	3229
3556	3425
3425	3262
3425	3511
3425	4536
2844	4552
2863	3397
2922	1943
2970	3662
3037	3229
3061	3527
3100	3662
3134	4552
3239	4569
3239	4656
3277	3662
3590	3791
1205	4527
3680	3826
3915	4527
4552	4527
4510	1943
398	3699
2635	3699
2990	1970
703	137
2070	137
3389	2896
3780	2896
4148	358
652	358
2138	2655
4074	2655
4058	2655
3916	3399
1398	526
3607	526
3674	526
3427	526
2183	526
86	526
3779	526
1943	526
1601	1239
1753	1239
4073	1239
3573	2976
3710	2976
4611	91
3389	91
3737	3115
4034	3115
276	3115
1347	3115
59	3115
3389	3115
728	2718
206	2994
2159	2994
3780	2994
2335	1398
3129	1398
2277	1398
1385	1398
4212	1398
430	1398
443	1398
4170	1398
1948	1398
540	1398
4127	1398
3023	1398
3390	1398
3779	1398
1718	1398
3145	1398
3175	2897
206	3434
4193	3434
4612	4132
1158	4132
1580	4132
4450	4132
473	4132
510	4132
4571	4132
4596	4132
931	4132
3591	4132
4564	4132
4593	4132
343	1638
102	1638
4253	1638
715	1655
1314	1655
2651	1655
2988	1655
3780	1655
4165	898
4347	898
110	898
3674	2524
206	2524
4011	891
1753	891
4611	891
1878	891
3425	891
1412	471
2469	471
507	471
3208	728
4358	728
220	728
62	728
2646	728
865	728
4306	728
4131	728
4414	728
2597	728
3978	728
2086	728
435	728
26	728
2585	728
1380	1215
3412	1215
145	793
2023	793
3389	793
1269	1131
4079	1131
4087	1412
696	2958
3827	2958
3148	2958
3389	2958
1013	2958
2378	2958
4185	2174
1063	2174
3503	2174
4185	679
102	679
4392	679
1063	679
4674	679
3734	679
3437	679
4381	3628
488	3628
2533	3628
3174	3628
2051	3628
4552	3628
2420	4494
1613	4494
3502	4494
482	4494
4533	4494
1144	4494
2045	4494
2051	4494
313	4494
4527	4494
1269	364
1775	3757
2837	1478
3909	1478
3236	1407
2584	1841
2566	337
2913	337
250	337
1800	337
4231	337
1033	337
1789	294
813	294
2646	1581
4611	1581
2499	1172
911	1172
2409	1172
4359	1172
3940	1172
2001	1172
3875	354
1315	4664
3068	4664
817	2973
2952	2973
2584	2973
2071	2973
1441	2973
1355	2973
4011	2973
1692	2973
2952	817
2071	817
1441	817
2584	2952
2071	2952
3312	2952
3724	2952
4472	404
1540	404
962	404
343	2860
3461	343
4433	343
824	343
4568	343
3208	343
749	343
2527	343
3589	343
1223	343
173	343
2206	343
2208	343
2102	343
2919	343
1419	343
1220	343
1033	343
4096	343
2375	343
1957	343
2898	343
4433	3461
1732	3461
3101	3461
4193	3461
1399	3461
2397	4433
4523	2671
1909	2671
1618	2671
3992	2671
4540	2671
101	2671
3734	2671
1975	4523
3692	4523
4645	4523
3824	4523
458	4523
4392	4523
1341	4523
3023	4523
3921	4523
4544	4523
4173	4523
162	4523
179	1909
4335	406
175	406
1150	95
1326	2142
1070	3264
3425	3264
488	4675
4643	4675
2051	4675
206	287
706	287
3880	2575
356	2575
3427	2575
356	3880
2030	3880
3214	3880
718	3880
3427	356
3299	356
3236	356
3061	356
3621	356
3431	1940
1948	1940
429	499
3212	499
4313	3866
544	3866
2533	3866
2090	649
4611	649
739	649
1692	649
3734	3952
553	2341
3039	1260
3319	3377
3378	3377
885	3377
443	3319
3378	3319
3257	3319
885	3319
529	1018
2259	1018
1852	3607
921	3607
759	1022
4314	1022
2278	824
7	824
3477	824
1434	824
1058	824
4500	824
3425	824
4611	370
1269	370
4067	370
1712	1615
1385	2335
4212	2335
540	2335
726	2939
407	3372
3592	4679
2930	805
7	805
1231	805
1539	805
3677	805
1308	805
386	805
62	3431
3824	3431
458	3431
4070	3431
1347	3431
59	3431
4121	3431
2451	3431
2551	2362
2166	2362
3488	2362
870	2362
413	3599
3791	3599
2658	1732
744	2606
3101	2606
3272	607
3456	607
3644	2996
3695	4598
2124	4598
652	4598
828	4598
2081	4309
1600	4568
1745	4568
900	4568
1269	269
4411	269
1600	3208
749	3208
4607	3208
3365	3208
1745	3208
770	3208
2566	3208
1966	3208
3767	3208
246	3208
4663	3208
1279	3208
3728	3208
1309	3208
2254	3208
4207	3208
1898	3208
1948	3208
865	3208
1749	3208
2318	3208
900	3208
3660	3208
4414	3208
2772	3208
3357	3208
435	3208
962	3208
921	3208
388	3208
460	3208
521	3208
2604	3208
2865	3208
4443	3208
3900	1432
1607	1432
2945	1432
2551	1432
1338	1432
161	1432
2020	1432
3046	1432
460	1432
3292	1432
101	629
157	2407
2030	2407
157	4532
2536	4532
157	542
2536	542
157	3306
2536	3306
2578	3306
2536	157
4381	157
950	157
2578	157
4381	2536
950	2536
2578	2536
3236	2536
389	2536
3828	2536
1286	4381
3556	4381
2578	950
2420	2567
199	2567
507	2567
4107	140
4112	140
2935	1840
766	217
148	217
2438	217
3174	766
715	2106
206	2106
847	2287
1229	2287
4011	2287
81	2287
4170	2287
3427	2287
1044	2287
1689	2287
3145	2287
3992	1343
2138	2136
1314	2136
2208	2136
2159	2136
3734	2136
2395	2136
3663	2136
979	3195
3780	3195
1269	50
1562	1332
3638	1332
584	1332
4596	1332
811	2793
1791	2793
1043	2793
3504	2793
1091	2793
4120	2793
4304	2295
2767	4182
3236	4182
553	951
458	951
1309	951
504	951
718	1885
569	1885
2368	3900
2955	3900
1194	3900
2146	2315
3734	2315
3318	2315
3175	2315
1709	2315
3662	2315
3623	803
4554	803
775	803
3818	803
167	803
3798	803
1753	803
16	803
3236	803
3009	803
3734	1451
548	1451
1314	3770
360	145
1335	145
2482	145
4040	3623
2844	2837
3707	596
4363	596
3962	596
1369	596
2058	596
476	721
1328	3894
921	3894
3222	4384
1379	4574
3437	4574
3222	1348
206	1348
2070	1348
2989	1348
2159	1348
2030	4655
2569	4655
1601	4655
86	4655
317	4655
1943	4655
2281	4046
691	4046
2888	1596
1975	2930
847	2930
757	2930
1979	2930
863	2930
81	2930
1171	2930
3728	2930
577	2930
102	2930
2166	2930
4333	2930
4392	2930
3942	2930
3677	2930
1308	2930
1206	2930
1107	2930
3023	2930
2181	2930
2632	2930
4544	2930
118	2930
1367	2930
1516	2930
2365	2930
966	4088
504	4088
1314	1384
290	1384
430	2640
2199	2640
4394	2640
4618	422
2188	422
1270	422
3477	3129
2842	3129
3166	3129
4056	4254
3824	4254
4571	4254
1847	4254
4064	4254
1535	4254
2532	4254
185	3159
413	1684
2030	1336
2569	2030
4404	2030
1436	2030
1629	2030
1229	2030
2510	2030
3336	2030
3119	2030
1475	2030
2402	2030
4170	2030
1380	2030
2767	2030
1639	2030
3427	2030
2145	2030
4240	2030
647	2030
3312	2030
2424	2030
1486	2030
1606	2030
4436	2030
1561	2030
1832	2030
2306	2030
2955	2030
86	2030
4414	2030
4365	2030
712	2030
2981	2030
551	2030
2232	2030
1542	2030
566	2030
677	2030
762	2030
970	2030
1743	2030
1927	2030
2045	2030
2339	2030
2384	2030
2869	2030
2922	2030
2960	2030
3344	2030
3662	2030
4073	2030
4510	2030
2703	2030
323	3321
618	3321
672	3814
529	3814
1729	3814
2140	3814
4584	3814
3895	3814
1071	3814
2137	2569
1262	2569
672	2137
409	2137
329	2137
438	2137
4170	2137
318	2137
13	2137
241	2137
455	2137
1171	4404
173	4404
1764	4404
3519	4404
3734	4404
1080	4130
909	4130
2325	4130
969	1682
606	4457
4465	4457
3334	4457
2007	4457
1063	4457
3785	4457
1349	4457
2159	4457
3734	4457
3437	4457
1211	4457
969	2485
2254	2485
2638	2485
2471	4485
2159	4485
2504	261
2078	1344
1271	3374
1551	2221
1607	2221
2355	2221
3832	2221
786	2221
3023	2221
1567	2221
2955	2221
4193	2221
3384	2221
887	2221
601	2221
1270	2221
4205	2221
664	2221
1551	2282
1607	2282
786	2282
3023	2282
1349	2282
4193	2282
1270	2282
4205	2282
664	2282
3425	2282
578	653
3368	2360
3486	2023
4505	2023
1967	2023
1966	2023
3647	2023
1511	2023
1403	2023
718	2023
2989	2023
2223	2023
1980	2023
2609	2023
847	715
1168	715
3055	715
792	715
2883	715
1729	63
2074	63
2071	2584
1441	2584
1013	2584
4618	1551
1528	1551
2294	1551
2281	1551
4429	1551
814	1551
887	1551
4392	4085
1441	2071
4618	2071
1171	2071
4414	2071
1337	2071
388	2071
2277	3120
4504	3120
3668	3120
3444	3120
3882	3120
138	3120
2443	621
529	672
2566	672
4584	672
1071	672
4354	672
3611	672
2463	857
4504	857
4047	857
4011	529
2140	529
4584	529
3895	529
4500	529
1567	529
1071	529
4354	529
3611	529
3258	529
1878	529
4331	529
2378	529
2642	1009
2419	1370
4011	1370
2934	1370
979	1370
4289	1607
3427	1607
647	1607
887	1607
2632	1607
15	1607
3175	1607
162	1607
3068	1607
1957	1607
3547	1607
770	3345
2129	3345
541	3345
1369	3345
41	3345
3734	3345
3662	3345
99	2419
3297	2419
4648	2419
2034	2419
878	2419
770	553
668	553
1168	553
3140	553
99	553
2979	553
755	553
2596	553
4488	553
1567	553
4047	553
1734	553
601	553
2226	553
3184	553
500	553
3891	553
4035	553
4020	1562
34	1562
550	1562
652	1562
138	1562
1314	2962
2612	2962
900	2962
3832	2962
39	2962
877	2962
3390	2962
652	2962
2580	2962
613	2962
3779	1485
1792	1618
4170	1618
2138	1340
4074	1340
4058	1340
4269	1340
366	1340
3533	392
814	392
1347	392
1269	392
2194	918
250	918
3039	1224
3502	1224
3456	1224
4533	1224
3105	1224
949	1224
1144	1224
1925	1224
2051	1224
1971	3737
4608	193
2533	182
4266	2052
2420	2052
1887	2052
488	2052
969	2052
452	2052
2666	2052
2687	2052
2533	2052
949	2052
3174	2052
1868	2052
2138	1975
4090	1975
4034	1975
2700	1975
3767	1975
1314	1975
3692	1975
773	1975
4187	1975
3677	1975
3638	1975
4262	1975
1986	1975
4234	1975
2529	3486
1207	4289
3859	4505
3962	1191
3236	1191
41	1191
1270	1191
3101	749
2461	2390
4074	2138
4058	2138
4020	2138
4351	2138
1010	2138
3302	2138
3467	2138
81	2138
3692	2138
3824	2138
816	2138
2875	2138
4392	2138
3942	2138
3638	2138
1206	2138
900	2138
445	2138
3299	2138
3793	2138
1107	2138
3023	2138
3843	2138
3916	2138
2651	2138
1337	2138
1747	2138
1986	2138
4544	2138
2340	2138
1542	2138
4204	2138
1272	2138
4058	4074
4020	4074
1010	4074
3916	4074
1337	4074
1747	4074
239	4074
4257	4058
4020	4058
3467	4058
1434	4058
4392	4058
3843	4058
4500	4058
2637	4058
1877	4058
4618	275
663	275
3487	275
4090	275
1171	275
2934	275
66	275
4334	275
3695	4618
2779	4618
2226	4618
1959	4618
3867	4618
4414	663
430	2964
365	2964
2476	2964
318	2964
2070	2964
1379	2964
4603	2964
388	2964
2642	2964
4358	3487
2389	3487
2510	3487
4347	3487
979	3487
2226	3487
2389	37
2281	37
4231	37
2842	37
3641	37
4334	37
2716	3290
3619	3290
2947	3290
3816	3290
2632	3290
3627	3290
3498	2716
4645	2716
3622	1630
2895	1630
3126	4607
1579	4607
4674	4607
2895	4607
2223	4607
1980	4607
3473	4607
4277	4607
2416	3622
2895	3622
2223	3622
3184	3622
2438	3912
2515	1659
2456	1659
3690	3847
1365	732
867	4422
273	1605
66	2194
1907	2194
3638	1974
2527	4257
2074	2527
113	2527
3425	2527
2510	847
1609	847
2195	847
4269	847
1375	847
2646	847
696	847
3315	847
4500	847
3389	847
1269	847
247	847
4248	847
3780	847
2823	847
3710	847
3175	1977
2585	1977
2846	2463
4504	2463
3843	2463
2504	3873
2180	3873
2305	3873
3732	3873
1613	3690
7	3690
2026	3690
323	4107
3662	1809
979	3214
41	3214
283	3214
4163	3858
4012	3858
3635	3858
152	3858
374	3858
4336	2603
3895	3365
711	3365
3931	3769
936	3769
1731	3769
4031	3769
1814	3769
4087	3769
3734	3769
2268	3769
1068	523
1291	523
4392	523
4240	523
709	523
3315	523
1597	523
1369	523
2060	523
3930	523
2751	523
608	523
774	523
4054	4472
3509	3190
662	3190
736	3190
3793	3405
3816	3405
233	3405
2858	3405
442	4336
250	4336
969	4336
1800	4336
4090	4630
3489	4630
865	4460
3843	4460
598	4460
3916	4460
1709	2025
3758	3199
551	3199
4128	4020
4605	4020
652	4020
1939	4020
3734	1725
1269	1545
1434	4060
2585	1976
1804	4456
1484	1098
15	1098
2070	1881
1690	1881
2642	1881
2146	3781
3850	1483
3101	2474
3846	2474
3086	4056
455	4056
1729	2277
280	2277
1844	2277
3668	2277
3389	2277
3965	4078
1745	744
2566	744
1496	744
881	744
2772	744
2409	2263
3829	2258
2491	2258
4064	3829
2491	3829
292	1745
2772	1745
2223	1745
1524	1745
2321	1745
4564	1745
4646	4612
2190	4612
4646	1729
2190	1729
3895	1729
1033	1729
1567	1729
4354	1729
99	770
3533	4063
185	4063
547	4063
3055	2762
2206	2074
504	2074
4620	2074
2375	2074
605	2074
773	3093
1986	3093
387	3093
1380	4169
1579	4169
1871	4169
668	4024
884	4024
102	4024
3222	4024
1323	4024
1020	4024
3703	4024
239	4024
661	1362
3101	329
3175	2149
403	2149
102	668
3703	668
1799	668
3895	668
4611	668
1567	668
859	668
1269	668
3175	668
3425	668
550	2629
1567	2629
3302	4090
139	4090
3692	4090
3824	4090
99	4090
1170	4090
4481	4090
3942	4090
4332	4090
1540	4090
979	4090
1986	4090
4544	4090
2378	4090
162	4090
1279	2566
1181	2566
643	2566
1289	2566
4064	2566
1211	2566
1671	2566
381	2566
449	2566
670	2566
1187	2566
1272	2566
1303	2566
3734	4358
2005	4358
504	2975
3046	2975
1270	2975
4017	3931
936	3931
1731	3931
4031	3931
1814	3931
4087	3931
3734	3931
2646	1197
4667	1355
658	1355
3635	1355
483	1355
4177	1355
4604	1355
4500	1355
3734	1355
2189	1355
1761	3498
2206	4034
3677	4034
3638	4034
1546	4034
4544	4034
879	4034
1573	4034
4234	4034
4540	2734
4284	2734
4121	2734
128	2734
2947	1967
2159	1967
927	1967
102	1069
598	1275
2651	2343
3734	2343
3793	396
3012	396
962	4667
2938	938
413	938
4432	938
1907	938
2810	938
3573	2796
1173	3550
1058	3550
2226	3550
689	3550
1382	3789
3225	3789
1965	312
1369	2784
1385	4550
4212	4550
3843	4550
3916	4550
3734	4550
1385	1158
1382	2504
4293	2504
662	2504
4007	2504
2438	2504
3042	2504
1567	2726
3767	2700
4250	2700
1986	2700
2294	884
4064	884
3767	1168
14	1168
2183	1168
584	1168
3291	1168
3425	1168
3817	2044
3734	80
1258	80
841	3187
3477	49
1293	49
1341	49
2424	159
86	2423
3573	3220
3734	309
1304	1352
2469	4101
549	3228
2129	1436
541	1436
3403	1436
969	1230
3951	121
3779	121
3765	188
2632	4
3389	4351
2642	4351
2226	3840
996	757
1898	757
987	757
2688	757
1561	757
2181	757
4357	3767
4323	3767
3692	3767
4326	3767
4392	3767
3942	3767
550	3767
4042	3767
1723	3767
1107	3767
3023	3767
4332	3767
2981	3767
2378	3767
4234	3767
3816	4142
233	4142
2026	2420
488	2420
3502	2420
2148	2420
2687	2420
2533	2420
949	2420
3174	2420
1868	2420
551	2420
2051	2420
4552	2420
4386	1818
4398	1818
2089	1818
2653	1818
2541	1818
4398	4386
2089	4386
2653	4386
2089	4398
458	3015
4326	3015
1844	3015
504	3015
1228	3015
56	1613
7	1613
2026	1613
1887	1613
488	1613
3502	1613
722	1613
4488	1613
4665	1613
2192	1613
2687	1613
2533	1613
949	1613
3174	1613
551	1613
1502	1613
2051	1613
2810	2935
1400	2938
2120	2938
2428	2938
4446	2938
4527	2938
313	760
3687	2078
4012	2078
3083	2078
3023	2078
1496	2078
1169	2078
2179	2078
4170	669
4212	1385
1004	1385
3675	1385
3994	3065
2556	3065
794	1798
3826	1798
206	2397
3780	2397
1013	2397
1567	2951
3502	1469
7	56
2026	7
1293	7
580	7
4481	7
795	7
1144	7
2051	7
313	7
4527	7
1887	2026
488	2026
3174	2026
1868	2026
3502	1887
462	1887
482	1887
4533	1887
1868	1887
4643	1887
551	1887
66	1887
1144	1887
2051	1887
2844	1887
1205	1887
313	1887
4527	1887
1004	4212
3675	4212
3250	4212
931	4212
2011	4212
3949	3928
366	3928
569	3928
577	1010
3942	1010
504	1010
525	1010
2426	1010
3897	1010
3128	3055
1786	3055
4269	3055
3692	3055
1614	3055
445	3055
1107	3055
3023	3055
4332	3055
795	3055
26	3055
3278	3055
4005	3112
3465	4052
2070	246
2999	246
2159	246
4011	3529
4005	3529
2048	3529
458	673
3046	673
3382	3687
3477	3687
2909	3687
3173	3687
15	3687
768	3687
880	3687
102	2389
1033	2389
3734	2389
4193	2389
3573	2389
1155	2389
2410	3382
3236	3382
880	3382
646	3382
4497	2710
2140	4497
3734	4576
1269	4319
113	4319
3502	488
3934	488
1810	488
2014	488
2435	488
413	488
580	488
1080	488
1506	488
2733	488
4533	488
2257	488
949	488
3930	488
1868	488
2848	488
4643	488
551	488
1144	488
1925	488
2045	488
2051	488
313	488
4527	488
3638	3589
2368	3589
3067	3589
2159	3589
2395	3589
3046	3589
880	3589
110	3589
1796	3589
3058	3589
3212	3589
334	1400
3945	1400
1868	1400
2848	1400
4643	1400
1925	1400
2045	1400
313	1400
4527	1400
2703	1400
430	1229
877	1229
2060	1229
921	1229
3239	1229
2528	1229
2361	2163
3105	2163
4674	1140
81	3643
3378	3643
3916	3643
1138	2213
507	2213
2081	3360
4086	3360
1315	3695
863	3695
4269	3695
758	3695
2227	3695
3493	3695
3389	3695
962	3695
990	3695
3584	3695
1314	3302
2159	3302
478	2861
1089	2861
3384	3039
66	3039
1399	3039
2822	3039
1205	3039
1119	2741
478	2741
279	4313
1601	4316
3734	429
3009	429
1579	1016
1293	334
1220	334
4081	334
1080	1322
1269	1322
1220	116
3682	116
3315	4525
1231	34
550	34
1107	34
1737	34
3425	34
3061	34
3212	34
4133	3850
4539	430
3817	430
1326	430
4042	430
16	430
3291	430
3634	430
136	430
2648	430
661	1786
3236	3693
1863	1815
601	1815
4512	3949
4163	3949
4012	3949
321	3949
152	3949
652	3949
3773	3949
1739	3949
374	3949
1269	180
4170	2936
4011	740
1739	4512
374	4512
4354	4512
1502	2774
577	2010
1556	2010
703	2010
550	2010
3638	2010
3793	2010
1107	2010
4332	2010
2570	3502
2901	3502
1169	3502
2687	3502
2533	3502
3174	3502
4499	3502
2848	3502
4643	3502
551	3502
1612	3502
2045	3502
2051	3502
2844	3502
4552	3502
66	3934
2844	3934
1468	1382
2491	1382
2354	2251
3734	421
3787	421
4224	1223
886	1223
102	1223
1323	1223
584	1223
3827	1223
4611	1223
4017	1223
4193	1223
2642	1223
886	4224
2909	4224
3315	4224
1347	1422
859	1422
2918	1422
578	1422
4352	1150
865	1150
4354	1150
1878	1150
2055	1150
206	4125
1366	1315
3166	1315
4099	1315
1621	1315
66	2469
1556	3533
1943	3533
66	694
3442	442
718	442
1634	442
885	3707
3145	2210
1796	846
3236	2945
3580	1314
4646	1314
1428	1314
4291	1314
2302	1314
2612	1314
1546	1314
2979	1314
39	1314
3081	1314
877	1314
4276	1314
2719	1314
3215	1314
86	1314
3978	1314
2580	1314
13	1314
2018	1314
4203	1314
4234	1314
4347	3580
1571	1292
3734	1292
1902	1292
3734	443
1601	1235
3734	1235
435	1235
2491	1235
2294	1304
3813	1304
1567	1304
99	676
3953	1378
3734	1378
696	2085
4611	2085
3389	2085
1337	2085
4128	1119
3175	1119
3553	1119
4305	1219
47	1219
3619	1219
206	4646
16	4646
3784	4646
3291	4646
3425	4646
3174	2090
2848	2090
1907	2090
2178	2090
3662	2090
3023	4026
4011	2510
81	2510
2979	2510
3635	2510
979	2510
2226	2510
3389	438
1519	802
1496	802
1627	802
1371	4366
2189	4366
3627	4366
4160	4172
2498	4172
3519	4172
691	4172
1936	1428
4064	1428
921	1428
1789	3336
4019	3336
4500	1789
1821	1789
278	1601
390	1601
62	1601
4333	1601
2007	1601
2204	1601
4463	1601
4440	1601
2152	1601
1240	1601
1269	1601
86	1601
1337	1601
4279	1601
2378	1601
5	1601
1852	1601
921	1601
2156	1601
4277	1601
1943	1601
1850	3481
1943	3481
1043	2304
3504	2304
1267	1388
390	4323
99	4323
4663	3608
4544	3608
2146	278
1110	4165
2471	4165
647	4165
1753	4165
3023	4165
1982	4165
1262	4165
3222	549
4189	549
1299	549
2159	549
4488	1810
2533	1810
3174	1810
1925	1810
3097	1810
4248	4057
407	4057
3827	2551
3291	2551
4544	4184
3986	369
1269	1134
3734	1134
3734	1248
689	1248
81	462
3378	462
3101	462
2005	462
355	863
2120	863
2668	863
3734	863
2814	863
3258	863
3318	863
1269	4222
911	2499
2409	2499
2895	2499
2195	1609
247	1609
3547	1609
3703	2195
247	2195
3547	2195
3236	341
3033	3924
2661	3033
1169	3033
3665	3033
1171	4011
3619	4011
2354	4011
2146	4011
4284	4011
4225	4011
2306	4011
1567	4011
979	4011
2226	4011
2858	4011
2378	4011
1509	4011
4269	3367
4504	3477
1898	3477
1753	3477
623	3477
3166	3477
4047	3477
4671	4269
247	4269
2107	4269
662	273
206	273
1274	273
1171	390
4605	390
3951	390
1455	390
1220	390
4225	390
1058	390
1033	390
2947	2846
1749	2846
4047	2846
861	2846
3641	2846
2736	2846
3722	4044
3312	4044
127	4044
3734	4044
4450	220
3734	220
3236	478
661	478
2325	478
1753	4504
979	4504
3166	4504
4047	4504
3951	82
504	82
3916	82
3992	81
366	81
1644	81
4382	81
2779	81
3414	81
3793	81
3951	81
1107	81
4540	81
4673	81
4121	81
3710	81
1269	1456
3261	3833
507	3833
3174	2014
1502	3353
4064	994
3174	2432
2051	2432
3527	2432
3962	1171
206	1171
3148	1171
1033	1171
3556	1171
3734	1255
998	2950
4429	3619
14	3619
1567	3619
3425	3619
1279	2913
540	2913
1627	2913
540	1279
2653	2089
3456	2314
3235	2314
206	139
4611	139
3780	139
2888	139
1110	3161
623	2108
1337	2108
3734	2108
3212	2108
887	2355
969	250
2547	250
1269	250
1868	3453
2166	3992
4481	3992
161	3992
976	3992
3207	3992
4671	3674
3635	3674
720	3674
935	3674
1289	3674
86	3674
2375	3674
3456	3958
2146	3728
3677	3728
3734	3728
4544	3728
2533	966
3542	173
3173	173
2651	173
699	173
3668	280
3444	280
1293	2129
541	2129
869	2129
1369	2129
3582	2129
74	2757
1606	2847
4611	4580
3465	4151
3734	4151
2733	232
4382	366
540	366
3414	366
4611	366
3163	366
2750	366
1442	366
3916	366
3109	2476
2124	631
2238	2738
2779	1644
1749	4415
1337	4415
775	1293
1749	1293
57	1293
859	1293
578	1293
283	1293
2632	1293
3250	1293
3828	1293
3740	454
1489	454
1699	3393
3174	3775
2848	3775
1380	2206
3519	2206
4645	2947
3895	2947
2632	2947
4392	62
2159	62
4414	4439
2486	2697
2885	2697
969	568
2720	1138
1269	1099
1824	1231
458	3692
504	3692
3813	3692
2375	3692
3986	3692
1270	3692
3212	3692
4170	4645
1341	4645
86	4645
1446	4645
4178	2402
458	3824
4611	3824
2189	3824
3212	3824
1309	458
1614	458
4636	458
658	458
550	458
504	458
4632	458
1081	458
3198	458
976	458
1270	458
206	758
1636	2653
3174	2570
1868	2570
551	2570
1144	2570
3675	2570
3568	2570
4527	2570
1749	2646
3734	2646
962	2646
4278	2646
2062	4170
1764	4170
1434	4170
3427	4170
1455	4170
86	4170
3779	4170
4082	4170
3145	4170
2045	4170
4510	4170
1943	4170
3011	775
2081	4160
1262	4160
276	1110
3921	1309
887	3837
3136	3837
1080	4128
2711	3672
4596	577
4544	577
2070	2062
3519	2062
2679	2727
1712	2727
3879	2727
1286	2727
3101	2711
1712	2711
3101	2884
2477	1380
1512	1380
3222	729
3734	1764
251	1764
2191	1764
3571	1434
86	1434
3573	1434
2305	1434
3207	1434
1347	4140
3425	4140
386	1539
4544	1539
3222	102
1323	102
1020	102
3703	102
2148	102
4042	102
1715	102
2070	102
510	102
2906	102
4177	102
3813	102
2989	102
3394	102
4354	102
58	102
3986	102
1604	102
3521	102
1323	3222
1020	3222
3703	3222
2070	3222
510	3222
3447	3222
4103	3222
1227	3222
251	3222
1020	1323
3703	1323
2148	1323
2140	1323
206	1323
4540	1323
4436	1323
2918	1323
2989	1323
2730	1323
628	1323
1902	1323
2337	1323
3703	1020
2070	1020
2989	1020
3644	1020
2914	1020
3506	1020
2376	1020
206	3703
3984	4326
206	4326
3389	4326
880	4326
4441	4326
4377	4326
15	22
4382	4585
2007	606
2574	606
1227	606
2989	606
1379	606
4666	606
2159	606
3437	606
791	606
3110	606
3212	644
3236	3893
1753	3361
1771	3361
2294	1528
1369	1528
3756	2294
1290	2294
3773	2294
3773	2281
1567	2590
4571	2590
3413	2590
4481	773
4187	773
3942	773
3677	773
550	773
3638	773
4332	773
1986	773
4234	773
2687	413
3174	413
3682	413
1502	413
1925	413
3553	413
3951	2166
3784	2166
2651	2166
2159	2166
869	541
1369	541
3174	2694
4552	2694
3174	580
1502	580
1796	580
628	3823
885	3823
2189	3823
2937	3378
2005	3378
2638	969
1800	969
586	969
979	969
1227	969
1095	969
2060	969
3734	969
573	969
576	969
615	969
634	969
670	969
1272	969
1376	969
1670	969
1773	969
1925	969
2220	969
2853	969
1170	99
4392	1614
1058	1614
3503	1614
1337	1614
2208	3722
1125	3722
2208	4005
445	4005
2191	4005
206	600
1464	3841
4500	9
3491	9
4601	3323
59	276
4540	276
4047	276
283	276
2565	3101
2782	3101
2529	3101
3677	3101
2428	3101
2692	3101
4604	3101
4002	3101
1606	3101
2035	3101
2060	3101
374	3101
2966	3101
2687	3101
962	3101
2611	3101
3691	3101
265	3101
468	3101
476	3101
2316	3101
2083	3101
2337	3101
2421	3101
2505	3101
2556	3101
2599	3101
2844	3101
2912	3101
2954	3101
2970	3101
3071	3101
3073	3101
3565	3101
3947	3101
4012	3430
2208	3430
152	3430
374	3430
4012	4163
152	4163
598	4163
374	4163
3318	4163
3422	4163
3657	4163
321	4012
473	4012
152	4012
3773	4012
1739	4012
374	4012
3734	4012
1071	4012
2375	4012
1173	321
152	321
1739	321
374	321
2081	4291
3591	4291
4271	1751
2051	1751
216	4633
3660	3749
913	3749
3826	2565
3425	4652
1347	2208
4611	2208
927	2208
4466	2208
2529	2254
1369	2254
3221	2254
4450	3804
4352	2146
835	2146
3598	2146
979	2146
2937	2146
2632	2146
2226	2146
388	2146
2159	2889
1942	4450
1222	4450
696	4207
3465	4207
1586	4207
2651	4207
926	4207
2150	3756
3422	3756
1567	696
1804	696
1957	696
2609	696
3173	3141
861	1942
2842	4429
3425	4429
1948	4671
4448	3465
3653	3465
4674	4448
2306	3130
798	1529
4198	1529
86	243
1943	243
2409	911
1878	2724
4032	2724
3411	4359
2983	2617
560	2190
376	2190
2990	1557
3515	1557
2909	4382
3068	4382
4228	4166
3503	4166
3780	4166
900	2612
3832	2612
39	2612
877	2612
3390	2612
2580	2612
3174	2562
662	3509
3784	3509
1013	3509
1898	996
987	1898
3460	1898
3456	1898
3882	1898
2688	1898
1561	1898
2181	1898
2520	1898
1832	1898
247	1898
4193	1898
816	3730
974	3730
3364	3730
3224	3730
1269	4147
861	4147
113	3364
2159	3224
1914	2320
962	987
4593	987
104	1934
3937	1934
712	1934
1542	2371
1868	2782
3802	2782
4099	4304
3663	4304
2842	3818
86	2767
1943	2767
1785	3633
662	1364
3437	1364
1349	662
1592	662
2223	662
853	3892
1269	4629
4337	3030
3236	928
2989	2802
3164	3513
3242	1673
2156	1639
1749	4156
3916	4156
3163	2625
4335	2625
2159	1948
1699	1948
1878	1948
152	3427
1811	3427
2232	3427
3145	3427
1116	1556
2180	1556
3437	4465
861	4465
2841	4465
861	3334
1063	2007
3534	2007
2574	2007
1227	2007
2989	2007
2159	2007
3734	2007
3437	2007
3068	2007
3110	2007
852	2779
3444	2779
921	2779
2642	2779
734	2779
2368	852
544	852
281	1531
298	4642
1269	4639
3954	3618
4391	1965
199	1965
2051	1965
3456	3272
4549	3272
524	3083
3061	2148
84	865
420	865
4023	865
227	865
1878	865
2223	865
1081	865
2503	865
507	2983
3163	540
1442	540
4500	540
598	540
4187	703
550	703
1227	703
3198	703
2257	1080
4391	1080
3174	1080
1925	1080
3734	1628
3638	4481
1986	4481
2505	4481
3236	3126
3962	2529
844	2529
4231	2529
3784	2529
1369	2529
2940	2529
1533	2529
2223	2529
3951	4070
3638	4187
1308	4187
3236	4187
1986	4187
3212	4187
980	2875
4544	2875
1717	2875
504	4636
3236	4636
3677	4392
3638	4392
1308	4392
41	4392
1986	4392
4544	4392
1337	3942
3212	3942
504	658
1546	3677
1308	3677
1206	3677
4332	3677
4544	3677
4234	3677
3638	550
4262	550
1785	550
504	550
3921	550
1337	550
1878	550
4544	550
3986	550
1270	550
1546	3638
1308	3638
1206	3638
1107	3638
4177	3638
795	3638
1986	3638
4544	3638
4203	3638
4234	3638
504	4262
4632	4262
4584	2140
2909	2140
3895	2140
3011	2140
1878	2140
841	4584
1878	4584
3212	1063
1442	3414
3843	3785
3437	3785
861	3785
1986	1546
1206	1308
1271	1308
4544	1308
2719	1785
584	14
4611	14
844	3962
1749	3962
3784	3962
1369	3962
2940	3962
881	3962
4414	3962
2597	3962
2223	3962
3657	3962
881	844
913	844
1749	2610
1540	2610
3456	1290
2318	1290
115	1290
2159	1290
2318	141
1496	3456
1592	3456
4007	3456
1542	3456
3134	3456
3568	3456
2471	1749
1341	1749
3444	1749
4054	1749
1592	1749
3734	1749
3010	1749
1341	57
3734	57
3010	2318
1147	2318
1540	2471
3496	2471
152	4653
374	4653
1335	2661
1506	1491
3921	3293
807	1800
612	1506
1429	2430
4648	3297
2034	3297
2034	4648
1811	72
2060	1993
4110	2275
722	2275
1632	2275
3261	2275
1540	2275
551	2275
66	2275
1144	2275
722	4110
1632	4110
1144	4110
1632	722
3174	722
1868	722
2848	722
551	722
1144	722
1144	1632
1799	1341
900	1341
206	1341
3390	1341
1496	1341
2666	4231
10	4231
3073	4231
3308	1207
4155	1181
3278	1381
346	64
3086	452
1868	452
2051	452
3068	355
544	2368
3166	2368
1269	2992
4579	2992
4347	900
39	900
3390	900
1496	900
652	900
3175	316
711	2167
4000	2167
962	2167
4347	1566
4347	3815
1844	2150
4347	2150
717	2150
3018	2150
4347	4489
1567	1820
3734	1820
3780	2979
4321	2979
3734	814
3734	190
2842	1326
3515	2990
544	2990
859	2990
4112	2990
3192	2990
791	2990
3192	3515
791	3515
3236	2310
4134	2310
1939	2310
4082	2310
1567	2778
1868	3534
3682	3534
3517	3534
736	2289
3773	2465
3086	104
1567	104
2045	104
3945	925
1761	925
3945	1579
910	1579
980	3945
1867	3945
2231	3945
4087	3945
2706	3945
2236	2066
2236	1850
3542	1850
247	1850
921	1850
4320	1850
643	2428
3491	980
1715	910
1617	910
4312	2406
2424	4013
206	3493
2375	3493
39	3832
877	3832
3390	3832
2580	3832
887	3832
59	473
1567	473
1169	473
584	2666
3236	78
3734	725
3843	3667
3916	3667
3930	3667
4347	1844
3611	4347
1391	4347
3425	4347
1925	491
4423	964
2226	964
3136	1245
3984	1723
584	1723
1567	1723
3389	1723
880	1723
4377	1723
4500	124
60	124
2375	124
2229	124
2817	124
1680	3984
1753	3350
4193	4240
2384	4240
3444	1313
807	1313
206	1203
3174	482
2844	482
3061	482
66	21
661	4271
199	612
3734	3035
3951	3299
2600	3793
300	3758
2600	3895
1471	3895
1071	3895
4064	3895
2378	3895
921	3895
300	377
300	31
94	300
1982	300
3660	3635
1033	3635
3046	3635
3425	3635
3791	3635
3663	3635
825	1617
647	1995
2124	647
4611	647
4436	647
4040	647
1787	647
3368	647
4562	647
15	647
3175	647
2005	786
887	786
1811	786
4562	786
1957	786
1399	1065
2623	2886
1296	1753
1568	1753
3601	1753
1468	4605
4064	4605
3780	4605
3312	3940
504	3940
1468	3940
555	115
1468	3312
1915	3312
3184	3312
2421	3312
3152	3312
86	2183
3389	2139
1567	1222
3734	1222
1883	3571
859	2424
1712	2424
1379	2424
3978	2424
289	2424
4500	909
2989	1713
289	1713
3773	2574
1379	2574
4666	2574
2159	2574
3437	2574
3110	2574
2070	206
1712	206
2989	206
4155	206
1379	206
4666	206
289	206
589	206
637	206
3229	206
1227	2070
2989	2070
2159	2070
3954	135
3444	3954
2161	3954
3734	581
313	3719
435	755
1013	755
204	755
3425	755
877	39
3390	39
2580	39
962	39
3784	127
787	127
584	127
4096	127
242	127
782	127
4544	4100
2153	4189
1959	2835
3425	2835
1337	1107
1986	1107
1878	1107
4544	1107
1270	4482
4674	3023
1369	3023
887	3023
1593	504
4632	504
1468	504
3046	504
3198	504
976	504
1270	504
1757	504
1780	504
3897	504
4533	4432
3734	1883
2814	1883
3422	1883
4611	1511
3291	1511
4571	4674
2159	4674
3734	4674
2642	4674
3773	1439
1296	2202
1502	2202
2844	2202
2180	1994
942	622
1269	623
4047	623
942	623
3489	3315
1936	3315
2375	3315
1173	3489
1347	3489
1338	3489
3827	3489
652	3489
962	3489
2119	3489
2899	510
798	510
1338	1173
1455	1173
1220	1173
4225	1173
1058	1173
652	1173
1033	1173
1915	1173
962	1173
4413	1173
2226	1173
689	1173
736	1349
3816	1349
233	1349
1033	1349
2000	1349
887	1349
3201	1349
3236	2656
962	1867
2153	1347
4225	1347
1033	1347
4620	1347
314	1347
3641	1347
1915	1338
2226	1338
2919	3784
1033	3784
1567	3784
1369	3784
1183	3784
1013	3784
2378	3784
584	3273
59	3273
3827	3273
2609	1586
1957	787
3086	736
2153	584
2124	584
643	584
1033	584
1690	584
1567	584
1403	584
2632	584
1183	584
798	2899
161	3668
3744	3668
979	882
4278	882
1183	882
4225	1583
791	3067
3250	1519
2255	1519
3724	648
4562	4312
4407	3441
859	3081
2922	3081
3390	877
2580	877
2365	386
2159	4287
798	2919
3827	59
3518	59
1267	59
233	3816
1419	3816
1033	3816
2918	3816
444	3816
3511	3816
3473	233
10	4131
1925	4131
2411	4131
2906	833
4064	2595
4099	3660
4656	107
3734	1102
3646	3236
4611	3236
4031	3236
569	3236
4365	3236
2375	3236
4205	3236
426	3236
1711	3236
1907	3236
2283	3236
2888	3236
3211	3236
3278	3236
3791	3236
3857	3236
3910	3236
4198	3236
4264	3236
3268	3236
4349	3236
2968	3236
885	3444
3518	485
3518	1914
4544	4177
1337	797
1604	797
885	539
646	539
1496	3390
247	3390
2937	3390
1662	1496
3710	1496
2966	3519
734	3519
1730	3518
283	3173
699	3173
3773	152
1739	152
1071	152
4354	152
3250	152
4284	4540
4611	4540
283	4540
4544	4540
290	4284
4611	4284
2124	4148
2377	4148
290	4148
652	4148
113	4148
2377	2124
290	2124
1806	2124
1663	2124
290	2377
652	2377
1911	2377
2679	290
4611	290
652	290
4121	290
1262	290
2763	2679
4611	2679
4673	2679
4121	2679
4611	2763
4121	2763
4673	4611
1220	4611
4121	4611
1567	4611
2940	4611
2739	4611
288	4611
1078	4611
4278	4611
1401	4611
3058	4611
4121	4673
240	3843
598	3843
3538	3843
3916	3843
3437	3843
4250	4604
643	1051
3941	1051
3169	3526
2058	3231
1455	1419
1220	1419
4225	1419
1058	1419
1033	1419
2249	1419
113	1419
1220	1455
4225	1455
1058	1455
1033	1455
664	1455
3425	1455
1033	1220
1008	1220
1058	4225
1033	4225
113	4225
927	4225
1033	1058
3780	1058
3184	1058
3773	652
374	652
3797	652
1442	4121
643	3148
4544	3148
1258	3148
1516	3148
2008	3148
3100	3148
2912	643
3100	643
1567	1033
1269	1033
3503	1033
4047	1033
113	1033
1521	1033
3556	1033
15	4436
4000	711
2220	101
1270	4332
3212	4332
936	4017
1731	4017
1814	4017
1731	936
4031	936
4672	936
1814	936
4087	936
3734	936
4031	1731
1814	1731
4087	1731
3734	1731
1814	4031
3734	4031
1573	4632
2755	4250
3341	1442
3916	1442
4248	1442
66	1561
1502	1561
608	902
1540	4040
1811	4040
15	4040
15	1787
835	2306
3734	943
979	835
718	4500
1878	4500
3916	240
3538	598
3916	598
885	598
2687	2733
3174	2733
4552	2733
3734	1597
859	3011
113	3011
2687	4533
2533	4533
949	4533
2045	4533
1337	1240
435	1240
3916	3538
3026	3538
3086	4488
4343	661
399	661
1604	661
1612	661
1890	661
4261	661
4264	661
3475	2020
507	2020
3644	1000
3662	4276
298	3501
1367	1468
199	2682
199	2859
1759	2719
3346	2999
3174	2257
2844	3871
4498	853
3086	1109
4086	1109
3086	3813
1567	3813
859	3813
298	3813
399	3813
1567	3086
2171	3086
2895	3086
4086	3086
2192	4665
859	4665
2895	4665
3629	4665
859	2192
2895	2192
2171	1567
1540	1567
4047	1567
887	1567
2632	1567
317	1567
3727	1567
1712	3225
3642	3225
1612	1366
3794	1366
3389	1403
3734	1403
4193	1403
2730	3105
578	859
1286	859
3629	2895
825	1540
2955	3389
60	3389
4383	3389
2632	3389
2375	3389
1078	3389
4278	3389
4205	3389
2609	3389
2989	3215
3437	3215
60	2955
4383	2955
4383	60
283	4383
4331	1826
675	1269
283	1269
10	1269
58	1269
4499	1269
4544	1269
1671	1269
222	1269
301	1269
362	1269
808	1269
926	1269
1137	1269
1267	1269
1429	1269
1892	1269
2798	1269
4214	1269
4268	1269
4318	1269
4322	1269
4476	1269
4496	1269
378	2035
4427	2035
58	2035
2580	2035
227	420
2585	420
3995	4036
998	4036
3437	4647
3734	2668
3309	2668
185	2668
436	2668
525	2668
2189	2668
2307	2668
3965	2668
1333	4054
4427	378
58	378
3734	2918
347	128
689	128
3839	2188
1957	718
979	2934
2226	2934
3734	247
628	247
3198	247
1194	247
2552	247
3547	247
2159	3916
3734	3916
3359	3916
2081	3916
2623	3916
885	3916
374	3773
3611	3773
1878	3773
1687	3773
1748	3773
3175	3445
3868	569
1811	569
3068	569
3425	3598
3636	3615
3663	3615
589	1044
4087	1814
3734	1814
3309	979
4278	979
1183	979
398	979
828	979
2382	979
3826	979
2008	3503
861	86
1542	86
3145	86
2922	86
4510	86
1943	86
1943	3779
3425	578
3734	2651
2340	2651
507	2225
3425	351
1712	1227
2989	1227
1379	1227
4666	1227
289	1227
3110	1227
3732	1227
881	1369
2597	1369
2223	1369
1759	1369
2888	2940
2989	1712
1379	1712
3437	1712
3110	1712
4155	2989
1379	2989
4666	2989
2842	2989
2081	2989
3437	2989
1890	2989
3411	2989
4542	2989
4666	4155
3013	4155
4082	2901
17	2901
357	2901
4047	4571
1371	4571
3680	3291
2159	1379
3437	1379
3110	1379
4603	4666
3734	4666
435	4666
3437	4666
3990	4666
1089	28
4248	784
3734	784
407	3868
407	4248
1915	407
4335	407
1752	2894
2521	4324
3845	3846
41	2159
3734	2159
3437	2159
4335	2159
3184	2159
537	2159
1821	2159
3110	2159
3351	2159
2642	4603
1612	1057
2528	1057
3845	3419
3590	3419
3734	3845
3590	3845
3425	1936
3166	2842
667	2842
2223	2842
2772	881
3734	881
2223	881
2597	4414
388	4414
699	4414
3930	2924
435	41
2910	41
460	1327
927	2060
2888	2060
2977	2060
4640	2060
371	3602
2055	3602
4498	3357
3657	3978
3471	4427
58	4427
2580	4427
3915	1298
3422	3743
1542	4455
227	4023
2916	4023
3734	1337
1986	1337
283	1337
1270	1337
2916	227
374	227
3508	227
3250	227
374	1739
4354	1739
3611	1739
1071	374
4354	374
3611	374
3250	374
3734	2937
418	2966
2912	2966
949	2687
1868	2687
551	2687
2051	2687
2844	2687
313	2687
4527	2687
3437	3734
2249	3734
1811	3734
1771	3734
1950	3734
1078	3734
717	3734
1371	3734
804	3734
1674	3734
2421	3734
2434	3734
2467	3734
2482	3734
2585	3734
2888	3734
3037	3734
3134	3734
3152	3734
3511	3734
3627	3734
4388	3734
4597	3734
3547	3734
524	2814
2585	2814
4507	4596
4480	4596
3425	4596
4234	4596
4544	1986
3068	1986
4354	1071
3611	4354
3132	3611
3164	3611
682	3235
970	3235
1361	3235
1670	3235
3278	3235
388	4064
2307	4064
2449	4064
3229	4064
435	3166
807	3166
4099	3166
4193	2507
1746	2507
1868	2533
551	2533
1542	2533
1144	2533
507	2533
1925	2533
2051	2533
313	2533
807	4193
887	4193
1957	4193
807	435
1183	435
4411	435
2758	435
521	435
552	435
2865	435
3657	435
667	807
3425	4047
3826	4047
2883	792
3110	3437
2642	3437
2226	418
4370	418
981	108
4278	3384
1671	3384
1183	3384
3527	3384
1796	2237
637	3780
825	3780
1871	3642
283	861
4251	861
4082	861
583	283
3184	283
3174	949
1868	949
2848	949
1144	949
2051	949
3915	949
4527	949
1868	3174
2848	3174
4643	3174
551	3174
1542	3174
1144	3174
1925	3174
2045	3174
2051	3174
2844	3174
2877	3174
3061	3174
313	3174
4527	3174
2255	10
2580	58
2226	58
1144	823
3318	3258
1878	3258
3318	841
1878	841
1878	3318
4331	3318
3512	3318
4331	1878
3512	1878
2395	887
4205	887
2642	887
2223	962
4099	962
921	962
1612	962
1680	962
4451	962
3662	1663
2848	4499
1144	4499
4527	4499
3680	1771
3239	2223
4524	2223
113	2375
2356	2375
2642	2375
1489	4544
4234	4544
3691	2380
3491	2380
2321	2380
712	4251
4086	4562
1535	1089
2758	1089
3358	1089
4337	1868
1502	1868
1971	1868
3569	1868
4552	1868
2611	4178
4656	2751
3491	3691
3682	3691
2045	3691
2468	3491
4459	2491
3755	298
3547	15
2858	2395
3663	2395
1144	2848
17	2848
1502	2848
2051	2848
403	4643
1502	4643
2051	4643
3109	4643
66	4235
2378	1078
3425	1078
3074	384
239	551
4387	551
1117	551
2045	551
2051	551
4552	551
4527	551
2609	1286
4496	1286
689	2226
3854	2226
4370	2226
3826	2226
2378	3573
118	3573
813	3573
2517	3573
3828	3573
2378	1804
767	689
2585	170
1971	66
2823	66
3278	66
3553	66
1270	3046
1270	3198
1270	976
1757	1270
1516	1270
2373	1270
2609	1270
1524	1147
3657	1147
1542	3634
162	3634
3192	4112
782	913
2421	1704
460	3175
968	3175
1148	3175
2604	3175
1671	1980
4337	1980
1671	4278
1183	4278
1183	1671
3425	1183
2021	2858
3060	242
4082	4134
1839	4099
3794	4099
4658	4099
3663	4099
4082	1939
791	3192
2011	2758
3058	880
4552	1542
1937	4296
3915	1144
4204	4205
3990	1371
299	2942
213	1013
3061	2378
558	42
3662	1852
342	3250
388	921
3229	921
3662	921
1707	70
4092	148
2327	158
1420	207
398	279
507	317
2776	360
3278	371
2189	388
3627	388
4478	448
3669	455
4327	460
3176	461
507	468
3401	480
4575	507
3527	507
1925	537
1956	548
2051	548
1668	558
1937	558
1274	565
3134	608
4552	608
691	613
2604	618
1262	693
4638	726
3201	762
4394	804
1957	825
3425	825
2161	828
2434	829
3995	927
1120	931
2189	977
4310	978
1262	1011
2327	1017
1777	1047
313	1117
4527	1146
4459	1258
1925	1399
3155	1399
3147	1402
4301	1409
2051	1502
2877	1502
4527	1502
2373	1507
2817	1599
3794	1612
4394	1612
3821	1612
1621	1612
3663	1612
3496	1616
4157	1636
3134	1662
4552	1662
2339	1692
3652	1717
2921	1756
1943	1854
1956	1925
4552	1925
4527	1925
2770	1927
2131	1947
3425	1957
3061	1958
3794	2021
4510	2021
2051	2045
4552	2045
3553	2051
3915	2051
4552	2051
313	2051
4527	2051
3547	2058
3738	2059
3791	2073
4552	3794
3821	3794
1621	3794
3663	3794
3627	2189
2968	2229
3662	2456
1943	2505
3662	2686
3425	2781
2903	2790
3061	2790
3229	2799
3425	3556
3262	3425
3511	3425
4536	3425
4552	2844
3397	2863
1943	2922
3662	2970
3229	3037
3527	3061
3662	3100
4552	3134
4569	3239
4656	3239
3662	3277
3791	3590
4527	1205
3826	3680
4527	3915
4527	4552
1943	4510
