0	353
0	370
0	536
2	44
2	772
3	17
3	369
3	688
4	812
5	32
5	90
5	103
5	185
5	186
5	198
5	256
5	271
5	439
5	639
5	669
5	806
7	388
9	51
9	62
9	191
9	463
10	696
11	737
11	806
15	26
15	52
15	71
15	80
15	90
15	115
15	122
15	132
15	172
15	315
15	323
15	325
15	382
15	390
15	428
15	515
15	524
15	527
15	533
15	615
15	618
15	627
15	663
15	707
15	737
15	784
15	795
15	810
15	838
15	839
16	56
16	731
17	369
17	688
19	34
19	84
19	233
19	316
19	518
19	572
19	770
20	30
20	32
20	53
20	101
20	103
20	104
20	132
20	192
20	256
20	257
20	264
20	283
20	360
20	434
20	575
20	576
20	593
20	651
20	657
20	669
20	712
20	722
20	737
20	791
20	815
21	413
21	659
26	32
26	52
26	69
26	71
26	90
26	103
26	104
26	115
26	132
26	172
26	185
26	192
26	256
26	271
26	282
26	315
26	325
26	360
26	434
26	439
26	515
26	524
26	527
26	554
26	575
26	576
26	593
26	615
26	616
26	618
26	627
26	657
26	663
26	669
26	695
26	722
26	737
26	791
26	795
26	798
26	806
26	839
28	176
28	279
29	47
29	59
29	95
29	128
29	150
29	285
29	313
29	339
29	355
29	401
29	454
29	455
29	476
29	622
29	623
29	665
29	700
29	747
30	32
30	53
30	101
30	103
30	104
30	132
30	192
30	256
30	257
30	264
30	434
30	453
30	575
30	576
30	593
30	651
30	657
30	712
30	722
30	737
32	45
32	52
32	53
32	101
32	103
32	104
32	185
32	192
32	198
32	256
32	264
32	360
32	434
32	439
32	495
32	575
32	576
32	593
32	651
32	657
32	661
32	663
32	669
32	716
32	721
32	722
32	737
32	791
32	806
32	811
32	815
34	84
34	233
34	302
34	316
34	504
34	518
34	631
34	748
34	770
35	498
35	685
35	842
36	504
36	831
38	346
38	350
38	377
38	626
38	629
39	192
39	256
39	554
40	691
40	719
40	757
41	103
42	78
42	82
42	139
42	166
42	171
42	182
42	190
42	422
42	477
42	497
42	582
42	604
42	644
42	683
42	745
45	90
45	198
45	271
45	499
45	593
45	627
45	642
45	649
45	713
45	766
45	784
45	798
45	806
45	815
46	814
47	59
47	128
47	150
47	219
47	285
47	313
47	339
47	355
47	401
47	454
47	455
47	476
47	622
47	623
47	665
47	700
47	747
47	753
48	116
48	129
48	144
48	270
48	301
48	307
48	393
48	417
48	486
48	681
48	739
48	755
48	756
48	774
48	775
48	797
48	820
48	835
50	546
50	763
50	793
51	463
52	69
52	90
52	104
52	115
52	132
52	185
52	192
52	264
52	311
52	315
52	338
52	439
52	524
52	527
52	538
52	554
52	575
52	593
52	616
52	651
52	657
52	663
52	669
52	712
52	722
52	737
52	753
52	788
52	791
52	798
53	101
53	103
53	104
53	185
53	192
53	256
53	257
53	264
53	283
53	360
53	434
53	575
53	576
53	593
53	651
53	657
53	669
53	722
55	561
56	731
57	254
57	258
57	286
57	407
57	558
57	614
57	755
57	769
59	128
59	150
59	285
59	313
59	339
59	355
59	401
59	454
59	455
59	476
59	622
59	623
59	665
59	700
59	747
60	85
60	366
60	368
60	679
60	749
60	783
62	191
62	463
63	275
63	387
65	805
67	200
69	90
69	104
69	268
69	282
69	329
69	439
69	521
69	628
69	737
69	798
70	213
70	279
70	499
70	642
70	649
71	90
71	115
71	122
71	325
71	382
71	521
71	524
71	527
71	618
71	627
71	663
71	695
71	810
71	839
72	123
72	451
73	209
74	258
74	306
74	407
74	558
74	601
74	605
74	614
77	109
77	372
77	678
77	729
78	82
78	139
78	166
78	171
78	190
78	422
78	477
78	497
78	548
78	582
78	604
78	644
78	668
78	683
78	745
80	90
80	115
80	132
80	172
80	315
80	323
80	382
80	390
80	423
80	428
80	515
80	524
80	527
80	533
80	615
80	618
80	653
80	663
80	795
80	810
80	838
80	839
82	139
82	166
82	171
82	182
82	190
82	422
82	477
82	497
82	548
82	582
82	604
82	644
82	683
82	745
84	233
84	316
84	518
84	572
84	770
85	366
85	368
85	679
85	749
85	783
88	242
90	103
90	104
90	115
90	132
90	172
90	198
90	264
90	282
90	315
90	323
90	325
90	382
90	428
90	439
90	499
90	515
90	521
90	524
90	527
90	533
90	615
90	618
90	627
90	639
90	649
90	651
90	663
90	695
90	716
90	737
90	771
90	795
90	798
90	806
90	810
90	838
90	839
92	425
94	516
95	150
95	401
95	455
96	259
96	427
97	106
97	329
97	686
101	103
101	104
101	132
101	185
101	192
101	213
101	256
101	257
101	264
101	271
101	318
101	434
101	439
101	554
101	576
101	593
101	642
101	651
101	657
101	712
101	722
101	737
101	791
101	798
101	806
101	811
101	815
101	828
103	104
103	132
103	185
103	192
103	256
103	257
103	264
103	271
103	318
103	360
103	434
103	439
103	554
103	575
103	576
103	593
103	619
103	651
103	657
103	669
103	713
103	716
103	721
103	722
103	737
103	766
103	791
103	806
103	811
103	815
104	132
104	185
104	192
104	207
104	256
104	257
104	264
104	271
104	282
104	283
104	360
104	434
104	439
104	554
104	575
104	576
104	593
104	619
104	628
104	651
104	657
104	669
104	712
104	722
104	737
104	753
104	788
104	798
104	815
109	372
109	678
109	729
110	272
110	276
111	119
114	158
114	229
114	260
114	399
115	132
115	172
115	315
115	323
115	325
115	382
115	428
115	515
115	524
115	527
115	615
115	618
115	627
115	663
115	695
115	707
115	737
115	771
115	795
115	810
115	839
116	129
116	417
116	486
116	739
116	755
116	756
116	835
120	145
121	375
121	521
121	640
123	451
125	727
127	281
128	150
128	219
128	285
128	313
128	339
128	355
128	401
128	454
128	455
128	476
128	622
128	623
128	665
128	700
128	747
128	753
129	417
129	486
129	739
129	755
132	185
132	192
132	256
132	264
132	282
132	315
132	325
132	382
132	434
132	439
132	515
132	524
132	527
132	538
132	575
132	576
132	583
132	593
132	615
132	616
132	618
132	619
132	628
132	651
132	657
132	663
132	669
132	695
132	712
132	722
132	737
132	771
132	788
132	791
132	795
132	798
132	806
132	810
132	811
132	815
132	839
139	166
139	171
139	182
139	190
139	422
139	477
139	497
139	548
139	582
139	604
139	644
139	683
139	745
140	286
140	686
140	769
140	844
144	681
144	756
144	774
144	775
144	820
144	835
147	555
150	285
150	313
150	339
150	355
150	401
150	454
150	455
150	476
150	622
150	623
150	665
150	700
150	747
156	302
156	518
158	229
158	260
158	399
160	208
160	324
160	437
160	450
160	555
160	786
162	652
165	645
165	846
166	171
166	182
166	190
166	422
166	477
166	497
166	548
166	582
166	604
166	644
166	668
166	683
166	745
168	326
168	463
168	483
168	834
171	182
171	190
171	422
171	477
171	497
171	548
171	582
171	604
171	644
171	683
171	689
171	745
172	181
172	211
172	315
172	323
172	382
172	390
172	423
172	428
172	515
172	524
172	527
172	533
172	615
172	618
172	653
172	663
172	795
172	810
172	838
172	839
181	211
181	323
181	390
181	428
181	615
181	795
182	477
182	582
182	604
182	644
184	282
184	504
184	831
185	192
185	256
185	264
185	271
185	283
185	360
185	434
185	439
185	554
185	575
185	576
185	593
185	651
185	669
185	722
185	737
185	798
185	811
185	815
186	639
186	753
187	268
190	422
190	477
190	497
190	582
190	604
190	644
190	683
190	689
190	745
191	463
192	198
192	213
192	256
192	257
192	264
192	271
192	360
192	434
192	439
192	495
192	575
192	576
192	593
192	619
192	649
192	651
192	657
192	661
192	669
192	712
192	716
192	722
192	737
192	791
192	806
192	811
192	815
193	492
193	595
197	727
198	213
198	241
198	264
198	271
198	279
198	495
198	499
198	503
198	506
198	521
198	527
198	593
198	627
198	642
198	649
198	716
198	722
198	766
198	784
198	798
198	806
198	811
198	821
199	522
203	310
203	435
203	596
204	728
205	300
205	377
205	664
208	324
208	437
208	450
208	555
208	786
211	323
211	390
211	615
211	795
213	230
213	241
213	264
213	279
213	318
213	345
213	391
213	495
213	499
213	503
213	506
213	551
213	642
213	649
213	702
213	716
213	722
213	766
213	784
213	798
213	806
213	815
213	821
214	444
215	613
216	312
216	639
216	765
216	814
219	285
219	747
221	398
223	298
223	741
225	243
225	797
226	421
227	553
227	575
227	843
230	345
230	391
230	495
230	512
230	551
230	642
230	702
230	821
231	325
234	350
237	647
238	735
241	279
241	318
241	391
241	499
241	503
241	506
241	642
241	649
241	716
241	722
241	766
241	798
241	821
243	797
250	605
250	699
253	522
254	286
256	264
256	271
256	283
256	360
256	434
256	439
256	554
256	575
256	576
256	593
256	619
256	651
256	657
256	669
256	693
256	712
256	721
256	722
256	737
256	753
256	791
256	806
256	811
256	815
257	434
257	576
257	657
257	712
257	722
258	286
258	306
258	407
258	558
258	601
258	605
258	614
258	769
260	399
263	416
264	271
264	318
264	360
264	434
264	439
264	551
264	575
264	576
264	593
264	619
264	642
264	651
264	663
264	716
264	722
264	737
264	753
264	811
264	815
264	821
266	270
266	301
266	393
268	329
268	439
268	521
269	496
270	301
270	307
270	393
270	756
270	797
271	279
271	318
271	360
271	434
271	439
271	495
271	506
271	575
271	576
271	593
271	619
271	651
271	663
271	669
271	713
271	721
271	722
271	737
271	806
271	811
271	815
272	276
274	287
274	539
274	684
275	387
279	318
279	391
279	499
279	503
279	506
279	642
279	649
279	716
279	722
279	766
279	784
279	798
279	821
282	439
282	504
282	527
282	618
282	663
282	737
282	771
282	798
282	831
283	434
283	575
283	593
283	669
283	712
284	782
285	313
285	339
285	355
285	401
285	454
285	455
285	476
285	622
285	623
285	665
285	700
285	747
285	753
286	407
286	769
287	539
287	684
290	325
290	382
290	515
290	524
293	730
298	820
300	664
301	307
301	393
301	756
301	797
302	518
302	827
306	407
306	558
306	601
306	605
306	614
307	393
310	435
310	596
311	638
312	765
312	814
313	339
313	355
313	401
313	454
313	455
313	476
313	622
313	623
313	665
313	700
313	747
315	323
315	382
315	428
315	515
315	524
315	527
315	533
315	615
315	618
315	627
315	663
315	735
315	737
315	795
315	810
315	839
316	518
316	631
316	770
318	345
318	391
318	495
318	499
318	506
318	642
318	649
318	702
318	716
318	722
318	766
318	784
318	798
318	815
318	821
322	840
323	382
323	390
323	428
323	515
323	524
323	527
323	533
323	615
323	618
323	663
323	795
323	810
323	839
324	437
324	786
325	382
325	515
325	524
325	615
325	663
325	703
325	737
325	795
325	810
325	839
326	360
326	463
326	483
326	576
326	834
329	432
329	439
329	753
337	641
337	790
338	510
339	355
339	401
339	454
339	455
339	476
339	622
339	623
339	665
339	700
339	747
344	522
345	391
345	642
345	702
345	821
346	366
346	377
346	626
346	629
346	679
350	629
352	640
353	370
353	426
355	401
355	454
355	455
355	476
355	622
355	623
355	665
355	700
355	747
355	753
360	434
360	439
360	483
360	575
360	576
360	593
360	619
360	651
360	669
360	722
360	737
360	791
360	806
360	811
362	762
363	522
366	368
366	679
366	749
366	783
368	679
368	749
368	783
369	688
370	536
370	674
372	678
372	729
375	521
375	695
377	629
381	756
381	774
381	820
382	390
382	423
382	428
382	515
382	524
382	527
382	533
382	615
382	618
382	653
382	663
382	737
382	795
382	810
382	838
382	839
388	530
389	661
390	428
390	515
390	524
390	527
390	615
390	795
390	810
390	838
390	839
391	495
391	499
391	503
391	506
391	642
391	649
391	702
391	716
391	722
391	766
391	821
393	756
393	797
394	448
397	665
401	454
401	455
401	476
401	622
401	623
401	665
401	700
401	747
403	436
404	481
404	741
407	558
407	601
407	605
407	614
407	769
413	659
417	486
417	739
417	755
417	835
418	805
420	720
422	477
422	497
422	548
422	582
422	604
422	644
422	683
422	745
423	428
423	515
423	533
423	615
426	616
428	515
428	524
428	527
428	533
428	615
428	618
428	663
428	795
428	810
428	838
428	839
434	439
434	554
434	575
434	576
434	593
434	619
434	651
434	657
434	669
434	693
434	712
434	722
434	737
434	753
434	791
434	806
434	811
434	815
435	596
437	450
437	786
439	521
439	527
439	554
439	575
439	576
439	593
439	616
439	628
439	651
439	657
439	669
439	722
439	737
439	753
439	788
439	798
439	806
443	447
450	786
454	455
454	476
454	622
454	623
454	665
454	700
454	747
454	753
455	476
455	622
455	623
455	665
455	700
455	747
463	483
463	576
463	834
473	669
476	622
476	623
476	665
476	700
476	747
476	753
477	497
477	548
477	582
477	604
477	644
477	683
481	741
483	834
486	739
486	755
486	756
486	835
488	552
488	630
492	595
495	499
495	506
495	642
495	649
495	702
495	716
495	722
495	737
495	798
495	806
495	821
497	548
497	582
497	604
497	644
497	683
497	745
498	685
498	842
499	503
499	506
499	627
499	642
499	649
499	716
499	722
499	766
499	784
499	798
499	806
499	821
503	506
503	642
503	649
503	716
503	766
503	784
504	518
504	631
504	831
506	642
506	649
506	713
506	716
506	722
506	766
506	798
506	806
506	821
509	536
509	717
512	551
512	702
512	722
515	524
515	527
515	533
515	615
515	618
515	663
515	795
515	810
515	838
515	839
517	829
518	631
518	748
518	770
521	527
521	627
521	640
521	695
522	603
524	527
524	533
524	615
524	618
524	663
524	737
524	771
524	795
524	810
524	838
524	839
526	713
526	716
526	798
527	533
527	576
527	615
527	618
527	627
527	653
527	663
527	737
527	771
527	795
527	810
527	838
527	839
533	615
533	618
533	653
533	663
533	795
533	810
533	838
533	839
536	717
536	741
536	798
538	657
539	684
543	554
546	763
546	793
548	582
548	604
548	644
548	683
551	702
551	722
551	815
552	630
554	575
554	576
554	593
554	651
554	663
554	669
554	711
554	722
554	791
554	811
554	815
558	601
558	605
558	614
568	726
568	735
568	740
575	576
575	593
575	651
575	657
575	669
575	712
575	722
575	737
575	791
575	806
575	811
576	593
576	619
576	651
576	657
576	663
576	669
576	712
576	713
576	722
576	737
576	791
576	798
576	806
576	811
576	815
578	683
582	604
582	644
582	668
582	683
583	737
593	619
593	642
593	649
593	651
593	657
593	661
593	669
593	712
593	713
593	721
593	722
593	737
593	753
593	791
593	806
593	811
593	815
601	605
601	614
604	644
604	683
604	689
604	745
605	614
605	699
605	797
607	687
610	633
610	697
612	717
615	618
615	653
615	663
615	737
615	795
615	810
615	838
615	839
616	737
618	627
618	653
618	663
618	707
618	737
618	795
618	810
618	838
618	839
619	651
619	669
619	722
619	737
619	753
619	791
619	806
619	815
622	623
622	665
622	747
623	665
623	700
623	747
626	629
627	649
627	663
627	713
627	716
627	766
627	795
628	669
631	770
633	697
639	753
641	790
642	649
642	702
642	713
642	716
642	722
642	766
642	784
642	798
642	815
642	821
644	683
644	689
644	745
644	753
645	846
649	713
649	716
649	722
649	766
649	784
649	798
649	806
649	811
649	821
651	657
651	669
651	711
651	712
651	721
651	722
651	737
651	753
651	791
651	806
651	811
651	815
651	832
653	795
653	838
653	839
657	669
657	712
657	722
657	737
657	791
657	828
661	722
663	669
663	737
663	771
663	788
663	791
663	795
663	806
663	810
663	838
663	839
665	747
669	712
669	722
669	737
669	791
669	798
669	806
678	729
679	749
679	783
680	710
681	756
681	774
681	775
681	820
681	835
683	689
683	745
685	842
686	844
691	719
691	757
699	797
700	747
702	722
702	798
702	815
702	821
707	810
711	722
712	722
712	737
712	791
713	716
713	722
713	766
713	784
713	798
713	806
716	722
716	766
716	784
716	798
716	806
717	741
719	757
721	722
721	806
722	737
722	784
722	791
722	798
722	806
722	811
722	815
722	821
722	828
726	735
726	740
735	740
737	771
737	788
737	791
737	795
737	798
737	806
737	810
737	811
737	815
737	839
739	755
739	756
739	769
739	835
749	783
753	788
753	791
753	815
755	756
755	835
756	774
756	775
756	820
756	835
763	793
765	814
766	784
766	798
766	806
771	795
771	838
774	775
774	820
774	835
775	820
775	835
784	806
791	806
795	810
795	838
795	839
798	806
798	815
798	821
798	832
806	811
810	838
810	839
811	832
815	821
820	835
838	839
353	0
370	0
536	0
44	2
772	2
17	3
369	3
688	3
812	4
32	5
90	5
103	5
185	5
186	5
198	5
256	5
271	5
439	5
639	5
669	5
806	5
388	7
51	9
62	9
191	9
463	9
696	10
737	11
806	11
26	15
52	15
71	15
80	15
90	15
115	15
122	15
132	15
172	15
315	15
323	15
325	15
382	15
390	15
428	15
515	15
524	15
527	15
533	15
615	15
618	15
627	15
663	15
707	15
737	15
784	15
795	15
810	15
838	15
839	15
56	16
731	16
369	17
688	17
34	19
84	19
233	19
316	19
518	19
572	19
770	19
30	20
32	20
53	20
101	20
103	20
104	20
132	20
192	20
256	20
257	20
264	20
283	20
360	20
434	20
575	20
576	20
593	20
651	20
657	20
669	20
712	20
722	20
737	20
791	20
815	20
413	21
659	21
32	26
52	26
69	26
71	26
90	26
103	26
104	26
115	26
132	26
172	26
185	26
192	26
256	26
271	26
282	26
315	26
325	26
360	26
434	26
439	26
515	26
524	26
527	26
554	26
575	26
576	26
593	26
615	26
616	26
618	26
627	26
657	26
663	26
669	26
695	26
722	26
737	26
791	26
795	26
798	26
806	26
839	26
176	28
279	28
47	29
59	29
95	29
128	29
150	29
285	29
313	29
339	29
355	29
401	29
454	29
455	29
476	29
622	29
623	29
665	29
700	29
747	29
32	30
53	30
101	30
103	30
104	30
132	30
192	30
256	30
257	30
264	30
434	30
453	30
575	30
576	30
593	30
651	30
657	30
712	30
722	30
737	30
45	32
52	32
53	32
101	32
103	32
104	32
185	32
192	32
198	32
256	32
264	32
360	32
434	32
439	32
495	32
575	32
576	32
593	32
651	32
657	32
661	32
663	32
669	32
716	32
721	32
722	32
737	32
791	32
806	32
811	32
815	32
84	34
233	34
302	34
316	34
504	34
518	34
631	34
748	34
770	34
498	35
685	35
842	35
504	36
831	36
346	38
350	38
377	38
626	38
629	38
192	39
256	39
554	39
691	40
719	40
757	40
103	41
78	42
82	42
139	42
166	42
171	42
182	42
190	42
422	42
477	42
497	42
582	42
604	42
644	42
683	42
745	42
90	45
198	45
271	45
499	45
593	45
627	45
642	45
649	45
713	45
766	45
784	45
798	45
806	45
815	45
814	46
59	47
128	47
150	47
219	47
285	47
313	47
339	47
355	47
401	47
454	47
455	47
476	47
622	47
623	47
665	47
700	47
747	47
753	47
116	48
129	48
144	48
270	48
301	48
307	48
393	48
417	48
486	48
681	48
739	48
755	48
756	48
774	48
775	48
797	48
820	48
835	48
546	50
763	50
793	50
463	51
69	52
90	52
104	52
115	52
132	52
185	52
192	52
264	52
311	52
315	52
338	52
439	52
524	52
527	52
538	52
554	52
575	52
593	52
616	52
651	52
657	52
663	52
669	52
712	52
722	52
737	52
753	52
788	52
791	52
798	52
101	53
103	53
104	53
185	53
192	53
256	53
257	53
264	53
283	53
360	53
434	53
575	53
576	53
593	53
651	53
657	53
669	53
722	53
561	55
731	56
254	57
258	57
286	57
407	57
558	57
614	57
755	57
769	57
128	59
150	59
285	59
313	59
339	59
355	59
401	59
454	59
455	59
476	59
622	59
623	59
665	59
700	59
747	59
85	60
366	60
368	60
679	60
749	60
783	60
191	62
463	62
275	63
387	63
805	65
200	67
90	69
104	69
268	69
282	69
329	69
439	69
521	69
628	69
737	69
798	69
213	70
279	70
499	70
642	70
649	70
90	71
115	71
122	71
325	71
382	71
521	71
524	71
527	71
618	71
627	71
663	71
695	71
810	71
839	71
123	72
451	72
209	73
258	74
306	74
407	74
558	74
601	74
605	74
614	74
109	77
372	77
678	77
729	77
82	78
139	78
166	78
171	78
190	78
422	78
477	78
497	78
548	78
582	78
604	78
644	78
668	78
683	78
745	78
90	80
115	80
132	80
172	80
315	80
323	80
382	80
390	80
423	80
428	80
515	80
524	80
527	80
533	80
615	80
618	80
653	80
663	80
795	80
810	80
838	80
839	80
139	82
166	82
171	82
182	82
190	82
422	82
477	82
497	82
548	82
582	82
604	82
644	82
683	82
745	82
233	84
316	84
518	84
572	84
770	84
366	85
368	85
679	85
749	85
783	85
242	88
103	90
104	90
115	90
132	90
172	90
198	90
264	90
282	90
315	90
323	90
325	90
382	90
428	90
439	90
499	90
515	90
521	90
524	90
527	90
533	90
615	90
618	90
627	90
639	90
649	90
651	90
663	90
695	90
716	90
737	90
771	90
795	90
798	90
806	90
810	90
838	90
839	90
425	92
516	94
150	95
401	95
455	95
259	96
427	96
106	97
329	97
686	97
103	101
104	101
132	101
185	101
192	101
213	101
256	101
257	101
264	101
271	101
318	101
434	101
439	101
554	101
576	101
593	101
642	101
651	101
657	101
712	101
722	101
737	101
791	101
798	101
806	101
811	101
815	101
828	101
104	103
132	103
185	103
192	103
256	103
257	103
264	103
271	103
318	103
360	103
434	103
439	103
554	103
575	103
576	103
593	103
619	103
651	103
657	103
669	103
713	103
716	103
721	103
722	103
737	103
766	103
791	103
806	103
811	103
815	103
132	104
185	104
192	104
207	104
256	104
257	104
264	104
271	104
282	104
283	104
360	104
434	104
439	104
554	104
575	104
576	104
593	104
619	104
628	104
651	104
657	104
669	104
712	104
722	104
737	104
753	104
788	104
798	104
815	104
372	109
678	109
729	109
272	110
276	110
119	111
158	114
229	114
260	114
399	114
132	115
172	115
315	115
323	115
325	115
382	115
428	115
515	115
524	115
527	115
615	115
618	115
627	115
663	115
695	115
707	115
737	115
771	115
795	115
810	115
839	115
129	116
417	116
486	116
739	116
755	116
756	116
835	116
145	120
375	121
521	121
640	121
451	123
727	125
281	127
150	128
219	128
285	128
313	128
339	128
355	128
401	128
454	128
455	128
476	128
622	128
623	128
665	128
700	128
747	128
753	128
417	129
486	129
739	129
755	129
185	132
192	132
256	132
264	132
282	132
315	132
325	132
382	132
434	132
439	132
515	132
524	132
527	132
538	132
575	132
576	132
583	132
593	132
615	132
616	132
618	132
619	132
628	132
651	132
657	132
663	132
669	132
695	132
712	132
722	132
737	132
771	132
788	132
791	132
795	132
798	132
806	132
810	132
811	132
815	132
839	132
166	139
171	139
182	139
190	139
422	139
477	139
497	139
548	139
582	139
604	139
644	139
683	139
745	139
286	140
686	140
769	140
844	140
681	144
756	144
774	144
775	144
820	144
835	144
555	147
285	150
313	150
339	150
355	150
401	150
454	150
455	150
476	150
622	150
623	150
665	150
700	150
747	150
302	156
518	156
229	158
260	158
399	158
208	160
324	160
437	160
450	160
555	160
786	160
652	162
645	165
846	165
171	166
182	166
190	166
422	166
477	166
497	166
548	166
582	166
604	166
644	166
668	166
683	166
745	166
326	168
463	168
483	168
834	168
182	171
190	171
422	171
477	171
497	171
548	171
582	171
604	171
644	171
683	171
689	171
745	171
181	172
211	172
315	172
323	172
382	172
390	172
423	172
428	172
515	172
524	172
527	172
533	172
615	172
618	172
653	172
663	172
795	172
810	172
838	172
839	172
211	181
323	181
390	181
428	181
615	181
795	181
477	182
582	182
604	182
644	182
282	184
504	184
831	184
192	185
256	185
264	185
271	185
283	185
360	185
434	185
439	185
554	185
575	185
576	185
593	185
651	185
669	185
722	185
737	185
798	185
811	185
815	185
639	186
753	186
268	187
422	190
477	190
497	190
582	190
604	190
644	190
683	190
689	190
745	190
463	191
198	192
213	192
256	192
257	192
264	192
271	192
360	192
434	192
439	192
495	192
575	192
576	192
593	192
619	192
649	192
651	192
657	192
661	192
669	192
712	192
716	192
722	192
737	192
791	192
806	192
811	192
815	192
492	193
595	193
727	197
213	198
241	198
264	198
271	198
279	198
495	198
499	198
503	198
506	198
521	198
527	198
593	198
627	198
642	198
649	198
716	198
722	198
766	198
784	198
798	198
806	198
811	198
821	198
522	199
310	203
435	203
596	203
728	204
300	205
377	205
664	205
324	208
437	208
450	208
555	208
786	208
323	211
390	211
615	211
795	211
230	213
241	213
264	213
279	213
318	213
345	213
391	213
495	213
499	213
503	213
506	213
551	213
642	213
649	213
702	213
716	213
722	213
766	213
784	213
798	213
806	213
815	213
821	213
444	214
613	215
312	216
639	216
765	216
814	216
285	219
747	219
398	221
298	223
741	223
243	225
797	225
421	226
553	227
575	227
843	227
345	230
391	230
495	230
512	230
551	230
642	230
702	230
821	230
325	231
350	234
647	237
735	238
279	241
318	241
391	241
499	241
503	241
506	241
642	241
649	241
716	241
722	241
766	241
798	241
821	241
797	243
605	250
699	250
522	253
286	254
264	256
271	256
283	256
360	256
434	256
439	256
554	256
575	256
576	256
593	256
619	256
651	256
657	256
669	256
693	256
712	256
721	256
722	256
737	256
753	256
791	256
806	256
811	256
815	256
434	257
576	257
657	257
712	257
722	257
286	258
306	258
407	258
558	258
601	258
605	258
614	258
769	258
399	260
416	263
271	264
318	264
360	264
434	264
439	264
551	264
575	264
576	264
593	264
619	264
642	264
651	264
663	264
716	264
722	264
737	264
753	264
811	264
815	264
821	264
270	266
301	266
393	266
329	268
439	268
521	268
496	269
301	270
307	270
393	270
756	270
797	270
279	271
318	271
360	271
434	271
439	271
495	271
506	271
575	271
576	271
593	271
619	271
651	271
663	271
669	271
713	271
721	271
722	271
737	271
806	271
811	271
815	271
276	272
287	274
539	274
684	274
387	275
318	279
391	279
499	279
503	279
506	279
642	279
649	279
716	279
722	279
766	279
784	279
798	279
821	279
439	282
504	282
527	282
618	282
663	282
737	282
771	282
798	282
831	282
434	283
575	283
593	283
669	283
712	283
782	284
313	285
339	285
355	285
401	285
454	285
455	285
476	285
622	285
623	285
665	285
700	285
747	285
753	285
407	286
769	286
539	287
684	287
325	290
382	290
515	290
524	290
730	293
820	298
664	300
307	301
393	301
756	301
797	301
518	302
827	302
407	306
558	306
601	306
605	306
614	306
393	307
435	310
596	310
638	311
765	312
814	312
339	313
355	313
401	313
454	313
455	313
476	313
622	313
623	313
665	313
700	313
747	313
323	315
382	315
428	315
515	315
524	315
527	315
533	315
615	315
618	315
627	315
663	315
735	315
737	315
795	315
810	315
839	315
518	316
631	316
770	316
345	318
391	318
495	318
499	318
506	318
642	318
649	318
702	318
716	318
722	318
766	318
784	318
798	318
815	318
821	318
840	322
382	323
390	323
428	323
515	323
524	323
527	323
533	323
615	323
618	323
663	323
795	323
810	323
839	323
437	324
786	324
382	325
515	325
524	325
615	325
663	325
703	325
737	325
795	325
810	325
839	325
360	326
463	326
483	326
576	326
834	326
432	329
439	329
753	329
641	337
790	337
510	338
355	339
401	339
454	339
455	339
476	339
622	339
623	339
665	339
700	339
747	339
522	344
391	345
642	345
702	345
821	345
366	346
377	346
626	346
629	346
679	346
629	350
640	352
370	353
426	353
401	355
454	355
455	355
476	355
622	355
623	355
665	355
700	355
747	355
753	355
434	360
439	360
483	360
575	360
576	360
593	360
619	360
651	360
669	360
722	360
737	360
791	360
806	360
811	360
762	362
522	363
368	366
679	366
749	366
783	366
679	368
749	368
783	368
688	369
536	370
674	370
678	372
729	372
521	375
695	375
629	377
756	381
774	381
820	381
390	382
423	382
428	382
515	382
524	382
527	382
533	382
615	382
618	382
653	382
663	382
737	382
795	382
810	382
838	382
839	382
530	388
661	389
428	390
515	390
524	390
527	390
615	390
795	390
810	390
838	390
839	390
495	391
499	391
503	391
506	391
642	391
649	391
702	391
716	391
722	391
766	391
821	391
756	393
797	393
448	394
665	397
454	401
455	401
476	401
622	401
623	401
665	401
700	401
747	401
436	403
481	404
741	404
558	407
601	407
605	407
614	407
769	407
659	413
486	417
739	417
755	417
835	417
805	418
720	420
477	422
497	422
548	422
582	422
604	422
644	422
683	422
745	422
428	423
515	423
533	423
615	423
616	426
515	428
524	428
527	428
533	428
615	428
618	428
663	428
795	428
810	428
838	428
839	428
439	434
554	434
575	434
576	434
593	434
619	434
651	434
657	434
669	434
693	434
712	434
722	434
737	434
753	434
791	434
806	434
811	434
815	434
596	435
450	437
786	437
521	439
527	439
554	439
575	439
576	439
593	439
616	439
628	439
651	439
657	439
669	439
722	439
737	439
753	439
788	439
798	439
806	439
447	443
786	450
455	454
476	454
622	454
623	454
665	454
700	454
747	454
753	454
476	455
622	455
623	455
665	455
700	455
747	455
483	463
576	463
834	463
669	473
622	476
623	476
665	476
700	476
747	476
753	476
497	477
548	477
582	477
604	477
644	477
683	477
741	481
834	483
739	486
755	486
756	486
835	486
552	488
630	488
595	492
499	495
506	495
642	495
649	495
702	495
716	495
722	495
737	495
798	495
806	495
821	495
548	497
582	497
604	497
644	497
683	497
745	497
685	498
842	498
503	499
506	499
627	499
642	499
649	499
716	499
722	499
766	499
784	499
798	499
806	499
821	499
506	503
642	503
649	503
716	503
766	503
784	503
518	504
631	504
831	504
642	506
649	506
713	506
716	506
722	506
766	506
798	506
806	506
821	506
536	509
717	509
551	512
702	512
722	512
524	515
527	515
533	515
615	515
618	515
663	515
795	515
810	515
838	515
839	515
829	517
631	518
748	518
770	518
527	521
627	521
640	521
695	521
603	522
527	524
533	524
615	524
618	524
663	524
737	524
771	524
795	524
810	524
838	524
839	524
713	526
716	526
798	526
533	527
576	527
615	527
618	527
627	527
653	527
663	527
737	527
771	527
795	527
810	527
838	527
839	527
615	533
618	533
653	533
663	533
795	533
810	533
838	533
839	533
717	536
741	536
798	536
657	538
684	539
554	543
763	546
793	546
582	548
604	548
644	548
683	548
702	551
722	551
815	551
630	552
575	554
576	554
593	554
651	554
663	554
669	554
711	554
722	554
791	554
811	554
815	554
601	558
605	558
614	558
726	568
735	568
740	568
576	575
593	575
651	575
657	575
669	575
712	575
722	575
737	575
791	575
806	575
811	575
593	576
619	576
651	576
657	576
663	576
669	576
712	576
713	576
722	576
737	576
791	576
798	576
806	576
811	576
815	576
683	578
604	582
644	582
668	582
683	582
737	583
619	593
642	593
649	593
651	593
657	593
661	593
669	593
712	593
713	593
721	593
722	593
737	593
753	593
791	593
806	593
811	593
815	593
605	601
614	601
644	604
683	604
689	604
745	604
614	605
699	605
797	605
687	607
633	610
697	610
717	612
618	615
653	615
663	615
737	615
795	615
810	615
838	615
839	615
737	616
627	618
653	618
663	618
707	618
737	618
795	618
810	618
838	618
839	618
651	619
669	619
722	619
737	619
753	619
791	619
806	619
815	619
623	622
665	622
747	622
665	623
700	623
747	623
629	626
649	627
663	627
713	627
716	627
766	627
795	627
669	628
770	631
697	633
753	639
790	641
649	642
702	642
713	642
716	642
722	642
766	642
784	642
798	642
815	642
821	642
683	644
689	644
745	644
753	644
846	645
713	649
716	649
722	649
766	649
784	649
798	649
806	649
811	649
821	649
657	651
669	651
711	651
712	651
721	651
722	651
737	651
753	651
791	651
806	651
811	651
815	651
832	651
795	653
838	653
839	653
669	657
712	657
722	657
737	657
791	657
828	657
722	661
669	663
737	663
771	663
788	663
791	663
795	663
806	663
810	663
838	663
839	663
747	665
712	669
722	669
737	669
791	669
798	669
806	669
729	678
749	679
783	679
710	680
756	681
774	681
775	681
820	681
835	681
689	683
745	683
842	685
844	686
719	691
757	691
797	699
747	700
722	702
798	702
815	702
821	702
810	707
722	711
722	712
737	712
791	712
716	713
722	713
766	713
784	713
798	713
806	713
722	716
766	716
784	716
798	716
806	716
741	717
757	719
722	721
806	721
737	722
784	722
791	722
798	722
806	722
811	722
815	722
821	722
828	722
735	726
740	726
740	735
771	737
788	737
791	737
795	737
798	737
806	737
810	737
811	737
815	737
839	737
755	739
756	739
769	739
835	739
783	749
788	753
791	753
815	753
756	755
835	755
774	756
775	756
820	756
835	756
793	763
814	765
784	766
798	766
806	766
795	771
838	771
775	774
820	774
835	774
820	775
835	775
806	784
806	791
810	795
838	795
839	795
806	798
815	798
821	798
832	798
811	806
838	810
839	810
832	811
821	815
835	820
839	838
