0	85
0	561
0	1312
0	1385
2	394
2	634
2	657
2	845
2	962
2	1401
7	679
8	1025
12	123
12	560
12	656
12	1205
13	428
14	733
14	1444
15	70
15	202
15	361
15	365
15	382
15	785
15	819
15	908
15	948
15	1305
15	1377
15	1432
17	593
17	812
17	874
17	929
17	972
17	1206
17	1336
19	1328
21	1031
23	104
23	124
23	671
23	911
26	695
26	819
26	1017
26	1309
26	1432
28	29
28	547
28	1254
29	118
29	303
29	547
32	112
33	142
34	545
34	1376
35	442
35	452
35	531
35	568
35	681
35	863
35	970
35	1366
35	1507
36	155
36	202
36	203
36	373
36	419
36	479
36	488
36	492
36	509
36	517
36	635
36	722
36	780
36	819
36	864
36	908
36	940
36	974
36	1026
36	1054
36	1109
36	1161
36	1230
36	1261
36	1305
36	1309
36	1410
37	731
37	835
39	165
39	310
39	333
39	614
39	861
39	895
39	1022
39	1072
39	1108
39	1225
39	1326
42	263
47	452
47	681
47	863
47	970
47	1366
47	1507
48	1100
50	1134
50	1411
51	96
51	120
51	251
51	290
51	339
51	573
51	598
51	637
51	817
51	1101
51	1185
51	1232
51	1414
53	121
53	410
53	491
53	519
53	653
53	655
53	1089
53	1282
53	1335
53	1500
55	818
56	1267
57	626
59	235
59	1405
61	535
61	818
61	845
67	1128
70	365
70	948
70	1309
70	1377
70	1406
70	1446
71	285
71	291
71	353
71	368
71	624
71	666
71	1028
71	1123
71	1451
75	710
75	1081
75	1171
75	1251
75	1422
76	994
77	405
77	704
77	1470
78	884
78	992
79	202
79	713
80	111
80	315
80	820
85	561
85	1312
85	1385
86	294
88	558
94	256
94	382
94	654
94	908
94	1054
94	1078
94	1120
94	1134
94	1144
94	1159
94	1305
94	1398
94	1432
96	120
96	251
96	290
96	339
96	573
96	598
96	637
96	817
96	824
96	1101
96	1166
96	1185
96	1232
96	1341
96	1414
97	568
97	1366
97	1507
101	340
102	215
104	911
105	119
105	140
105	155
105	203
105	223
105	361
105	369
105	373
105	419
105	492
105	509
105	531
105	576
105	639
105	722
105	785
105	819
105	864
105	908
105	947
105	989
105	996
105	1054
105	1109
105	1161
105	1182
105	1199
105	1230
105	1261
105	1305
105	1309
105	1341
105	1388
105	1406
105	1410
108	1457
109	962
109	1273
111	315
111	350
111	820
112	821
118	296
118	328
118	474
118	523
118	873
118	993
119	223
119	369
119	592
119	677
119	854
119	947
119	1086
119	1093
119	1182
119	1199
119	1309
119	1388
119	1434
120	251
120	290
120	339
120	573
120	598
120	637
120	817
120	824
120	1101
120	1185
120	1232
120	1414
121	170
121	368
121	410
121	491
121	519
121	653
121	655
121	1089
121	1282
121	1335
121	1500
122	314
122	374
122	1056
122	1313
123	560
123	656
123	1205
124	671
124	911
126	269
126	684
136	416
140	203
140	497
140	515
140	531
140	785
140	1134
140	1309
143	403
143	1134
143	1144
143	1159
143	1411
145	240
145	808
145	981
147	1384
148	841
148	1273
150	398
150	1468
151	328
151	993
151	1075
153	1039
153	1234
155	202
155	203
155	223
155	361
155	373
155	419
155	492
155	509
155	517
155	635
155	639
155	722
155	780
155	785
155	819
155	864
155	908
155	940
155	974
155	989
155	1026
155	1054
155	1109
155	1161
155	1182
155	1230
155	1305
155	1309
155	1341
155	1349
155	1410
155	1423
157	320
157	578
157	594
157	607
157	659
157	1208
157	1290
161	223
161	334
161	369
161	576
161	587
161	677
161	690
161	756
161	888
161	901
161	934
161	947
161	958
161	1009
161	1086
161	1093
161	1182
161	1416
161	1493
162	1445
163	237
163	681
163	906
163	1114
163	1483
165	310
165	333
165	357
165	614
165	861
165	895
165	1022
165	1072
165	1108
165	1326
170	410
170	491
170	519
170	653
170	655
170	1028
170	1089
170	1282
170	1335
170	1500
174	642
176	457
185	1432
186	760
191	849
191	1063
191	1222
191	1436
191	1448
194	946
202	203
202	361
202	373
202	399
202	419
202	479
202	488
202	492
202	509
202	635
202	646
202	695
202	722
202	780
202	785
202	819
202	864
202	908
202	974
202	989
202	1026
202	1054
202	1109
202	1134
202	1161
202	1230
202	1272
202	1279
202	1305
202	1309
202	1349
202	1410
202	1411
202	1432
203	361
203	373
203	419
203	479
203	492
203	509
203	515
203	517
203	559
203	583
203	635
203	639
203	722
203	780
203	785
203	819
203	864
203	908
203	974
203	989
203	1026
203	1054
203	1109
203	1161
203	1230
203	1261
203	1305
203	1309
203	1341
203	1406
204	349
204	1047
205	309
205	681
205	863
205	970
205	1043
211	370
214	504
214	798
217	748
219	356
219	494
219	501
219	554
219	604
219	697
219	1327
219	1482
219	1512
220	535
220	723
222	239
222	292
222	364
222	473
222	485
222	496
222	616
222	650
222	708
222	1278
223	326
223	334
223	369
223	576
223	587
223	592
223	677
223	888
223	901
223	934
223	947
223	1086
223	1093
223	1120
223	1182
223	1233
223	1253
223	1309
223	1388
223	1416
226	1234
229	1016
229	1277
234	283
236	664
237	345
237	452
237	515
237	681
237	863
237	906
237	1114
237	1133
237	1438
237	1483
239	292
239	1278
240	808
240	981
242	1314
251	290
251	339
251	573
251	598
251	637
251	817
251	1101
251	1185
251	1232
251	1341
251	1414
252	738
252	1179
252	1314
256	382
256	403
256	654
256	722
256	908
256	971
256	1078
256	1120
256	1134
256	1144
256	1159
256	1230
256	1272
256	1305
256	1388
256	1398
256	1411
259	642
262	1061
267	1275
269	403
269	492
269	509
269	654
269	691
269	826
269	908
269	1144
269	1305
269	1411
269	1456
272	682
272	927
272	1351
273	523
273	754
273	1222
273	1505
274	847
274	945
275	917
280	601
282	775
282	1179
282	1215
282	1489
282	1512
285	291
285	353
285	368
285	624
285	1060
285	1123
285	1451
289	780
290	339
290	573
290	598
290	637
290	817
290	1101
290	1166
290	1185
290	1232
290	1414
291	353
291	368
291	624
291	666
291	1123
291	1451
292	1278
296	337
296	424
296	553
296	926
296	1002
296	1042
296	1158
296	1445
298	581
298	894
300	710
301	975
301	1355
301	1446
303	328
303	523
303	547
303	993
303	1314
304	993
309	970
309	1043
310	333
310	357
310	614
310	861
310	895
310	1022
310	1072
310	1108
310	1225
310	1326
314	374
314	1056
314	1313
315	350
315	820
320	578
320	594
320	607
320	659
320	1208
320	1290
321	1258
324	1508
326	592
326	677
326	744
326	888
326	947
326	1182
326	1233
326	1249
326	1309
326	1416
328	873
328	993
328	1075
330	910
333	357
333	614
333	861
333	895
333	1022
333	1072
333	1108
333	1225
333	1326
334	369
334	400
334	576
334	587
334	677
334	690
334	756
334	888
334	901
334	934
334	947
334	958
334	1009
334	1086
334	1093
334	1182
334	1416
334	1493
337	553
337	926
337	1002
337	1445
339	573
339	598
339	637
339	817
339	1101
339	1185
339	1232
339	1414
340	1016
345	452
345	863
345	906
345	1483
346	592
346	744
346	1249
347	1118
349	962
349	1047
350	820
353	368
353	624
353	666
353	1123
353	1451
356	501
356	554
356	604
356	697
356	1327
356	1512
357	861
357	1022
357	1072
359	871
361	373
361	492
361	509
361	517
361	635
361	646
361	722
361	780
361	785
361	819
361	864
361	908
361	940
361	989
361	1026
361	1054
361	1109
361	1161
361	1305
361	1309
362	514
364	473
364	485
364	496
364	616
364	650
364	708
364	1143
365	948
365	1341
365	1377
366	497
368	624
368	653
368	655
368	666
368	1028
368	1123
368	1282
368	1451
369	529
369	576
369	587
369	592
369	677
369	690
369	756
369	888
369	901
369	934
369	947
369	958
369	1009
369	1086
369	1093
369	1182
369	1309
369	1416
369	1493
370	910
370	1459
373	382
373	403
373	419
373	479
373	488
373	492
373	509
373	635
373	639
373	722
373	780
373	785
373	819
373	864
373	908
373	940
373	974
373	1007
373	1026
373	1054
373	1109
373	1134
373	1159
373	1161
373	1178
373	1230
373	1261
373	1272
373	1305
373	1309
373	1410
373	1411
373	1432
374	1056
374	1313
382	403
382	492
382	531
382	654
382	722
382	826
382	829
382	908
382	971
382	1027
382	1054
382	1078
382	1120
382	1134
382	1144
382	1159
382	1272
382	1305
382	1388
382	1398
382	1411
382	1432
382	1456
383	525
383	1023
384	945
386	1510
388	570
388	1058
388	1190
389	1497
390	1180
390	1289
391	553
391	666
391	1184
391	1350
392	428
392	613
392	809
392	1071
395	783
395	807
395	1403
398	1468
399	492
399	646
399	1305
400	587
400	690
400	1086
400	1416
401	903
401	1151
403	492
403	646
403	654
403	691
403	826
403	908
403	971
403	1007
403	1027
403	1078
403	1134
403	1144
403	1159
403	1272
403	1305
403	1398
403	1411
403	1432
403	1456
404	794
405	704
405	1470
408	1269
410	491
410	519
410	653
410	655
410	1089
410	1282
410	1335
410	1500
418	825
419	479
419	488
419	492
419	509
419	583
419	635
419	722
419	780
419	785
419	819
419	864
419	908
419	940
419	974
419	989
419	1026
419	1054
419	1109
419	1161
419	1230
419	1261
419	1305
419	1309
419	1349
419	1410
419	1432
420	707
424	1445
425	625
425	1143
425	1378
426	1234
428	535
428	819
428	992
432	524
432	1226
433	674
433	1317
433	1321
442	531
442	681
442	863
442	1507
445	902
452	515
452	568
452	681
452	787
452	863
452	906
452	970
452	1043
452	1114
452	1125
452	1133
452	1333
452	1366
452	1438
452	1483
452	1507
454	1162
461	922
465	613
467	535
468	1075
468	1241
468	1390
472	535
472	847
472	945
473	485
473	496
473	616
473	650
473	708
474	523
479	488
479	509
479	532
479	583
479	780
479	836
479	974
479	1026
479	1109
479	1261
485	496
485	616
485	650
485	708
485	1143
488	509
488	635
488	780
488	974
488	1026
488	1054
488	1109
488	1230
488	1261
489	539
489	549
489	576
489	1012
489	1103
489	1286
489	1298
489	1304
489	1316
491	519
491	653
491	655
491	1028
491	1089
491	1282
491	1335
491	1500
492	509
492	559
492	635
492	646
492	654
492	722
492	780
492	785
492	819
492	864
492	908
492	940
492	974
492	996
492	1026
492	1054
492	1109
492	1144
492	1161
492	1182
492	1272
492	1305
492	1309
492	1341
492	1411
492	1456
494	501
494	554
494	604
494	697
494	1327
496	616
496	650
496	708
497	531
497	728
497	785
497	1067
501	554
501	604
501	697
501	1327
501	1512
504	798
509	517
509	583
509	635
509	639
509	646
509	654
509	722
509	780
509	785
509	819
509	864
509	908
509	974
509	989
509	1007
509	1026
509	1053
509	1054
509	1109
509	1161
509	1230
509	1261
509	1305
509	1309
509	1388
509	1410
509	1411
509	1432
515	531
515	681
515	785
515	863
515	906
515	1093
515	1182
515	1207
515	1305
515	1309
515	1483
517	635
517	780
517	819
517	864
517	1054
517	1261
517	1305
519	653
519	655
519	1282
519	1335
519	1500
523	754
523	873
524	1226
525	1023
529	592
529	677
529	934
529	947
531	563
531	1134
531	1180
531	1384
531	1507
535	712
535	847
535	945
535	1320
536	765
538	600
539	549
539	1012
539	1286
539	1298
539	1304
539	1316
541	1005
545	1376
546	682
547	1254
548	1088
549	1012
549	1286
549	1298
549	1304
549	1316
551	908
551	1300
553	926
553	1002
553	1184
553	1350
553	1445
554	604
554	697
554	1327
554	1512
558	1025
558	1371
558	1463
559	780
559	819
559	864
559	974
560	656
560	1205
561	1312
561	1385
563	1134
563	1199
563	1305
568	681
568	863
568	1366
568	1507
570	1058
570	1190
573	598
573	637
573	817
573	824
573	1101
573	1185
573	1232
573	1414
576	587
576	677
576	934
576	947
576	958
576	959
576	1009
576	1086
576	1093
576	1120
576	1134
576	1182
576	1298
576	1304
576	1305
576	1309
576	1388
576	1416
578	594
578	607
578	659
578	1208
578	1290
583	780
583	974
583	1054
583	1109
583	1261
585	1154
585	1486
587	677
587	690
587	901
587	934
587	947
587	958
587	1086
587	1093
587	1182
587	1388
587	1416
588	1074
590	793
590	1227
592	677
592	744
592	888
592	901
592	934
592	947
592	1009
592	1086
592	1109
592	1182
592	1249
592	1309
592	1416
593	812
593	874
593	929
593	972
593	1026
593	1206
593	1336
594	607
594	659
594	1208
594	1290
598	637
598	817
598	1101
598	1185
598	1232
598	1414
604	697
604	1327
604	1512
605	841
607	659
607	1208
607	1290
613	809
613	945
614	861
614	895
614	1022
614	1108
616	650
616	708
619	679
623	728
624	653
624	666
624	1123
624	1451
625	1143
625	1378
627	739
627	1431
634	657
634	761
635	722
635	780
635	785
635	819
635	864
635	908
635	974
635	989
635	1026
635	1054
635	1109
635	1161
635	1261
635	1305
635	1309
635	1410
635	1432
637	817
637	1101
637	1185
637	1232
637	1341
637	1414
639	785
639	819
639	864
639	989
639	1054
639	1261
639	1309
646	654
646	864
646	908
646	996
646	1109
646	1134
646	1161
646	1305
646	1309
646	1411
646	1432
647	1306
647	1318
649	1370
649	1513
650	708
653	655
653	1028
653	1089
653	1282
653	1335
653	1500
654	691
654	826
654	908
654	971
654	1027
654	1078
654	1120
654	1134
654	1144
654	1159
654	1272
654	1305
654	1388
654	1398
654	1411
654	1456
655	1028
655	1089
655	1282
655	1335
655	1500
656	1205
657	962
657	1200
659	1208
659	1290
661	691
661	826
661	1411
664	1233
666	1123
666	1350
666	1451
671	911
674	1304
675	1512
677	690
677	756
677	888
677	901
677	934
677	947
677	958
677	1009
677	1086
677	1093
677	1182
677	1309
677	1416
677	1493
678	681
680	1234
681	787
681	863
681	879
681	906
681	970
681	1043
681	1114
681	1125
681	1133
681	1333
681	1366
681	1438
681	1483
681	1507
682	927
682	1351
685	955
685	1181
690	901
690	934
690	947
690	1086
690	1416
690	1493
691	826
691	1078
691	1134
691	1144
691	1159
691	1272
691	1305
691	1411
691	1456
695	1017
697	1327
697	1512
704	1470
708	945
708	1143
710	1081
710	1171
710	1251
710	1422
712	1320
722	780
722	785
722	819
722	864
722	908
722	989
722	1026
722	1037
722	1054
722	1109
722	1134
722	1161
722	1182
722	1230
722	1272
722	1279
722	1305
722	1309
722	1341
722	1423
722	1432
731	835
733	1444
738	1179
738	1314
738	1489
738	1512
739	1431
743	1506
744	1134
745	1115
748	1266
750	792
755	1112
756	934
756	958
756	1009
756	1086
761	819
769	1151
769	1426
774	1427
775	1179
775	1215
775	1489
775	1512
780	785
780	819
780	864
780	908
780	940
780	974
780	989
780	1026
780	1054
780	1109
780	1161
780	1230
780	1261
780	1305
780	1309
780	1341
780	1349
780	1410
780	1432
783	807
783	1403
785	819
785	864
785	908
785	940
785	989
785	1026
785	1054
785	1109
785	1161
785	1305
785	1309
785	1341
785	1406
785	1432
787	863
787	1125
787	1133
787	1366
787	1438
787	1507
797	829
803	828
803	997
807	1403
808	981
809	866
812	874
812	929
812	972
812	1206
817	1101
817	1166
817	1185
817	1232
817	1414
819	864
819	908
819	974
819	989
819	1026
819	1054
819	1086
819	1109
819	1161
819	1182
819	1230
819	1261
819	1305
819	1309
819	1341
819	1410
824	1414
826	908
826	1007
826	1078
826	1134
826	1144
826	1159
826	1272
826	1305
826	1411
826	1432
826	1456
828	997
829	1134
829	1159
829	1398
839	1339
841	1273
845	962
845	1401
847	945
847	1327
849	1063
849	1436
849	1448
853	1384
854	1199
861	895
861	1022
861	1072
861	1108
863	906
863	970
863	1043
863	1114
863	1125
863	1133
863	1333
863	1366
863	1438
863	1483
863	1507
864	908
864	974
864	989
864	1007
864	1026
864	1054
864	1109
864	1161
864	1182
864	1230
864	1261
864	1305
864	1309
864	1423
864	1432
873	993
873	1075
874	929
874	972
874	1206
888	901
888	934
888	947
888	1009
888	1086
888	1093
888	1182
888	1309
888	1416
890	1466
895	1022
895	1072
895	1108
895	1326
898	1499
901	934
901	947
901	958
901	1009
901	1086
901	1182
901	1416
901	1493
903	1151
906	1114
906	1125
906	1133
906	1438
906	1483
908	949
908	1017
908	1026
908	1054
908	1109
908	1134
908	1144
908	1159
908	1161
908	1178
908	1182
908	1230
908	1272
908	1279
908	1305
908	1309
908	1388
908	1398
908	1410
908	1411
908	1432
908	1456
926	1042
926	1445
927	1351
929	972
929	1206
934	947
934	958
934	1009
934	1086
934	1093
934	1182
934	1388
934	1416
934	1493
935	1516
940	1026
940	1054
940	1161
940	1178
940	1305
940	1309
940	1432
942	1453
945	1071
945	1327
947	958
947	1009
947	1086
947	1093
947	1182
947	1309
947	1388
947	1416
947	1493
948	1377
949	1272
955	1181
958	1009
958	1086
958	1093
958	1182
958	1416
958	1493
961	994
962	1273
962	1401
970	1043
970	1125
970	1133
970	1333
970	1366
970	1438
970	1472
970	1507
971	1078
971	1134
971	1144
971	1159
971	1272
971	1305
971	1388
971	1398
971	1411
972	1026
972	1206
974	1026
974	1054
974	1109
974	1161
974	1261
974	1305
975	1355
975	1446
976	1353
989	1026
989	1054
989	1109
989	1161
989	1182
989	1230
989	1410
992	1139
992	1310
992	1392
993	1075
996	1037
996	1109
996	1199
996	1302
996	1309
1007	1305
1009	1086
1009	1182
1009	1416
1009	1493
1011	1382
1012	1286
1012	1298
1012	1304
1012	1316
1017	1054
1017	1134
1017	1432
1020	1138
1022	1072
1022	1108
1022	1225
1022	1326
1026	1054
1026	1109
1026	1134
1026	1161
1026	1182
1026	1230
1026	1261
1026	1305
1026	1309
1026	1410
1026	1432
1027	1078
1027	1134
1027	1159
1027	1272
1027	1305
1027	1411
1027	1432
1027	1501
1028	1089
1028	1282
1028	1335
1028	1350
1028	1500
1029	1108
1037	1309
1039	1234
1042	1445
1043	1125
1043	1133
1043	1438
1043	1507
1054	1109
1054	1134
1054	1144
1054	1159
1054	1161
1054	1178
1054	1230
1054	1261
1054	1279
1054	1305
1054	1309
1054	1341
1054	1349
1054	1410
1054	1411
1054	1423
1054	1432
1056	1313
1058	1190
1059	1393
1060	1123
1063	1436
1063	1448
1068	1071
1071	1327
1072	1108
1072	1225
1072	1326
1075	1241
1075	1390
1078	1120
1078	1134
1078	1144
1078	1159
1078	1272
1078	1305
1078	1398
1078	1411
1078	1456
1081	1171
1081	1251
1081	1422
1083	1273
1086	1093
1086	1182
1086	1309
1086	1388
1086	1416
1086	1493
1089	1282
1089	1335
1089	1500
1093	1120
1093	1182
1093	1253
1093	1309
1093	1388
1093	1416
1093	1493
1101	1185
1101	1232
1101	1414
1103	1298
1103	1304
1109	1161
1109	1182
1109	1230
1109	1261
1109	1305
1109	1309
1109	1432
1114	1133
1114	1483
1120	1134
1120	1159
1120	1182
1120	1272
1120	1388
1120	1416
1122	1399
1123	1451
1125	1133
1125	1366
1125	1438
1125	1507
1133	1333
1133	1438
1133	1483
1133	1507
1134	1144
1134	1159
1134	1161
1134	1182
1134	1233
1134	1272
1134	1279
1134	1305
1134	1309
1134	1362
1134	1388
1134	1398
1134	1411
1134	1432
1134	1456
1137	1273
1139	1392
1143	1378
1144	1159
1144	1272
1144	1305
1144	1398
1144	1411
1144	1456
1153	1320
1154	1486
1158	1445
1159	1272
1159	1305
1159	1362
1159	1398
1159	1411
1159	1432
1159	1456
1161	1230
1161	1261
1161	1279
1161	1305
1161	1309
1161	1341
1161	1410
1161	1423
1161	1432
1171	1251
1171	1422
1178	1305
1179	1215
1179	1314
1179	1489
1179	1512
1180	1289
1182	1305
1182	1309
1182	1388
1182	1406
1182	1410
1182	1416
1182	1432
1182	1493
1184	1350
1185	1232
1185	1414
1199	1302
1199	1434
1206	1336
1208	1242
1208	1290
1215	1489
1215	1512
1222	1505
1230	1279
1230	1305
1230	1309
1230	1341
1230	1410
1232	1341
1232	1414
1233	1388
1241	1390
1242	1290
1245	1280
1251	1422
1261	1305
1261	1309
1261	1410
1272	1305
1272	1388
1272	1398
1272	1411
1272	1432
1276	1324
1276	1346
1279	1305
1279	1423
1279	1432
1282	1335
1282	1500
1286	1298
1286	1304
1286	1316
1295	1370
1298	1304
1304	1316
1305	1309
1305	1388
1305	1398
1305	1410
1305	1411
1305	1423
1305	1432
1305	1456
1306	1318
1309	1388
1309	1406
1309	1410
1309	1416
1309	1432
1312	1385
1314	1489
1314	1512
1317	1321
1320	1445
1327	1482
1327	1512
1333	1438
1333	1507
1335	1500
1341	1377
1341	1406
1341	1410
1341	1414
1355	1446
1366	1438
1366	1507
1371	1463
1388	1398
1388	1416
1398	1411
1398	1432
1410	1432
1411	1432
1411	1456
1416	1493
1436	1448
1438	1483
1438	1507
1489	1512
85	0
561	0
1312	0
1385	0
394	2
634	2
657	2
845	2
962	2
1401	2
679	7
1025	8
123	12
560	12
656	12
1205	12
428	13
733	14
1444	14
70	15
202	15
361	15
365	15
382	15
785	15
819	15
908	15
948	15
1305	15
1377	15
1432	15
593	17
812	17
874	17
929	17
972	17
1206	17
1336	17
1328	19
1031	21
104	23
124	23
671	23
911	23
695	26
819	26
1017	26
1309	26
1432	26
29	28
547	28
1254	28
118	29
303	29
547	29
112	32
142	33
545	34
1376	34
442	35
452	35
531	35
568	35
681	35
863	35
970	35
1366	35
1507	35
155	36
202	36
203	36
373	36
419	36
479	36
488	36
492	36
509	36
517	36
635	36
722	36
780	36
819	36
864	36
908	36
940	36
974	36
1026	36
1054	36
1109	36
1161	36
1230	36
1261	36
1305	36
1309	36
1410	36
731	37
835	37
165	39
310	39
333	39
614	39
861	39
895	39
1022	39
1072	39
1108	39
1225	39
1326	39
263	42
452	47
681	47
863	47
970	47
1366	47
1507	47
1100	48
1134	50
1411	50
96	51
120	51
251	51
290	51
339	51
573	51
598	51
637	51
817	51
1101	51
1185	51
1232	51
1414	51
121	53
410	53
491	53
519	53
653	53
655	53
1089	53
1282	53
1335	53
1500	53
818	55
1267	56
626	57
235	59
1405	59
535	61
818	61
845	61
1128	67
365	70
948	70
1309	70
1377	70
1406	70
1446	70
285	71
291	71
353	71
368	71
624	71
666	71
1028	71
1123	71
1451	71
710	75
1081	75
1171	75
1251	75
1422	75
994	76
405	77
704	77
1470	77
884	78
992	78
202	79
713	79
111	80
315	80
820	80
561	85
1312	85
1385	85
294	86
558	88
256	94
382	94
654	94
908	94
1054	94
1078	94
1120	94
1134	94
1144	94
1159	94
1305	94
1398	94
1432	94
120	96
251	96
290	96
339	96
573	96
598	96
637	96
817	96
824	96
1101	96
1166	96
1185	96
1232	96
1341	96
1414	96
568	97
1366	97
1507	97
340	101
215	102
911	104
119	105
140	105
155	105
203	105
223	105
361	105
369	105
373	105
419	105
492	105
509	105
531	105
576	105
639	105
722	105
785	105
819	105
864	105
908	105
947	105
989	105
996	105
1054	105
1109	105
1161	105
1182	105
1199	105
1230	105
1261	105
1305	105
1309	105
1341	105
1388	105
1406	105
1410	105
1457	108
962	109
1273	109
315	111
350	111
820	111
821	112
296	118
328	118
474	118
523	118
873	118
993	118
223	119
369	119
592	119
677	119
854	119
947	119
1086	119
1093	119
1182	119
1199	119
1309	119
1388	119
1434	119
251	120
290	120
339	120
573	120
598	120
637	120
817	120
824	120
1101	120
1185	120
1232	120
1414	120
170	121
368	121
410	121
491	121
519	121
653	121
655	121
1089	121
1282	121
1335	121
1500	121
314	122
374	122
1056	122
1313	122
560	123
656	123
1205	123
671	124
911	124
269	126
684	126
416	136
203	140
497	140
515	140
531	140
785	140
1134	140
1309	140
403	143
1134	143
1144	143
1159	143
1411	143
240	145
808	145
981	145
1384	147
841	148
1273	148
398	150
1468	150
328	151
993	151
1075	151
1039	153
1234	153
202	155
203	155
223	155
361	155
373	155
419	155
492	155
509	155
517	155
635	155
639	155
722	155
780	155
785	155
819	155
864	155
908	155
940	155
974	155
989	155
1026	155
1054	155
1109	155
1161	155
1182	155
1230	155
1305	155
1309	155
1341	155
1349	155
1410	155
1423	155
320	157
578	157
594	157
607	157
659	157
1208	157
1290	157
223	161
334	161
369	161
576	161
587	161
677	161
690	161
756	161
888	161
901	161
934	161
947	161
958	161
1009	161
1086	161
1093	161
1182	161
1416	161
1493	161
1445	162
237	163
681	163
906	163
1114	163
1483	163
310	165
333	165
357	165
614	165
861	165
895	165
1022	165
1072	165
1108	165
1326	165
410	170
491	170
519	170
653	170
655	170
1028	170
1089	170
1282	170
1335	170
1500	170
642	174
457	176
1432	185
760	186
849	191
1063	191
1222	191
1436	191
1448	191
946	194
203	202
361	202
373	202
399	202
419	202
479	202
488	202
492	202
509	202
635	202
646	202
695	202
722	202
780	202
785	202
819	202
864	202
908	202
974	202
989	202
1026	202
1054	202
1109	202
1134	202
1161	202
1230	202
1272	202
1279	202
1305	202
1309	202
1349	202
1410	202
1411	202
1432	202
361	203
373	203
419	203
479	203
492	203
509	203
515	203
517	203
559	203
583	203
635	203
639	203
722	203
780	203
785	203
819	203
864	203
908	203
974	203
989	203
1026	203
1054	203
1109	203
1161	203
1230	203
1261	203
1305	203
1309	203
1341	203
1406	203
349	204
1047	204
309	205
681	205
863	205
970	205
1043	205
370	211
504	214
798	214
748	217
356	219
494	219
501	219
554	219
604	219
697	219
1327	219
1482	219
1512	219
535	220
723	220
239	222
292	222
364	222
473	222
485	222
496	222
616	222
650	222
708	222
1278	222
326	223
334	223
369	223
576	223
587	223
592	223
677	223
888	223
901	223
934	223
947	223
1086	223
1093	223
1120	223
1182	223
1233	223
1253	223
1309	223
1388	223
1416	223
1234	226
1016	229
1277	229
283	234
664	236
345	237
452	237
515	237
681	237
863	237
906	237
1114	237
1133	237
1438	237
1483	237
292	239
1278	239
808	240
981	240
1314	242
290	251
339	251
573	251
598	251
637	251
817	251
1101	251
1185	251
1232	251
1341	251
1414	251
738	252
1179	252
1314	252
382	256
403	256
654	256
722	256
908	256
971	256
1078	256
1120	256
1134	256
1144	256
1159	256
1230	256
1272	256
1305	256
1388	256
1398	256
1411	256
642	259
1061	262
1275	267
403	269
492	269
509	269
654	269
691	269
826	269
908	269
1144	269
1305	269
1411	269
1456	269
682	272
927	272
1351	272
523	273
754	273
1222	273
1505	273
847	274
945	274
917	275
601	280
775	282
1179	282
1215	282
1489	282
1512	282
291	285
353	285
368	285
624	285
1060	285
1123	285
1451	285
780	289
339	290
573	290
598	290
637	290
817	290
1101	290
1166	290
1185	290
1232	290
1414	290
353	291
368	291
624	291
666	291
1123	291
1451	291
1278	292
337	296
424	296
553	296
926	296
1002	296
1042	296
1158	296
1445	296
581	298
894	298
710	300
975	301
1355	301
1446	301
328	303
523	303
547	303
993	303
1314	303
993	304
970	309
1043	309
333	310
357	310
614	310
861	310
895	310
1022	310
1072	310
1108	310
1225	310
1326	310
374	314
1056	314
1313	314
350	315
820	315
578	320
594	320
607	320
659	320
1208	320
1290	320
1258	321
1508	324
592	326
677	326
744	326
888	326
947	326
1182	326
1233	326
1249	326
1309	326
1416	326
873	328
993	328
1075	328
910	330
357	333
614	333
861	333
895	333
1022	333
1072	333
1108	333
1225	333
1326	333
369	334
400	334
576	334
587	334
677	334
690	334
756	334
888	334
901	334
934	334
947	334
958	334
1009	334
1086	334
1093	334
1182	334
1416	334
1493	334
553	337
926	337
1002	337
1445	337
573	339
598	339
637	339
817	339
1101	339
1185	339
1232	339
1414	339
1016	340
452	345
863	345
906	345
1483	345
592	346
744	346
1249	346
1118	347
962	349
1047	349
820	350
368	353
624	353
666	353
1123	353
1451	353
501	356
554	356
604	356
697	356
1327	356
1512	356
861	357
1022	357
1072	357
871	359
373	361
492	361
509	361
517	361
635	361
646	361
722	361
780	361
785	361
819	361
864	361
908	361
940	361
989	361
1026	361
1054	361
1109	361
1161	361
1305	361
1309	361
514	362
473	364
485	364
496	364
616	364
650	364
708	364
1143	364
948	365
1341	365
1377	365
497	366
624	368
653	368
655	368
666	368
1028	368
1123	368
1282	368
1451	368
529	369
576	369
587	369
592	369
677	369
690	369
756	369
888	369
901	369
934	369
947	369
958	369
1009	369
1086	369
1093	369
1182	369
1309	369
1416	369
1493	369
910	370
1459	370
382	373
403	373
419	373
479	373
488	373
492	373
509	373
635	373
639	373
722	373
780	373
785	373
819	373
864	373
908	373
940	373
974	373
1007	373
1026	373
1054	373
1109	373
1134	373
1159	373
1161	373
1178	373
1230	373
1261	373
1272	373
1305	373
1309	373
1410	373
1411	373
1432	373
1056	374
1313	374
403	382
492	382
531	382
654	382
722	382
826	382
829	382
908	382
971	382
1027	382
1054	382
1078	382
1120	382
1134	382
1144	382
1159	382
1272	382
1305	382
1388	382
1398	382
1411	382
1432	382
1456	382
525	383
1023	383
945	384
1510	386
570	388
1058	388
1190	388
1497	389
1180	390
1289	390
553	391
666	391
1184	391
1350	391
428	392
613	392
809	392
1071	392
783	395
807	395
1403	395
1468	398
492	399
646	399
1305	399
587	400
690	400
1086	400
1416	400
903	401
1151	401
492	403
646	403
654	403
691	403
826	403
908	403
971	403
1007	403
1027	403
1078	403
1134	403
1144	403
1159	403
1272	403
1305	403
1398	403
1411	403
1432	403
1456	403
794	404
704	405
1470	405
1269	408
491	410
519	410
653	410
655	410
1089	410
1282	410
1335	410
1500	410
825	418
479	419
488	419
492	419
509	419
583	419
635	419
722	419
780	419
785	419
819	419
864	419
908	419
940	419
974	419
989	419
1026	419
1054	419
1109	419
1161	419
1230	419
1261	419
1305	419
1309	419
1349	419
1410	419
1432	419
707	420
1445	424
625	425
1143	425
1378	425
1234	426
535	428
819	428
992	428
524	432
1226	432
674	433
1317	433
1321	433
531	442
681	442
863	442
1507	442
902	445
515	452
568	452
681	452
787	452
863	452
906	452
970	452
1043	452
1114	452
1125	452
1133	452
1333	452
1366	452
1438	452
1483	452
1507	452
1162	454
922	461
613	465
535	467
1075	468
1241	468
1390	468
535	472
847	472
945	472
485	473
496	473
616	473
650	473
708	473
523	474
488	479
509	479
532	479
583	479
780	479
836	479
974	479
1026	479
1109	479
1261	479
496	485
616	485
650	485
708	485
1143	485
509	488
635	488
780	488
974	488
1026	488
1054	488
1109	488
1230	488
1261	488
539	489
549	489
576	489
1012	489
1103	489
1286	489
1298	489
1304	489
1316	489
519	491
653	491
655	491
1028	491
1089	491
1282	491
1335	491
1500	491
509	492
559	492
635	492
646	492
654	492
722	492
780	492
785	492
819	492
864	492
908	492
940	492
974	492
996	492
1026	492
1054	492
1109	492
1144	492
1161	492
1182	492
1272	492
1305	492
1309	492
1341	492
1411	492
1456	492
501	494
554	494
604	494
697	494
1327	494
616	496
650	496
708	496
531	497
728	497
785	497
1067	497
554	501
604	501
697	501
1327	501
1512	501
798	504
517	509
583	509
635	509
639	509
646	509
654	509
722	509
780	509
785	509
819	509
864	509
908	509
974	509
989	509
1007	509
1026	509
1053	509
1054	509
1109	509
1161	509
1230	509
1261	509
1305	509
1309	509
1388	509
1410	509
1411	509
1432	509
531	515
681	515
785	515
863	515
906	515
1093	515
1182	515
1207	515
1305	515
1309	515
1483	515
635	517
780	517
819	517
864	517
1054	517
1261	517
1305	517
653	519
655	519
1282	519
1335	519
1500	519
754	523
873	523
1226	524
1023	525
592	529
677	529
934	529
947	529
563	531
1134	531
1180	531
1384	531
1507	531
712	535
847	535
945	535
1320	535
765	536
600	538
549	539
1012	539
1286	539
1298	539
1304	539
1316	539
1005	541
1376	545
682	546
1254	547
1088	548
1012	549
1286	549
1298	549
1304	549
1316	549
908	551
1300	551
926	553
1002	553
1184	553
1350	553
1445	553
604	554
697	554
1327	554
1512	554
1025	558
1371	558
1463	558
780	559
819	559
864	559
974	559
656	560
1205	560
1312	561
1385	561
1134	563
1199	563
1305	563
681	568
863	568
1366	568
1507	568
1058	570
1190	570
598	573
637	573
817	573
824	573
1101	573
1185	573
1232	573
1414	573
587	576
677	576
934	576
947	576
958	576
959	576
1009	576
1086	576
1093	576
1120	576
1134	576
1182	576
1298	576
1304	576
1305	576
1309	576
1388	576
1416	576
594	578
607	578
659	578
1208	578
1290	578
780	583
974	583
1054	583
1109	583
1261	583
1154	585
1486	585
677	587
690	587
901	587
934	587
947	587
958	587
1086	587
1093	587
1182	587
1388	587
1416	587
1074	588
793	590
1227	590
677	592
744	592
888	592
901	592
934	592
947	592
1009	592
1086	592
1109	592
1182	592
1249	592
1309	592
1416	592
812	593
874	593
929	593
972	593
1026	593
1206	593
1336	593
607	594
659	594
1208	594
1290	594
637	598
817	598
1101	598
1185	598
1232	598
1414	598
697	604
1327	604
1512	604
841	605
659	607
1208	607
1290	607
809	613
945	613
861	614
895	614
1022	614
1108	614
650	616
708	616
679	619
728	623
653	624
666	624
1123	624
1451	624
1143	625
1378	625
739	627
1431	627
657	634
761	634
722	635
780	635
785	635
819	635
864	635
908	635
974	635
989	635
1026	635
1054	635
1109	635
1161	635
1261	635
1305	635
1309	635
1410	635
1432	635
817	637
1101	637
1185	637
1232	637
1341	637
1414	637
785	639
819	639
864	639
989	639
1054	639
1261	639
1309	639
654	646
864	646
908	646
996	646
1109	646
1134	646
1161	646
1305	646
1309	646
1411	646
1432	646
1306	647
1318	647
1370	649
1513	649
708	650
655	653
1028	653
1089	653
1282	653
1335	653
1500	653
691	654
826	654
908	654
971	654
1027	654
1078	654
1120	654
1134	654
1144	654
1159	654
1272	654
1305	654
1388	654
1398	654
1411	654
1456	654
1028	655
1089	655
1282	655
1335	655
1500	655
1205	656
962	657
1200	657
1208	659
1290	659
691	661
826	661
1411	661
1233	664
1123	666
1350	666
1451	666
911	671
1304	674
1512	675
690	677
756	677
888	677
901	677
934	677
947	677
958	677
1009	677
1086	677
1093	677
1182	677
1309	677
1416	677
1493	677
681	678
1234	680
787	681
863	681
879	681
906	681
970	681
1043	681
1114	681
1125	681
1133	681
1333	681
1366	681
1438	681
1483	681
1507	681
927	682
1351	682
955	685
1181	685
901	690
934	690
947	690
1086	690
1416	690
1493	690
826	691
1078	691
1134	691
1144	691
1159	691
1272	691
1305	691
1411	691
1456	691
1017	695
1327	697
1512	697
1470	704
945	708
1143	708
1081	710
1171	710
1251	710
1422	710
1320	712
780	722
785	722
819	722
864	722
908	722
989	722
1026	722
1037	722
1054	722
1109	722
1134	722
1161	722
1182	722
1230	722
1272	722
1279	722
1305	722
1309	722
1341	722
1423	722
1432	722
835	731
1444	733
1179	738
1314	738
1489	738
1512	738
1431	739
1506	743
1134	744
1115	745
1266	748
792	750
1112	755
934	756
958	756
1009	756
1086	756
819	761
1151	769
1426	769
1427	774
1179	775
1215	775
1489	775
1512	775
785	780
819	780
864	780
908	780
940	780
974	780
989	780
1026	780
1054	780
1109	780
1161	780
1230	780
1261	780
1305	780
1309	780
1341	780
1349	780
1410	780
1432	780
807	783
1403	783
819	785
864	785
908	785
940	785
989	785
1026	785
1054	785
1109	785
1161	785
1305	785
1309	785
1341	785
1406	785
1432	785
863	787
1125	787
1133	787
1366	787
1438	787
1507	787
829	797
828	803
997	803
1403	807
981	808
866	809
874	812
929	812
972	812
1206	812
1101	817
1166	817
1185	817
1232	817
1414	817
864	819
908	819
974	819
989	819
1026	819
1054	819
1086	819
1109	819
1161	819
1182	819
1230	819
1261	819
1305	819
1309	819
1341	819
1410	819
1414	824
908	826
1007	826
1078	826
1134	826
1144	826
1159	826
1272	826
1305	826
1411	826
1432	826
1456	826
997	828
1134	829
1159	829
1398	829
1339	839
1273	841
962	845
1401	845
945	847
1327	847
1063	849
1436	849
1448	849
1384	853
1199	854
895	861
1022	861
1072	861
1108	861
906	863
970	863
1043	863
1114	863
1125	863
1133	863
1333	863
1366	863
1438	863
1483	863
1507	863
908	864
974	864
989	864
1007	864
1026	864
1054	864
1109	864
1161	864
1182	864
1230	864
1261	864
1305	864
1309	864
1423	864
1432	864
993	873
1075	873
929	874
972	874
1206	874
901	888
934	888
947	888
1009	888
1086	888
1093	888
1182	888
1309	888
1416	888
1466	890
1022	895
1072	895
1108	895
1326	895
1499	898
934	901
947	901
958	901
1009	901
1086	901
1182	901
1416	901
1493	901
1151	903
1114	906
1125	906
1133	906
1438	906
1483	906
949	908
1017	908
1026	908
1054	908
1109	908
1134	908
1144	908
1159	908
1161	908
1178	908
1182	908
1230	908
1272	908
1279	908
1305	908
1309	908
1388	908
1398	908
1410	908
1411	908
1432	908
1456	908
1042	926
1445	926
1351	927
972	929
1206	929
947	934
958	934
1009	934
1086	934
1093	934
1182	934
1388	934
1416	934
1493	934
1516	935
1026	940
1054	940
1161	940
1178	940
1305	940
1309	940
1432	940
1453	942
1071	945
1327	945
958	947
1009	947
1086	947
1093	947
1182	947
1309	947
1388	947
1416	947
1493	947
1377	948
1272	949
1181	955
1009	958
1086	958
1093	958
1182	958
1416	958
1493	958
994	961
1273	962
1401	962
1043	970
1125	970
1133	970
1333	970
1366	970
1438	970
1472	970
1507	970
1078	971
1134	971
1144	971
1159	971
1272	971
1305	971
1388	971
1398	971
1411	971
1026	972
1206	972
1026	974
1054	974
1109	974
1161	974
1261	974
1305	974
1355	975
1446	975
1353	976
1026	989
1054	989
1109	989
1161	989
1182	989
1230	989
1410	989
1139	992
1310	992
1392	992
1075	993
1037	996
1109	996
1199	996
1302	996
1309	996
1305	1007
1086	1009
1182	1009
1416	1009
1493	1009
1382	1011
1286	1012
1298	1012
1304	1012
1316	1012
1054	1017
1134	1017
1432	1017
1138	1020
1072	1022
1108	1022
1225	1022
1326	1022
1054	1026
1109	1026
1134	1026
1161	1026
1182	1026
1230	1026
1261	1026
1305	1026
1309	1026
1410	1026
1432	1026
1078	1027
1134	1027
1159	1027
1272	1027
1305	1027
1411	1027
1432	1027
1501	1027
1089	1028
1282	1028
1335	1028
1350	1028
1500	1028
1108	1029
1309	1037
1234	1039
1445	1042
1125	1043
1133	1043
1438	1043
1507	1043
1109	1054
1134	1054
1144	1054
1159	1054
1161	1054
1178	1054
1230	1054
1261	1054
1279	1054
1305	1054
1309	1054
1341	1054
1349	1054
1410	1054
1411	1054
1423	1054
1432	1054
1313	1056
1190	1058
1393	1059
1123	1060
1436	1063
1448	1063
1071	1068
1327	1071
1108	1072
1225	1072
1326	1072
1241	1075
1390	1075
1120	1078
1134	1078
1144	1078
1159	1078
1272	1078
1305	1078
1398	1078
1411	1078
1456	1078
1171	1081
1251	1081
1422	1081
1273	1083
1093	1086
1182	1086
1309	1086
1388	1086
1416	1086
1493	1086
1282	1089
1335	1089
1500	1089
1120	1093
1182	1093
1253	1093
1309	1093
1388	1093
1416	1093
1493	1093
1185	1101
1232	1101
1414	1101
1298	1103
1304	1103
1161	1109
1182	1109
1230	1109
1261	1109
1305	1109
1309	1109
1432	1109
1133	1114
1483	1114
1134	1120
1159	1120
1182	1120
1272	1120
1388	1120
1416	1120
1399	1122
1451	1123
1133	1125
1366	1125
1438	1125
1507	1125
1333	1133
1438	1133
1483	1133
1507	1133
1144	1134
1159	1134
1161	1134
1182	1134
1233	1134
1272	1134
1279	1134
1305	1134
1309	1134
1362	1134
1388	1134
1398	1134
1411	1134
1432	1134
1456	1134
1273	1137
1392	1139
1378	1143
1159	1144
1272	1144
1305	1144
1398	1144
1411	1144
1456	1144
1320	1153
1486	1154
1445	1158
1272	1159
1305	1159
1362	1159
1398	1159
1411	1159
1432	1159
1456	1159
1230	1161
1261	1161
1279	1161
1305	1161
1309	1161
1341	1161
1410	1161
1423	1161
1432	1161
1251	1171
1422	1171
1305	1178
1215	1179
1314	1179
1489	1179
1512	1179
1289	1180
1305	1182
1309	1182
1388	1182
1406	1182
1410	1182
1416	1182
1432	1182
1493	1182
1350	1184
1232	1185
1414	1185
1302	1199
1434	1199
1336	1206
1242	1208
1290	1208
1489	1215
1512	1215
1505	1222
1279	1230
1305	1230
1309	1230
1341	1230
1410	1230
1341	1232
1414	1232
1388	1233
1390	1241
1290	1242
1280	1245
1422	1251
1305	1261
1309	1261
1410	1261
1305	1272
1388	1272
1398	1272
1411	1272
1432	1272
1324	1276
1346	1276
1305	1279
1423	1279
1432	1279
1335	1282
1500	1282
1298	1286
1304	1286
1316	1286
1370	1295
1304	1298
1316	1304
1309	1305
1388	1305
1398	1305
1410	1305
1411	1305
1423	1305
1432	1305
1456	1305
1318	1306
1388	1309
1406	1309
1410	1309
1416	1309
1432	1309
1385	1312
1489	1314
1512	1314
1321	1317
1445	1320
1482	1327
1512	1327
1438	1333
1507	1333
1500	1335
1377	1341
1406	1341
1410	1341
1414	1341
1446	1355
1438	1366
1507	1366
1463	1371
1398	1388
1416	1388
1411	1398
1432	1398
1432	1410
1432	1411
1456	1411
1493	1416
1448	1436
1483	1438
1507	1438
1512	1489
