0	85
0	561
0	1385
4	296
4	337
4	926
4	1445
5	596
5	1132
8	1025
14	733
14	1444
15	70
15	202
15	266
15	361
15	365
15	382
15	478
15	785
15	908
15	948
15	1305
15	1377
15	1432
18	685
18	1181
23	671
24	680
24	1039
24	1275
26	574
26	695
26	1017
26	1045
26	1309
26	1432
28	547
28	887
28	1051
28	1254
30	46
30	63
30	105
30	119
30	161
30	223
30	238
30	326
30	334
30	576
30	587
30	592
30	690
30	789
30	888
30	934
30	1009
30	1086
30	1120
30	1182
30	1309
30	1388
30	1398
30	1439
30	1493
32	112
35	375
35	452
35	531
35	568
35	681
35	863
35	938
35	970
35	1366
35	1507
36	52
36	63
36	106
36	155
36	199
36	202
36	203
36	419
36	478
36	479
36	488
36	492
36	509
36	574
36	635
36	780
36	864
36	908
36	940
36	1026
36	1054
36	1109
36	1161
36	1170
36	1230
36	1261
36	1305
36	1309
37	731
37	835
39	84
39	310
39	333
39	614
39	861
39	875
39	895
39	1022
39	1072
39	1108
39	1225
39	1326
41	1516
44	260
46	63
46	70
46	105
46	119
46	134
46	140
46	155
46	202
46	203
46	223
46	334
46	361
46	419
46	478
46	509
46	515
46	563
46	574
46	576
46	592
46	635
46	639
46	645
46	780
46	785
46	789
46	864
46	908
46	934
46	989
46	1026
46	1054
46	1086
46	1090
46	1109
46	1120
46	1134
46	1170
46	1182
46	1305
46	1309
46	1377
46	1388
46	1419
46	1432
48	1100
50	512
50	1134
50	1411
51	96
51	251
51	290
51	817
51	1105
51	1185
51	1232
51	1244
51	1414
52	106
52	199
52	202
52	203
52	419
52	478
52	479
52	488
52	492
52	509
52	574
52	583
52	635
52	780
52	864
52	1026
52	1054
52	1109
52	1161
52	1170
52	1230
52	1261
52	1305
52	1309
54	477
54	969
55	818
56	1267
59	235
59	1405
60	392
60	428
60	516
60	809
63	105
63	119
63	134
63	155
63	203
63	223
63	326
63	346
63	361
63	419
63	478
63	492
63	574
63	576
63	635
63	780
63	785
63	864
63	908
63	989
63	1026
63	1054
63	1109
63	1120
63	1134
63	1161
63	1170
63	1182
63	1305
63	1309
63	1341
63	1388
63	1406
63	1419
63	1432
63	1439
67	1128
70	266
70	365
70	948
70	1309
70	1377
70	1406
70	1446
73	1324
73	1346
75	710
75	1130
75	1251
75	1458
76	994
79	202
79	713
81	511
81	548
81	825
81	1018
81	1088
81	1502
84	310
84	333
84	357
84	614
84	861
84	875
84	895
84	1022
84	1072
84	1108
84	1326
85	561
85	1385
86	260
88	558
91	1111
96	251
96	290
96	817
96	824
96	1105
96	1185
96	1232
96	1244
96	1341
96	1414
97	375
97	568
97	1366
97	1507
105	119
105	134
105	140
105	155
105	203
105	223
105	361
105	419
105	492
105	509
105	531
105	571
105	574
105	576
105	639
105	785
105	789
105	864
105	908
105	989
105	1045
105	1054
105	1090
105	1109
105	1161
105	1170
105	1182
105	1199
105	1230
105	1261
105	1305
105	1309
105	1341
105	1388
105	1406
105	1419
106	155
106	199
106	202
106	203
106	361
106	419
106	478
106	479
106	488
106	492
106	509
106	574
106	635
106	780
106	864
106	1026
106	1054
106	1109
106	1161
106	1170
106	1305
108	1062
108	1457
111	350
111	603
111	820
111	1391
112	821
118	296
118	328
118	523
118	873
118	876
118	915
118	1365
118	1407
119	223
119	592
119	789
119	1086
119	1182
119	1199
119	1309
119	1388
119	1434
119	1439
121	170
121	410
121	491
121	519
121	653
121	1089
121	1209
121	1263
121	1335
121	1476
122	374
122	889
122	1056
122	1116
123	377
123	656
123	1205
126	269
128	489
128	539
128	1012
128	1051
128	1298
128	1304
130	1431
131	261
131	468
131	641
131	1075
131	1241
131	1361
133	278
133	285
133	291
133	353
133	624
133	666
133	1123
133	1451
134	140
134	204
134	276
134	349
134	366
134	515
134	531
134	597
134	645
134	908
134	1017
134	1092
134	1218
134	1283
134	1341
134	1406
136	416
138	576
140	203
140	515
140	531
140	597
140	645
140	785
140	1045
140	1092
140	1121
140	1134
140	1283
140	1309
140	1419
141	693
142	152
143	403
143	512
143	1134
143	1144
143	1159
143	1411
145	240
145	668
145	808
145	811
146	249
153	1039
155	199
155	202
155	203
155	223
155	361
155	419
155	478
155	492
155	509
155	574
155	635
155	639
155	780
155	785
155	786
155	864
155	908
155	940
155	989
155	1026
155	1054
155	1096
155	1109
155	1161
155	1170
155	1182
155	1230
155	1305
155	1309
155	1341
155	1349
155	1423
157	578
157	594
157	607
157	1208
157	1284
157	1290
161	223
161	334
161	576
161	587
161	690
161	789
161	888
161	934
161	1009
161	1086
161	1164
161	1182
161	1439
161	1493
162	1445
163	681
163	931
163	1114
163	1483
166	269
166	403
166	622
166	691
166	1411
169	1369
170	410
170	491
170	519
170	653
170	1089
170	1209
170	1263
170	1335
170	1476
174	642
176	457
176	759
181	1031
186	760
190	481
190	596
191	597
191	849
191	1063
191	1222
191	1448
191	1481
194	946
196	745
199	202
199	203
199	269
199	361
199	403
199	419
199	478
199	479
199	488
199	492
199	509
199	574
199	635
199	780
199	785
199	864
199	908
199	989
199	1026
199	1054
199	1109
199	1144
199	1161
199	1170
199	1230
199	1261
199	1305
199	1309
199	1349
199	1388
199	1419
199	1432
199	1441
199	1474
202	203
202	361
202	399
202	419
202	478
202	479
202	488
202	492
202	509
202	574
202	635
202	646
202	695
202	780
202	785
202	786
202	864
202	908
202	989
202	1026
202	1054
202	1096
202	1109
202	1134
202	1161
202	1170
202	1230
202	1272
202	1279
202	1305
202	1309
202	1349
202	1358
202	1411
202	1432
202	1441
203	361
203	393
203	419
203	437
203	478
203	479
203	492
203	509
203	515
203	574
203	583
203	635
203	639
203	645
203	780
203	785
203	864
203	908
203	989
203	1026
203	1054
203	1096
203	1109
203	1121
203	1161
203	1170
203	1230
203	1261
203	1305
203	1309
203	1341
203	1406
203	1419
204	276
204	349
205	309
205	556
205	681
205	702
205	863
205	938
205	970
205	978
205	1043
205	1092
207	222
207	473
207	485
207	643
207	650
207	708
207	1315
211	370
213	866
214	504
214	954
219	356
219	494
219	554
219	565
219	1252
219	1327
219	1418
220	295
220	535
220	1360
222	292
222	473
222	485
222	643
222	650
222	706
222	708
222	1073
222	1278
222	1315
223	326
223	334
223	576
223	587
223	592
223	789
223	888
223	934
223	1086
223	1120
223	1182
223	1309
223	1367
223	1388
223	1439
228	1477
229	1016
229	1277
240	668
240	808
244	758
244	1287
245	298
245	499
245	837
245	885
248	514
251	290
251	817
251	1105
251	1185
251	1232
251	1244
251	1341
251	1414
259	642
261	641
261	1361
264	939
265	382
265	403
265	512
265	574
265	654
265	1078
265	1134
265	1144
265	1159
265	1272
265	1342
265	1358
266	948
266	1309
267	1275
269	403
269	492
269	509
269	622
269	654
269	691
269	908
269	1144
269	1305
269	1411
272	682
272	831
272	1351
273	523
273	1222
273	1365
274	620
274	847
274	945
276	349
276	1218
278	285
278	291
278	353
278	624
278	630
278	666
278	1033
278	1060
278	1070
278	1123
278	1451
279	460
279	719
280	601
281	717
285	291
285	353
285	624
285	630
285	1033
285	1060
285	1070
285	1123
285	1451
286	990
290	817
290	1105
290	1185
290	1232
290	1244
290	1414
291	353
291	624
291	630
291	666
291	1123
291	1451
292	706
292	1073
292	1278
295	472
295	847
295	1360
296	337
296	424
296	553
296	920
296	926
296	1002
296	1042
296	1365
296	1418
296	1445
298	499
298	581
298	837
298	885
298	894
303	328
303	523
303	547
303	1365
303	1407
309	556
309	702
309	938
309	970
309	978
309	1043
309	1092
310	333
310	357
310	614
310	861
310	875
310	895
310	1022
310	1072
310	1108
310	1225
310	1326
311	432
311	484
311	524
311	709
311	1226
311	1386
317	1345
326	435
326	592
326	744
326	789
326	888
326	1182
326	1309
326	1439
327	593
327	812
327	874
327	929
327	972
327	1079
327	1206
327	1235
327	1487
328	873
328	876
328	915
328	1075
328	1407
332	650
333	357
333	614
333	861
333	875
333	895
333	1022
333	1072
333	1108
333	1225
333	1326
334	400
334	576
334	587
334	690
334	789
334	888
334	934
334	1009
334	1086
334	1164
334	1182
334	1439
334	1493
335	477
337	553
337	926
337	1002
337	1445
341	553
341	666
341	1184
341	1350
341	1458
345	452
345	863
345	931
345	1483
346	592
346	744
349	962
350	603
350	820
350	1391
353	624
353	666
353	1123
353	1451
356	554
356	565
356	1252
356	1327
356	1418
357	861
357	875
357	1022
357	1072
359	871
361	478
361	492
361	509
361	574
361	635
361	646
361	780
361	785
361	864
361	908
361	940
361	989
361	1026
361	1054
361	1109
361	1161
361	1305
361	1309
361	1419
361	1441
365	948
365	1341
365	1377
366	1092
370	1459
374	889
374	1056
374	1116
375	452
375	568
375	681
375	863
375	938
375	970
375	1333
375	1366
375	1507
377	656
377	1205
382	403
382	492
382	512
382	531
382	654
382	829
382	908
382	909
382	1027
382	1054
382	1078
382	1120
382	1134
382	1144
382	1159
382	1272
382	1305
382	1342
382	1358
382	1388
382	1398
382	1411
382	1419
382	1432
382	1441
383	507
383	525
383	1023
383	1307
384	945
385	887
386	716
386	1510
388	1058
388	1190
389	1497
392	428
392	613
392	809
392	1071
395	615
395	783
395	990
398	1468
399	492
399	646
399	1305
400	587
400	690
400	1086
402	1204
403	492
403	512
403	574
403	622
403	646
403	654
403	691
403	908
403	909
403	1007
403	1027
403	1078
403	1134
403	1144
403	1159
403	1272
403	1305
403	1342
403	1358
403	1398
403	1411
403	1419
403	1432
404	794
408	1269
410	491
410	519
410	653
410	1089
410	1209
410	1263
410	1335
410	1476
418	825
419	478
419	479
419	488
419	492
419	509
419	574
419	583
419	635
419	780
419	785
419	864
419	908
419	940
419	989
419	1026
419	1054
419	1096
419	1109
419	1161
419	1170
419	1230
419	1261
419	1305
419	1309
419	1349
419	1432
424	920
424	1418
424	1445
425	483
425	625
425	1057
425	1378
428	535
431	640
432	524
432	1226
433	674
433	878
433	1317
433	1321
435	592
437	940
437	1019
437	1109
439	965
445	902
447	1052
447	1154
447	1486
452	515
452	556
452	568
452	681
452	863
452	931
452	938
452	970
452	1043
452	1092
452	1114
452	1333
452	1366
452	1438
452	1483
452	1507
457	759
459	938
460	606
460	719
467	535
468	641
468	1075
468	1241
468	1361
472	535
472	847
472	945
473	485
473	643
473	650
473	708
473	1315
477	969
478	488
478	492
478	509
478	574
478	635
478	646
478	780
478	785
478	786
478	864
478	908
478	940
478	989
478	1026
478	1054
478	1096
478	1109
478	1161
478	1170
478	1230
478	1261
478	1279
478	1305
478	1309
478	1341
478	1423
478	1432
478	1441
479	488
479	509
479	574
479	583
479	780
479	836
479	1026
479	1109
479	1170
479	1261
483	625
483	1057
483	1378
484	524
484	709
484	1226
484	1386
485	643
485	650
485	708
485	1315
488	509
488	635
488	780
488	1026
488	1054
488	1109
488	1170
488	1230
488	1261
489	539
489	576
489	1012
489	1051
489	1103
489	1298
489	1304
491	519
491	653
491	1089
491	1209
491	1263
491	1335
491	1476
492	509
492	574
492	635
492	646
492	654
492	780
492	785
492	864
492	908
492	940
492	1026
492	1054
492	1096
492	1109
492	1144
492	1161
492	1182
492	1272
492	1305
492	1309
492	1341
492	1411
492	1441
494	554
494	1252
494	1327
495	1079
495	1352
499	581
499	837
499	885
499	894
504	954
507	525
507	1023
507	1307
509	574
509	583
509	635
509	639
509	646
509	654
509	780
509	785
509	864
509	908
509	989
509	990
509	1007
509	1026
509	1054
509	1096
509	1109
509	1161
509	1170
509	1230
509	1261
509	1305
509	1309
509	1388
509	1411
509	1432
509	1441
511	850
511	1502
512	654
512	691
512	909
512	1078
512	1134
512	1144
512	1159
512	1272
512	1305
512	1342
512	1358
512	1398
512	1411
512	1419
514	540
515	531
515	681
515	785
515	863
515	931
515	1182
515	1207
515	1305
515	1309
515	1367
515	1419
515	1483
519	653
519	1209
519	1263
519	1335
519	1476
523	873
523	1365
523	1407
524	709
524	1226
524	1386
525	1023
525	1307
528	1202
529	592
529	934
531	563
531	597
531	645
531	1045
531	1134
531	1283
531	1494
531	1507
535	712
535	847
535	945
535	1320
536	979
537	1031
537	1293
538	600
539	1012
539	1051
539	1298
539	1304
541	1514
544	704
545	1376
546	682
546	831
547	887
547	1254
548	1088
551	908
551	1300
553	926
553	1002
553	1184
553	1350
553	1445
553	1458
554	565
554	1252
554	1327
554	1418
556	681
556	702
556	863
556	938
556	970
556	978
556	1043
556	1092
556	1472
556	1507
558	1025
558	1357
558	1371
561	1385
563	1134
563	1199
563	1305
565	1252
565	1327
568	681
568	863
568	1366
568	1507
571	1139
571	1388
574	635
574	639
574	780
574	785
574	864
574	908
574	940
574	989
574	1017
574	1026
574	1054
574	1096
574	1109
574	1134
574	1159
574	1161
574	1170
574	1178
574	1182
574	1230
574	1261
574	1305
574	1309
574	1340
574	1341
574	1349
574	1411
574	1419
574	1423
574	1432
574	1441
576	587
576	789
576	934
576	959
576	1009
576	1086
576	1120
576	1134
576	1182
576	1298
576	1304
576	1305
576	1309
576	1388
576	1439
578	594
578	607
578	1208
578	1284
578	1290
581	837
583	780
583	1054
583	1109
583	1261
587	690
587	789
587	934
587	1086
587	1182
587	1388
587	1439
590	793
590	1227
590	1247
592	744
592	888
592	934
592	1009
592	1086
592	1109
592	1182
592	1309
592	1439
593	812
593	874
593	929
593	972
593	1026
593	1079
593	1206
593	1235
593	1336
593	1487
594	607
594	1208
594	1284
594	1290
594	1514
597	645
597	785
597	1092
597	1283
597	1341
603	820
603	1391
605	841
605	858
607	1208
607	1284
607	1290
609	687
609	1001
609	1142
613	809
613	945
614	861
614	875
614	895
614	1022
614	1108
615	783
615	990
617	1186
617	1250
617	1395
620	945
622	691
622	887
622	1144
622	1305
622	1411
624	653
624	666
624	1123
624	1209
624	1451
625	1057
625	1378
630	1033
630	1060
630	1070
630	1123
634	657
634	761
634	1514
635	780
635	785
635	864
635	908
635	989
635	1026
635	1054
635	1096
635	1109
635	1161
635	1261
635	1305
635	1309
635	1432
635	1441
638	865
639	785
639	864
639	989
639	1054
639	1121
639	1261
639	1309
639	1340
641	1075
641	1241
641	1361
643	650
643	708
643	1315
645	785
645	908
645	1092
645	1283
645	1309
645	1419
646	654
646	864
646	908
646	1109
646	1134
646	1161
646	1305
646	1309
646	1411
646	1432
646	1514
647	1318
650	708
650	1315
653	1089
653	1209
653	1263
653	1335
653	1476
654	691
654	908
654	909
654	1027
654	1078
654	1120
654	1134
654	1144
654	1159
654	1272
654	1305
654	1342
654	1358
654	1388
654	1398
654	1411
654	1419
656	1205
656	1224
657	962
657	1200
666	1123
666	1350
666	1407
666	1451
666	1458
668	808
673	1211
674	1304
676	1427
678	681
681	702
681	863
681	931
681	938
681	970
681	1043
681	1092
681	1114
681	1333
681	1366
681	1438
681	1483
681	1507
682	831
682	1351
685	955
685	1181
687	1001
690	789
690	934
690	1086
690	1439
690	1493
691	909
691	1078
691	1134
691	1144
691	1159
691	1272
691	1305
691	1342
691	1358
691	1411
694	823
695	1017
695	1045
695	1096
695	1352
698	800
701	1395
702	938
702	970
702	978
702	1043
702	1092
702	1472
706	1073
706	1278
708	945
708	1315
709	1226
709	1386
710	1130
710	1251
710	1458
712	1320
715	868
716	1510
717	884
731	835
733	1444
738	855
738	880
738	1179
738	1189
738	1489
739	1431
743	1506
744	1134
745	1115
755	1112
758	1287
761	1090
766	986
766	1363
775	1179
775	1215
775	1489
780	785
780	864
780	908
780	940
780	989
780	1026
780	1054
780	1096
780	1109
780	1161
780	1170
780	1230
780	1261
780	1305
780	1309
780	1341
780	1349
780	1432
780	1441
785	786
785	789
785	864
785	908
785	940
785	989
785	1026
785	1054
785	1090
785	1092
785	1109
785	1121
785	1161
785	1170
785	1283
785	1305
785	1309
785	1341
785	1406
785	1419
785	1432
786	864
786	1096
786	1305
786	1309
788	1087
789	888
789	934
789	1009
789	1086
789	1164
789	1182
789	1308
789	1309
789	1367
789	1388
789	1439
789	1493
797	829
797	1285
803	828
808	811
809	866
809	990
812	874
812	929
812	972
812	1079
812	1206
812	1235
812	1487
817	1105
817	1185
817	1232
817	1244
817	1414
820	1391
824	1414
829	1134
829	1159
829	1285
829	1398
831	1351
837	885
837	894
839	1339
841	858
841	918
841	1273
845	962
847	945
847	1327
849	1063
849	1448
849	1481
855	880
855	1179
855	1189
855	1489
861	875
861	895
861	1022
861	1072
861	1108
863	931
863	938
863	970
863	1043
863	1092
863	1114
863	1333
863	1366
863	1438
863	1483
863	1507
864	908
864	989
864	1007
864	1026
864	1054
864	1096
864	1109
864	1161
864	1170
864	1182
864	1230
864	1261
864	1305
864	1309
864	1423
864	1432
864	1441
866	918
866	1443
873	915
873	1075
873	1365
873	1407
874	929
874	972
874	1079
874	1206
874	1235
874	1487
875	895
875	1022
875	1072
875	1108
876	915
876	1075
880	1179
880	1189
880	1489
881	975
881	1355
881	1446
887	1095
887	1254
888	934
888	1009
888	1086
888	1182
888	1309
889	1056
889	1116
895	1022
895	1072
895	1108
895	1326
897	1214
898	1221
898	1499
908	909
908	949
908	1017
908	1026
908	1054
908	1096
908	1109
908	1134
908	1144
908	1159
908	1161
908	1178
908	1182
908	1230
908	1272
908	1279
908	1305
908	1309
908	1342
908	1358
908	1388
908	1398
908	1411
908	1419
908	1432
908	1441
909	1027
909	1078
909	1134
909	1144
909	1159
909	1272
909	1305
909	1342
909	1358
909	1411
909	1419
909	1432
915	1075
915	1407
918	962
918	1273
920	1418
920	1445
926	1042
926	1445
929	972
929	1079
929	1206
929	1235
929	1487
931	938
931	1092
931	1114
931	1438
931	1483
934	1009
934	1086
934	1182
934	1388
934	1439
934	1493
935	1516
938	970
938	978
938	1043
938	1092
938	1114
938	1333
938	1366
938	1438
938	1507
940	1026
940	1054
940	1161
940	1178
940	1305
940	1309
940	1432
945	1071
945	1327
948	1377
949	1272
949	1419
954	1510
955	1181
961	994
962	1273
962	1419
970	978
970	1043
970	1092
970	1333
970	1366
970	1438
970	1472
970	1507
972	1026
972	1079
972	1206
972	1235
972	1487
973	989
975	1355
975	1446
976	1353
978	1043
978	1092
986	1124
989	1026
989	1054
989	1109
989	1161
989	1182
989	1230
989	1260
989	1441
1001	1142
1003	1236
1007	1305
1008	1304
1009	1086
1009	1182
1009	1439
1009	1493
1012	1298
1012	1304
1017	1045
1017	1054
1017	1134
1017	1419
1017	1432
1022	1072
1022	1108
1022	1225
1022	1326
1023	1307
1025	1357
1026	1054
1026	1079
1026	1096
1026	1109
1026	1134
1026	1161
1026	1170
1026	1182
1026	1230
1026	1261
1026	1305
1026	1309
1026	1419
1026	1432
1026	1441
1027	1078
1027	1134
1027	1159
1027	1272
1027	1305
1027	1342
1027	1411
1027	1419
1027	1432
1027	1501
1033	1060
1033	1070
1033	1123
1037	1309
1042	1445
1043	1092
1043	1438
1043	1507
1045	1283
1045	1305
1045	1432
1051	1298
1051	1304
1052	1154
1052	1486
1054	1096
1054	1109
1054	1134
1054	1144
1054	1159
1054	1161
1054	1170
1054	1178
1054	1230
1054	1261
1054	1279
1054	1305
1054	1309
1054	1341
1054	1349
1054	1411
1054	1423
1054	1432
1054	1441
1056	1116
1057	1378
1058	1190
1059	1393
1060	1070
1060	1123
1062	1457
1063	1448
1063	1481
1066	1418
1068	1071
1070	1123
1071	1327
1072	1108
1072	1225
1072	1326
1073	1278
1075	1241
1075	1361
1075	1418
1078	1120
1078	1134
1078	1144
1078	1159
1078	1272
1078	1305
1078	1342
1078	1358
1078	1398
1078	1411
1079	1235
1079	1352
1083	1273
1086	1164
1086	1182
1086	1309
1086	1388
1086	1439
1086	1493
1089	1209
1089	1263
1089	1335
1089	1476
1090	1309
1090	1514
1092	1283
1092	1438
1096	1109
1096	1161
1096	1230
1096	1305
1096	1309
1096	1341
1096	1423
1096	1432
1103	1298
1103	1304
1105	1185
1105	1232
1105	1244
1105	1414
1107	1449
1109	1161
1109	1170
1109	1182
1109	1230
1109	1261
1109	1305
1109	1309
1109	1432
1109	1441
1114	1483
1120	1134
1120	1159
1120	1182
1120	1272
1120	1342
1120	1358
1120	1388
1123	1451
1130	1251
1134	1144
1134	1159
1134	1161
1134	1182
1134	1272
1134	1279
1134	1305
1134	1309
1134	1342
1134	1358
1134	1388
1134	1398
1134	1411
1134	1419
1134	1432
1134	1441
1139	1392
1144	1159
1144	1272
1144	1305
1144	1342
1144	1358
1144	1398
1144	1411
1144	1419
1154	1486
1155	1510
1159	1272
1159	1305
1159	1342
1159	1358
1159	1398
1159	1411
1159	1419
1159	1432
1159	1441
1161	1170
1161	1230
1161	1260
1161	1261
1161	1279
1161	1305
1161	1309
1161	1341
1161	1423
1161	1432
1161	1441
1164	1493
1170	1230
1170	1261
1170	1305
1170	1309
1170	1474
1175	1502
1178	1305
1179	1189
1179	1215
1179	1489
1182	1305
1182	1309
1182	1367
1182	1388
1182	1406
1182	1432
1182	1439
1182	1493
1184	1350
1184	1458
1185	1232
1185	1414
1189	1489
1199	1302
1199	1434
1205	1224
1206	1235
1206	1336
1206	1487
1208	1242
1208	1284
1208	1290
1209	1263
1209	1335
1209	1476
1215	1489
1221	1499
1226	1386
1227	1247
1230	1279
1230	1305
1230	1309
1230	1341
1230	1342
1230	1419
1232	1244
1232	1341
1232	1414
1235	1487
1241	1361
1241	1418
1242	1284
1242	1290
1244	1414
1245	1280
1250	1395
1251	1458
1252	1327
1252	1418
1261	1305
1261	1309
1263	1335
1263	1476
1271	1491
1272	1305
1272	1342
1272	1358
1272	1388
1272	1398
1272	1411
1272	1419
1272	1432
1279	1305
1279	1342
1279	1423
1279	1432
1283	1359
1284	1290
1298	1304
1305	1309
1305	1342
1305	1358
1305	1388
1305	1398
1305	1411
1305	1419
1305	1423
1305	1432
1305	1441
1305	1514
1308	1493
1309	1367
1309	1388
1309	1406
1309	1419
1309	1432
1309	1439
1309	1441
1317	1321
1320	1445
1327	1418
1333	1438
1333	1507
1335	1476
1341	1377
1341	1406
1341	1414
1342	1358
1342	1398
1342	1411
1342	1419
1350	1458
1355	1446
1357	1497
1358	1398
1358	1411
1358	1419
1358	1432
1365	1407
1366	1438
1366	1507
1367	1493
1388	1398
1388	1419
1388	1439
1395	1440
1398	1411
1398	1432
1411	1419
1411	1432
1418	1445
1419	1432
1432	1441
1438	1483
1438	1507
1439	1493
1448	1481
85	0
561	0
1385	0
296	4
337	4
926	4
1445	4
596	5
1132	5
1025	8
733	14
1444	14
70	15
202	15
266	15
361	15
365	15
382	15
478	15
785	15
908	15
948	15
1305	15
1377	15
1432	15
685	18
1181	18
671	23
680	24
1039	24
1275	24
574	26
695	26
1017	26
1045	26
1309	26
1432	26
547	28
887	28
1051	28
1254	28
46	30
63	30
105	30
119	30
161	30
223	30
238	30
326	30
334	30
576	30
587	30
592	30
690	30
789	30
888	30
934	30
1009	30
1086	30
1120	30
1182	30
1309	30
1388	30
1398	30
1439	30
1493	30
112	32
375	35
452	35
531	35
568	35
681	35
863	35
938	35
970	35
1366	35
1507	35
52	36
63	36
106	36
155	36
199	36
202	36
203	36
419	36
478	36
479	36
488	36
492	36
509	36
574	36
635	36
780	36
864	36
908	36
940	36
1026	36
1054	36
1109	36
1161	36
1170	36
1230	36
1261	36
1305	36
1309	36
731	37
835	37
84	39
310	39
333	39
614	39
861	39
875	39
895	39
1022	39
1072	39
1108	39
1225	39
1326	39
1516	41
260	44
63	46
70	46
105	46
119	46
134	46
140	46
155	46
202	46
203	46
223	46
334	46
361	46
419	46
478	46
509	46
515	46
563	46
574	46
576	46
592	46
635	46
639	46
645	46
780	46
785	46
789	46
864	46
908	46
934	46
989	46
1026	46
1054	46
1086	46
1090	46
1109	46
1120	46
1134	46
1170	46
1182	46
1305	46
1309	46
1377	46
1388	46
1419	46
1432	46
1100	48
512	50
1134	50
1411	50
96	51
251	51
290	51
817	51
1105	51
1185	51
1232	51
1244	51
1414	51
106	52
199	52
202	52
203	52
419	52
478	52
479	52
488	52
492	52
509	52
574	52
583	52
635	52
780	52
864	52
1026	52
1054	52
1109	52
1161	52
1170	52
1230	52
1261	52
1305	52
1309	52
477	54
969	54
818	55
1267	56
235	59
1405	59
392	60
428	60
516	60
809	60
105	63
119	63
134	63
155	63
203	63
223	63
326	63
346	63
361	63
419	63
478	63
492	63
574	63
576	63
635	63
780	63
785	63
864	63
908	63
989	63
1026	63
1054	63
1109	63
1120	63
1134	63
1161	63
1170	63
1182	63
1305	63
1309	63
1341	63
1388	63
1406	63
1419	63
1432	63
1439	63
1128	67
266	70
365	70
948	70
1309	70
1377	70
1406	70
1446	70
1324	73
1346	73
710	75
1130	75
1251	75
1458	75
994	76
202	79
713	79
511	81
548	81
825	81
1018	81
1088	81
1502	81
310	84
333	84
357	84
614	84
861	84
875	84
895	84
1022	84
1072	84
1108	84
1326	84
561	85
1385	85
260	86
558	88
1111	91
251	96
290	96
817	96
824	96
1105	96
1185	96
1232	96
1244	96
1341	96
1414	96
375	97
568	97
1366	97
1507	97
119	105
134	105
140	105
155	105
203	105
223	105
361	105
419	105
492	105
509	105
531	105
571	105
574	105
576	105
639	105
785	105
789	105
864	105
908	105
989	105
1045	105
1054	105
1090	105
1109	105
1161	105
1170	105
1182	105
1199	105
1230	105
1261	105
1305	105
1309	105
1341	105
1388	105
1406	105
1419	105
155	106
199	106
202	106
203	106
361	106
419	106
478	106
479	106
488	106
492	106
509	106
574	106
635	106
780	106
864	106
1026	106
1054	106
1109	106
1161	106
1170	106
1305	106
1062	108
1457	108
350	111
603	111
820	111
1391	111
821	112
296	118
328	118
523	118
873	118
876	118
915	118
1365	118
1407	118
223	119
592	119
789	119
1086	119
1182	119
1199	119
1309	119
1388	119
1434	119
1439	119
170	121
410	121
491	121
519	121
653	121
1089	121
1209	121
1263	121
1335	121
1476	121
374	122
889	122
1056	122
1116	122
377	123
656	123
1205	123
269	126
489	128
539	128
1012	128
1051	128
1298	128
1304	128
1431	130
261	131
468	131
641	131
1075	131
1241	131
1361	131
278	133
285	133
291	133
353	133
624	133
666	133
1123	133
1451	133
140	134
204	134
276	134
349	134
366	134
515	134
531	134
597	134
645	134
908	134
1017	134
1092	134
1218	134
1283	134
1341	134
1406	134
416	136
576	138
203	140
515	140
531	140
597	140
645	140
785	140
1045	140
1092	140
1121	140
1134	140
1283	140
1309	140
1419	140
693	141
152	142
403	143
512	143
1134	143
1144	143
1159	143
1411	143
240	145
668	145
808	145
811	145
249	146
1039	153
199	155
202	155
203	155
223	155
361	155
419	155
478	155
492	155
509	155
574	155
635	155
639	155
780	155
785	155
786	155
864	155
908	155
940	155
989	155
1026	155
1054	155
1096	155
1109	155
1161	155
1170	155
1182	155
1230	155
1305	155
1309	155
1341	155
1349	155
1423	155
578	157
594	157
607	157
1208	157
1284	157
1290	157
223	161
334	161
576	161
587	161
690	161
789	161
888	161
934	161
1009	161
1086	161
1164	161
1182	161
1439	161
1493	161
1445	162
681	163
931	163
1114	163
1483	163
269	166
403	166
622	166
691	166
1411	166
1369	169
410	170
491	170
519	170
653	170
1089	170
1209	170
1263	170
1335	170
1476	170
642	174
457	176
759	176
1031	181
760	186
481	190
596	190
597	191
849	191
1063	191
1222	191
1448	191
1481	191
946	194
745	196
202	199
203	199
269	199
361	199
403	199
419	199
478	199
479	199
488	199
492	199
509	199
574	199
635	199
780	199
785	199
864	199
908	199
989	199
1026	199
1054	199
1109	199
1144	199
1161	199
1170	199
1230	199
1261	199
1305	199
1309	199
1349	199
1388	199
1419	199
1432	199
1441	199
1474	199
203	202
361	202
399	202
419	202
478	202
479	202
488	202
492	202
509	202
574	202
635	202
646	202
695	202
780	202
785	202
786	202
864	202
908	202
989	202
1026	202
1054	202
1096	202
1109	202
1134	202
1161	202
1170	202
1230	202
1272	202
1279	202
1305	202
1309	202
1349	202
1358	202
1411	202
1432	202
1441	202
361	203
393	203
419	203
437	203
478	203
479	203
492	203
509	203
515	203
574	203
583	203
635	203
639	203
645	203
780	203
785	203
864	203
908	203
989	203
1026	203
1054	203
1096	203
1109	203
1121	203
1161	203
1170	203
1230	203
1261	203
1305	203
1309	203
1341	203
1406	203
1419	203
276	204
349	204
309	205
556	205
681	205
702	205
863	205
938	205
970	205
978	205
1043	205
1092	205
222	207
473	207
485	207
643	207
650	207
708	207
1315	207
370	211
866	213
504	214
954	214
356	219
494	219
554	219
565	219
1252	219
1327	219
1418	219
295	220
535	220
1360	220
292	222
473	222
485	222
643	222
650	222
706	222
708	222
1073	222
1278	222
1315	222
326	223
334	223
576	223
587	223
592	223
789	223
888	223
934	223
1086	223
1120	223
1182	223
1309	223
1367	223
1388	223
1439	223
1477	228
1016	229
1277	229
668	240
808	240
758	244
1287	244
298	245
499	245
837	245
885	245
514	248
290	251
817	251
1105	251
1185	251
1232	251
1244	251
1341	251
1414	251
642	259
641	261
1361	261
939	264
382	265
403	265
512	265
574	265
654	265
1078	265
1134	265
1144	265
1159	265
1272	265
1342	265
1358	265
948	266
1309	266
1275	267
403	269
492	269
509	269
622	269
654	269
691	269
908	269
1144	269
1305	269
1411	269
682	272
831	272
1351	272
523	273
1222	273
1365	273
620	274
847	274
945	274
349	276
1218	276
285	278
291	278
353	278
624	278
630	278
666	278
1033	278
1060	278
1070	278
1123	278
1451	278
460	279
719	279
601	280
717	281
291	285
353	285
624	285
630	285
1033	285
1060	285
1070	285
1123	285
1451	285
990	286
817	290
1105	290
1185	290
1232	290
1244	290
1414	290
353	291
624	291
630	291
666	291
1123	291
1451	291
706	292
1073	292
1278	292
472	295
847	295
1360	295
337	296
424	296
553	296
920	296
926	296
1002	296
1042	296
1365	296
1418	296
1445	296
499	298
581	298
837	298
885	298
894	298
328	303
523	303
547	303
1365	303
1407	303
556	309
702	309
938	309
970	309
978	309
1043	309
1092	309
333	310
357	310
614	310
861	310
875	310
895	310
1022	310
1072	310
1108	310
1225	310
1326	310
432	311
484	311
524	311
709	311
1226	311
1386	311
1345	317
435	326
592	326
744	326
789	326
888	326
1182	326
1309	326
1439	326
593	327
812	327
874	327
929	327
972	327
1079	327
1206	327
1235	327
1487	327
873	328
876	328
915	328
1075	328
1407	328
650	332
357	333
614	333
861	333
875	333
895	333
1022	333
1072	333
1108	333
1225	333
1326	333
400	334
576	334
587	334
690	334
789	334
888	334
934	334
1009	334
1086	334
1164	334
1182	334
1439	334
1493	334
477	335
553	337
926	337
1002	337
1445	337
553	341
666	341
1184	341
1350	341
1458	341
452	345
863	345
931	345
1483	345
592	346
744	346
962	349
603	350
820	350
1391	350
624	353
666	353
1123	353
1451	353
554	356
565	356
1252	356
1327	356
1418	356
861	357
875	357
1022	357
1072	357
871	359
478	361
492	361
509	361
574	361
635	361
646	361
780	361
785	361
864	361
908	361
940	361
989	361
1026	361
1054	361
1109	361
1161	361
1305	361
1309	361
1419	361
1441	361
948	365
1341	365
1377	365
1092	366
1459	370
889	374
1056	374
1116	374
452	375
568	375
681	375
863	375
938	375
970	375
1333	375
1366	375
1507	375
656	377
1205	377
403	382
492	382
512	382
531	382
654	382
829	382
908	382
909	382
1027	382
1054	382
1078	382
1120	382
1134	382
1144	382
1159	382
1272	382
1305	382
1342	382
1358	382
1388	382
1398	382
1411	382
1419	382
1432	382
1441	382
507	383
525	383
1023	383
1307	383
945	384
887	385
716	386
1510	386
1058	388
1190	388
1497	389
428	392
613	392
809	392
1071	392
615	395
783	395
990	395
1468	398
492	399
646	399
1305	399
587	400
690	400
1086	400
1204	402
492	403
512	403
574	403
622	403
646	403
654	403
691	403
908	403
909	403
1007	403
1027	403
1078	403
1134	403
1144	403
1159	403
1272	403
1305	403
1342	403
1358	403
1398	403
1411	403
1419	403
1432	403
794	404
1269	408
491	410
519	410
653	410
1089	410
1209	410
1263	410
1335	410
1476	410
825	418
478	419
479	419
488	419
492	419
509	419
574	419
583	419
635	419
780	419
785	419
864	419
908	419
940	419
989	419
1026	419
1054	419
1096	419
1109	419
1161	419
1170	419
1230	419
1261	419
1305	419
1309	419
1349	419
1432	419
920	424
1418	424
1445	424
483	425
625	425
1057	425
1378	425
535	428
640	431
524	432
1226	432
674	433
878	433
1317	433
1321	433
592	435
940	437
1019	437
1109	437
965	439
902	445
1052	447
1154	447
1486	447
515	452
556	452
568	452
681	452
863	452
931	452
938	452
970	452
1043	452
1092	452
1114	452
1333	452
1366	452
1438	452
1483	452
1507	452
759	457
938	459
606	460
719	460
535	467
641	468
1075	468
1241	468
1361	468
535	472
847	472
945	472
485	473
643	473
650	473
708	473
1315	473
969	477
488	478
492	478
509	478
574	478
635	478
646	478
780	478
785	478
786	478
864	478
908	478
940	478
989	478
1026	478
1054	478
1096	478
1109	478
1161	478
1170	478
1230	478
1261	478
1279	478
1305	478
1309	478
1341	478
1423	478
1432	478
1441	478
488	479
509	479
574	479
583	479
780	479
836	479
1026	479
1109	479
1170	479
1261	479
625	483
1057	483
1378	483
524	484
709	484
1226	484
1386	484
643	485
650	485
708	485
1315	485
509	488
635	488
780	488
1026	488
1054	488
1109	488
1170	488
1230	488
1261	488
539	489
576	489
1012	489
1051	489
1103	489
1298	489
1304	489
519	491
653	491
1089	491
1209	491
1263	491
1335	491
1476	491
509	492
574	492
635	492
646	492
654	492
780	492
785	492
864	492
908	492
940	492
1026	492
1054	492
1096	492
1109	492
1144	492
1161	492
1182	492
1272	492
1305	492
1309	492
1341	492
1411	492
1441	492
554	494
1252	494
1327	494
1079	495
1352	495
581	499
837	499
885	499
894	499
954	504
525	507
1023	507
1307	507
574	509
583	509
635	509
639	509
646	509
654	509
780	509
785	509
864	509
908	509
989	509
990	509
1007	509
1026	509
1054	509
1096	509
1109	509
1161	509
1170	509
1230	509
1261	509
1305	509
1309	509
1388	509
1411	509
1432	509
1441	509
850	511
1502	511
654	512
691	512
909	512
1078	512
1134	512
1144	512
1159	512
1272	512
1305	512
1342	512
1358	512
1398	512
1411	512
1419	512
540	514
531	515
681	515
785	515
863	515
931	515
1182	515
1207	515
1305	515
1309	515
1367	515
1419	515
1483	515
653	519
1209	519
1263	519
1335	519
1476	519
873	523
1365	523
1407	523
709	524
1226	524
1386	524
1023	525
1307	525
1202	528
592	529
934	529
563	531
597	531
645	531
1045	531
1134	531
1283	531
1494	531
1507	531
712	535
847	535
945	535
1320	535
979	536
1031	537
1293	537
600	538
1012	539
1051	539
1298	539
1304	539
1514	541
704	544
1376	545
682	546
831	546
887	547
1254	547
1088	548
908	551
1300	551
926	553
1002	553
1184	553
1350	553
1445	553
1458	553
565	554
1252	554
1327	554
1418	554
681	556
702	556
863	556
938	556
970	556
978	556
1043	556
1092	556
1472	556
1507	556
1025	558
1357	558
1371	558
1385	561
1134	563
1199	563
1305	563
1252	565
1327	565
681	568
863	568
1366	568
1507	568
1139	571
1388	571
635	574
639	574
780	574
785	574
864	574
908	574
940	574
989	574
1017	574
1026	574
1054	574
1096	574
1109	574
1134	574
1159	574
1161	574
1170	574
1178	574
1182	574
1230	574
1261	574
1305	574
1309	574
1340	574
1341	574
1349	574
1411	574
1419	574
1423	574
1432	574
1441	574
587	576
789	576
934	576
959	576
1009	576
1086	576
1120	576
1134	576
1182	576
1298	576
1304	576
1305	576
1309	576
1388	576
1439	576
594	578
607	578
1208	578
1284	578
1290	578
837	581
780	583
1054	583
1109	583
1261	583
690	587
789	587
934	587
1086	587
1182	587
1388	587
1439	587
793	590
1227	590
1247	590
744	592
888	592
934	592
1009	592
1086	592
1109	592
1182	592
1309	592
1439	592
812	593
874	593
929	593
972	593
1026	593
1079	593
1206	593
1235	593
1336	593
1487	593
607	594
1208	594
1284	594
1290	594
1514	594
645	597
785	597
1092	597
1283	597
1341	597
820	603
1391	603
841	605
858	605
1208	607
1284	607
1290	607
687	609
1001	609
1142	609
809	613
945	613
861	614
875	614
895	614
1022	614
1108	614
783	615
990	615
1186	617
1250	617
1395	617
945	620
691	622
887	622
1144	622
1305	622
1411	622
653	624
666	624
1123	624
1209	624
1451	624
1057	625
1378	625
1033	630
1060	630
1070	630
1123	630
657	634
761	634
1514	634
780	635
785	635
864	635
908	635
989	635
1026	635
1054	635
1096	635
1109	635
1161	635
1261	635
1305	635
1309	635
1432	635
1441	635
865	638
785	639
864	639
989	639
1054	639
1121	639
1261	639
1309	639
1340	639
1075	641
1241	641
1361	641
650	643
708	643
1315	643
785	645
908	645
1092	645
1283	645
1309	645
1419	645
654	646
864	646
908	646
1109	646
1134	646
1161	646
1305	646
1309	646
1411	646
1432	646
1514	646
1318	647
708	650
1315	650
1089	653
1209	653
1263	653
1335	653
1476	653
691	654
908	654
909	654
1027	654
1078	654
1120	654
1134	654
1144	654
1159	654
1272	654
1305	654
1342	654
1358	654
1388	654
1398	654
1411	654
1419	654
1205	656
1224	656
962	657
1200	657
1123	666
1350	666
1407	666
1451	666
1458	666
808	668
1211	673
1304	674
1427	676
681	678
702	681
863	681
931	681
938	681
970	681
1043	681
1092	681
1114	681
1333	681
1366	681
1438	681
1483	681
1507	681
831	682
1351	682
955	685
1181	685
1001	687
789	690
934	690
1086	690
1439	690
1493	690
909	691
1078	691
1134	691
1144	691
1159	691
1272	691
1305	691
1342	691
1358	691
1411	691
823	694
1017	695
1045	695
1096	695
1352	695
800	698
1395	701
938	702
970	702
978	702
1043	702
1092	702
1472	702
1073	706
1278	706
945	708
1315	708
1226	709
1386	709
1130	710
1251	710
1458	710
1320	712
868	715
1510	716
884	717
835	731
1444	733
855	738
880	738
1179	738
1189	738
1489	738
1431	739
1506	743
1134	744
1115	745
1112	755
1287	758
1090	761
986	766
1363	766
1179	775
1215	775
1489	775
785	780
864	780
908	780
940	780
989	780
1026	780
1054	780
1096	780
1109	780
1161	780
1170	780
1230	780
1261	780
1305	780
1309	780
1341	780
1349	780
1432	780
1441	780
786	785
789	785
864	785
908	785
940	785
989	785
1026	785
1054	785
1090	785
1092	785
1109	785
1121	785
1161	785
1170	785
1283	785
1305	785
1309	785
1341	785
1406	785
1419	785
1432	785
864	786
1096	786
1305	786
1309	786
1087	788
888	789
934	789
1009	789
1086	789
1164	789
1182	789
1308	789
1309	789
1367	789
1388	789
1439	789
1493	789
829	797
1285	797
828	803
811	808
866	809
990	809
874	812
929	812
972	812
1079	812
1206	812
1235	812
1487	812
1105	817
1185	817
1232	817
1244	817
1414	817
1391	820
1414	824
1134	829
1159	829
1285	829
1398	829
1351	831
885	837
894	837
1339	839
858	841
918	841
1273	841
962	845
945	847
1327	847
1063	849
1448	849
1481	849
880	855
1179	855
1189	855
1489	855
875	861
895	861
1022	861
1072	861
1108	861
931	863
938	863
970	863
1043	863
1092	863
1114	863
1333	863
1366	863
1438	863
1483	863
1507	863
908	864
989	864
1007	864
1026	864
1054	864
1096	864
1109	864
1161	864
1170	864
1182	864
1230	864
1261	864
1305	864
1309	864
1423	864
1432	864
1441	864
918	866
1443	866
915	873
1075	873
1365	873
1407	873
929	874
972	874
1079	874
1206	874
1235	874
1487	874
895	875
1022	875
1072	875
1108	875
915	876
1075	876
1179	880
1189	880
1489	880
975	881
1355	881
1446	881
1095	887
1254	887
934	888
1009	888
1086	888
1182	888
1309	888
1056	889
1116	889
1022	895
1072	895
1108	895
1326	895
1214	897
1221	898
1499	898
909	908
949	908
1017	908
1026	908
1054	908
1096	908
1109	908
1134	908
1144	908
1159	908
1161	908
1178	908
1182	908
1230	908
1272	908
1279	908
1305	908
1309	908
1342	908
1358	908
1388	908
1398	908
1411	908
1419	908
1432	908
1441	908
1027	909
1078	909
1134	909
1144	909
1159	909
1272	909
1305	909
1342	909
1358	909
1411	909
1419	909
1432	909
1075	915
1407	915
962	918
1273	918
1418	920
1445	920
1042	926
1445	926
972	929
1079	929
1206	929
1235	929
1487	929
938	931
1092	931
1114	931
1438	931
1483	931
1009	934
1086	934
1182	934
1388	934
1439	934
1493	934
1516	935
970	938
978	938
1043	938
1092	938
1114	938
1333	938
1366	938
1438	938
1507	938
1026	940
1054	940
1161	940
1178	940
1305	940
1309	940
1432	940
1071	945
1327	945
1377	948
1272	949
1419	949
1510	954
1181	955
994	961
1273	962
1419	962
978	970
1043	970
1092	970
1333	970
1366	970
1438	970
1472	970
1507	970
1026	972
1079	972
1206	972
1235	972
1487	972
989	973
1355	975
1446	975
1353	976
1043	978
1092	978
1124	986
1026	989
1054	989
1109	989
1161	989
1182	989
1230	989
1260	989
1441	989
1142	1001
1236	1003
1305	1007
1304	1008
1086	1009
1182	1009
1439	1009
1493	1009
1298	1012
1304	1012
1045	1017
1054	1017
1134	1017
1419	1017
1432	1017
1072	1022
1108	1022
1225	1022
1326	1022
1307	1023
1357	1025
1054	1026
1079	1026
1096	1026
1109	1026
1134	1026
1161	1026
1170	1026
1182	1026
1230	1026
1261	1026
1305	1026
1309	1026
1419	1026
1432	1026
1441	1026
1078	1027
1134	1027
1159	1027
1272	1027
1305	1027
1342	1027
1411	1027
1419	1027
1432	1027
1501	1027
1060	1033
1070	1033
1123	1033
1309	1037
1445	1042
1092	1043
1438	1043
1507	1043
1283	1045
1305	1045
1432	1045
1298	1051
1304	1051
1154	1052
1486	1052
1096	1054
1109	1054
1134	1054
1144	1054
1159	1054
1161	1054
1170	1054
1178	1054
1230	1054
1261	1054
1279	1054
1305	1054
1309	1054
1341	1054
1349	1054
1411	1054
1423	1054
1432	1054
1441	1054
1116	1056
1378	1057
1190	1058
1393	1059
1070	1060
1123	1060
1457	1062
1448	1063
1481	1063
1418	1066
1071	1068
1123	1070
1327	1071
1108	1072
1225	1072
1326	1072
1278	1073
1241	1075
1361	1075
1418	1075
1120	1078
1134	1078
1144	1078
1159	1078
1272	1078
1305	1078
1342	1078
1358	1078
1398	1078
1411	1078
1235	1079
1352	1079
1273	1083
1164	1086
1182	1086
1309	1086
1388	1086
1439	1086
1493	1086
1209	1089
1263	1089
1335	1089
1476	1089
1309	1090
1514	1090
1283	1092
1438	1092
1109	1096
1161	1096
1230	1096
1305	1096
1309	1096
1341	1096
1423	1096
1432	1096
1298	1103
1304	1103
1185	1105
1232	1105
1244	1105
1414	1105
1449	1107
1161	1109
1170	1109
1182	1109
1230	1109
1261	1109
1305	1109
1309	1109
1432	1109
1441	1109
1483	1114
1134	1120
1159	1120
1182	1120
1272	1120
1342	1120
1358	1120
1388	1120
1451	1123
1251	1130
1144	1134
1159	1134
1161	1134
1182	1134
1272	1134
1279	1134
1305	1134
1309	1134
1342	1134
1358	1134
1388	1134
1398	1134
1411	1134
1419	1134
1432	1134
1441	1134
1392	1139
1159	1144
1272	1144
1305	1144
1342	1144
1358	1144
1398	1144
1411	1144
1419	1144
1486	1154
1510	1155
1272	1159
1305	1159
1342	1159
1358	1159
1398	1159
1411	1159
1419	1159
1432	1159
1441	1159
1170	1161
1230	1161
1260	1161
1261	1161
1279	1161
1305	1161
1309	1161
1341	1161
1423	1161
1432	1161
1441	1161
1493	1164
1230	1170
1261	1170
1305	1170
1309	1170
1474	1170
1502	1175
1305	1178
1189	1179
1215	1179
1489	1179
1305	1182
1309	1182
1367	1182
1388	1182
1406	1182
1432	1182
1439	1182
1493	1182
1350	1184
1458	1184
1232	1185
1414	1185
1489	1189
1302	1199
1434	1199
1224	1205
1235	1206
1336	1206
1487	1206
1242	1208
1284	1208
1290	1208
1263	1209
1335	1209
1476	1209
1489	1215
1499	1221
1386	1226
1247	1227
1279	1230
1305	1230
1309	1230
1341	1230
1342	1230
1419	1230
1244	1232
1341	1232
1414	1232
1487	1235
1361	1241
1418	1241
1284	1242
1290	1242
1414	1244
1280	1245
1395	1250
1458	1251
1327	1252
1418	1252
1305	1261
1309	1261
1335	1263
1476	1263
1491	1271
1305	1272
1342	1272
1358	1272
1388	1272
1398	1272
1411	1272
1419	1272
1432	1272
1305	1279
1342	1279
1423	1279
1432	1279
1359	1283
1290	1284
1304	1298
1309	1305
1342	1305
1358	1305
1388	1305
1398	1305
1411	1305
1419	1305
1423	1305
1432	1305
1441	1305
1514	1305
1493	1308
1367	1309
1388	1309
1406	1309
1419	1309
1432	1309
1439	1309
1441	1309
1321	1317
1445	1320
1418	1327
1438	1333
1507	1333
1476	1335
1377	1341
1406	1341
1414	1341
1358	1342
1398	1342
1411	1342
1419	1342
1458	1350
1446	1355
1497	1357
1398	1358
1411	1358
1419	1358
1432	1358
1407	1365
1438	1366
1507	1366
1493	1367
1398	1388
1419	1388
1439	1388
1440	1395
1411	1398
1432	1398
1419	1411
1432	1411
1445	1418
1432	1419
1441	1432
1483	1438
1507	1438
1493	1439
1481	1448
