2	772
3	369
3	675
5	37
5	90
5	103
5	185
5	186
5	439
5	457
5	459
5	505
5	621
5	639
5	669
5	736
5	825
9	51
9	191
9	379
12	586
13	296
13	591
15	33
15	58
15	71
15	80
15	90
15	115
15	167
15	172
15	222
15	323
15	390
15	428
15	500
15	515
15	524
15	527
15	559
15	627
15	663
15	707
15	737
15	744
15	795
15	810
15	819
15	839
16	731
18	776
19	34
19	107
19	178
19	233
19	316
19	384
19	518
19	572
20	30
20	33
20	53
20	76
20	101
20	103
20	104
20	124
20	192
20	264
20	277
20	288
20	354
20	360
20	409
20	457
20	505
20	507
20	519
20	575
20	576
20	588
20	625
20	632
20	657
20	669
20	692
20	712
20	736
20	737
20	791
23	139
23	157
23	166
23	171
23	190
23	340
23	422
23	477
23	484
23	497
23	548
23	573
23	582
23	604
23	683
23	689
24	851
25	134
28	176
28	279
28	636
28	792
28	807
30	53
30	101
30	103
30	104
30	192
30	264
30	277
30	288
30	354
30	453
30	457
30	507
30	575
30	576
30	588
30	625
30	657
30	692
30	712
30	736
30	737
33	58
33	71
33	76
33	90
33	99
33	104
33	115
33	124
33	167
33	177
33	185
33	192
33	216
33	264
33	354
33	360
33	409
33	439
33	457
33	459
33	505
33	507
33	559
33	575
33	576
33	588
33	625
33	627
33	632
33	636
33	657
33	663
33	669
33	736
33	737
33	753
33	791
33	798
33	810
34	107
34	178
34	233
34	316
34	384
34	504
34	518
34	809
35	498
35	589
36	384
36	504
37	186
37	216
37	621
37	639
37	737
37	825
38	146
38	346
38	626
38	629
39	192
39	361
39	736
40	691
40	719
40	757
43	303
45	90
45	130
45	459
45	505
45	507
45	608
45	627
45	636
45	713
45	736
45	798
48	116
48	129
48	270
48	307
48	393
48	417
48	449
48	681
48	706
48	756
48	758
48	775
48	797
48	820
48	835
48	850
50	763
53	76
53	101
53	103
53	104
53	185
53	192
53	264
53	277
53	288
53	354
53	360
53	457
53	575
53	576
53	625
53	632
53	657
53	669
53	736
55	334
58	90
58	99
58	115
58	459
58	524
58	663
58	669
58	673
58	737
58	810
58	819
58	839
60	170
60	366
60	368
60	679
60	749
64	139
64	157
64	166
64	171
64	573
64	604
64	683
70	279
70	478
70	636
70	792
71	90
71	115
71	167
71	222
71	459
71	500
71	521
71	524
71	527
71	627
71	636
71	663
71	810
71	839
72	123
72	451
72	549
73	209
76	90
76	101
76	103
76	104
76	115
76	185
76	192
76	264
76	277
76	288
76	354
76	360
76	409
76	439
76	457
76	505
76	507
76	519
76	575
76	576
76	588
76	619
76	625
76	632
76	657
76	663
76	669
76	692
76	693
76	736
76	737
76	753
76	759
76	791
76	799
77	109
77	317
77	327
77	336
77	372
77	709
79	169
79	407
79	485
79	601
79	605
79	614
80	90
80	115
80	172
80	222
80	323
80	390
80	423
80	428
80	459
80	500
80	515
80	524
80	527
80	663
80	744
80	795
80	810
80	819
80	839
87	243
87	797
87	813
88	242
90	103
90	104
90	115
90	130
90	167
90	172
90	222
90	264
90	282
90	323
90	409
90	428
90	439
90	459
90	500
90	505
90	507
90	515
90	521
90	524
90	527
90	588
90	627
90	636
90	639
90	663
90	716
90	736
90	737
90	754
90	771
90	795
90	798
90	810
90	839
91	362
94	516
95	401
95	694
96	259
96	427
97	830
98	523
99	311
99	459
99	673
99	737
99	819
100	787
101	103
101	104
101	124
101	138
101	185
101	192
101	264
101	277
101	288
101	318
101	354
101	409
101	439
101	457
101	505
101	507
101	559
101	576
101	588
101	625
101	632
101	657
101	692
101	712
101	736
101	737
101	759
101	791
101	798
101	828
103	104
103	124
103	185
103	192
103	264
103	277
103	288
103	318
103	354
103	360
103	361
103	392
103	409
103	439
103	457
103	459
103	478
103	505
103	507
103	575
103	576
103	588
103	619
103	625
103	632
103	636
103	657
103	669
103	692
103	713
103	716
103	736
103	737
103	759
103	791
103	792
104	185
104	192
104	232
104	264
104	277
104	282
104	288
104	304
104	354
104	360
104	409
104	439
104	457
104	459
104	505
104	507
104	575
104	576
104	588
104	619
104	625
104	628
104	632
104	657
104	669
104	692
104	712
104	736
104	737
104	753
104	798
107	178
107	316
107	384
107	518
107	809
109	317
109	327
109	336
109	372
109	709
111	119
115	167
115	172
115	222
115	323
115	428
115	459
115	500
115	515
115	524
115	527
115	627
115	663
115	707
115	737
115	771
115	795
115	810
115	839
116	129
116	417
116	756
116	758
116	835
116	850
121	375
121	521
121	640
123	451
123	549
124	185
124	192
124	277
124	288
124	360
124	409
124	457
124	459
124	505
124	507
124	575
124	576
124	588
124	625
124	632
124	636
124	669
124	692
124	713
124	736
124	737
124	791
125	424
125	727
129	417
129	758
129	850
130	135
130	241
130	279
130	318
130	409
130	478
130	503
130	505
130	506
130	507
130	541
130	608
130	627
130	636
130	692
130	713
130	716
130	736
130	754
130	792
130	798
135	241
135	279
135	503
135	608
135	636
135	716
135	754
137	718
138	230
138	264
138	275
138	277
138	318
138	391
138	505
138	514
138	670
138	702
138	736
138	792
139	157
139	166
139	171
139	182
139	190
139	340
139	422
139	477
139	484
139	497
139	548
139	573
139	582
139	604
139	683
140	286
140	769
141	587
141	643
143	333
146	346
146	626
146	629
149	632
153	269
153	496
156	518
157	166
157	171
157	182
157	190
157	340
157	422
157	477
157	484
157	497
157	548
157	573
157	582
157	604
157	683
157	689
158	229
158	260
158	399
158	690
162	652
164	475
165	645
165	846
166	171
166	182
166	190
166	340
166	422
166	477
166	484
166	497
166	548
166	573
166	582
166	604
166	668
166	683
167	459
167	524
167	663
167	737
167	795
167	810
167	839
169	407
169	482
169	485
169	601
169	605
169	614
170	366
170	368
170	679
170	749
171	182
171	190
171	340
171	422
171	477
171	484
171	497
171	548
171	573
171	582
171	604
171	683
171	689
172	181
172	222
172	323
172	390
172	423
172	428
172	500
172	515
172	524
172	527
172	663
172	744
172	795
172	810
172	819
172	839
175	285
175	330
175	339
175	401
175	476
175	665
175	694
175	700
176	807
178	233
178	316
178	384
178	518
181	323
181	390
181	428
181	795
182	309
182	477
182	484
182	573
182	582
182	604
184	282
184	384
184	504
184	809
185	192
185	264
185	277
185	288
185	354
185	360
185	361
185	409
185	439
185	457
185	505
185	519
185	575
185	576
185	588
185	625
185	632
185	669
185	736
185	737
185	798
186	621
186	639
186	753
186	825
187	268
190	340
190	422
190	477
190	484
190	497
190	573
190	582
190	604
190	683
190	689
191	379
192	264
192	277
192	288
192	354
192	360
192	409
192	439
192	457
192	459
192	505
192	507
192	519
192	565
192	575
192	576
192	588
192	619
192	625
192	632
192	636
192	657
192	661
192	669
192	692
192	712
192	716
192	736
192	737
192	791
192	792
195	369
195	675
199	522
203	528
203	667
205	300
205	664
205	823
206	227
206	363
206	603
208	437
208	555
214	444
216	312
216	531
216	621
216	639
216	765
216	825
217	281
222	323
222	390
222	428
222	500
222	515
222	524
222	527
222	663
222	737
222	795
222	810
222	819
222	839
227	292
227	457
227	553
227	575
229	690
230	391
230	512
230	551
230	608
230	636
230	702
230	736
230	792
232	519
232	625
233	384
235	501
237	321
237	592
238	262
238	395
239	268
239	282
239	724
241	279
241	318
241	391
241	478
241	503
241	506
241	608
241	636
241	716
241	736
241	754
241	792
241	798
243	797
243	813
247	528
250	605
250	699
260	399
260	690
262	395
262	591
262	726
263	416
264	277
264	288
264	304
264	318
264	354
264	360
264	361
264	409
264	439
264	457
264	505
264	507
264	519
264	551
264	559
264	575
264	576
264	588
264	619
264	625
264	632
264	663
264	716
264	736
264	737
264	753
264	792
266	270
266	393
266	706
267	609
267	761
268	411
268	439
268	521
268	724
269	496
270	307
270	393
270	706
270	756
270	758
270	797
273	547
274	287
274	684
275	505
275	625
275	736
277	288
277	354
277	360
277	361
277	409
277	439
277	457
277	459
277	478
277	505
277	507
277	551
277	555
277	565
277	575
277	576
277	588
277	619
277	625
277	632
277	657
277	669
277	692
277	693
277	712
277	736
277	737
277	791
277	792
279	318
279	391
279	478
279	503
279	506
279	541
279	608
279	636
279	716
279	736
279	754
279	792
279	798
282	384
282	439
282	459
282	504
282	527
282	663
282	736
282	737
282	771
282	798
285	330
285	339
285	401
285	460
285	476
285	665
285	694
285	700
285	753
286	407
286	482
286	769
287	684
288	354
288	360
288	409
288	439
288	457
288	505
288	507
288	565
288	576
288	588
288	625
288	632
288	636
288	657
288	669
288	712
288	736
288	737
288	792
288	798
290	515
290	524
292	402
292	464
292	522
300	664
300	813
300	823
303	773
304	457
307	393
307	706
312	765
316	384
316	518
316	809
317	327
317	336
317	372
317	709
318	391
318	505
318	506
318	507
318	514
318	608
318	636
318	670
318	702
318	716
318	736
318	754
318	792
318	798
321	592
323	390
323	428
323	500
323	515
323	524
323	527
323	663
323	795
323	810
323	839
326	360
326	483
326	576
326	609
326	676
326	750
327	336
327	372
327	709
330	401
330	476
330	665
330	694
331	492
331	738
336	372
336	709
339	401
339	460
339	476
339	665
339	694
339	700
340	422
340	477
340	484
340	497
340	548
340	573
340	582
340	683
343	656
344	522
346	366
346	626
346	629
346	679
347	418
347	805
348	490
348	585
354	360
354	409
354	439
354	457
354	505
354	575
354	576
354	588
354	619
354	625
354	632
354	669
354	712
354	736
354	737
354	791
360	409
360	439
360	457
360	459
360	483
360	505
360	507
360	575
360	576
360	588
360	619
360	625
360	632
360	669
360	736
360	737
360	791
361	459
361	505
361	559
361	625
361	636
361	702
361	736
361	737
361	792
363	522
366	368
366	679
366	749
368	679
368	749
369	675
372	709
375	507
375	521
384	504
384	518
384	809
388	530
390	428
390	500
390	515
390	524
390	527
390	795
390	810
390	839
391	503
391	506
391	514
391	608
391	636
391	670
391	702
391	716
391	736
391	754
391	792
392	586
392	619
392	761
393	706
393	756
393	758
393	797
395	472
395	591
395	726
399	690
401	476
401	654
401	665
401	694
401	700
407	482
407	485
407	601
407	605
407	614
407	769
409	439
409	457
409	459
409	505
409	507
409	527
409	575
409	576
409	583
409	588
409	619
409	625
409	632
409	636
409	657
409	663
409	669
409	692
409	713
409	716
409	736
409	737
409	753
409	754
409	798
409	799
415	812
417	758
417	835
417	850
418	805
422	477
422	484
422	497
422	548
422	573
422	582
422	604
422	683
423	428
423	515
424	727
428	500
428	515
428	524
428	527
428	663
428	795
428	810
428	839
431	650
438	490
438	585
439	457
439	459
439	505
439	507
439	519
439	521
439	527
439	575
439	576
439	581
439	588
439	616
439	625
439	628
439	632
439	657
439	669
439	724
439	736
439	737
439	753
439	798
439	800
443	447
445	462
445	725
449	681
449	756
449	758
449	775
449	820
449	835
451	549
457	459
457	505
457	507
457	527
457	575
457	576
457	588
457	616
457	619
457	625
457	628
457	632
457	657
457	663
457	669
457	692
457	693
457	712
457	736
457	737
457	753
457	791
457	798
457	819
458	731
459	505
459	507
459	519
459	521
459	524
459	527
459	559
459	575
459	586
459	588
459	616
459	627
459	632
459	636
459	663
459	669
459	736
459	737
459	753
459	791
459	798
459	810
459	839
462	636
462	725
464	514
464	603
471	536
472	580
476	665
476	694
476	700
476	753
477	484
477	497
477	548
477	573
477	582
477	604
477	683
478	505
478	506
478	507
478	526
478	541
478	608
478	636
478	716
478	736
478	754
478	792
478	798
482	605
482	614
482	769
483	609
483	676
484	497
484	548
484	573
484	582
484	604
484	683
485	601
485	605
485	614
488	552
488	630
490	585
492	738
497	548
497	573
497	582
497	604
497	683
498	589
500	515
500	524
500	527
500	663
500	795
500	810
500	839
503	506
503	608
503	632
503	636
503	716
503	736
503	754
503	792
504	518
504	809
505	506
505	507
505	526
505	575
505	576
505	588
505	619
505	625
505	632
505	636
505	661
505	663
505	669
505	692
505	713
505	716
505	736
505	737
505	754
505	791
505	792
505	798
506	507
506	608
506	636
506	713
506	716
506	736
506	754
506	792
506	798
507	526
507	576
507	588
507	625
507	627
507	632
507	636
507	657
507	663
507	669
507	692
507	712
507	713
507	716
507	736
507	737
507	753
507	754
507	791
507	792
507	798
509	536
512	551
512	702
512	792
514	522
514	603
514	670
514	702
514	792
515	524
515	527
515	663
515	744
515	795
515	810
515	819
515	836
515	839
518	809
519	576
519	588
519	632
519	661
519	736
519	737
521	527
521	627
521	636
521	640
521	736
522	603
524	527
524	663
524	737
524	744
524	771
524	795
524	810
524	839
526	713
526	716
526	798
527	576
527	627
527	636
527	663
527	737
527	771
527	795
527	810
527	839
528	667
535	841
536	741
536	798
537	656
538	657
541	608
541	636
541	716
541	736
541	754
541	792
548	573
548	582
548	604
548	683
551	702
551	736
551	792
552	630
559	583
559	616
559	625
559	673
559	724
559	737
562	641
562	790
565	575
565	736
573	582
573	604
573	683
573	689
575	576
575	588
575	625
575	632
575	657
575	669
575	692
575	712
575	736
575	737
575	791
576	588
576	609
576	619
576	625
576	632
576	636
576	657
576	663
576	669
576	692
576	712
576	713
576	736
576	737
576	791
576	798
578	683
581	588
581	737
581	753
582	604
582	668
582	683
583	737
586	724
586	736
587	643
588	619
588	625
588	632
588	636
588	657
588	663
588	669
588	692
588	712
588	736
588	737
588	753
588	791
591	726
599	635
601	605
601	614
604	683
604	689
605	614
605	699
605	797
607	687
608	627
608	636
608	716
608	736
608	754
608	792
609	761
610	697
610	705
610	823
611	691
611	719
616	737
619	625
619	632
619	669
619	692
619	736
619	737
619	753
619	791
619	799
621	639
621	753
621	825
625	632
625	657
625	663
625	669
625	692
625	693
625	712
625	736
625	737
626	629
627	636
627	663
627	713
627	716
627	754
627	795
628	669
632	636
632	657
632	669
632	692
632	693
632	712
632	713
632	716
632	736
632	737
632	753
632	754
632	759
632	791
632	792
632	798
636	663
636	713
636	716
636	736
636	737
636	754
636	792
636	798
639	753
639	825
641	790
645	846
657	669
657	692
657	712
657	736
657	737
657	791
657	800
657	828
661	736
663	669
663	736
663	737
663	771
663	791
663	795
663	810
663	839
664	823
665	694
669	692
669	712
669	736
669	737
669	791
669	798
670	702
670	736
670	792
673	744
673	819
676	750
679	749
681	756
681	758
681	775
681	820
681	835
683	689
691	719
691	757
692	736
692	737
692	753
692	754
692	791
692	798
694	700
694	753
697	705
697	823
699	797
702	736
702	792
702	798
705	823
706	756
706	758
706	797
707	810
712	736
712	737
712	791
713	716
713	736
713	754
713	798
716	736
716	754
716	792
716	798
719	757
724	767
736	737
736	754
736	791
736	792
736	798
736	799
737	771
737	791
737	795
737	798
737	810
737	839
744	795
744	819
753	791
753	825
754	792
754	798
756	758
756	775
756	820
756	835
756	850
758	775
758	797
758	820
758	835
758	850
771	795
775	820
775	835
792	798
795	810
795	819
795	839
797	813
810	836
810	839
819	839
820	835
835	850
772	2
369	3
675	3
37	5
90	5
103	5
185	5
186	5
439	5
457	5
459	5
505	5
621	5
639	5
669	5
736	5
825	5
51	9
191	9
379	9
586	12
296	13
591	13
33	15
58	15
71	15
80	15
90	15
115	15
167	15
172	15
222	15
323	15
390	15
428	15
500	15
515	15
524	15
527	15
559	15
627	15
663	15
707	15
737	15
744	15
795	15
810	15
819	15
839	15
731	16
776	18
34	19
107	19
178	19
233	19
316	19
384	19
518	19
572	19
30	20
33	20
53	20
76	20
101	20
103	20
104	20
124	20
192	20
264	20
277	20
288	20
354	20
360	20
409	20
457	20
505	20
507	20
519	20
575	20
576	20
588	20
625	20
632	20
657	20
669	20
692	20
712	20
736	20
737	20
791	20
139	23
157	23
166	23
171	23
190	23
340	23
422	23
477	23
484	23
497	23
548	23
573	23
582	23
604	23
683	23
689	23
851	24
134	25
176	28
279	28
636	28
792	28
807	28
53	30
101	30
103	30
104	30
192	30
264	30
277	30
288	30
354	30
453	30
457	30
507	30
575	30
576	30
588	30
625	30
657	30
692	30
712	30
736	30
737	30
58	33
71	33
76	33
90	33
99	33
104	33
115	33
124	33
167	33
177	33
185	33
192	33
216	33
264	33
354	33
360	33
409	33
439	33
457	33
459	33
505	33
507	33
559	33
575	33
576	33
588	33
625	33
627	33
632	33
636	33
657	33
663	33
669	33
736	33
737	33
753	33
791	33
798	33
810	33
107	34
178	34
233	34
316	34
384	34
504	34
518	34
809	34
498	35
589	35
384	36
504	36
186	37
216	37
621	37
639	37
737	37
825	37
146	38
346	38
626	38
629	38
192	39
361	39
736	39
691	40
719	40
757	40
303	43
90	45
130	45
459	45
505	45
507	45
608	45
627	45
636	45
713	45
736	45
798	45
116	48
129	48
270	48
307	48
393	48
417	48
449	48
681	48
706	48
756	48
758	48
775	48
797	48
820	48
835	48
850	48
763	50
76	53
101	53
103	53
104	53
185	53
192	53
264	53
277	53
288	53
354	53
360	53
457	53
575	53
576	53
625	53
632	53
657	53
669	53
736	53
334	55
90	58
99	58
115	58
459	58
524	58
663	58
669	58
673	58
737	58
810	58
819	58
839	58
170	60
366	60
368	60
679	60
749	60
139	64
157	64
166	64
171	64
573	64
604	64
683	64
279	70
478	70
636	70
792	70
90	71
115	71
167	71
222	71
459	71
500	71
521	71
524	71
527	71
627	71
636	71
663	71
810	71
839	71
123	72
451	72
549	72
209	73
90	76
101	76
103	76
104	76
115	76
185	76
192	76
264	76
277	76
288	76
354	76
360	76
409	76
439	76
457	76
505	76
507	76
519	76
575	76
576	76
588	76
619	76
625	76
632	76
657	76
663	76
669	76
692	76
693	76
736	76
737	76
753	76
759	76
791	76
799	76
109	77
317	77
327	77
336	77
372	77
709	77
169	79
407	79
485	79
601	79
605	79
614	79
90	80
115	80
172	80
222	80
323	80
390	80
423	80
428	80
459	80
500	80
515	80
524	80
527	80
663	80
744	80
795	80
810	80
819	80
839	80
243	87
797	87
813	87
242	88
103	90
104	90
115	90
130	90
167	90
172	90
222	90
264	90
282	90
323	90
409	90
428	90
439	90
459	90
500	90
505	90
507	90
515	90
521	90
524	90
527	90
588	90
627	90
636	90
639	90
663	90
716	90
736	90
737	90
754	90
771	90
795	90
798	90
810	90
839	90
362	91
516	94
401	95
694	95
259	96
427	96
830	97
523	98
311	99
459	99
673	99
737	99
819	99
787	100
103	101
104	101
124	101
138	101
185	101
192	101
264	101
277	101
288	101
318	101
354	101
409	101
439	101
457	101
505	101
507	101
559	101
576	101
588	101
625	101
632	101
657	101
692	101
712	101
736	101
737	101
759	101
791	101
798	101
828	101
104	103
124	103
185	103
192	103
264	103
277	103
288	103
318	103
354	103
360	103
361	103
392	103
409	103
439	103
457	103
459	103
478	103
505	103
507	103
575	103
576	103
588	103
619	103
625	103
632	103
636	103
657	103
669	103
692	103
713	103
716	103
736	103
737	103
759	103
791	103
792	103
185	104
192	104
232	104
264	104
277	104
282	104
288	104
304	104
354	104
360	104
409	104
439	104
457	104
459	104
505	104
507	104
575	104
576	104
588	104
619	104
625	104
628	104
632	104
657	104
669	104
692	104
712	104
736	104
737	104
753	104
798	104
178	107
316	107
384	107
518	107
809	107
317	109
327	109
336	109
372	109
709	109
119	111
167	115
172	115
222	115
323	115
428	115
459	115
500	115
515	115
524	115
527	115
627	115
663	115
707	115
737	115
771	115
795	115
810	115
839	115
129	116
417	116
756	116
758	116
835	116
850	116
375	121
521	121
640	121
451	123
549	123
185	124
192	124
277	124
288	124
360	124
409	124
457	124
459	124
505	124
507	124
575	124
576	124
588	124
625	124
632	124
636	124
669	124
692	124
713	124
736	124
737	124
791	124
424	125
727	125
417	129
758	129
850	129
135	130
241	130
279	130
318	130
409	130
478	130
503	130
505	130
506	130
507	130
541	130
608	130
627	130
636	130
692	130
713	130
716	130
736	130
754	130
792	130
798	130
241	135
279	135
503	135
608	135
636	135
716	135
754	135
718	137
230	138
264	138
275	138
277	138
318	138
391	138
505	138
514	138
670	138
702	138
736	138
792	138
157	139
166	139
171	139
182	139
190	139
340	139
422	139
477	139
484	139
497	139
548	139
573	139
582	139
604	139
683	139
286	140
769	140
587	141
643	141
333	143
346	146
626	146
629	146
632	149
269	153
496	153
518	156
166	157
171	157
182	157
190	157
340	157
422	157
477	157
484	157
497	157
548	157
573	157
582	157
604	157
683	157
689	157
229	158
260	158
399	158
690	158
652	162
475	164
645	165
846	165
171	166
182	166
190	166
340	166
422	166
477	166
484	166
497	166
548	166
573	166
582	166
604	166
668	166
683	166
459	167
524	167
663	167
737	167
795	167
810	167
839	167
407	169
482	169
485	169
601	169
605	169
614	169
366	170
368	170
679	170
749	170
182	171
190	171
340	171
422	171
477	171
484	171
497	171
548	171
573	171
582	171
604	171
683	171
689	171
181	172
222	172
323	172
390	172
423	172
428	172
500	172
515	172
524	172
527	172
663	172
744	172
795	172
810	172
819	172
839	172
285	175
330	175
339	175
401	175
476	175
665	175
694	175
700	175
807	176
233	178
316	178
384	178
518	178
323	181
390	181
428	181
795	181
309	182
477	182
484	182
573	182
582	182
604	182
282	184
384	184
504	184
809	184
192	185
264	185
277	185
288	185
354	185
360	185
361	185
409	185
439	185
457	185
505	185
519	185
575	185
576	185
588	185
625	185
632	185
669	185
736	185
737	185
798	185
621	186
639	186
753	186
825	186
268	187
340	190
422	190
477	190
484	190
497	190
573	190
582	190
604	190
683	190
689	190
379	191
264	192
277	192
288	192
354	192
360	192
409	192
439	192
457	192
459	192
505	192
507	192
519	192
565	192
575	192
576	192
588	192
619	192
625	192
632	192
636	192
657	192
661	192
669	192
692	192
712	192
716	192
736	192
737	192
791	192
792	192
369	195
675	195
522	199
528	203
667	203
300	205
664	205
823	205
227	206
363	206
603	206
437	208
555	208
444	214
312	216
531	216
621	216
639	216
765	216
825	216
281	217
323	222
390	222
428	222
500	222
515	222
524	222
527	222
663	222
737	222
795	222
810	222
819	222
839	222
292	227
457	227
553	227
575	227
690	229
391	230
512	230
551	230
608	230
636	230
702	230
736	230
792	230
519	232
625	232
384	233
501	235
321	237
592	237
262	238
395	238
268	239
282	239
724	239
279	241
318	241
391	241
478	241
503	241
506	241
608	241
636	241
716	241
736	241
754	241
792	241
798	241
797	243
813	243
528	247
605	250
699	250
399	260
690	260
395	262
591	262
726	262
416	263
277	264
288	264
304	264
318	264
354	264
360	264
361	264
409	264
439	264
457	264
505	264
507	264
519	264
551	264
559	264
575	264
576	264
588	264
619	264
625	264
632	264
663	264
716	264
736	264
737	264
753	264
792	264
270	266
393	266
706	266
609	267
761	267
411	268
439	268
521	268
724	268
496	269
307	270
393	270
706	270
756	270
758	270
797	270
547	273
287	274
684	274
505	275
625	275
736	275
288	277
354	277
360	277
361	277
409	277
439	277
457	277
459	277
478	277
505	277
507	277
551	277
555	277
565	277
575	277
576	277
588	277
619	277
625	277
632	277
657	277
669	277
692	277
693	277
712	277
736	277
737	277
791	277
792	277
318	279
391	279
478	279
503	279
506	279
541	279
608	279
636	279
716	279
736	279
754	279
792	279
798	279
384	282
439	282
459	282
504	282
527	282
663	282
736	282
737	282
771	282
798	282
330	285
339	285
401	285
460	285
476	285
665	285
694	285
700	285
753	285
407	286
482	286
769	286
684	287
354	288
360	288
409	288
439	288
457	288
505	288
507	288
565	288
576	288
588	288
625	288
632	288
636	288
657	288
669	288
712	288
736	288
737	288
792	288
798	288
515	290
524	290
402	292
464	292
522	292
664	300
813	300
823	300
773	303
457	304
393	307
706	307
765	312
384	316
518	316
809	316
327	317
336	317
372	317
709	317
391	318
505	318
506	318
507	318
514	318
608	318
636	318
670	318
702	318
716	318
736	318
754	318
792	318
798	318
592	321
390	323
428	323
500	323
515	323
524	323
527	323
663	323
795	323
810	323
839	323
360	326
483	326
576	326
609	326
676	326
750	326
336	327
372	327
709	327
401	330
476	330
665	330
694	330
492	331
738	331
372	336
709	336
401	339
460	339
476	339
665	339
694	339
700	339
422	340
477	340
484	340
497	340
548	340
573	340
582	340
683	340
656	343
522	344
366	346
626	346
629	346
679	346
418	347
805	347
490	348
585	348
360	354
409	354
439	354
457	354
505	354
575	354
576	354
588	354
619	354
625	354
632	354
669	354
712	354
736	354
737	354
791	354
409	360
439	360
457	360
459	360
483	360
505	360
507	360
575	360
576	360
588	360
619	360
625	360
632	360
669	360
736	360
737	360
791	360
459	361
505	361
559	361
625	361
636	361
702	361
736	361
737	361
792	361
522	363
368	366
679	366
749	366
679	368
749	368
675	369
709	372
507	375
521	375
504	384
518	384
809	384
530	388
428	390
500	390
515	390
524	390
527	390
795	390
810	390
839	390
503	391
506	391
514	391
608	391
636	391
670	391
702	391
716	391
736	391
754	391
792	391
586	392
619	392
761	392
706	393
756	393
758	393
797	393
472	395
591	395
726	395
690	399
476	401
654	401
665	401
694	401
700	401
482	407
485	407
601	407
605	407
614	407
769	407
439	409
457	409
459	409
505	409
507	409
527	409
575	409
576	409
583	409
588	409
619	409
625	409
632	409
636	409
657	409
663	409
669	409
692	409
713	409
716	409
736	409
737	409
753	409
754	409
798	409
799	409
812	415
758	417
835	417
850	417
805	418
477	422
484	422
497	422
548	422
573	422
582	422
604	422
683	422
428	423
515	423
727	424
500	428
515	428
524	428
527	428
663	428
795	428
810	428
839	428
650	431
490	438
585	438
457	439
459	439
505	439
507	439
519	439
521	439
527	439
575	439
576	439
581	439
588	439
616	439
625	439
628	439
632	439
657	439
669	439
724	439
736	439
737	439
753	439
798	439
800	439
447	443
462	445
725	445
681	449
756	449
758	449
775	449
820	449
835	449
549	451
459	457
505	457
507	457
527	457
575	457
576	457
588	457
616	457
619	457
625	457
628	457
632	457
657	457
663	457
669	457
692	457
693	457
712	457
736	457
737	457
753	457
791	457
798	457
819	457
731	458
505	459
507	459
519	459
521	459
524	459
527	459
559	459
575	459
586	459
588	459
616	459
627	459
632	459
636	459
663	459
669	459
736	459
737	459
753	459
791	459
798	459
810	459
839	459
636	462
725	462
514	464
603	464
536	471
580	472
665	476
694	476
700	476
753	476
484	477
497	477
548	477
573	477
582	477
604	477
683	477
505	478
506	478
507	478
526	478
541	478
608	478
636	478
716	478
736	478
754	478
792	478
798	478
605	482
614	482
769	482
609	483
676	483
497	484
548	484
573	484
582	484
604	484
683	484
601	485
605	485
614	485
552	488
630	488
585	490
738	492
548	497
573	497
582	497
604	497
683	497
589	498
515	500
524	500
527	500
663	500
795	500
810	500
839	500
506	503
608	503
632	503
636	503
716	503
736	503
754	503
792	503
518	504
809	504
506	505
507	505
526	505
575	505
576	505
588	505
619	505
625	505
632	505
636	505
661	505
663	505
669	505
692	505
713	505
716	505
736	505
737	505
754	505
791	505
792	505
798	505
507	506
608	506
636	506
713	506
716	506
736	506
754	506
792	506
798	506
526	507
576	507
588	507
625	507
627	507
632	507
636	507
657	507
663	507
669	507
692	507
712	507
713	507
716	507
736	507
737	507
753	507
754	507
791	507
792	507
798	507
536	509
551	512
702	512
792	512
522	514
603	514
670	514
702	514
792	514
524	515
527	515
663	515
744	515
795	515
810	515
819	515
836	515
839	515
809	518
576	519
588	519
632	519
661	519
736	519
737	519
527	521
627	521
636	521
640	521
736	521
603	522
527	524
663	524
737	524
744	524
771	524
795	524
810	524
839	524
713	526
716	526
798	526
576	527
627	527
636	527
663	527
737	527
771	527
795	527
810	527
839	527
667	528
841	535
741	536
798	536
656	537
657	538
608	541
636	541
716	541
736	541
754	541
792	541
573	548
582	548
604	548
683	548
702	551
736	551
792	551
630	552
583	559
616	559
625	559
673	559
724	559
737	559
641	562
790	562
575	565
736	565
582	573
604	573
683	573
689	573
576	575
588	575
625	575
632	575
657	575
669	575
692	575
712	575
736	575
737	575
791	575
588	576
609	576
619	576
625	576
632	576
636	576
657	576
663	576
669	576
692	576
712	576
713	576
736	576
737	576
791	576
798	576
683	578
588	581
737	581
753	581
604	582
668	582
683	582
737	583
724	586
736	586
643	587
619	588
625	588
632	588
636	588
657	588
663	588
669	588
692	588
712	588
736	588
737	588
753	588
791	588
726	591
635	599
605	601
614	601
683	604
689	604
614	605
699	605
797	605
687	607
627	608
636	608
716	608
736	608
754	608
792	608
761	609
697	610
705	610
823	610
691	611
719	611
737	616
625	619
632	619
669	619
692	619
736	619
737	619
753	619
791	619
799	619
639	621
753	621
825	621
632	625
657	625
663	625
669	625
692	625
693	625
712	625
736	625
737	625
629	626
636	627
663	627
713	627
716	627
754	627
795	627
669	628
636	632
657	632
669	632
692	632
693	632
712	632
713	632
716	632
736	632
737	632
753	632
754	632
759	632
791	632
792	632
798	632
663	636
713	636
716	636
736	636
737	636
754	636
792	636
798	636
753	639
825	639
790	641
846	645
669	657
692	657
712	657
736	657
737	657
791	657
800	657
828	657
736	661
669	663
736	663
737	663
771	663
791	663
795	663
810	663
839	663
823	664
694	665
692	669
712	669
736	669
737	669
791	669
798	669
702	670
736	670
792	670
744	673
819	673
750	676
749	679
756	681
758	681
775	681
820	681
835	681
689	683
719	691
757	691
736	692
737	692
753	692
754	692
791	692
798	692
700	694
753	694
705	697
823	697
797	699
736	702
792	702
798	702
823	705
756	706
758	706
797	706
810	707
736	712
737	712
791	712
716	713
736	713
754	713
798	713
736	716
754	716
792	716
798	716
757	719
767	724
737	736
754	736
791	736
792	736
798	736
799	736
771	737
791	737
795	737
798	737
810	737
839	737
795	744
819	744
791	753
825	753
792	754
798	754
758	756
775	756
820	756
835	756
850	756
775	758
797	758
820	758
835	758
850	758
795	771
820	775
835	775
798	792
810	795
819	795
839	795
813	797
836	810
839	810
839	819
835	820
850	835
