3386	3899
3386	2366
3386	2835
231	1931
231	2401
231	3291
231	507
3699	398
3699	2635
137	2070
2896	3125
2896	3389
2896	3780
358	4148
358	652
358	3253
2655	2138
2655	4074
2655	1476
2655	4058
2655	256
2526	2030
2526	1269
1239	4073
3863	1355
3863	4611
3863	718
3863	574
3863	3184
3863	3425
2976	1834
2976	3573
2976	3710
91	2466
91	2493
91	4611
91	3389
3115	1097
3115	276
3115	2466
3115	59
3115	3389
3115	2114
3115	3080
45	3734
1398	3415
1398	2335
1398	3129
1398	2277
1398	4506
1398	1948
1398	540
1398	4127
1398	3023
1398	3390
1398	1307
1398	1901
1398	2217
1398	1718
1398	3145
3165	4105
3165	394
3434	206
4132	4612
4132	4450
4132	511
4132	4571
4132	4596
4132	3296
4132	931
4132	3591
4132	4593
4132	4594
1822	3695
1822	206
1638	102
1638	2493
1655	620
1655	2466
1655	2651
1655	2988
1655	3780
898	4165
898	4347
898	3296
898	110
2524	3674
2524	206
2524	574
472	4590
3051	4099
3392	4003
3555	4003
1215	1380
1215	3412
793	4506
793	3389
2144	1269
1412	4087
4045	3920
4045	2413
2958	2573
2958	3827
2958	3148
2958	3389
3415	2952
3415	4526
2174	38
2174	3289
2174	1063
2174	3503
2174	3998
4307	1951
3704	3308
3704	3338
3628	4625
3628	4381
3628	488
3628	4379
3628	249
3628	2533
3628	2051
1514	1288
4494	1193
4494	2039
4494	2185
4494	3502
4494	982
4494	1156
4494	2292
4494	4533
4494	4678
4494	2051
4494	313
4494	4527
364	3303
364	249
364	1269
4080	3690
1478	2837
1407	2872
1407	3236
337	2913
337	1033
294	813
1581	3971
1581	4611
1172	2409
1172	3940
4625	3575
4625	3682
4625	66
4625	1549
4664	1315
4664	1121
2973	4216
2973	2952
2973	2584
2973	2071
2973	1441
2973	1355
2973	4011
2973	1692
4216	2952
4216	2584
4216	2071
4216	1441
2952	2584
2952	2071
2952	3312
2952	3724
3461	4433
3461	1732
3461	3380
3461	3154
3461	3101
3461	4105
3461	1121
3461	3296
4433	2397
2442	111
2442	4512
2442	2886
2442	1000
2671	4523
2671	3992
2671	3734
4523	3967
4523	3692
4523	4645
4523	458
4523	4392
4523	3023
4523	3921
4523	3139
4523	1952
4523	2572
3664	2287
3664	2030
3664	847
3664	1815
3664	273
3664	1764
3664	852
3664	470
3664	3611
3664	2413
3664	42
3664	1943
3264	1070
3264	3425
287	206
287	3688
2160	2575
2160	3880
2160	356
2160	561
2575	3880
2575	356
2575	561
2575	3427
2575	776
3880	356
3880	561
3880	2030
3880	252
3880	718
3880	1620
356	561
356	3427
356	3299
356	3236
356	3061
356	3621
1940	3431
1940	1948
3866	4313
3866	249
3866	544
3866	2533
649	4611
649	1692
3952	3734
2341	553
1944	1567
1944	3734
1944	3780
1260	3039
3377	862
3377	3378
3377	885
862	553
862	3378
3607	1852
3607	921
4360	1602
4360	2767
4360	2728
1575	3991
561	194
561	2278
561	335
561	3655
561	2208
561	3427
561	14
561	2835
561	59
561	2164
561	4225
561	1033
561	718
561	574
561	1130
561	3734
2335	896
2335	540
2335	2351
4679	3592
805	2930
805	4545
805	1231
805	1539
805	875
3431	61
3431	1772
3431	62
3431	458
3431	4070
3431	59
3431	4121
3431	2334
3431	3024
3431	1788
3599	534
3599	413
3599	3791
1732	856
2606	744
2606	2805
2606	3101
607	3154
607	3272
4598	3695
4598	3170
4598	2124
4598	652
4568	900
4669	1863
269	1933
269	1269
269	685
269	4411
3208	2805
3208	770
3208	1966
3208	3767
3208	246
3208	3104
3208	4663
3208	3371
3208	3728
3208	2254
3208	1948
3208	3650
3208	2301
3208	1749
3208	2318
3208	900
3208	4154
3208	2363
3208	30
3208	4651
3208	2299
3208	3357
3208	3296
3208	921
3208	388
3208	460
3208	2865
3208	3436
3208	3492
3208	4159
3208	4443
629	2299
1026	327
1026	4643
1026	3351
2407	2030
1019	3306
1019	4381
1019	2578
3306	2578
194	4520
194	2493
194	3389
194	574
194	3291
194	1130
194	3425
4381	1286
4381	3556
4089	1414
4089	4678
3968	1562
3968	110
3968	3425
4621	2573
4621	4612
2219	1193
2219	2369
1840	2935
1840	249
1840	2582
4135	875
766	249
2106	2557
2106	206
2557	2060
2287	847
2287	3371
2287	4011
2287	81
2287	3427
2287	4152
2287	1044
2287	1689
2287	3145
2287	642
2136	2138
2136	2454
2136	3154
2136	2208
2136	3734
2136	4474
2793	811
2793	1791
2793	1043
2793	3504
2793	375
2793	1091
2295	4304
4182	2767
4182	3236
1885	718
1885	574
2315	2146
2315	3734
2315	3296
2315	1709
1368	3312
1368	1468
1368	3328
1353	803
1353	2235
1353	633
1353	745
1353	733
1353	3734
1353	1901
1353	108
1353	1429
1353	2131
803	117
803	745
803	451
803	4252
803	3818
803	733
803	167
803	16
803	203
803	3236
803	1831
803	1653
803	1901
4487	458
4487	1270
1451	3154
1451	2862
1451	3734
1451	548
2235	3129
2235	3371
2235	3427
2235	4127
2235	3235
2837	2458
2837	650
2837	2844
2887	652
2887	2035
2887	58
2887	2580
721	476
3894	921
3967	3023
3967	1270
1596	2245
1596	1625
1596	2888
61	1246
61	3845
61	1335
61	3398
2930	847
2930	896
2930	81
2930	3728
2930	577
2930	102
2930	2166
2930	2554
2930	2571
2930	4392
2930	3896
2930	1738
2930	1206
2930	1107
2930	3023
2930	2882
2930	514
2930	1367
4088	966
4088	3835
498	3147
1384	424
1384	3027
1384	3063
422	2512
422	4618
422	112
422	2188
422	1270
3129	3477
3129	2842
3129	3166
3129	1472
3159	3379
3159	1901
3159	2633
1684	413
3549	1307
2030	3971
2030	780
2030	1436
2030	1629
2030	3807
2030	2402
2030	333
2030	1380
2030	2256
2030	2767
2030	3427
2030	3650
2030	2363
2030	4240
2030	1490
2030	647
2030	3312
2030	2424
2030	320
2030	4200
2030	1486
2030	4436
2030	1832
2030	1307
2030	4365
2030	1050
2030	712
2030	2981
2030	551
2030	2232
2030	656
2030	677
2030	762
2030	1743
2030	1927
2030	2922
2030	2960
2030	3532
2030	4073
2030	4510
2030	2703
1055	3379
1762	19
1762	1259
1762	2140
1762	4584
1762	3895
1241	4476
1193	2052
1193	114
1193	1887
1193	488
1193	1400
1193	4010
1193	4379
1193	1697
1193	2275
1193	452
1193	2363
1193	249
1193	4220
1193	2687
1193	2533
1193	4499
1193	66
1193	507
1193	1502
1193	2051
1193	2344
1193	4157
2137	672
2137	329
2137	438
2137	260
2137	425
3280	3374
3280	1605
3280	910
3280	2886
3280	3734
4130	119
4130	909
3554	2342
3554	4064
4457	3154
4457	606
4457	260
4457	4465
4457	3334
4457	1063
4457	3785
4457	1349
4457	908
4457	1667
4457	3734
4457	1788
2485	3417
2485	2254
2485	2638
3007	3055
3007	34
3007	2297
3007	458
3007	3823
3007	3684
3007	3379
3007	3493
3007	1107
3007	4332
3007	2188
3007	3024
3007	3734
3007	1788
4485	2471
2573	847
2573	396
2573	620
2573	1555
2573	896
2573	3489
2573	1165
2573	2164
2573	1567
2573	2609
4551	1119
4551	4347
4551	2808
4551	227
19	672
19	1781
19	1729
19	1610
19	1259
19	1598
19	4584
19	1723
19	3895
19	431
19	1071
19	4354
19	3611
19	4047
3374	1271
2278	38
2959	3236
465	3125
465	1380
465	206
465	3827
465	718
3040	3184
3040	3680
63	1729
63	3296
63	685
2584	2071
2584	1441
2584	1027
4085	4392
2071	1441
2071	4618
2071	388
38	2389
38	1778
38	1637
38	2668
38	1901
38	2413
38	1837
38	3568
672	1259
672	4584
672	1325
672	1071
672	4354
672	3611
672	2971
857	2463
857	2674
857	4047
3125	718
3125	1044
3125	3073
1009	30
1009	2642
639	2734
639	758
639	987
639	1716
639	161
639	128
639	1689
1370	645
1370	2419
1370	4011
1370	2934
645	553
645	4520
645	2951
645	4011
645	2948
645	3170
645	2146
645	3635
645	1190
645	544
645	2934
645	4522
645	398
645	2382
1607	3427
1607	1851
1607	647
1607	687
1607	1023
1607	3547
1607	3328
4444	4611
4444	3780
4444	519
2419	99
2419	2827
2419	4648
2419	2034
2419	2680
2419	878
553	770
553	668
553	1168
553	99
553	1578
553	2596
553	1567
553	4047
553	601
553	267
553	3184
553	1164
553	3891
553	4035
3241	4002
1562	4020
1562	34
1562	652
1562	1619
1562	138
1562	1288
1562	3659
1251	4376
392	3533
392	2366
392	125
392	2175
392	1269
392	2299
392	2993
392	3771
918	2194
1224	3039
1224	3502
1224	4379
1224	982
1224	4533
1224	949
1224	958
1224	2051
193	2039
193	4338
193	425
2052	1930
2052	4266
2052	1887
2052	488
2052	452
2052	2666
2052	2363
2052	249
2052	2687
2052	2533
2052	949
4505	3859
4048	1792
4048	2314
467	2302
467	4509
4535	1288
2138	4074
2138	1476
2138	4058
2138	4020
2138	1772
2138	1010
2138	3302
2138	81
2138	3692
2138	2554
2138	4392
2138	1738
2138	1206
2138	900
2138	3299
2138	1107
2138	3023
2138	2200
2138	3843
2138	2334
2138	692
2138	3024
2138	2651
2138	1619
2138	1788
2138	2340
2138	1272
2138	2633
2138	1023
4074	1476
4074	4058
4074	4020
4074	1010
4074	1738
4074	2200
4074	2351
4074	692
4074	1619
4074	3659
1476	4058
1476	4020
1476	1010
1476	2200
1476	692
1476	1619
1476	3659
1476	1706
1476	3658
1476	3771
4058	4020
4058	1295
4058	4392
4058	1738
4058	3843
4058	4500
4058	1619
4058	1288
4058	1060
4058	1877
275	1742
275	4618
275	663
275	3487
275	4520
275	373
275	2934
275	66
4618	3695
4618	1027
4618	183
4618	2413
4618	1959
1792	2067
2964	3524
2964	2476
2964	1213
2964	30
2964	2070
2964	1379
2964	4603
2964	1050
2964	319
2964	388
2964	2642
1624	3379
1624	4347
3487	4358
3487	1097
3487	2389
3487	4347
4520	4358
4520	1097
4520	1168
4520	2389
4520	1901
37	2389
37	2281
37	2842
37	3641
252	3217
252	847
252	1953
252	121
252	3530
252	4295
252	3808
252	139
252	173
252	4506
252	1364
252	3427
252	1222
252	1863
252	1512
252	203
252	3488
252	352
252	2124
252	1419
252	1002
252	1771
252	2731
252	2858
252	75
252	3429
252	2703
3217	2716
3217	3236
3217	470
3217	2104
3217	2989
3217	1871
3217	2084
3217	4273
2716	4645
3762	4306
3762	2597
3762	314
291	2463
291	1168
291	3477
291	2846
291	1269
3885	3337
119	3379
119	4674
119	1567
119	3389
119	4571
119	3296
119	2942
119	2642
3912	3337
3912	2438
3912	2834
1659	632
1659	2515
3847	3690
1414	512
1414	488
1414	3575
1414	1810
1414	2901
1414	958
1414	2316
2563	488
2563	2435
732	1365
1930	3690
1930	1887
1930	488
1930	4379
1930	2570
1930	2275
1930	2363
1930	249
1930	1951
1930	4220
1930	2687
1930	4391
1930	2533
1930	4643
1930	551
1930	65
1930	69
1930	507
1930	1502
1930	2051
1930	2344
1930	3915
1930	4310
1930	313
2740	2872
4422	1505
1605	273
2194	66
2707	4339
2527	1282
2527	2493
2527	113
2527	3425
847	620
847	4269
847	1375
847	3961
847	2245
847	4500
847	3389
847	1269
847	247
847	1121
847	4248
847	3780
847	3296
847	2823
847	3710
3041	2454
3041	3477
3041	2270
3041	2610
3041	623
3041	3843
3041	1033
3041	1567
3041	1130
3041	1001
3041	825
3041	4150
3041	4198
2463	2846
2463	3843
3873	2126
3873	2180
3873	3732
3690	2039
3690	249
4107	1851
1834	3472
1834	744
1834	4024
1834	3220
1834	4305
1834	1252
1834	4011
1834	3716
1834	1110
1834	4145
1834	4166
1834	3334
1834	3379
1834	1532
1834	4105
1834	875
1834	1594
1834	1749
1834	1799
1834	2992
1834	2600
1834	4276
1834	4171
1834	3740
1834	1592
1834	1537
1834	4411
1834	357
1834	806
1834	901
1834	1204
1834	2486
1834	2505
1834	3436
1834	2161
2603	4336
523	1781
523	3104
523	1981
523	1068
523	4392
523	4105
523	4240
523	709
523	1597
523	1369
523	2060
523	3930
523	2751
523	608
523	2628
523	3328
3380	3170
3380	3801
3380	1262
868	1933
868	711
868	2786
3405	4659
3405	2493
3405	233
3405	2858
4336	442
4336	2019
3181	70
4460	254
4460	3843
4460	598
2674	3331
2674	421
2674	3692
2674	1063
2674	574
3331	858
3331	2731
2025	1709
2025	2279
2079	3101
3199	3758
3199	267
3199	551
4020	4605
4020	652
4020	2680
4020	1619
4020	3253
1725	3734
1661	4011
1661	3109
1976	2585
1167	982
1167	413
1167	580
1167	249
1167	1951
1167	2901
3524	254
3524	4269
3524	2424
3524	2989
3524	1379
3524	4666
3524	289
3524	4335
3524	2942
512	982
512	1218
3971	4390
3971	3619
3971	3312
3971	3734
3971	885
3971	2029
3971	1452
1098	1484
3781	2146
4369	2208
704	30
704	2070
704	4666
704	2642
704	3211
1483	3850
2474	3101
2474	2016
4056	3086
254	763
254	522
2277	1729
2277	280
2277	112
2277	3668
2277	2292
2277	3389
1781	2401
1781	2164
1781	3389
1781	3734
1781	3296
744	2805
744	1510
744	1496
2805	1001
2805	277
3300	4229
2558	4536
3829	4064
3829	2491
2904	2668
2904	3014
4612	4136
4612	1532
1729	3895
1729	1033
1729	1567
1729	4354
1729	685
1729	267
1729	2614
770	4167
770	99
4410	102
2762	3055
2054	2343
4169	3098
4169	1380
4169	632
4169	1579
4169	1871
4024	668
4024	884
4024	2366
4024	102
4024	1295
4024	2458
4024	1598
4024	3379
4469	3101
4469	1349
4469	4346
1320	1496
1320	2552
2607	519
2607	3425
329	3101
2149	403
4213	4104
668	2366
668	102
668	1598
668	1799
668	3895
668	4611
668	1307
668	1567
668	859
668	1269
668	1318
668	3425
1938	786
1938	4537
1938	2161
4358	1097
4358	93
4358	3734
4358	3296
4358	1452
1097	1962
1097	3734
1097	4338
2975	1270
3931	2998
3931	2808
3931	4017
3931	1731
3931	4031
3931	1814
3931	4087
3931	3734
1039	2783
1197	4651
1355	4667
1355	3635
1355	4177
1355	4604
1355	4500
1355	3734
1355	3296
1355	2189
1355	3603
1355	4244
2734	4121
2734	128
780	58
2118	3101
2343	632
2343	2651
2343	3734
2343	1788
4659	396
4659	81
4659	1271
4659	3425
396	2113
4667	4244
938	2938
938	413
938	4590
938	4432
24	4431
3550	3808
3550	1952
3550	1058
3550	689
3789	1382
3789	3240
3789	125
3789	1572
2248	3029
4545	2458
4545	4392
4545	1738
4545	1366
620	4530
620	333
620	190
620	4339
620	1349
620	1307
620	3291
620	3659
620	4278
620	2642
620	3511
1510	2406
1510	2680
1510	1183
1510	1489
335	4011
335	2351
373	3734
373	3296
373	2856
4550	650
4550	3843
4550	3734
2726	1567
2700	3767
2700	4250
884	208
884	4064
3098	1579
3098	3734
3098	3296
1168	3767
1168	2487
1168	14
1168	2183
1168	2466
1168	3291
1168	522
1168	3425
1074	1121
80	1121
80	3734
80	1258
80	4373
49	1610
49	3477
49	1293
49	1034
3052	856
2525	452
3220	3573
1352	1304
1436	541
1436	3403
121	875
121	3951
4	3296
3767	3289
3767	3692
3767	4392
3767	1738
3767	1723
3767	1107
3767	3023
3767	4332
3767	2981
3767	1266
3767	1023
3767	4234
4142	2493
4142	233
2602	2530
2602	685
4386	3581
4386	2089
3581	2089
3581	3137
3015	458
3015	1228
1123	1269
2935	1405
1405	488
1405	2687
1405	313
1405	4536
2938	1400
2938	1156
2938	4446
2938	4527
760	313
3655	3393
3655	2246
3655	2466
3655	1369
1772	3692
1772	458
1772	3573
1772	2203
2857	4506
2039	488
2039	2271
2039	249
114	3502
114	982
114	3930
114	4643
3065	3994
3065	2556
1798	794
1798	3826
2397	206
2397	2466
2397	3780
2951	1567
1469	3502
2092	2271
2092	3236
3343	3298
3343	2275
3343	3034
1505	2861
1505	249
1887	3298
1887	3502
1887	4010
1887	4379
1887	982
1887	462
1887	2872
1887	1156
1887	1951
1887	4533
1887	4643
1887	551
1887	66
1887	2051
1887	2844
1887	313
1887	4527
3298	488
3298	249
3298	2687
3298	4499
3298	2877
3298	313
3928	3949
3928	366
1010	896
1010	3566
1010	577
1010	1465
1010	525
1010	806
1010	2426
1010	1023
2454	2846
2454	992
2454	1863
2454	2124
2454	1952
2454	652
2454	3253
2454	1806
2454	1081
3055	3128
3055	4269
3055	3692
3055	1614
3055	1107
3055	3023
3055	4332
3055	2582
3055	1266
3055	3278
3112	4005
246	2070
246	2999
246	1637
246	3889
2117	1831
2117	1667
2389	102
2389	4339
2389	1033
2389	3734
2389	3876
2389	3573
2389	1155
3382	3104
3382	2410
3382	3236
3382	880
3382	646
3382	3027
3369	880
3369	3058
2387	1295
4576	3734
1247	4010
1247	249
1247	1302
488	3502
488	4010
488	4379
488	982
488	1810
488	2435
488	413
488	580
488	2829
488	2872
488	1506
488	2363
488	1156
488	2733
488	4533
488	949
488	3930
488	4643
488	551
488	958
488	2051
488	313
488	4527
3589	2368
3589	1264
3589	3067
3589	880
3589	110
3589	3058
3589	3212
1400	334
1400	4379
1400	3945
1400	3337
1400	2363
1400	4643
1400	313
1400	4527
1400	2703
1961	3379
1961	3296
2213	1138
2213	507
812	2946
812	260
812	3296
3695	1315
3695	1244
3695	4269
3695	758
3695	3493
3695	3389
3695	3584
3302	1027
3039	66
3039	2822
4027	1406
429	3734
1016	4136
1016	1579
334	4010
334	1293
334	1220
334	1778
334	4081
4525	4651
4525	3561
34	1231
34	1107
34	2241
34	3425
34	3061
34	3212
3516	470
2185	442
3693	3236
1815	1863
1815	601
1815	3027
836	58
836	2229
836	3889
2941	982
2941	2271
4167	1933
4167	3951
3530	2366
3949	4512
3949	4582
3949	4163
3949	4012
3949	321
3949	152
3949	652
3949	3773
3949	520
4512	3285
4512	4295
4512	1325
4512	4354
4512	1547
3576	3379
3502	4379
3502	982
3502	2570
3502	2363
3502	249
3502	2568
3502	2901
3502	1169
3502	2687
3502	2533
3502	4499
3502	4643
3502	551
3502	2051
3502	2344
3502	2844
4010	327
4010	2301
4010	722
4010	249
4010	3635
4010	4533
4010	209
4010	2051
4010	313
1382	1468
1382	2491
421	834
421	3734
421	3787
421	819
421	1023
4224	3104
4224	3796
4224	2909
4224	2444
4224	4502
3104	4243
3104	3796
3104	2727
3104	2208
3104	1222
3104	4312
3104	1882
3104	4502
3104	1050
3104	3184
3104	1183
3104	517
3104	1072
3104	1674
3104	1908
1610	4011
1610	3692
1610	2308
1610	578
1610	1286
4378	3754
4125	206
1176	3069
1176	297
4308	2366
52	3734
1315	3379
1315	2466
1315	1366
1315	3166
1315	4099
1315	1621
1315	3080
4294	1577
4294	3773
4294	3116
4294	4567
4294	885
4294	548
4294	1929
2469	66
2469	146
3533	1556
3533	875
3533	1547
3533	1943
694	3337
694	66
1981	3371
1981	2633
1981	3547
1981	3328
442	3379
442	919
442	718
442	685
442	1634
3707	1726
3707	1716
3707	885
3314	1716
3314	3027
2210	3145
2945	3379
2945	3236
534	2410
534	249
534	4533
1292	3379
1292	875
1292	3734
1292	1902
4559	267
1304	3813
1304	1567
4390	632
1378	3953
1378	3734
1378	1060
1378	781
1119	249
1919	2895
1933	2334
1933	3235
1933	3166
1933	3397
4305	1555
47	1555
3953	4339
3953	209
1555	687
4379	982
4379	3775
4379	2570
4379	2319
4379	2275
4379	2363
4379	249
4379	4220
4379	2901
4379	2687
4379	2533
4379	949
4379	69
4379	1411
4379	1502
4379	2051
4379	2344
4379	2877
4379	3820
4379	3915
4379	313
4379	4527
982	992
982	2570
982	3566
982	2363
982	249
982	1951
982	2733
982	4533
982	1269
982	2568
982	2687
982	2533
982	949
982	551
982	17
982	1502
982	2051
982	2344
982	3915
982	313
2792	1567
2588	1408
4026	3023
438	3389
802	1519
802	1496
802	1627
1350	1627
4366	3371
4366	2189
4366	2393
811	375
4172	3154
4172	4160
4172	1209
4172	3519
1428	1936
1428	4064
1428	921
1428	1266
2271	1810
2271	3958
2271	1751
2271	2895
2271	819
2271	4338
2271	608
2271	2126
2271	2350
2271	3771
3102	4011
3102	2948
3102	4339
3102	4451
1647	276
1647	1282
1647	4611
1647	3389
1647	3296
3481	470
3481	1943
1388	1267
3075	440
3075	3641
97	4295
97	1900
97	685
2652	4295
4295	1847
4295	4064
1186	2843
2297	39
2297	3390
2297	3024
2297	440
3808	3564
3020	3780
3020	3296
3020	1060
2579	3992
4165	1110
4165	2471
4165	647
4165	3023
4165	1982
4165	1262
1493	3154
1493	3734
1493	3296
549	2366
549	4189
549	1299
549	1121
549	3876
1810	2533
1810	3097
87	4248
87	407
87	1270
2551	3827
2551	3291
1134	1269
1134	3734
1248	3734
1248	689
3303	3033
3303	249
3303	2687
3303	3857
3303	4527
3233	3033
3233	3997
462	81
462	3378
462	3101
462	3179
638	1264
4222	1269
3371	4105
3371	1917
3371	3145
3371	1860
3371	3706
3371	4273
1244	3444
1244	3538
1244	2255
1244	2252
1244	2801
1252	2401
1252	3291
341	3236
834	1190
834	652
834	3734
834	3876
3033	4339
3033	1169
4003	1380
4003	1556
4003	3379
4003	3390
4003	1496
4003	750
4011	3619
4011	2146
4011	1851
4011	4350
4011	2854
4011	1952
4011	4225
4011	1567
4011	267
4011	2858
4011	1509
4011	2422
3367	4269
2948	3619
3477	623
3477	1282
3477	3166
3477	4047
4269	2458
4269	247
4269	1536
4269	2107
273	662
273	206
273	1901
273	2413
2846	2487
2846	3379
2846	1749
2846	4047
2846	861
2846	3641
2846	2736
3961	247
82	687
82	3951
896	3992
896	528
896	3951
896	3827
896	2164
896	407
896	1270
81	3992
81	366
81	3414
81	3951
81	1107
81	256
81	4673
81	4121
81	2207
81	3710
4243	3272
4243	1000
4243	3734
4243	3296
4243	1943
1456	1269
3833	3261
3833	507
3353	1502
992	3984
992	1307
992	1269
992	3615
992	110
2270	3379
1255	3734
3619	4136
3619	14
3619	1567
3619	1130
3619	3425
4136	1583
4136	4611
4136	1033
4136	859
4136	1620
4136	3734
3006	3905
1374	540
1374	3236
2913	540
2913	1627
4175	1269
2089	3379
2314	3439
2314	3235
139	206
139	4611
139	3780
139	209
139	2888
3426	3688
3426	3425
2108	3154
2108	1594
2108	623
2108	3734
2108	3212
3289	3182
3289	3998
3289	3212
2514	3444
2514	885
3992	2166
3992	4481
3992	161
3992	3587
1577	540
3674	3635
3674	431
3674	1289
3674	2375
4115	2366
3958	2363
3958	700
3728	2146
3728	3734
3728	514
966	2533
173	2487
173	3542
173	3173
173	2651
173	699
4506	2808
4506	3296
280	3668
280	3444
2847	1312
4580	4611
1218	4578
1218	1289
4353	2353
3796	4017
3796	1731
3796	4502
232	2733
2245	1325
2245	3387
4425	424
366	2998
366	540
366	3414
366	4611
366	2750
366	2900
366	1442
2476	1050
2476	3109
1108	4220
631	2124
4654	4108
3564	3379
3564	1594
3564	1749
3564	2865
3564	4624
1293	3379
1293	875
1293	1594
1293	1749
1293	57
1293	1282
1293	859
1293	578
1293	3828
3154	1209
3154	3379
3154	1532
3154	4105
3154	875
3154	1594
3154	1749
3154	57
3154	1490
3154	1222
3154	581
3154	59
3154	4018
3154	1051
3154	1597
3154	247
3154	3734
3154	1771
3154	1001
3154	3547
2298	3567
2298	4220
454	208
454	3740
454	1489
454	3451
3393	1699
2347	3021
2019	3126
2019	2808
2019	1419
2019	712
2019	901
2019	3168
62	4392
62	3296
2697	2486
2088	2491
2088	2660
1791	375
1064	3236
1064	3680
1138	2720
1231	3700
1231	1824
3692	458
3692	1027
3692	1653
3692	3813
3692	2375
3692	3986
3692	1270
3692	3212
4645	1446
2402	4178
458	1614
458	4416
458	4636
458	3024
458	1081
458	3198
458	2786
458	1270
758	2366
758	206
333	859
333	2021
333	1943
333	4609
2570	2363
2570	4567
2570	3296
2570	551
2570	3675
2570	3568
2570	4527
3566	2188
4160	4339
4160	1262
1110	276
1110	431
577	4596
577	1034
577	1788
2495	2808
2495	1567
2495	718
2727	2301
2727	2679
2727	3879
2727	1286
2711	3101
2884	3101
1380	2477
1380	1512
4367	1692
1114	2668
1114	3911
451	632
729	4651
3856	3389
1764	1307
1764	3734
4140	3425
2366	102
2366	1295
2366	2458
2366	4145
2366	2148
2366	1190
2366	4436
2366	340
2366	3615
2366	1619
2366	3166
2366	4335
2366	1226
2366	3803
102	1295
102	2458
102	2148
102	3543
102	2070
102	4177
102	2164
102	4514
102	3813
102	2989
102	3394
102	4556
102	4354
102	58
102	3986
102	4061
102	3521
1295	2458
1295	1027
1295	943
1295	2989
1295	1379
1295	407
1295	4197
1295	792
1295	267
1295	3573
1295	3184
2458	3893
2458	3896
2458	900
2458	3493
2458	3543
2458	206
2458	2070
2458	4674
2458	4225
2458	1484
2458	3215
2458	3935
2458	4087
2458	2989
2458	199
2458	1536
2458	1164
2458	1552
2458	1959
2458	2822
1697	2577
1697	2192
606	3282
606	2574
606	2989
606	1379
606	4666
606	908
606	1667
606	1547
606	1788
606	791
644	3212
3893	3236
3893	3889
3893	4159
3361	1771
1528	1369
2281	3773
2590	1567
2590	574
2590	4571
2590	3413
413	249
413	2687
413	3682
413	1502
2166	1738
2166	3951
2166	2466
2166	2651
2166	4543
2998	2036
2998	2164
2998	2940
541	869
541	1369
2694	249
580	249
580	1951
580	3355
580	958
580	1318
580	1502
3823	4229
3823	885
3823	2189
4565	2547
4565	1749
4565	3543
4565	1269
3378	2937
99	1170
99	267
1614	4392
1614	1058
1614	3503
1614	685
4005	2208
4005	2493
600	206
3841	1464
3920	2829
3170	1995
3170	4339
3170	2307
3170	4589
2095	2808
1611	574
1611	348
276	59
276	4047
3101	2565
3101	2501
3101	2529
3101	2692
3101	2882
3101	2488
3101	4604
3101	4002
3101	2035
3101	2060
3101	2966
3101	2687
3101	2611
3101	265
3101	325
3101	468
3101	476
3101	2316
3101	2083
3101	2337
3101	2505
3101	2556
3101	3027
3101	2650
3101	2844
3101	2912
3101	2954
3101	2970
3101	2971
3101	3029
3101	3073
3101	3103
3101	3565
3101	3603
3430	4012
3430	2208
3430	152
4582	4012
4582	152
4582	4567
4163	4012
4163	152
4163	598
4012	321
4012	1578
4012	152
4012	3773
4012	520
4012	3734
4012	1071
4012	1547
4012	2375
4012	2172
321	3379
321	1212
321	152
321	1325
1751	2051
1872	1027
1872	3734
1872	1547
4340	2808
2565	3826
2208	1259
2208	1190
2208	4611
2208	3432
2208	927
2208	4466
2794	3427
2794	3940
3957	209
2254	2529
2254	1369
2254	3221
2146	4352
2146	2937
2146	2413
2146	388
4450	1942
4450	1222
4450	1023
4450	2735
3702	3164
2554	1027
2554	3827
2554	3212
3756	1094
3756	3296
1942	861
2501	256
2501	859
2501	1286
840	3236
3649	267
3465	4448
3465	3653
3465	1282
4448	4674
4448	3688
2829	249
2872	249
2872	1880
2872	2394
1529	1307
1529	798
1529	4198
243	1027
243	1943
2724	1878
2724	4032
1557	3515
1557	599
3956	2808
1259	2140
1259	4584
1259	3895
4166	3503
4166	3780
4246	4594
3976	2012
3976	3122
2612	900
2612	39
2612	3390
2612	2580
2612	4609
2562	249
1598	3895
1598	3235
3509	662
4590	1156
4590	650
4590	192
4590	4446
3596	112
3596	3730
3596	1788
698	1209
3123	2301
112	4147
112	1085
112	974
112	3364
112	3224
112	905
112	2320
112	853
112	4248
112	1680
3730	974
3730	3364
3730	3224
3730	905
4147	1269
4147	861
974	2301
3364	2301
3364	574
3364	113
2056	152
2056	1257
2320	2301
2320	1914
987	692
987	4593
1934	104
1934	3937
1934	712
4304	4105
4304	4099
3818	2842
2767	1943
3633	1785
1364	662
662	1349
662	1592
662	2223
3892	853
4629	1269
3558	2651
3558	3425
571	632
571	1116
571	3184
2308	4465
2308	3998
2308	3573
260	3282
260	2574
260	1379
260	908
260	1667
2625	3282
2625	305
2625	4335
208	2768
208	2223
208	1489
1027	1206
1027	3023
1027	2053
1027	4665
1027	1267
1027	3511
1027	3610
1027	4402
1027	1023
3348	3235
1948	1699
1948	4556
1948	1878
3427	152
3427	2232
3427	3145
1556	875
1556	1116
1556	2180
4465	861
4465	2841
3334	861
3684	2188
4416	3023
4416	1270
4416	595
3240	3235
852	2368
852	544
3618	3954
3449	574
2148	249
2148	3061
4152	1121
540	1442
540	4500
540	598
1628	3734
1628	3296
4481	2505
3650	3379
3650	3444
3650	3963
3157	4275
3126	3236
2529	1369
2529	2940
2529	1533
2529	2223
2529	3027
1726	1369
1726	2940
1726	1904
4070	3951
4187	3236
4187	3212
4636	3236
4392	875
4392	4273
3896	2424
3896	2070
3896	3425
3896	3239
1738	1206
1738	3734
1738	4635
1738	4234
1738	2261
4019	3379
2140	4584
2140	2909
2140	3895
2140	1878
2140	1023
4584	1325
4584	841
4584	1878
4584	326
1063	93
1063	2241
1063	3212
3414	1442
3729	1852
3785	3843
3785	861
763	1094
215	1094
2880	3182
2880	3937
2301	1209
2301	3379
2301	1594
2301	1749
2301	2318
2301	850
2301	1034
2487	685
2487	4278
1209	1532
1209	4105
1209	3389
1209	3734
1209	1204
1209	2161
14	1190
14	2493
14	4611
14	3450
3379	2804
3379	57
3379	2318
3379	632
3379	2471
3379	3312
3379	4021
3379	3023
3379	4276
3379	4665
3379	1665
3379	2169
3379	1121
3379	1592
3379	3744
3379	3734
3379	1034
3379	2455
3379	1718
3379	885
3379	2942
3379	153
3379	342
3379	277
3379	284
3379	391
3379	901
3379	931
3379	1777
3379	2107
3379	2155
3379	3455
3379	2344
3379	2548
3379	2552
3379	2614
3379	2932
3379	3107
3379	3122
3379	3459
3379	3494
3379	4077
3379	3820
3379	3834
3379	3911
3379	3995
3379	4126
3379	4218
3379	4656
2610	1532
2610	875
2610	1594
2610	1749
2610	632
2610	3034
2804	875
2804	1594
2804	1749
2804	632
2804	3034
1532	875
1532	1594
1532	1749
1532	632
1532	1799
1532	3034
1532	1509
1532	1960
3322	3439
4105	2318
4105	1490
4105	4670
4105	128
4105	3419
4105	2582
4105	1537
4105	3734
4105	1034
4105	267
4105	3546
4105	829
4105	2438
4105	2614
4105	2789
4105	3963
4105	4656
875	632
875	2471
875	3519
875	4665
875	1269
875	3734
1594	1749
1594	632
1594	2471
1594	3312
1594	3734
1749	632
1749	2471
1749	3444
1749	1592
1749	3734
1749	1034
1749	1050
1749	2614
57	1537
57	3734
2318	1147
2318	2614
632	2471
632	2363
632	4250
632	3034
2471	3034
1578	152
1578	3611
4653	152
1491	1506
4199	1269
1506	249
1506	612
2215	1567
2430	1429
2827	4648
2827	2034
4648	2034
72	1302
1993	2060
2275	722
2275	1632
2275	3261
2275	3034
2275	1479
2275	3450
2275	551
2275	66
722	1632
722	1951
722	1479
722	551
1632	1479
4471	3954
1716	3027
1142	1496
2246	2183
2246	2067
1381	3278
452	1951
452	1190
452	3086
452	2051
2368	544
2368	515
2368	3876
2368	3166
2992	1269
2992	4579
900	4347
900	39
900	3390
900	1496
900	652
2167	711
2167	4000
3815	4347
640	4347
640	3236
1991	4347
1250	4347
1250	717
1250	281
1250	2337
1250	3018
1250	4322
1820	1567
1820	3734
2909	256
1042	66
84	470
190	3734
3515	599
3515	4356
3515	3192
3515	791
3515	3
2310	3236
2310	2386
2778	1567
2778	1130
4154	90
2289	736
2465	3773
104	3086
104	1567
1579	3945
1579	3752
1579	910
1579	490
1579	3989
3945	3752
3945	980
3945	1867
3945	2231
3945	4087
3752	910
2066	2236
980	3491
910	1617
2406	4312
1851	3493
1851	127
1851	1282
1851	3389
1851	3291
1851	3296
1851	3508
1851	3625
4013	2424
3493	206
3493	574
3493	1325
3493	2375
2087	2114
78	3236
725	3734
238	2824
3337	2363
3337	249
3337	1307
3337	4220
3337	1130
3337	2533
3337	4643
3337	880
3337	3058
3337	3680
4347	1393
4347	3611
4347	3425
2363	249
2363	1156
2363	949
2363	551
2363	2051
2363	3425
2363	313
2363	4527
491	249
249	1156
249	612
249	1951
249	4533
249	3179
249	4678
249	2901
249	949
249	3930
249	4643
249	551
249	66
249	405
249	507
249	958
249	1502
249	2316
249	2051
249	2824
249	2844
249	3802
249	313
249	4527
412	2982
1245	3136
1723	3984
1723	4339
1723	1302
1723	1567
1723	3389
1723	880
3984	1680
1465	4451
1156	2687
1156	2533
1156	2844
1156	3569
21	66
612	199
1490	3734
3035	3734
4229	507
3299	3951
3299	1619
3299	4249
3758	300
3895	2600
3895	1471
3895	203
3895	1071
3895	4064
3895	685
3895	921
377	300
1677	300
300	94
300	1982
3635	1033
3635	470
3635	2351
3635	3425
3635	3791
1617	825
1951	4678
1951	2901
1951	4643
1951	551
1951	17
1951	2178
1995	647
1995	687
647	687
647	2124
647	4611
647	4436
647	1787
647	1130
687	1212
687	4605
687	1453
687	3583
687	3940
687	3312
687	1763
687	1863
687	1787
687	1468
687	1130
687	3547
687	3328
1066	4069
1190	1567
1190	1094
1190	1130
1190	398
3567	3179
1212	4605
1212	1453
1212	3583
1212	3940
1212	3312
1212	1763
1212	1863
1212	2101
1212	1419
1212	1952
1212	1220
1212	4225
1212	1058
1212	2680
1212	545
1212	1033
1212	1468
1212	2728
1212	3425
1212	3026
4605	1453
4605	2101
4605	1468
4605	636
4605	4064
4605	3780
1453	3312
1453	2101
1453	4225
1453	1468
1453	3787
1453	388
3583	3312
3583	2101
3583	4225
3583	1468
3583	2668
3940	3312
3940	2101
3940	1468
3312	1763
3312	2101
3312	1468
3312	1915
3312	3184
3312	4624
1763	2101
1763	4225
1763	1468
1763	3780
1763	4061
2139	3389
4272	519
1222	1567
1222	3734
1222	3296
3571	1883
2808	4372
2808	2541
2424	30
2424	2812
2424	859
2424	1379
2424	3978
2424	289
2424	520
2424	1901
1213	856
909	4500
909	3014
3282	2070
3282	4666
3282	1667
2574	3773
2574	1379
2574	4666
2574	1667
2574	856
30	3734
30	1050
30	2642
359	784
206	2070
206	2334
206	2989
206	1379
206	4666
206	289
206	267
206	1001
206	2731
206	589
2070	2989
2070	1050
2070	888
1285	3954
1285	3444
135	3954
3954	3444
3954	1339
3954	2161
581	3734
3719	313
3951	1619
16	3946
16	1547
39	3390
39	2580
39	4609
544	3997
544	856
544	3320
127	242
127	782
1996	2466
1996	2651
2835	3338
2835	1959
2835	3425
1107	1878
4482	1270
4288	2337
4288	3107
3023	4674
3023	1369
3023	4477
4432	4533
1883	3734
1883	2814
1511	4611
1511	3291
1511	519
344	4611
4674	2466
4674	4571
4674	3734
4674	3296
4674	2642
1439	3773
623	1269
623	3876
623	4047
623	522
623	942
3489	256
3489	4339
3489	2478
3489	3827
3489	652
3489	2119
256	2478
256	485
256	1914
256	128
256	2989
256	4278
256	3982
256	3511
256	3584
4339	3215
4339	3131
4339	1901
4339	985
4339	519
4339	1257
4339	1501
4339	2028
4339	3680
4339	4068
1349	736
1349	2493
1349	233
1349	1033
2466	1403
2466	685
2466	2375
2466	3511
2656	3236
1867	2222
1282	59
1282	4148
1282	1033
1282	3734
1282	3517
1282	589
1282	3145
1282	4503
736	3086
2899	798
3754	3236
3754	856
4108	3668
3668	161
3668	3744
882	685
882	268
882	4278
882	1183
1583	4225
1583	1094
3067	791
3402	3843
3402	480
1519	2255
648	4651
648	3724
4312	3296
3139	2063
3139	1912
2457	3734
3081	859
3081	1121
3081	2922
2919	798
59	3827
59	2401
59	545
59	1267
2401	460
2401	825
2401	2552
2493	233
2493	3173
2493	3734
233	3659
650	1166
650	517
650	4588
3182	3734
4651	3173
4651	1030
4651	1283
4651	2104
4651	4205
4651	1448
4651	2114
4651	3328
2200	1160
2200	2008
107	3673
107	4656
4018	2822
3236	3646
3236	4611
3236	4031
3236	4365
3236	2375
3236	705
3236	4205
3236	154
3236	426
3236	1711
3236	2888
3236	3211
3236	3278
3236	3451
3236	3603
3236	3791
3236	3857
3236	3906
3236	4198
3236	3268
3236	4349
3236	2968
3236	3774
1917	2313
3444	267
3444	3320
3444	885
3444	4442
1393	856
1393	267
320	298
320	1267
4177	1121
919	2679
1198	4235
3390	1496
3390	247
3390	2937
3390	1547
1496	3545
1496	2530
1496	3603
1496	3710
3519	2966
3519	3454
3519	3080
1879	3862
431	2164
431	1307
431	3291
431	3734
431	825
1261	2164
1261	3291
1261	3296
2292	1801
2292	1567
2292	3389
2292	574
2292	4571
2292	58
2292	3296
2164	1058
2164	3291
1801	1269
3173	699
3488	2114
352	705
152	3773
152	520
152	1071
152	4354
2488	848
2488	4200
2488	4611
2488	4670
2488	2530
2488	351
2488	40
2488	642
2488	878
3783	4611
4148	2124
4148	652
4148	4670
4148	856
4148	113
2124	4200
2124	2053
2124	1307
2124	1806
2124	1663
4200	2679
4200	4611
4200	652
4200	4121
2679	4611
2679	4673
2679	4670
2679	4121
4611	4673
4611	1220
4611	4670
4611	4121
4611	1567
4611	2940
4611	4556
4611	288
4611	685
4611	4278
4611	1401
4611	2028
4611	3058
4673	4121
3843	240
3843	598
3843	3538
3843	2175
4604	4250
1051	3941
3526	3169
597	2492
4514	470
2101	1419
2101	1220
2101	4225
2101	1058
2101	2680
2101	545
2101	1033
2101	1468
2101	1302
2101	113
1419	1220
1419	4225
1419	1058
1419	2680
1419	545
1419	1033
1419	2249
1419	113
1952	2680
1952	1033
1952	636
1952	515
1952	3780
1952	2699
1220	2680
1220	1033
4225	1058
4225	2680
4225	1033
4225	1130
4225	113
4225	927
1058	2680
1058	1033
1058	1325
1058	3780
1058	3184
652	4670
652	1307
652	3773
652	856
652	3797
4670	4121
4670	1307
4121	1442
3148	1258
3148	2008
3148	3100
3185	2754
2680	545
2680	1033
545	1033
545	3826
1033	1567
1033	1269
1033	3503
1033	4047
1033	113
1033	3556
711	4000
3545	1325
4332	1270
4332	3212
1985	3425
4017	1731
4017	1814
1731	4031
1731	1814
1731	4087
1731	3734
4031	1814
4031	3734
1442	3341
1442	3131
1442	4248
1442	2207
3882	325
2530	58
1307	2582
1307	699
1307	1706
1307	2756
1307	4317
1307	4593
1778	1637
700	1567
700	3428
943	3734
4500	718
4500	1878
4500	375
4500	405
470	1567
470	1034
470	1509
598	3538
598	2175
598	885
2733	2687
1597	3734
4533	2687
4533	2533
4533	949
2351	574
2351	3349
2351	1004
2351	1023
3538	3026
125	1619
125	4077
2020	3475
2020	507
1000	3644
1921	1788
1468	1367
192	183
2334	3389
1302	3116
1302	71
2682	199
2859	1130
2859	199
2999	1637
3871	2844
3034	692
3034	825
3034	4609
226	1567
853	1665
853	4498
1109	3086
3813	3086
3813	1567
3813	859
3813	298
3813	399
3086	1567
3086	2171
3086	1665
3086	2895
3086	3774
4665	2192
4665	692
4665	859
4665	2895
4665	2016
2192	692
2192	859
2192	2895
1567	2171
1567	4047
1567	3450
1567	1060
1567	517
1567	3727
3800	1366
1366	3794
1403	3389
1403	1620
1403	3734
1403	3296
3179	2687
3179	794
3179	2237
4220	2051
4220	313
4220	4527
859	578
859	1094
859	1286
859	1448
1665	28
1665	4275
1665	4556
1665	4498
1665	3475
511	3720
2895	2016
2895	2568
2895	2722
3389	750
3389	1166
3389	2375
3389	2731
3389	4278
3389	2631
3389	4205
3389	2609
3215	2989
4171	2731
2169	1269
2169	2914
2169	3826
1269	10
1269	58
1269	4499
1269	1536
1269	1396
1269	1671
1269	362
1269	514
1269	808
1269	958
1269	1137
1269	1243
1269	1267
1269	1429
1269	1458
1269	1828
1269	1892
1269	3886
1269	4268
1269	4318
1269	4322
1269	4476
1269	4496
1269	4624
750	110
2035	58
2035	2580
2398	2060
2398	4376
2105	4522
3131	2207
3131	3296
2568	331
2568	2051
4678	2687
4678	69
4678	1502
4678	2703
420	227
420	1547
420	2585
2241	1788
2241	1860
2668	3734
2668	525
2668	2189
2668	2307
128	689
2188	3839
247	3734
247	685
247	3198
247	1194
247	2552
247	3547
247	3328
3024	3659
3024	3998
3024	1270
3773	1094
3773	3611
3773	1878
3773	1687
3773	1748
1620	1094
3788	1094
2342	1094
2342	4354
574	3484
574	3732
3615	3636
1044	589
3194	4087
1814	4087
1814	3734
3997	209
130	913
130	2114
3503	2008
578	3425
2651	3734
2651	2340
2225	507
2225	724
351	3425
1369	3432
1369	2597
1369	2223
1369	3998
2940	2888
3937	3432
3937	4273
2989	1379
2989	4666
2989	1166
2989	1667
2989	2842
2989	1890
2989	4542
1973	2811
2901	17
2901	357
4571	4047
3291	3680
1121	3734
1121	3659
1121	589
1121	524
1379	908
1379	1667
4666	4603
4666	1667
4666	3734
4666	3296
636	630
4275	1816
4275	3357
784	4248
784	3734
1094	4354
1094	3611
1094	4064
1094	3409
4248	407
407	1915
407	4335
407	1406
2894	1752
3418	3419
3418	3845
4603	1050
4603	2642
908	1667
908	3734
1667	791
1057	2299
3419	3845
3419	3590
3845	3734
3845	3296
3845	3590
1936	3425
2842	3166
2842	667
2842	2223
1002	2597
1002	3686
3432	2223
3432	3018
1327	460
2048	4244
2060	927
2060	2888
2060	2977
2060	4640
3602	2055
3357	4498
3978	832
4176	3107
1298	3915
1298	3328
1130	1183
1325	4023
1325	4064
1325	841
1325	1878
1325	494
1325	326
1325	1547
1325	4413
1325	4178
1325	2611
1619	913
4023	227
4023	856
227	856
227	326
227	1547
227	3508
520	3611
2937	3734
2937	3296
1537	4300
1537	2161
2966	418
2966	2912
440	4596
440	1788
2687	949
2687	551
2687	958
2687	2051
2687	2844
2687	313
2687	4527
3734	2249
3734	1771
3734	1950
3734	1001
3734	717
3734	277
3734	517
3734	804
3734	1059
3734	1210
3734	1674
3734	1908
3734	2028
3734	2434
3734	2585
3734	2888
3734	3037
3734	3134
3734	3511
3734	4597
3734	3547
2662	4596
2814	524
2814	2585
4596	4480
4596	3425
4596	4234
946	3296
946	1270
2222	4047
2222	4413
1071	4354
4354	3611
3611	3164
4498	2067
3475	2067
2086	3296
3235	1361
3235	1670
3235	3278
4064	3116
4064	388
4064	2307
4064	1452
4064	2518
3166	4099
2507	1746
2533	551
2533	507
2533	958
2533	2051
2533	313
2207	3680
4047	2731
4047	3425
4047	3826
792	2883
418	4370
108	1396
108	981
3780	3450
3780	1060
3780	1788
3780	267
3780	1001
3780	519
3780	825
2444	4502
2444	2375
2444	1788
4502	861
949	2051
949	3915
949	4527
995	2932
10	2255
58	2580
2413	3573
1034	829
1034	3963
1034	4543
1050	913
1050	2642
856	841
856	1878
856	326
856	1547
856	3332
856	2209
856	885
856	921
856	4616
841	1878
841	3349
841	326
841	1547
1878	494
1878	3349
1878	326
1878	1547
1878	3512
494	326
494	1547
494	3332
326	1547
326	921
1547	3512
1547	4198
3296	1771
3296	1950
3296	2375
3296	2572
3296	2631
3296	717
3296	166
3296	277
3296	399
3296	517
3296	524
3296	525
3296	1411
3296	2028
3296	2029
3296	2099
3296	2434
3296	3425
3296	3511
3296	4234
264	4116
4116	3425
685	268
685	1671
685	1183
685	3145
685	3828
4499	4527
4522	825
1771	3680
2223	3239
2375	1788
2375	267
2375	113
2375	519
2375	2356
2375	2642
3450	1060
1060	3018
1788	1270
1788	3212
712	65
216	3774
4039	3659
4039	1569
4586	259
4178	2611
2751	4656
2346	3682
2346	66
3491	2468
3659	1023
298	3933
298	154
298	3755
4643	403
4643	1502
4643	2051
4643	3109
4235	66
267	3537
267	384
267	3320
267	913
267	4099
267	519
267	2240
267	3425
267	3531
3998	4431
3257	3889
1043	375
3504	375
375	1091
375	2532
1827	4338
384	3074
551	4387
551	958
551	2051
551	4527
3320	689
3308	1396
2731	798
2731	1286
1286	2609
1286	4496
3573	813
3573	2517
3573	3828
3573	4616
1689	4491
689	4501
170	2585
705	1636
66	67
66	1971
66	2823
66	2722
66	3278
4338	468
4338	804
4338	2324
113	2722
1038	505
3198	1270
1270	1757
1270	2373
1270	2609
1147	1524
1147	1741
4112	3192
4112	2722
599	4356
599	791
913	782
1980	1671
1980	2660
1980	4337
268	2631
268	1748
4278	1671
4278	1183
2631	1183
1671	1183
1183	3425
2858	2021
4356	3192
4356	791
4356	3
4099	1839
4099	3794
3192	791
3192	3
3192	3561
2386	4234
2293	752
2293	3080
752	3080
880	3058
5	3328
921	388
69	1502
70	1707
297	2438
360	2776
388	2189
448	4478
460	2303
460	4327
466	3072
468	507
480	3401
507	3906
507	3527
547	1164
548	1956
548	2051
608	3134
630	2907
656	2622
693	1262
825	3425
829	2434
901	2284
927	3995
931	1120
958	2051
958	2344
978	4310
1011	1262
1047	1777
1073	1262
1146	4527
1164	3328
1243	2968
1262	3027
1266	3425
1318	2609
1402	3147
1409	4301
1446	3870
1502	2051
1502	2877
1502	4527
1507	2373
1636	4157
1717	3652
1756	2921
1873	3425
1927	2770
1947	2131
1947	3853
2021	3794
2021	4510
2051	2126
2051	3915
2051	313
2051	4527
2073	3791
3794	3821
3794	1621
3794	3080
2126	2844
2229	2968
2411	3492
2505	1943
2548	2591
2609	3099
2633	3328
2781	3425
2790	3061
3556	3425
3425	3089
3425	3511
3425	4536
2898	3436
2914	3099
2922	1943
2971	3370
3061	3527
3063	1943
3239	4569
3239	4656
3278	3906
3351	4491
3451	1452
3590	3791
3613	3625
3680	3826
3748	4244
3889	4004
3915	4527
724	4234
4349	4622
4510	1943
1023	2735
3547	3328
3899	3386
2366	3386
2835	3386
1931	231
2401	231
3291	231
507	231
398	3699
2635	3699
2070	137
3125	2896
3389	2896
3780	2896
4148	358
652	358
3253	358
2138	2655
4074	2655
1476	2655
4058	2655
256	2655
2030	2526
1269	2526
4073	1239
1355	3863
4611	3863
718	3863
574	3863
3184	3863
3425	3863
1834	2976
3573	2976
3710	2976
2466	91
2493	91
4611	91
3389	91
1097	3115
276	3115
2466	3115
59	3115
3389	3115
2114	3115
3080	3115
3734	45
3415	1398
2335	1398
3129	1398
2277	1398
4506	1398
1948	1398
540	1398
4127	1398
3023	1398
3390	1398
1307	1398
1901	1398
2217	1398
1718	1398
3145	1398
4105	3165
394	3165
206	3434
4612	4132
4450	4132
511	4132
4571	4132
4596	4132
3296	4132
931	4132
3591	4132
4593	4132
4594	4132
3695	1822
206	1822
102	1638
2493	1638
620	1655
2466	1655
2651	1655
2988	1655
3780	1655
4165	898
4347	898
3296	898
110	898
3674	2524
206	2524
574	2524
4590	472
4099	3051
4003	3392
4003	3555
1380	1215
3412	1215
4506	793
3389	793
1269	2144
4087	1412
3920	4045
2413	4045
2573	2958
3827	2958
3148	2958
3389	2958
2952	3415
4526	3415
38	2174
3289	2174
1063	2174
3503	2174
3998	2174
1951	4307
3308	3704
3338	3704
4625	3628
4381	3628
488	3628
4379	3628
249	3628
2533	3628
2051	3628
1288	1514
1193	4494
2039	4494
2185	4494
3502	4494
982	4494
1156	4494
2292	4494
4533	4494
4678	4494
2051	4494
313	4494
4527	4494
3303	364
249	364
1269	364
3690	4080
2837	1478
2872	1407
3236	1407
2913	337
1033	337
813	294
3971	1581
4611	1581
2409	1172
3940	1172
3575	4625
3682	4625
66	4625
1549	4625
1315	4664
1121	4664
4216	2973
2952	2973
2584	2973
2071	2973
1441	2973
1355	2973
4011	2973
1692	2973
2952	4216
2584	4216
2071	4216
1441	4216
2584	2952
2071	2952
3312	2952
3724	2952
4433	3461
1732	3461
3380	3461
3154	3461
3101	3461
4105	3461
1121	3461
3296	3461
2397	4433
111	2442
4512	2442
2886	2442
1000	2442
4523	2671
3992	2671
3734	2671
3967	4523
3692	4523
4645	4523
458	4523
4392	4523
3023	4523
3921	4523
3139	4523
1952	4523
2572	4523
2287	3664
2030	3664
847	3664
1815	3664
273	3664
1764	3664
852	3664
470	3664
3611	3664
2413	3664
42	3664
1943	3664
1070	3264
3425	3264
206	287
3688	287
2575	2160
3880	2160
356	2160
561	2160
3880	2575
356	2575
561	2575
3427	2575
776	2575
356	3880
561	3880
2030	3880
252	3880
718	3880
1620	3880
561	356
3427	356
3299	356
3236	356
3061	356
3621	356
3431	1940
1948	1940
4313	3866
249	3866
544	3866
2533	3866
4611	649
1692	649
3734	3952
553	2341
1567	1944
3734	1944
3780	1944
3039	1260
862	3377
3378	3377
885	3377
553	862
3378	862
1852	3607
921	3607
1602	4360
2767	4360
2728	4360
3991	1575
194	561
2278	561
335	561
3655	561
2208	561
3427	561
14	561
2835	561
59	561
2164	561
4225	561
1033	561
718	561
574	561
1130	561
3734	561
896	2335
540	2335
2351	2335
3592	4679
2930	805
4545	805
1231	805
1539	805
875	805
61	3431
1772	3431
62	3431
458	3431
4070	3431
59	3431
4121	3431
2334	3431
3024	3431
1788	3431
534	3599
413	3599
3791	3599
856	1732
744	2606
2805	2606
3101	2606
3154	607
3272	607
3695	4598
3170	4598
2124	4598
652	4598
900	4568
1863	4669
1933	269
1269	269
685	269
4411	269
2805	3208
770	3208
1966	3208
3767	3208
246	3208
3104	3208
4663	3208
3371	3208
3728	3208
2254	3208
1948	3208
3650	3208
2301	3208
1749	3208
2318	3208
900	3208
4154	3208
2363	3208
30	3208
4651	3208
2299	3208
3357	3208
3296	3208
921	3208
388	3208
460	3208
2865	3208
3436	3208
3492	3208
4159	3208
4443	3208
2299	629
327	1026
4643	1026
3351	1026
2030	2407
3306	1019
4381	1019
2578	1019
2578	3306
4520	194
2493	194
3389	194
574	194
3291	194
1130	194
3425	194
1286	4381
3556	4381
1414	4089
4678	4089
1562	3968
110	3968
3425	3968
2573	4621
4612	4621
1193	2219
2369	2219
2935	1840
249	1840
2582	1840
875	4135
249	766
2557	2106
206	2106
2060	2557
847	2287
3371	2287
4011	2287
81	2287
3427	2287
4152	2287
1044	2287
1689	2287
3145	2287
642	2287
2138	2136
2454	2136
3154	2136
2208	2136
3734	2136
4474	2136
811	2793
1791	2793
1043	2793
3504	2793
375	2793
1091	2793
4304	2295
2767	4182
3236	4182
718	1885
574	1885
2146	2315
3734	2315
3296	2315
1709	2315
3312	1368
1468	1368
3328	1368
803	1353
2235	1353
633	1353
745	1353
733	1353
3734	1353
1901	1353
108	1353
1429	1353
2131	1353
117	803
745	803
451	803
4252	803
3818	803
733	803
167	803
16	803
203	803
3236	803
1831	803
1653	803
1901	803
458	4487
1270	4487
3154	1451
2862	1451
3734	1451
548	1451
3129	2235
3371	2235
3427	2235
4127	2235
3235	2235
2458	2837
650	2837
2844	2837
652	2887
2035	2887
58	2887
2580	2887
476	721
921	3894
3023	3967
1270	3967
2245	1596
1625	1596
2888	1596
1246	61
3845	61
1335	61
3398	61
847	2930
896	2930
81	2930
3728	2930
577	2930
102	2930
2166	2930
2554	2930
2571	2930
4392	2930
3896	2930
1738	2930
1206	2930
1107	2930
3023	2930
2882	2930
514	2930
1367	2930
966	4088
3835	4088
3147	498
424	1384
3027	1384
3063	1384
2512	422
4618	422
112	422
2188	422
1270	422
3477	3129
2842	3129
3166	3129
1472	3129
3379	3159
1901	3159
2633	3159
413	1684
1307	3549
3971	2030
780	2030
1436	2030
1629	2030
3807	2030
2402	2030
333	2030
1380	2030
2256	2030
2767	2030
3427	2030
3650	2030
2363	2030
4240	2030
1490	2030
647	2030
3312	2030
2424	2030
320	2030
4200	2030
1486	2030
4436	2030
1832	2030
1307	2030
4365	2030
1050	2030
712	2030
2981	2030
551	2030
2232	2030
656	2030
677	2030
762	2030
1743	2030
1927	2030
2922	2030
2960	2030
3532	2030
4073	2030
4510	2030
2703	2030
3379	1055
19	1762
1259	1762
2140	1762
4584	1762
3895	1762
4476	1241
2052	1193
114	1193
1887	1193
488	1193
1400	1193
4010	1193
4379	1193
1697	1193
2275	1193
452	1193
2363	1193
249	1193
4220	1193
2687	1193
2533	1193
4499	1193
66	1193
507	1193
1502	1193
2051	1193
2344	1193
4157	1193
672	2137
329	2137
438	2137
260	2137
425	2137
3374	3280
1605	3280
910	3280
2886	3280
3734	3280
119	4130
909	4130
2342	3554
4064	3554
3154	4457
606	4457
260	4457
4465	4457
3334	4457
1063	4457
3785	4457
1349	4457
908	4457
1667	4457
3734	4457
1788	4457
3417	2485
2254	2485
2638	2485
3055	3007
34	3007
2297	3007
458	3007
3823	3007
3684	3007
3379	3007
3493	3007
1107	3007
4332	3007
2188	3007
3024	3007
3734	3007
1788	3007
2471	4485
847	2573
396	2573
620	2573
1555	2573
896	2573
3489	2573
1165	2573
2164	2573
1567	2573
2609	2573
1119	4551
4347	4551
2808	4551
227	4551
672	19
1781	19
1729	19
1610	19
1259	19
1598	19
4584	19
1723	19
3895	19
431	19
1071	19
4354	19
3611	19
4047	19
1271	3374
38	2278
3236	2959
3125	465
1380	465
206	465
3827	465
718	465
3184	3040
3680	3040
1729	63
3296	63
685	63
2071	2584
1441	2584
1027	2584
4392	4085
1441	2071
4618	2071
388	2071
2389	38
1778	38
1637	38
2668	38
1901	38
2413	38
1837	38
3568	38
1259	672
4584	672
1325	672
1071	672
4354	672
3611	672
2971	672
2463	857
2674	857
4047	857
718	3125
1044	3125
3073	3125
30	1009
2642	1009
2734	639
758	639
987	639
1716	639
161	639
128	639
1689	639
645	1370
2419	1370
4011	1370
2934	1370
553	645
4520	645
2951	645
4011	645
2948	645
3170	645
2146	645
3635	645
1190	645
544	645
2934	645
4522	645
398	645
2382	645
3427	1607
1851	1607
647	1607
687	1607
1023	1607
3547	1607
3328	1607
4611	4444
3780	4444
519	4444
99	2419
2827	2419
4648	2419
2034	2419
2680	2419
878	2419
770	553
668	553
1168	553
99	553
1578	553
2596	553
1567	553
4047	553
601	553
267	553
3184	553
1164	553
3891	553
4035	553
4002	3241
4020	1562
34	1562
652	1562
1619	1562
138	1562
1288	1562
3659	1562
4376	1251
3533	392
2366	392
125	392
2175	392
1269	392
2299	392
2993	392
3771	392
2194	918
3039	1224
3502	1224
4379	1224
982	1224
4533	1224
949	1224
958	1224
2051	1224
2039	193
4338	193
425	193
1930	2052
4266	2052
1887	2052
488	2052
452	2052
2666	2052
2363	2052
249	2052
2687	2052
2533	2052
949	2052
3859	4505
1792	4048
2314	4048
2302	467
4509	467
1288	4535
4074	2138
1476	2138
4058	2138
4020	2138
1772	2138
1010	2138
3302	2138
81	2138
3692	2138
2554	2138
4392	2138
1738	2138
1206	2138
900	2138
3299	2138
1107	2138
3023	2138
2200	2138
3843	2138
2334	2138
692	2138
3024	2138
2651	2138
1619	2138
1788	2138
2340	2138
1272	2138
2633	2138
1023	2138
1476	4074
4058	4074
4020	4074
1010	4074
1738	4074
2200	4074
2351	4074
692	4074
1619	4074
3659	4074
4058	1476
4020	1476
1010	1476
2200	1476
692	1476
1619	1476
3659	1476
1706	1476
3658	1476
3771	1476
4020	4058
1295	4058
4392	4058
1738	4058
3843	4058
4500	4058
1619	4058
1288	4058
1060	4058
1877	4058
1742	275
4618	275
663	275
3487	275
4520	275
373	275
2934	275
66	275
3695	4618
1027	4618
183	4618
2413	4618
1959	4618
2067	1792
3524	2964
2476	2964
1213	2964
30	2964
2070	2964
1379	2964
4603	2964
1050	2964
319	2964
388	2964
2642	2964
3379	1624
4347	1624
4358	3487
1097	3487
2389	3487
4347	3487
4358	4520
1097	4520
1168	4520
2389	4520
1901	4520
2389	37
2281	37
2842	37
3641	37
3217	252
847	252
1953	252
121	252
3530	252
4295	252
3808	252
139	252
173	252
4506	252
1364	252
3427	252
1222	252
1863	252
1512	252
203	252
3488	252
352	252
2124	252
1419	252
1002	252
1771	252
2731	252
2858	252
75	252
3429	252
2703	252
2716	3217
3236	3217
470	3217
2104	3217
2989	3217
1871	3217
2084	3217
4273	3217
4645	2716
4306	3762
2597	3762
314	3762
2463	291
1168	291
3477	291
2846	291
1269	291
3337	3885
3379	119
4674	119
1567	119
3389	119
4571	119
3296	119
2942	119
2642	119
3337	3912
2438	3912
2834	3912
632	1659
2515	1659
3690	3847
512	1414
488	1414
3575	1414
1810	1414
2901	1414
958	1414
2316	1414
488	2563
2435	2563
1365	732
3690	1930
1887	1930
488	1930
4379	1930
2570	1930
2275	1930
2363	1930
249	1930
1951	1930
4220	1930
2687	1930
4391	1930
2533	1930
4643	1930
551	1930
65	1930
69	1930
507	1930
1502	1930
2051	1930
2344	1930
3915	1930
4310	1930
313	1930
2872	2740
1505	4422
273	1605
66	2194
4339	2707
1282	2527
2493	2527
113	2527
3425	2527
620	847
4269	847
1375	847
3961	847
2245	847
4500	847
3389	847
1269	847
247	847
1121	847
4248	847
3780	847
3296	847
2823	847
3710	847
2454	3041
3477	3041
2270	3041
2610	3041
623	3041
3843	3041
1033	3041
1567	3041
1130	3041
1001	3041
825	3041
4150	3041
4198	3041
2846	2463
3843	2463
2126	3873
2180	3873
3732	3873
2039	3690
249	3690
1851	4107
3472	1834
744	1834
4024	1834
3220	1834
4305	1834
1252	1834
4011	1834
3716	1834
1110	1834
4145	1834
4166	1834
3334	1834
3379	1834
1532	1834
4105	1834
875	1834
1594	1834
1749	1834
1799	1834
2992	1834
2600	1834
4276	1834
4171	1834
3740	1834
1592	1834
1537	1834
4411	1834
357	1834
806	1834
901	1834
1204	1834
2486	1834
2505	1834
3436	1834
2161	1834
4336	2603
1781	523
3104	523
1981	523
1068	523
4392	523
4105	523
4240	523
709	523
1597	523
1369	523
2060	523
3930	523
2751	523
608	523
2628	523
3328	523
3170	3380
3801	3380
1262	3380
1933	868
711	868
2786	868
4659	3405
2493	3405
233	3405
2858	3405
442	4336
2019	4336
70	3181
254	4460
3843	4460
598	4460
3331	2674
421	2674
3692	2674
1063	2674
574	2674
858	3331
2731	3331
1709	2025
2279	2025
3101	2079
3758	3199
267	3199
551	3199
4605	4020
652	4020
2680	4020
1619	4020
3253	4020
3734	1725
4011	1661
3109	1661
2585	1976
982	1167
413	1167
580	1167
249	1167
1951	1167
2901	1167
254	3524
4269	3524
2424	3524
2989	3524
1379	3524
4666	3524
289	3524
4335	3524
2942	3524
982	512
1218	512
4390	3971
3619	3971
3312	3971
3734	3971
885	3971
2029	3971
1452	3971
1484	1098
2146	3781
2208	4369
30	704
2070	704
4666	704
2642	704
3211	704
3850	1483
3101	2474
2016	2474
3086	4056
763	254
522	254
1729	2277
280	2277
112	2277
3668	2277
2292	2277
3389	2277
2401	1781
2164	1781
3389	1781
3734	1781
3296	1781
2805	744
1510	744
1496	744
1001	2805
277	2805
4229	3300
4536	2558
4064	3829
2491	3829
2668	2904
3014	2904
4136	4612
1532	4612
3895	1729
1033	1729
1567	1729
4354	1729
685	1729
267	1729
2614	1729
4167	770
99	770
102	4410
3055	2762
2343	2054
3098	4169
1380	4169
632	4169
1579	4169
1871	4169
668	4024
884	4024
2366	4024
102	4024
1295	4024
2458	4024
1598	4024
3379	4024
3101	4469
1349	4469
4346	4469
1496	1320
2552	1320
519	2607
3425	2607
3101	329
403	2149
4104	4213
2366	668
102	668
1598	668
1799	668
3895	668
4611	668
1307	668
1567	668
859	668
1269	668
1318	668
3425	668
786	1938
4537	1938
2161	1938
1097	4358
93	4358
3734	4358
3296	4358
1452	4358
1962	1097
3734	1097
4338	1097
1270	2975
2998	3931
2808	3931
4017	3931
1731	3931
4031	3931
1814	3931
4087	3931
3734	3931
2783	1039
4651	1197
4667	1355
3635	1355
4177	1355
4604	1355
4500	1355
3734	1355
3296	1355
2189	1355
3603	1355
4244	1355
4121	2734
128	2734
58	780
3101	2118
632	2343
2651	2343
3734	2343
1788	2343
396	4659
81	4659
1271	4659
3425	4659
2113	396
4244	4667
2938	938
413	938
4590	938
4432	938
4431	24
3808	3550
1952	3550
1058	3550
689	3550
1382	3789
3240	3789
125	3789
1572	3789
3029	2248
2458	4545
4392	4545
1738	4545
1366	4545
4530	620
333	620
190	620
4339	620
1349	620
1307	620
3291	620
3659	620
4278	620
2642	620
3511	620
2406	1510
2680	1510
1183	1510
1489	1510
4011	335
2351	335
3734	373
3296	373
2856	373
650	4550
3843	4550
3734	4550
1567	2726
3767	2700
4250	2700
208	884
4064	884
1579	3098
3734	3098
3296	3098
3767	1168
2487	1168
14	1168
2183	1168
2466	1168
3291	1168
522	1168
3425	1168
1121	1074
1121	80
3734	80
1258	80
4373	80
1610	49
3477	49
1293	49
1034	49
856	3052
452	2525
3573	3220
1304	1352
541	1436
3403	1436
875	121
3951	121
3296	4
3289	3767
3692	3767
4392	3767
1738	3767
1723	3767
1107	3767
3023	3767
4332	3767
2981	3767
1266	3767
1023	3767
4234	3767
2493	4142
233	4142
2530	2602
685	2602
3581	4386
2089	4386
2089	3581
3137	3581
458	3015
1228	3015
1269	1123
1405	2935
488	1405
2687	1405
313	1405
4536	1405
1400	2938
1156	2938
4446	2938
4527	2938
313	760
3393	3655
2246	3655
2466	3655
1369	3655
3692	1772
458	1772
3573	1772
2203	1772
4506	2857
488	2039
2271	2039
249	2039
3502	114
982	114
3930	114
4643	114
3994	3065
2556	3065
794	1798
3826	1798
206	2397
2466	2397
3780	2397
1567	2951
3502	1469
2271	2092
3236	2092
3298	3343
2275	3343
3034	3343
2861	1505
249	1505
3298	1887
3502	1887
4010	1887
4379	1887
982	1887
462	1887
2872	1887
1156	1887
1951	1887
4533	1887
4643	1887
551	1887
66	1887
2051	1887
2844	1887
313	1887
4527	1887
488	3298
249	3298
2687	3298
4499	3298
2877	3298
313	3298
3949	3928
366	3928
896	1010
3566	1010
577	1010
1465	1010
525	1010
806	1010
2426	1010
1023	1010
2846	2454
992	2454
1863	2454
2124	2454
1952	2454
652	2454
3253	2454
1806	2454
1081	2454
3128	3055
4269	3055
3692	3055
1614	3055
1107	3055
3023	3055
4332	3055
2582	3055
1266	3055
3278	3055
4005	3112
2070	246
2999	246
1637	246
3889	246
1831	2117
1667	2117
102	2389
4339	2389
1033	2389
3734	2389
3876	2389
3573	2389
1155	2389
3104	3382
2410	3382
3236	3382
880	3382
646	3382
3027	3382
880	3369
3058	3369
1295	2387
3734	4576
4010	1247
249	1247
1302	1247
3502	488
4010	488
4379	488
982	488
1810	488
2435	488
413	488
580	488
2829	488
2872	488
1506	488
2363	488
1156	488
2733	488
4533	488
949	488
3930	488
4643	488
551	488
958	488
2051	488
313	488
4527	488
2368	3589
1264	3589
3067	3589
880	3589
110	3589
3058	3589
3212	3589
334	1400
4379	1400
3945	1400
3337	1400
2363	1400
4643	1400
313	1400
4527	1400
2703	1400
3379	1961
3296	1961
1138	2213
507	2213
2946	812
260	812
3296	812
1315	3695
1244	3695
4269	3695
758	3695
3493	3695
3389	3695
3584	3695
1027	3302
66	3039
2822	3039
1406	4027
3734	429
4136	1016
1579	1016
4010	334
1293	334
1220	334
1778	334
4081	334
4651	4525
3561	4525
1231	34
1107	34
2241	34
3425	34
3061	34
3212	34
470	3516
442	2185
3236	3693
1863	1815
601	1815
3027	1815
58	836
2229	836
3889	836
982	2941
2271	2941
1933	4167
3951	4167
2366	3530
4512	3949
4582	3949
4163	3949
4012	3949
321	3949
152	3949
652	3949
3773	3949
520	3949
3285	4512
4295	4512
1325	4512
4354	4512
1547	4512
3379	3576
4379	3502
982	3502
2570	3502
2363	3502
249	3502
2568	3502
2901	3502
1169	3502
2687	3502
2533	3502
4499	3502
4643	3502
551	3502
2051	3502
2344	3502
2844	3502
327	4010
2301	4010
722	4010
249	4010
3635	4010
4533	4010
209	4010
2051	4010
313	4010
1468	1382
2491	1382
834	421
3734	421
3787	421
819	421
1023	421
3104	4224
3796	4224
2909	4224
2444	4224
4502	4224
4243	3104
3796	3104
2727	3104
2208	3104
1222	3104
4312	3104
1882	3104
4502	3104
1050	3104
3184	3104
1183	3104
517	3104
1072	3104
1674	3104
1908	3104
4011	1610
3692	1610
2308	1610
578	1610
1286	1610
3754	4378
206	4125
3069	1176
297	1176
2366	4308
3734	52
3379	1315
2466	1315
1366	1315
3166	1315
4099	1315
1621	1315
3080	1315
1577	4294
3773	4294
3116	4294
4567	4294
885	4294
548	4294
1929	4294
66	2469
146	2469
1556	3533
875	3533
1547	3533
1943	3533
3337	694
66	694
3371	1981
2633	1981
3547	1981
3328	1981
3379	442
919	442
718	442
685	442
1634	442
1726	3707
1716	3707
885	3707
1716	3314
3027	3314
3145	2210
3379	2945
3236	2945
2410	534
249	534
4533	534
3379	1292
875	1292
3734	1292
1902	1292
267	4559
3813	1304
1567	1304
632	4390
3953	1378
3734	1378
1060	1378
781	1378
249	1119
2895	1919
2334	1933
3235	1933
3166	1933
3397	1933
1555	4305
1555	47
4339	3953
209	3953
687	1555
982	4379
3775	4379
2570	4379
2319	4379
2275	4379
2363	4379
249	4379
4220	4379
2901	4379
2687	4379
2533	4379
949	4379
69	4379
1411	4379
1502	4379
2051	4379
2344	4379
2877	4379
3820	4379
3915	4379
313	4379
4527	4379
992	982
2570	982
3566	982
2363	982
249	982
1951	982
2733	982
4533	982
1269	982
2568	982
2687	982
2533	982
949	982
551	982
17	982
1502	982
2051	982
2344	982
3915	982
313	982
1567	2792
1408	2588
3023	4026
3389	438
1519	802
1496	802
1627	802
1627	1350
3371	4366
2189	4366
2393	4366
375	811
3154	4172
4160	4172
1209	4172
3519	4172
1936	1428
4064	1428
921	1428
1266	1428
1810	2271
3958	2271
1751	2271
2895	2271
819	2271
4338	2271
608	2271
2126	2271
2350	2271
3771	2271
4011	3102
2948	3102
4339	3102
4451	3102
276	1647
1282	1647
4611	1647
3389	1647
3296	1647
470	3481
1943	3481
1267	1388
440	3075
3641	3075
4295	97
1900	97
685	97
4295	2652
1847	4295
4064	4295
2843	1186
39	2297
3390	2297
3024	2297
440	2297
3564	3808
3780	3020
3296	3020
1060	3020
3992	2579
1110	4165
2471	4165
647	4165
3023	4165
1982	4165
1262	4165
3154	1493
3734	1493
3296	1493
2366	549
4189	549
1299	549
1121	549
3876	549
2533	1810
3097	1810
4248	87
407	87
1270	87
3827	2551
3291	2551
1269	1134
3734	1134
3734	1248
689	1248
3033	3303
249	3303
2687	3303
3857	3303
4527	3303
3033	3233
3997	3233
81	462
3378	462
3101	462
3179	462
1264	638
1269	4222
4105	3371
1917	3371
3145	3371
1860	3371
3706	3371
4273	3371
3444	1244
3538	1244
2255	1244
2252	1244
2801	1244
2401	1252
3291	1252
3236	341
1190	834
652	834
3734	834
3876	834
4339	3033
1169	3033
1380	4003
1556	4003
3379	4003
3390	4003
1496	4003
750	4003
3619	4011
2146	4011
1851	4011
4350	4011
2854	4011
1952	4011
4225	4011
1567	4011
267	4011
2858	4011
1509	4011
2422	4011
4269	3367
3619	2948
623	3477
1282	3477
3166	3477
4047	3477
2458	4269
247	4269
1536	4269
2107	4269
662	273
206	273
1901	273
2413	273
2487	2846
3379	2846
1749	2846
4047	2846
861	2846
3641	2846
2736	2846
247	3961
687	82
3951	82
3992	896
528	896
3951	896
3827	896
2164	896
407	896
1270	896
3992	81
366	81
3414	81
3951	81
1107	81
256	81
4673	81
4121	81
2207	81
3710	81
3272	4243
1000	4243
3734	4243
3296	4243
1943	4243
1269	1456
3261	3833
507	3833
1502	3353
3984	992
1307	992
1269	992
3615	992
110	992
3379	2270
3734	1255
4136	3619
14	3619
1567	3619
1130	3619
3425	3619
1583	4136
4611	4136
1033	4136
859	4136
1620	4136
3734	4136
3905	3006
540	1374
3236	1374
540	2913
1627	2913
1269	4175
3379	2089
3439	2314
3235	2314
206	139
4611	139
3780	139
209	139
2888	139
3688	3426
3425	3426
3154	2108
1594	2108
623	2108
3734	2108
3212	2108
3182	3289
3998	3289
3212	3289
3444	2514
885	2514
2166	3992
4481	3992
161	3992
3587	3992
540	1577
3635	3674
431	3674
1289	3674
2375	3674
2366	4115
2363	3958
700	3958
2146	3728
3734	3728
514	3728
2533	966
2487	173
3542	173
3173	173
2651	173
699	173
2808	4506
3296	4506
3668	280
3444	280
1312	2847
4611	4580
4578	1218
1289	1218
2353	4353
4017	3796
1731	3796
4502	3796
2733	232
1325	2245
3387	2245
424	4425
2998	366
540	366
3414	366
4611	366
2750	366
2900	366
1442	366
1050	2476
3109	2476
4220	1108
2124	631
4108	4654
3379	3564
1594	3564
1749	3564
2865	3564
4624	3564
3379	1293
875	1293
1594	1293
1749	1293
57	1293
1282	1293
859	1293
578	1293
3828	1293
1209	3154
3379	3154
1532	3154
4105	3154
875	3154
1594	3154
1749	3154
57	3154
1490	3154
1222	3154
581	3154
59	3154
4018	3154
1051	3154
1597	3154
247	3154
3734	3154
1771	3154
1001	3154
3547	3154
3567	2298
4220	2298
208	454
3740	454
1489	454
3451	454
1699	3393
3021	2347
3126	2019
2808	2019
1419	2019
712	2019
901	2019
3168	2019
4392	62
3296	62
2486	2697
2491	2088
2660	2088
375	1791
3236	1064
3680	1064
2720	1138
3700	1231
1824	1231
458	3692
1027	3692
1653	3692
3813	3692
2375	3692
3986	3692
1270	3692
3212	3692
1446	4645
4178	2402
1614	458
4416	458
4636	458
3024	458
1081	458
3198	458
2786	458
1270	458
2366	758
206	758
859	333
2021	333
1943	333
4609	333
2363	2570
4567	2570
3296	2570
551	2570
3675	2570
3568	2570
4527	2570
2188	3566
4339	4160
1262	4160
276	1110
431	1110
4596	577
1034	577
1788	577
2808	2495
1567	2495
718	2495
2301	2727
2679	2727
3879	2727
1286	2727
3101	2711
3101	2884
2477	1380
1512	1380
1692	4367
2668	1114
3911	1114
632	451
4651	729
3389	3856
1307	1764
3734	1764
3425	4140
102	2366
1295	2366
2458	2366
4145	2366
2148	2366
1190	2366
4436	2366
340	2366
3615	2366
1619	2366
3166	2366
4335	2366
1226	2366
3803	2366
1295	102
2458	102
2148	102
3543	102
2070	102
4177	102
2164	102
4514	102
3813	102
2989	102
3394	102
4556	102
4354	102
58	102
3986	102
4061	102
3521	102
2458	1295
1027	1295
943	1295
2989	1295
1379	1295
407	1295
4197	1295
792	1295
267	1295
3573	1295
3184	1295
3893	2458
3896	2458
900	2458
3493	2458
3543	2458
206	2458
2070	2458
4674	2458
4225	2458
1484	2458
3215	2458
3935	2458
4087	2458
2989	2458
199	2458
1536	2458
1164	2458
1552	2458
1959	2458
2822	2458
2577	1697
2192	1697
3282	606
2574	606
2989	606
1379	606
4666	606
908	606
1667	606
1547	606
1788	606
791	606
3212	644
3236	3893
3889	3893
4159	3893
1771	3361
1369	1528
3773	2281
1567	2590
574	2590
4571	2590
3413	2590
249	413
2687	413
3682	413
1502	413
1738	2166
3951	2166
2466	2166
2651	2166
4543	2166
2036	2998
2164	2998
2940	2998
869	541
1369	541
249	2694
249	580
1951	580
3355	580
958	580
1318	580
1502	580
4229	3823
885	3823
2189	3823
2547	4565
1749	4565
3543	4565
1269	4565
2937	3378
1170	99
267	99
4392	1614
1058	1614
3503	1614
685	1614
2208	4005
2493	4005
206	600
1464	3841
2829	3920
1995	3170
4339	3170
2307	3170
4589	3170
2808	2095
574	1611
348	1611
59	276
4047	276
2565	3101
2501	3101
2529	3101
2692	3101
2882	3101
2488	3101
4604	3101
4002	3101
2035	3101
2060	3101
2966	3101
2687	3101
2611	3101
265	3101
325	3101
468	3101
476	3101
2316	3101
2083	3101
2337	3101
2505	3101
2556	3101
3027	3101
2650	3101
2844	3101
2912	3101
2954	3101
2970	3101
2971	3101
3029	3101
3073	3101
3103	3101
3565	3101
3603	3101
4012	3430
2208	3430
152	3430
4012	4582
152	4582
4567	4582
4012	4163
152	4163
598	4163
321	4012
1578	4012
152	4012
3773	4012
520	4012
3734	4012
1071	4012
1547	4012
2375	4012
2172	4012
3379	321
1212	321
152	321
1325	321
2051	1751
1027	1872
3734	1872
1547	1872
2808	4340
3826	2565
1259	2208
1190	2208
4611	2208
3432	2208
927	2208
4466	2208
3427	2794
3940	2794
209	3957
2529	2254
1369	2254
3221	2254
4352	2146
2937	2146
2413	2146
388	2146
1942	4450
1222	4450
1023	4450
2735	4450
3164	3702
1027	2554
3827	2554
3212	2554
1094	3756
3296	3756
861	1942
256	2501
859	2501
1286	2501
3236	840
267	3649
4448	3465
3653	3465
1282	3465
4674	4448
3688	4448
249	2829
249	2872
1880	2872
2394	2872
1307	1529
798	1529
4198	1529
1027	243
1943	243
1878	2724
4032	2724
3515	1557
599	1557
2808	3956
2140	1259
4584	1259
3895	1259
3503	4166
3780	4166
4594	4246
2012	3976
3122	3976
900	2612
39	2612
3390	2612
2580	2612
4609	2612
249	2562
3895	1598
3235	1598
662	3509
1156	4590
650	4590
192	4590
4446	4590
112	3596
3730	3596
1788	3596
1209	698
2301	3123
4147	112
1085	112
974	112
3364	112
3224	112
905	112
2320	112
853	112
4248	112
1680	112
974	3730
3364	3730
3224	3730
905	3730
1269	4147
861	4147
2301	974
2301	3364
574	3364
113	3364
152	2056
1257	2056
2301	2320
1914	2320
692	987
4593	987
104	1934
3937	1934
712	1934
4105	4304
4099	4304
2842	3818
1943	2767
1785	3633
662	1364
1349	662
1592	662
2223	662
853	3892
1269	4629
2651	3558
3425	3558
632	571
1116	571
3184	571
4465	2308
3998	2308
3573	2308
3282	260
2574	260
1379	260
908	260
1667	260
3282	2625
305	2625
4335	2625
2768	208
2223	208
1489	208
1206	1027
3023	1027
2053	1027
4665	1027
1267	1027
3511	1027
3610	1027
4402	1027
1023	1027
3235	3348
1699	1948
4556	1948
1878	1948
152	3427
2232	3427
3145	3427
875	1556
1116	1556
2180	1556
861	4465
2841	4465
861	3334
2188	3684
3023	4416
1270	4416
595	4416
3235	3240
2368	852
544	852
3954	3618
574	3449
249	2148
3061	2148
1121	4152
1442	540
4500	540
598	540
3734	1628
3296	1628
2505	4481
3379	3650
3444	3650
3963	3650
4275	3157
3236	3126
1369	2529
2940	2529
1533	2529
2223	2529
3027	2529
1369	1726
2940	1726
1904	1726
3951	4070
3236	4187
3212	4187
3236	4636
875	4392
4273	4392
2424	3896
2070	3896
3425	3896
3239	3896
1206	1738
3734	1738
4635	1738
4234	1738
2261	1738
3379	4019
4584	2140
2909	2140
3895	2140
1878	2140
1023	2140
1325	4584
841	4584
1878	4584
326	4584
93	1063
2241	1063
3212	1063
1442	3414
1852	3729
3843	3785
861	3785
1094	763
1094	215
3182	2880
3937	2880
1209	2301
3379	2301
1594	2301
1749	2301
2318	2301
850	2301
1034	2301
685	2487
4278	2487
1532	1209
4105	1209
3389	1209
3734	1209
1204	1209
2161	1209
1190	14
2493	14
4611	14
3450	14
2804	3379
57	3379
2318	3379
632	3379
2471	3379
3312	3379
4021	3379
3023	3379
4276	3379
4665	3379
1665	3379
2169	3379
1121	3379
1592	3379
3744	3379
3734	3379
1034	3379
2455	3379
1718	3379
885	3379
2942	3379
153	3379
342	3379
277	3379
284	3379
391	3379
901	3379
931	3379
1777	3379
2107	3379
2155	3379
3455	3379
2344	3379
2548	3379
2552	3379
2614	3379
2932	3379
3107	3379
3122	3379
3459	3379
3494	3379
4077	3379
3820	3379
3834	3379
3911	3379
3995	3379
4126	3379
4218	3379
4656	3379
1532	2610
875	2610
1594	2610
1749	2610
632	2610
3034	2610
875	2804
1594	2804
1749	2804
632	2804
3034	2804
875	1532
1594	1532
1749	1532
632	1532
1799	1532
3034	1532
1509	1532
1960	1532
3439	3322
2318	4105
1490	4105
4670	4105
128	4105
3419	4105
2582	4105
1537	4105
3734	4105
1034	4105
267	4105
3546	4105
829	4105
2438	4105
2614	4105
2789	4105
3963	4105
4656	4105
632	875
2471	875
3519	875
4665	875
1269	875
3734	875
1749	1594
632	1594
2471	1594
3312	1594
3734	1594
632	1749
2471	1749
3444	1749
1592	1749
3734	1749
1034	1749
1050	1749
2614	1749
1537	57
3734	57
1147	2318
2614	2318
2471	632
2363	632
4250	632
3034	632
3034	2471
152	1578
3611	1578
152	4653
1506	1491
1269	4199
249	1506
612	1506
1567	2215
1429	2430
4648	2827
2034	2827
2034	4648
1302	72
2060	1993
722	2275
1632	2275
3261	2275
3034	2275
1479	2275
3450	2275
551	2275
66	2275
1632	722
1951	722
1479	722
551	722
1479	1632
3954	4471
3027	1716
1496	1142
2183	2246
2067	2246
3278	1381
1951	452
1190	452
3086	452
2051	452
544	2368
515	2368
3876	2368
3166	2368
1269	2992
4579	2992
4347	900
39	900
3390	900
1496	900
652	900
711	2167
4000	2167
4347	3815
4347	640
3236	640
4347	1991
4347	1250
717	1250
281	1250
2337	1250
3018	1250
4322	1250
1567	1820
3734	1820
256	2909
66	1042
470	84
3734	190
599	3515
4356	3515
3192	3515
791	3515
3	3515
3236	2310
2386	2310
1567	2778
1130	2778
90	4154
736	2289
3773	2465
3086	104
1567	104
3945	1579
3752	1579
910	1579
490	1579
3989	1579
3752	3945
980	3945
1867	3945
2231	3945
4087	3945
910	3752
2236	2066
3491	980
1617	910
4312	2406
3493	1851
127	1851
1282	1851
3389	1851
3291	1851
3296	1851
3508	1851
3625	1851
2424	4013
206	3493
574	3493
1325	3493
2375	3493
2114	2087
3236	78
3734	725
2824	238
2363	3337
249	3337
1307	3337
4220	3337
1130	3337
2533	3337
4643	3337
880	3337
3058	3337
3680	3337
1393	4347
3611	4347
3425	4347
249	2363
1156	2363
949	2363
551	2363
2051	2363
3425	2363
313	2363
4527	2363
249	491
1156	249
612	249
1951	249
4533	249
3179	249
4678	249
2901	249
949	249
3930	249
4643	249
551	249
66	249
405	249
507	249
958	249
1502	249
2316	249
2051	249
2824	249
2844	249
3802	249
313	249
4527	249
2982	412
3136	1245
3984	1723
4339	1723
1302	1723
1567	1723
3389	1723
880	1723
1680	3984
4451	1465
2687	1156
2533	1156
2844	1156
3569	1156
66	21
199	612
3734	1490
3734	3035
507	4229
3951	3299
1619	3299
4249	3299
300	3758
2600	3895
1471	3895
203	3895
1071	3895
4064	3895
685	3895
921	3895
300	377
300	1677
94	300
1982	300
1033	3635
470	3635
2351	3635
3425	3635
3791	3635
825	1617
4678	1951
2901	1951
4643	1951
551	1951
17	1951
2178	1951
647	1995
687	1995
687	647
2124	647
4611	647
4436	647
1787	647
1130	647
1212	687
4605	687
1453	687
3583	687
3940	687
3312	687
1763	687
1863	687
1787	687
1468	687
1130	687
3547	687
3328	687
4069	1066
1567	1190
1094	1190
1130	1190
398	1190
3179	3567
4605	1212
1453	1212
3583	1212
3940	1212
3312	1212
1763	1212
1863	1212
2101	1212
1419	1212
1952	1212
1220	1212
4225	1212
1058	1212
2680	1212
545	1212
1033	1212
1468	1212
2728	1212
3425	1212
3026	1212
1453	4605
2101	4605
1468	4605
636	4605
4064	4605
3780	4605
3312	1453
2101	1453
4225	1453
1468	1453
3787	1453
388	1453
3312	3583
2101	3583
4225	3583
1468	3583
2668	3583
3312	3940
2101	3940
1468	3940
1763	3312
2101	3312
1468	3312
1915	3312
3184	3312
4624	3312
2101	1763
4225	1763
1468	1763
3780	1763
4061	1763
3389	2139
519	4272
1567	1222
3734	1222
3296	1222
1883	3571
4372	2808
2541	2808
30	2424
2812	2424
859	2424
1379	2424
3978	2424
289	2424
520	2424
1901	2424
856	1213
4500	909
3014	909
2070	3282
4666	3282
1667	3282
3773	2574
1379	2574
4666	2574
1667	2574
856	2574
3734	30
1050	30
2642	30
784	359
2070	206
2334	206
2989	206
1379	206
4666	206
289	206
267	206
1001	206
2731	206
589	206
2989	2070
1050	2070
888	2070
3954	1285
3444	1285
3954	135
3444	3954
1339	3954
2161	3954
3734	581
313	3719
1619	3951
3946	16
1547	16
3390	39
2580	39
4609	39
3997	544
856	544
3320	544
242	127
782	127
2466	1996
2651	1996
3338	2835
1959	2835
3425	2835
1878	1107
1270	4482
2337	4288
3107	4288
4674	3023
1369	3023
4477	3023
4533	4432
3734	1883
2814	1883
4611	1511
3291	1511
519	1511
4611	344
2466	4674
4571	4674
3734	4674
3296	4674
2642	4674
3773	1439
1269	623
3876	623
4047	623
522	623
942	623
256	3489
4339	3489
2478	3489
3827	3489
652	3489
2119	3489
2478	256
485	256
1914	256
128	256
2989	256
4278	256
3982	256
3511	256
3584	256
3215	4339
3131	4339
1901	4339
985	4339
519	4339
1257	4339
1501	4339
2028	4339
3680	4339
4068	4339
736	1349
2493	1349
233	1349
1033	1349
1403	2466
685	2466
2375	2466
3511	2466
3236	2656
2222	1867
59	1282
4148	1282
1033	1282
3734	1282
3517	1282
589	1282
3145	1282
4503	1282
3086	736
798	2899
3236	3754
856	3754
3668	4108
161	3668
3744	3668
685	882
268	882
4278	882
1183	882
4225	1583
1094	1583
791	3067
3843	3402
480	3402
2255	1519
4651	648
3724	648
3296	4312
2063	3139
1912	3139
3734	2457
859	3081
1121	3081
2922	3081
798	2919
3827	59
2401	59
545	59
1267	59
460	2401
825	2401
2552	2401
233	2493
3173	2493
3734	2493
3659	233
1166	650
517	650
4588	650
3734	3182
3173	4651
1030	4651
1283	4651
2104	4651
4205	4651
1448	4651
2114	4651
3328	4651
1160	2200
2008	2200
3673	107
4656	107
2822	4018
3646	3236
4611	3236
4031	3236
4365	3236
2375	3236
705	3236
4205	3236
154	3236
426	3236
1711	3236
2888	3236
3211	3236
3278	3236
3451	3236
3603	3236
3791	3236
3857	3236
3906	3236
4198	3236
3268	3236
4349	3236
2968	3236
3774	3236
2313	1917
267	3444
3320	3444
885	3444
4442	3444
856	1393
267	1393
298	320
1267	320
1121	4177
2679	919
4235	1198
1496	3390
247	3390
2937	3390
1547	3390
3545	1496
2530	1496
3603	1496
3710	1496
2966	3519
3454	3519
3080	3519
3862	1879
2164	431
1307	431
3291	431
3734	431
825	431
2164	1261
3291	1261
3296	1261
1801	2292
1567	2292
3389	2292
574	2292
4571	2292
58	2292
3296	2292
1058	2164
3291	2164
1269	1801
699	3173
2114	3488
705	352
3773	152
520	152
1071	152
4354	152
848	2488
4200	2488
4611	2488
4670	2488
2530	2488
351	2488
40	2488
642	2488
878	2488
4611	3783
2124	4148
652	4148
4670	4148
856	4148
113	4148
4200	2124
2053	2124
1307	2124
1806	2124
1663	2124
2679	4200
4611	4200
652	4200
4121	4200
4611	2679
4673	2679
4670	2679
4121	2679
4673	4611
1220	4611
4670	4611
4121	4611
1567	4611
2940	4611
4556	4611
288	4611
685	4611
4278	4611
1401	4611
2028	4611
3058	4611
4121	4673
240	3843
598	3843
3538	3843
2175	3843
4250	4604
3941	1051
3169	3526
2492	597
470	4514
1419	2101
1220	2101
4225	2101
1058	2101
2680	2101
545	2101
1033	2101
1468	2101
1302	2101
113	2101
1220	1419
4225	1419
1058	1419
2680	1419
545	1419
1033	1419
2249	1419
113	1419
2680	1952
1033	1952
636	1952
515	1952
3780	1952
2699	1952
2680	1220
1033	1220
1058	4225
2680	4225
1033	4225
1130	4225
113	4225
927	4225
2680	1058
1033	1058
1325	1058
3780	1058
3184	1058
4670	652
1307	652
3773	652
856	652
3797	652
4121	4670
1307	4670
1442	4121
1258	3148
2008	3148
3100	3148
2754	3185
545	2680
1033	2680
1033	545
3826	545
1567	1033
1269	1033
3503	1033
4047	1033
113	1033
3556	1033
4000	711
1325	3545
1270	4332
3212	4332
3425	1985
1731	4017
1814	4017
4031	1731
1814	1731
4087	1731
3734	1731
1814	4031
3734	4031
3341	1442
3131	1442
4248	1442
2207	1442
325	3882
58	2530
2582	1307
699	1307
1706	1307
2756	1307
4317	1307
4593	1307
1637	1778
1567	700
3428	700
3734	943
718	4500
1878	4500
375	4500
405	4500
1567	470
1034	470
1509	470
3538	598
2175	598
885	598
2687	2733
3734	1597
2687	4533
2533	4533
949	4533
574	2351
3349	2351
1004	2351
1023	2351
3026	3538
1619	125
4077	125
3475	2020
507	2020
3644	1000
1788	1921
1367	1468
183	192
3389	2334
3116	1302
71	1302
199	2682
1130	2859
199	2859
1637	2999
2844	3871
692	3034
825	3034
4609	3034
1567	226
1665	853
4498	853
3086	1109
3086	3813
1567	3813
859	3813
298	3813
399	3813
1567	3086
2171	3086
1665	3086
2895	3086
3774	3086
2192	4665
692	4665
859	4665
2895	4665
2016	4665
692	2192
859	2192
2895	2192
2171	1567
4047	1567
3450	1567
1060	1567
517	1567
3727	1567
1366	3800
3794	1366
3389	1403
1620	1403
3734	1403
3296	1403
2687	3179
794	3179
2237	3179
2051	4220
313	4220
4527	4220
578	859
1094	859
1286	859
1448	859
28	1665
4275	1665
4556	1665
4498	1665
3475	1665
3720	511
2016	2895
2568	2895
2722	2895
750	3389
1166	3389
2375	3389
2731	3389
4278	3389
2631	3389
4205	3389
2609	3389
2989	3215
2731	4171
1269	2169
2914	2169
3826	2169
10	1269
58	1269
4499	1269
1536	1269
1396	1269
1671	1269
362	1269
514	1269
808	1269
958	1269
1137	1269
1243	1269
1267	1269
1429	1269
1458	1269
1828	1269
1892	1269
3886	1269
4268	1269
4318	1269
4322	1269
4476	1269
4496	1269
4624	1269
110	750
58	2035
2580	2035
2060	2398
4376	2398
4522	2105
2207	3131
3296	3131
331	2568
2051	2568
2687	4678
69	4678
1502	4678
2703	4678
227	420
1547	420
2585	420
1788	2241
1860	2241
3734	2668
525	2668
2189	2668
2307	2668
689	128
3839	2188
3734	247
685	247
3198	247
1194	247
2552	247
3547	247
3328	247
3659	3024
3998	3024
1270	3024
1094	3773
3611	3773
1878	3773
1687	3773
1748	3773
1094	1620
1094	3788
1094	2342
4354	2342
3484	574
3732	574
3636	3615
589	1044
4087	3194
4087	1814
3734	1814
209	3997
913	130
2114	130
2008	3503
3425	578
3734	2651
2340	2651
507	2225
724	2225
3425	351
3432	1369
2597	1369
2223	1369
3998	1369
2888	2940
3432	3937
4273	3937
1379	2989
4666	2989
1166	2989
1667	2989
2842	2989
1890	2989
4542	2989
2811	1973
17	2901
357	2901
4047	4571
3680	3291
3734	1121
3659	1121
589	1121
524	1121
908	1379
1667	1379
4603	4666
1667	4666
3734	4666
3296	4666
630	636
1816	4275
3357	4275
4248	784
3734	784
4354	1094
3611	1094
4064	1094
3409	1094
407	4248
1915	407
4335	407
1406	407
1752	2894
3419	3418
3845	3418
1050	4603
2642	4603
1667	908
3734	908
791	1667
2299	1057
3845	3419
3590	3419
3734	3845
3296	3845
3590	3845
3425	1936
3166	2842
667	2842
2223	2842
2597	1002
3686	1002
2223	3432
3018	3432
460	1327
4244	2048
927	2060
2888	2060
2977	2060
4640	2060
2055	3602
4498	3357
832	3978
3107	4176
3915	1298
3328	1298
1183	1130
4023	1325
4064	1325
841	1325
1878	1325
494	1325
326	1325
1547	1325
4413	1325
4178	1325
2611	1325
913	1619
227	4023
856	4023
856	227
326	227
1547	227
3508	227
3611	520
3734	2937
3296	2937
4300	1537
2161	1537
418	2966
2912	2966
4596	440
1788	440
949	2687
551	2687
958	2687
2051	2687
2844	2687
313	2687
4527	2687
2249	3734
1771	3734
1950	3734
1001	3734
717	3734
277	3734
517	3734
804	3734
1059	3734
1210	3734
1674	3734
1908	3734
2028	3734
2434	3734
2585	3734
2888	3734
3037	3734
3134	3734
3511	3734
4597	3734
3547	3734
4596	2662
524	2814
2585	2814
4480	4596
3425	4596
4234	4596
3296	946
1270	946
4047	2222
4413	2222
4354	1071
3611	4354
3164	3611
2067	4498
2067	3475
3296	2086
1361	3235
1670	3235
3278	3235
3116	4064
388	4064
2307	4064
1452	4064
2518	4064
4099	3166
1746	2507
551	2533
507	2533
958	2533
2051	2533
313	2533
3680	2207
2731	4047
3425	4047
3826	4047
2883	792
4370	418
1396	108
981	108
3450	3780
1060	3780
1788	3780
267	3780
1001	3780
519	3780
825	3780
4502	2444
2375	2444
1788	2444
861	4502
2051	949
3915	949
4527	949
2932	995
2255	10
2580	58
3573	2413
829	1034
3963	1034
4543	1034
913	1050
2642	1050
841	856
1878	856
326	856
1547	856
3332	856
2209	856
885	856
921	856
4616	856
1878	841
3349	841
326	841
1547	841
494	1878
3349	1878
326	1878
1547	1878
3512	1878
326	494
1547	494
3332	494
1547	326
921	326
3512	1547
4198	1547
1771	3296
1950	3296
2375	3296
2572	3296
2631	3296
717	3296
166	3296
277	3296
399	3296
517	3296
524	3296
525	3296
1411	3296
2028	3296
2029	3296
2099	3296
2434	3296
3425	3296
3511	3296
4234	3296
4116	264
3425	4116
268	685
1671	685
1183	685
3145	685
3828	685
4527	4499
825	4522
3680	1771
3239	2223
1788	2375
267	2375
113	2375
519	2375
2356	2375
2642	2375
1060	3450
3018	1060
1270	1788
3212	1788
65	712
3774	216
3659	4039
1569	4039
259	4586
2611	4178
4656	2751
3682	2346
66	2346
2468	3491
1023	3659
3933	298
154	298
3755	298
403	4643
1502	4643
2051	4643
3109	4643
66	4235
3537	267
384	267
3320	267
913	267
4099	267
519	267
2240	267
3425	267
3531	267
4431	3998
3889	3257
375	1043
375	3504
1091	375
2532	375
4338	1827
3074	384
4387	551
958	551
2051	551
4527	551
689	3320
1396	3308
798	2731
1286	2731
2609	1286
4496	1286
813	3573
2517	3573
3828	3573
4616	3573
4491	1689
4501	689
2585	170
1636	705
67	66
1971	66
2823	66
2722	66
3278	66
468	4338
804	4338
2324	4338
2722	113
505	1038
1270	3198
1757	1270
2373	1270
2609	1270
1524	1147
1741	1147
3192	4112
2722	4112
4356	599
791	599
782	913
1671	1980
2660	1980
4337	1980
2631	268
1748	268
1671	4278
1183	4278
1183	2631
1183	1671
3425	1183
2021	2858
3192	4356
791	4356
3	4356
1839	4099
3794	4099
791	3192
3	3192
3561	3192
4234	2386
752	2293
3080	2293
3080	752
3058	880
3328	5
388	921
1502	69
1707	70
2438	297
2776	360
2189	388
4478	448
2303	460
4327	460
3072	466
507	468
3401	480
3906	507
3527	507
1164	547
1956	548
2051	548
3134	608
2907	630
2622	656
1262	693
3425	825
2434	829
2284	901
3995	927
1120	931
2051	958
2344	958
4310	978
1262	1011
1777	1047
1262	1073
4527	1146
3328	1164
2968	1243
3027	1262
3425	1266
2609	1318
3147	1402
4301	1409
3870	1446
2051	1502
2877	1502
4527	1502
2373	1507
4157	1636
3652	1717
2921	1756
3425	1873
2770	1927
2131	1947
3853	1947
3794	2021
4510	2021
2126	2051
3915	2051
313	2051
4527	2051
3791	2073
3821	3794
1621	3794
3080	3794
2844	2126
2968	2229
3492	2411
1943	2505
2591	2548
3099	2609
3328	2633
3425	2781
3061	2790
3425	3556
3089	3425
3511	3425
4536	3425
3436	2898
3099	2914
1943	2922
3370	2971
3527	3061
1943	3063
4569	3239
4656	3239
3906	3278
4491	3351
1452	3451
3791	3590
3625	3613
3826	3680
4244	3748
4004	3889
4527	3915
4234	724
4622	4349
1943	4510
2735	1023
3328	3547
