3386	2366
3386	2835
3386	1347
231	1870
231	1640
231	4170
231	1931
231	1347
231	584
231	3291
231	507
3699	1769
3699	2635
137	703
2896	3780
358	4148
3399	3916
2526	2030
2526	1269
4209	2641
4209	4161
1239	1601
1239	1753
1239	3577
1239	4073
3115	1097
3115	3381
3115	276
3115	2466
3115	1347
3115	3918
3115	3080
1398	2335
1398	3799
1398	2866
1398	1643
1398	1385
1398	719
1398	4506
1398	4170
1398	1948
1398	27
1398	540
1398	2082
1398	4127
1398	3023
1398	1307
1398	826
1398	4302
1398	3779
1398	3651
1398	1718
1398	1153
1398	3145
1075	4045
1075	672
1075	4460
1075	396
1075	4012
1075	865
1075	900
1075	2574
1075	1325
1075	4023
1075	1221
1075	374
1075	959
1075	1878
1075	3520
3165	4105
3165	394
3165	1540
2897	3175
3434	206
4132	4612
4132	1580
4132	473
4132	4571
4132	4596
4132	3520
4132	3296
4132	931
4132	4593
3570	11
3570	504
1638	102
1638	4641
1638	2493
1638	4253
1701	206
3974	4664
3974	1432
3974	334
3974	1466
3974	4012
3974	4382
3974	27
3974	4070
3974	25
285	1110
285	756
285	3379
898	4165
898	4347
898	570
898	3296
898	110
472	408
472	1538
472	3708
728	3762
728	4358
728	220
728	1273
728	62
728	2646
728	4374
728	865
728	4306
728	3742
728	4131
728	4414
728	2597
728	26
728	3436
3392	4003
3392	756
3193	4545
3193	3379
3193	72
793	145
793	2023
793	4506
2144	1269
428	4494
428	4548
428	1400
428	4379
428	2570
428	1897
428	707
428	2121
428	3174
428	4499
428	17
428	2045
428	3150
428	3278
1412	4087
4045	3920
4045	3209
210	2183
210	1622
1263	1176
1263	1601
1263	4521
253	408
253	4379
253	3337
253	4533
253	2447
253	3174
253	4643
253	551
253	958
253	2045
253	2051
253	4527
4494	408
4494	2420
4494	482
4494	2292
4494	4533
4494	2447
4494	2045
4494	2051
4494	313
4494	4527
4080	3690
1478	2837
1478	2978
1478	3909
4008	1481
4008	1480
337	2913
337	1800
1172	408
1172	2499
1172	2409
4664	1315
4664	1121
1136	3108
3721	2973
3721	4216
3721	1441
3721	1643
2973	4216
2973	2952
2973	1441
2973	1643
2973	4011
4216	2952
4216	1441
4216	1643
2952	3312
404	4472
404	1540
404	962
3461	1732
3461	3380
3461	3154
3461	3101
3461	4374
3461	4105
3461	1121
3461	3296
3461	1399
3461	1415
2671	1618
2671	230
2671	3577
2671	101
2671	3734
406	4335
406	175
3955	1403
3664	2030
3664	2866
3664	1815
3664	273
3664	1764
3664	2634
3664	2082
3664	4641
3664	903
3664	86
3664	3779
3664	42
3664	1943
3264	1221
3264	3425
4675	4643
4675	2051
287	206
287	3688
2575	3880
2575	2667
2575	3427
3880	2030
3880	1620
1940	3431
1940	1864
1940	230
1940	1948
3866	544
690	649
690	2111
690	2573
690	3417
690	24
690	696
690	3813
690	3086
690	1094
690	1759
649	739
3952	3734
2341	553
1260	3039
3319	3378
3319	885
862	553
862	3378
1018	529
1022	4314
1575	3991
370	1269
370	1179
370	4067
809	3046
2335	1385
2335	1640
2335	172
2335	896
2335	540
2335	842
4139	540
4680	1797
4680	760
4680	3003
619	2030
619	955
619	3741
619	2385
619	4005
619	1898
619	2615
619	3635
619	1271
619	1124
619	175
619	1049
619	1062
619	2083
619	2819
619	4029
805	4545
805	1231
805	27
805	3677
805	1308
805	1856
3431	62
3431	3824
3431	4070
3431	1347
3431	4121
3431	2334
3431	2451
3431	1888
2362	172
2362	2166
2362	2292
2362	1801
2362	3488
2362	3438
2362	4194
2399	1518
1732	2658
4637	2029
1754	756
4568	1600
4568	900
1432	3778
1432	1607
1432	756
1432	161
1432	1445
1432	2020
1432	574
1432	3046
1432	3292
629	4454
629	101
629	1445
629	3209
3017	112
3778	2458
3855	2030
3855	3379
1026	327
1026	4643
3830	2536
3830	672
2407	3108
2407	2030
3108	2536
3108	2111
3108	2315
3108	1334
3108	2194
3108	3522
3108	2094
3108	2938
3108	572
3108	2613
3108	3336
3108	2304
3108	2646
3108	1020
3108	3841
3108	2151
3108	658
3108	3456
3108	1799
3108	2150
3108	4143
3108	2199
3108	2396
3108	2153
3108	2377
3108	2984
3108	4171
3108	3291
3108	1121
3108	4666
3108	4414
3108	2222
3108	3642
3108	2446
3108	739
3108	3250
3108	74
3108	70
3108	634
3108	677
3108	970
3108	1079
3108	1467
3108	1633
3108	1752
3108	1779
3108	2040
3108	2051
3108	2135
3108	2157
3108	2233
3108	3455
3108	2269
3108	2324
3108	2467
3108	2552
3108	3238
3108	3242
3108	3347
3108	3413
3108	3473
3108	3739
3108	3745
3108	3838
3108	3948
3108	4617
3108	1888
4532	2536
542	2536
3306	4548
3306	2536
3306	2578
3306	0
4548	2536
4548	1241
2536	950
2536	2578
2536	0
2536	683
2536	3236
950	2578
950	0
2578	0
2567	2420
2567	199
2567	507
441	1269
3396	3597
3396	2189
4621	2573
4621	4612
217	766
217	707
217	2438
766	707
766	2447
766	3174
2557	2060
2557	1221
3195	593
3195	979
3195	3780
2111	655
2111	3813
2111	906
2111	1567
2111	2895
2111	873
2111	804
2295	4304
2479	3775
2479	3296
951	553
951	504
1885	574
432	1214
432	4439
432	2646
432	4414
1214	1453
2315	3597
2315	2146
2315	3742
2315	3734
2315	3296
2315	1280
2315	3175
2315	1709
2315	3662
1353	803
1353	4554
1353	633
1353	3077
1353	745
1353	733
1353	3734
1353	2131
803	3085
803	3623
803	4554
803	827
803	3741
803	960
803	745
803	4252
803	3818
803	733
803	1753
803	16
803	3236
4487	4090
4487	3638
4487	504
4487	1270
2460	3101
1451	3154
1451	3734
1451	548
3799	3053
3799	639
3799	748
3799	2667
3799	3427
3799	4127
3799	4651
3799	2842
3799	3328
145	3053
145	3650
145	360
145	1335
145	3328
3085	52
3085	979
3623	4040
2837	2458
2837	650
2837	2844
596	3707
596	4363
596	3962
596	1369
596	1177
596	2058
2887	390
2887	2035
2887	4427
2887	58
2887	308
155	3175
4384	2366
4384	3222
4384	4657
4574	1379
4574	3437
408	2420
408	4379
408	2570
408	452
408	482
408	707
408	2121
408	949
408	3174
408	4643
408	551
408	17
408	4387
408	1502
408	2045
408	313
4655	2030
4655	1601
4655	86
4655	317
4655	3926
4655	1943
1386	2938
1386	1504
1769	1567
917	1762
917	2094
917	2481
4046	3077
4046	2281
4046	691
1596	2245
1596	1625
1596	2888
4088	966
4088	504
2640	4520
2640	2199
2640	4394
1870	3006
1870	2108
1870	3635
1870	1952
1870	657
1870	226
1870	1957
492	1191
492	2035
4254	625
4254	3824
4254	3957
4254	4571
4254	1847
4254	1535
4254	3782
3159	3379
1684	413
3050	4647
3050	3437
1336	2030
2030	4404
2030	3971
2030	1436
2030	1629
2030	3807
2030	3251
2030	1229
2030	3336
2030	2391
2030	1475
2030	2402
2030	333
2030	4170
2030	1380
2030	2256
2030	2767
2030	1639
2030	2667
2030	3427
2030	4454
2030	3650
2030	2145
2030	4240
2030	1490
2030	647
2030	3312
2030	1135
2030	4200
2030	1486
2030	1606
2030	4436
2030	489
2030	1307
2030	2306
2030	2955
2030	1054
2030	86
2030	1126
2030	2383
2030	4414
2030	712
2030	551
2030	2232
2030	2115
2030	1542
2030	53
2030	566
2030	656
2030	677
2030	762
2030	970
2030	1268
2030	1373
2030	1927
2030	2045
2030	2339
2030	2384
2030	2769
2030	2960
2030	3662
2030	4073
2030	4510
2030	2703
3321	323
3321	4546
3321	618
1055	3379
1762	3814
1762	529
1762	2140
1762	4584
1762	3895
2537	2064
3814	672
3814	529
3814	1729
3814	2140
3814	4584
3814	3895
3814	1221
3814	1071
4404	2647
4404	173
4404	3154
4404	1764
4404	2634
4404	3734
4404	3296
4404	1373
4457	4015
4457	3154
4457	756
4457	4465
4457	1063
4457	3785
4457	1349
4457	3284
4457	3092
4457	908
4457	3734
4457	3437
4457	1500
2485	3417
2485	969
2485	2254
3714	1168
3714	1190
3714	4036
3714	3598
3714	946
3714	2209
3714	2253
1797	3998
1797	410
1344	2078
1344	4339
3044	4095
3044	1227
2573	396
2573	620
2573	172
2573	896
2573	3489
2573	2164
2573	1567
2573	1804
2573	1957
4551	1119
4551	625
4551	4347
4551	1347
4551	4544
4551	3175
3374	1271
3374	2523
2221	1551
2221	1607
2221	2355
2221	838
2221	3832
2221	786
2221	3023
2221	1567
2221	2955
2221	574
2221	1270
2221	664
2282	1551
2282	1607
2282	838
2282	786
2282	3023
2282	1349
2282	1270
2282	664
2282	3425
2360	3368
2959	3236
465	2023
465	427
465	1380
465	206
465	3827
465	976
2023	4505
2023	3819
2023	1981
2023	960
2023	427
2023	3647
2023	1511
2023	1403
2023	271
2023	2989
2023	2223
36	3823
1551	4618
1551	2644
1551	1528
1551	2294
1551	2281
1551	2634
1551	4429
38	3053
38	3032
38	2389
38	1778
38	1637
38	3598
38	1503
1441	1643
621	2472
4015	3858
4015	620
4015	2726
4015	1010
4015	3529
4015	1640
4015	106
4015	577
4015	3101
4015	3793
4015	2466
4015	3173
4015	1921
4015	3437
4015	3296
4015	1500
4015	1277
4015	558
4015	825
4015	3663
771	4011
771	1518
771	3773
771	979
672	529
672	4584
672	1325
672	1071
672	4354
857	4047
529	655
529	4011
529	2140
529	4584
529	3895
529	1567
529	1071
529	4354
529	1878
529	3349
529	4116
529	2378
3053	3819
3053	2389
3053	1981
3053	960
3053	4506
3053	3962
3053	648
3053	4131
639	2734
639	1716
639	161
639	1689
639	767
530	1530
4547	2228
1607	4289
1607	3427
1607	647
1607	2632
1607	3175
1607	162
1607	3708
1607	1957
1607	1023
1607	3547
1607	3328
553	770
553	668
553	1168
553	3140
553	99
553	1578
553	1724
553	2596
553	1567
553	4047
553	267
553	500
553	1164
553	1459
553	3891
553	4035
671	1168
671	234
671	4310
2962	2297
2962	2612
2962	2746
2962	900
2962	3832
2962	3759
2962	613
2962	1922
2962	4609
1485	3779
1618	1792
1618	4170
1618	2182
1618	302
1618	971
1340	2138
1340	4074
1340	2745
392	2647
392	3077
392	2366
392	1347
392	125
392	2175
392	1269
392	2993
4329	4025
918	2194
182	1234
4289	1207
1191	3962
1191	3236
1191	41
1191	1270
1191	3436
749	1640
749	3101
749	1518
2138	4074
2138	3381
2138	1010
2138	172
2138	81
2138	3692
2138	3824
2138	3638
2138	1738
2138	900
2138	3299
2138	3793
2138	3023
2138	2200
2138	2334
2138	3197
2138	3916
2138	2651
2138	1337
2138	4544
2138	2340
2138	2326
2138	1542
2138	4204
2138	1922
2138	1023
4074	1010
4074	1530
4074	1738
4074	2200
4074	3916
4074	1337
4074	2326
4074	239
2978	2458
2978	3444
3819	1981
3819	960
3819	4131
3819	3779
3819	3328
4618	3695
4618	2779
4618	1294
4618	1046
663	756
663	4414
3036	1280
3036	1823
4619	827
4619	1229
4619	3516
4619	3825
4619	2307
4619	4079
1792	971
2964	365
2964	2476
2964	318
2964	30
2964	3284
2964	123
2964	1379
2964	4603
2964	388
1624	3379
1624	4347
4520	4358
4520	1097
4520	1168
4520	2389
4520	979
4520	1294
4520	3013
37	2389
37	2281
37	2842
37	3641
37	4334
1427	2660
3927	4036
3217	2716
3217	3236
3217	2989
3217	686
3217	1871
3217	2084
2716	4645
2716	1518
3762	4306
3762	2597
291	1168
291	3477
291	3161
291	1269
2866	4090
2866	1610
2866	4170
2866	2919
2866	3236
2866	3296
1334	4607
1334	3622
1334	3813
1334	3086
1334	2895
1334	2722
4607	3126
4607	2895
4607	2223
4607	3473
4607	4277
3622	1594
3622	2895
3622	2223
3622	901
3301	3796
655	2389
655	1304
655	473
655	1190
655	570
655	3813
655	3086
655	906
655	1567
655	2651
655	2225
655	1525
655	3425
119	3379
119	1567
119	3227
119	4571
119	3296
119	2942
119	988
3912	3337
3912	2438
3847	3690
732	1365
2831	123
1702	691
1605	592
1605	273
1605	1622
2194	1907
1974	592
1974	3638
592	969
4257	2527
2527	1282
2527	2493
2527	3425
3690	3685
3690	1234
4107	323
1641	3773
1641	3734
3858	4163
3858	4012
3858	3635
3858	152
3858	374
2603	4336
3769	3931
3769	489
3769	1731
3769	4031
3769	4087
3769	3734
3769	2268
523	1781
523	1981
523	960
523	1068
523	4105
523	4240
523	709
523	3315
523	1597
523	1369
523	2060
523	3930
523	774
523	2628
523	3328
3380	3170
3380	3577
3380	3175
3380	1262
4472	4054
868	657
868	2786
4554	1724
4554	4061
3190	3509
3190	662
3190	1282
3190	736
3190	939
3417	756
3417	979
4336	442
4336	969
4336	1800
3181	70
4630	4090
4630	3489
4630	3202
4460	865
4460	598
4460	3916
3472	3708
2025	1709
2079	3101
3199	3758
3199	267
3199	551
1725	3734
3539	4379
3539	413
3539	1526
3539	2447
3539	401
3539	1542
2639	123
2639	4418
2639	1674
1545	1269
4060	1434
4456	1804
3971	3619
3971	2646
3971	4374
3971	1207
3971	3312
3971	434
3971	4292
3971	3734
3971	962
3971	885
3971	2029
1881	30
1881	1690
704	30
704	4666
1483	1221
1483	2125
2474	3101
1061	860
1061	3645
1061	1380
1061	1812
11	206
1781	1640
1781	234
1781	2164
1781	3227
1781	1337
1781	3734
1781	3296
1781	1525
744	2805
744	1496
744	881
2805	881
2805	1001
3300	4229
2258	3829
2258	2491
3829	2491
414	3379
4612	2094
4612	4646
1729	4267
1729	4646
1729	3895
1729	657
1729	1567
1729	4354
1729	267
1729	3209
770	4167
770	99
4410	102
4063	547
4024	668
4024	884
4024	1154
4024	2366
4024	102
4024	3222
4024	1323
4024	1020
4024	2458
4024	1598
4024	3379
4024	239
4469	3101
4469	1349
1320	1496
1320	2552
1320	3910
3468	355
1362	661
2149	3175
2149	403
3522	1981
3522	960
668	1154
668	2366
668	102
668	1598
668	1799
668	3895
668	1307
668	1567
668	1269
668	3175
668	1318
668	3425
4090	368
4090	3692
4090	3824
4090	2704
4090	99
4090	4332
4090	1540
4090	979
4090	1954
4090	963
4090	1984
4090	4544
4090	2358
4090	2378
4090	162
4358	1097
4358	93
4358	3734
4358	3296
1097	1962
1097	3734
1097	4338
3931	2998
3931	4017
3931	489
3931	1731
3931	4031
3931	4087
3931	3734
1197	2646
1197	4651
2228	99
2228	1614
2228	3101
2825	2361
2825	4105
2825	2378
2734	4284
2734	4121
1069	172
1069	102
2343	2082
2343	2651
2343	3734
396	3793
396	3012
3004	3943
3004	4155
4667	719
4667	962
938	2938
938	413
938	1907
2839	206
24	4431
3550	3808
3550	1952
3550	1058
4545	3529
4545	2458
4545	1738
4545	2365
714	1518
714	574
312	756
620	849
620	2345
620	333
620	696
620	4339
620	1349
620	1307
620	3291
620	2523
620	3056
620	4278
620	769
620	1391
335	4011
373	4374
373	3734
373	3296
2784	683
2784	2064
2784	1369
4550	1385
4550	650
4550	3916
4550	3734
2726	1567
2726	3708
884	1225
884	2294
1168	3767
1168	2183
1168	2466
1168	584
1168	3291
1168	522
1168	3425
2423	86
2525	452
1918	4011
1918	3692
1918	3312
1918	1347
1918	1419
1918	1455
1918	657
1918	578
1918	283
309	3154
309	4374
309	1518
309	3734
309	3296
4101	1897
1436	2129
1436	3403
1230	969
1154	1229
1154	1595
1154	102
1154	2458
1154	2146
1154	2937
1154	3734
1154	3296
4	2632
4	3296
2094	3381
2094	1954
757	1722
757	996
757	1898
757	3479
757	3822
757	864
757	2181
3767	4357
3767	3381
3767	4323
3767	3692
3767	1738
3767	4042
3767	3023
3767	4332
3767	2378
3767	1023
3767	4234
4357	2478
4142	2493
4142	3816
2420	4379
2420	2148
2420	1504
2420	2121
2420	2447
2420	949
2420	3174
2420	1868
2420	551
2420	958
2420	2051
4398	2089
1127	3615
2938	1400
2938	4055
2938	2276
2938	410
2938	4083
2938	4446
2938	4527
760	313
3655	3393
3655	2064
3655	4170
3655	4454
3655	2466
3655	86
3655	1369
3655	881
3655	1221
2078	3597
2078	4012
2078	3083
2078	3023
2078	1496
2078	1169
2078	2179
368	3648
368	3692
368	4070
368	658
368	504
368	4332
368	3011
368	3780
368	3416
368	1270
1385	1004
1385	3675
3381	3112
3381	2571
3381	703
3381	3677
3381	3638
3381	1738
3381	1546
3381	1308
3381	1302
3381	1403
3381	3171
3381	4544
3381	2893
3381	3416
3381	1046
3381	4234
4345	206
4345	4651
4345	4343
4345	3780
4345	1839
1798	1889
1798	794
1798	3826
2397	206
2397	2466
2397	3780
2397	1013
2397	686
3807	661
3251	4614
3251	3105
3251	2447
3251	4338
3251	426
2092	3456
2092	3236
1505	2861
1505	3742
1505	3174
3298	2121
3298	2447
3298	4499
3298	313
3685	4379
3685	3023
3685	661
1007	933
1010	896
1010	577
1010	1465
1010	504
1010	525
1010	806
1010	2426
1010	3897
1010	1023
3055	1786
3055	3692
3055	1614
3055	3023
3055	4332
3055	795
3055	2879
3055	3766
3055	2358
3055	26
3055	3278
3112	4005
246	2999
246	1637
4267	574
4267	3175
4267	361
4267	519
3529	4011
3529	4005
3529	2891
3529	826
3529	574
3529	3296
1431	4012
1431	574
3609	3695
3609	3509
3609	570
3609	2632
673	3046
2389	102
2389	4339
2389	3734
2389	3876
2389	1155
2613	4012
2613	4121
3178	3336
3178	3154
3178	3734
3178	3296
4576	3734
1400	334
1400	4379
1400	3337
1400	1868
1400	4643
1400	2045
1400	313
1400	4527
1400	2703
4606	863
4606	1121
1961	3379
1961	3296
827	1229
827	2046
1229	2060
1229	3416
1229	2528
4315	1273
3643	81
3643	3378
3643	3916
2213	507
812	1323
812	1898
812	903
812	1337
812	3296
812	751
3695	1315
3695	863
3695	1244
3695	2227
3695	826
3695	2523
3695	1984
3695	962
3695	990
3695	3410
3695	3584
2861	478
2861	4467
3039	1399
3039	2822
2741	1119
2741	478
4316	1601
429	1622
429	3734
334	1293
334	1778
1322	1080
1322	1269
1322	958
116	3682
4525	3315
4525	4651
4525	3561
34	1231
34	1319
34	230
34	3578
34	2241
34	1737
34	3425
1786	661
3693	3236
1815	1863
311	838
4167	3077
4167	1520
4167	2145
4167	3951
3530	2366
740	4011
1225	1620
1225	2342
1225	1094
2774	707
2774	1502
3576	3379
3576	3227
3934	2481
3934	2844
1382	2491
1223	102
1223	1323
1223	584
1223	3827
1223	4017
1223	3296
2367	1409
1610	4011
1610	3692
1610	4382
1610	2308
1610	27
1610	1347
1610	578
1610	1286
1610	691
4378	3741
3741	3444
719	4614
719	661
719	2383
719	1194
719	1584
1176	4676
1176	3069
1176	297
1176	2384
4308	2366
710	3130
52	3734
1315	3379
1315	2466
1315	1621
1315	2753
1315	3080
2647	3577
2647	1282
2647	2632
2647	962
2647	360
2647	1525
2647	2691
694	3337
1981	960
1981	3547
1981	3328
960	4131
960	3547
960	3328
442	3442
442	3379
442	919
442	248
3707	1726
3707	1716
3707	3038
3707	885
1145	3314
3314	1716
3314	3038
2210	2963
2210	3145
1246	4646
1246	3077
1246	2634
534	2410
534	4533
3580	4347
1235	1601
1235	1094
1235	3734
1235	2491
1235	3766
1304	2294
1304	3813
1304	906
1304	1567
4059	3662
1378	3953
1378	4298
1378	1518
1378	3734
1378	1060
1378	594
1119	707
1119	3175
2410	4454
3562	2844
1219	564
1219	3619
556	4339
3953	4339
4646	570
4646	206
4646	16
4646	3291
4646	3425
4379	1522
4379	3775
4379	2570
4379	2319
4379	2275
4379	661
4379	707
4379	2121
4379	2447
4379	401
4379	949
4379	3174
4379	1868
4379	1542
4379	1502
4379	2051
4379	3150
4379	3915
4379	313
4379	4527
2685	2667
2685	3427
564	507
2588	1408
4026	3023
4366	2189
811	375
4172	3154
4172	2498
4172	691
1428	3077
1428	1525
3077	3090
3077	2145
3336	4019
3336	2749
1601	278
1601	390
1601	62
1601	2840
1601	756
1601	2204
1601	4440
1601	2152
1601	2765
1601	1240
1601	1269
1601	4138
1601	86
1601	1337
1601	4279
1601	2378
1601	5
1601	1852
1601	514
1601	2080
1601	4277
1601	1943
3102	4011
3102	2948
3102	4339
3102	4451
3481	4641
3481	1943
2304	1043
2304	3504
1388	2721
1388	1267
1388	2031
4539	986
1640	173
1640	2166
1640	2779
1640	1308
1640	3456
1640	3577
1640	2153
1640	2765
1640	4581
1640	3876
1640	4544
1640	4449
1640	1023
1640	4234
4323	390
4323	99
4323	3578
2297	2746
2297	3832
2297	3606
2297	504
3808	3564
3808	1221
278	2146
106	230
106	2991
106	3437
106	4502
106	1500
106	3579
4165	1110
4165	2471
4165	647
4165	1753
4165	3023
4165	1262
1652	1020
4417	1319
172	896
172	2646
172	1319
172	696
172	2398
172	3227
172	1094
172	522
369	3986
1134	1269
1134	3734
3303	3924
3303	3033
3303	2121
3303	3174
3303	1868
3303	1542
3303	2045
3303	3857
3303	4527
462	81
462	3378
462	3101
863	986
863	355
863	3734
863	2814
863	3296
863	25
4222	1269
2499	756
2499	2409
2499	2895
3898	2661
849	206
1244	1232
1244	584
1244	3444
1244	2255
1244	2252
1252	1347
1252	584
1252	3291
1609	2766
1609	247
1609	3547
4676	4374
4676	3734
4676	3296
1195	3154
1195	4374
1195	4405
1195	3734
1195	3296
341	3236
834	1190
834	3734
834	3876
834	308
2345	1556
2345	1403
2345	1121
1037	3734
3924	3033
3033	2661
3033	4339
3033	1169
3033	1494
3033	3665
4003	1380
4003	1556
4003	3379
4003	1496
4011	3619
4011	2956
4011	2146
4011	3656
4011	4650
4011	2854
4011	4284
4011	1952
4011	2306
4011	1567
4011	979
4011	267
4011	2858
4011	2378
4011	3713
4011	2109
2948	3619
2948	979
3477	1898
3477	27
3477	1753
3477	1282
3477	4071
3477	4047
3559	30
3559	3284
3559	4155
3559	1379
3559	4666
2644	273
2644	3692
273	662
273	206
273	1274
390	4605
390	3951
390	1455
390	1058
390	123
390	1462
4044	3078
4044	3722
4044	3379
4044	3144
4044	3312
4044	3577
4044	3734
4044	3296
220	3734
220	3296
478	3236
478	661
478	2325
1139	3734
1139	3352
860	3297
860	3598
860	218
82	3951
82	504
82	3916
896	2646
896	696
896	3951
896	3827
896	2164
896	3227
896	1270
81	1319
81	4382
81	2779
81	3793
81	3951
81	2098
81	4121
81	2207
81	3918
81	2745
81	1705
3923	3101
3923	2779
1234	1518
1234	4251
1234	4527
1456	1269
1372	2436
3833	3261
3833	507
2014	707
2014	3174
2014	2038
3353	1502
2013	3105
2015	1099
2015	574
2015	2841
2715	1377
2715	2572
1255	3734
3619	4429
3619	1567
3619	1954
3619	1130
3619	3425
591	3379
2381	570
1374	540
1374	3236
2913	1279
2913	540
2913	1627
2913	3209
1279	540
2089	2653
2089	3379
2314	3456
2314	3439
1273	1898
1273	571
1273	4374
1273	1282
1273	2632
1273	962
1273	298
3426	584
3426	3688
3426	3425
2453	4651
3161	1110
3161	3227
3161	1954
79	3998
2108	3154
2108	1319
2108	3723
2108	1594
2108	1337
2108	3734
2514	2355
2514	3444
2514	1221
2514	885
1608	454
3453	1868
3453	1998
3648	504
683	969
683	1726
683	2842
683	10
4115	2366
3958	3456
3958	2447
3728	2146
3728	3677
3728	2098
3728	1856
3728	3734
3728	4544
3728	514
173	3542
173	3173
173	2651
173	1954
173	699
783	810
4506	3296
4506	3213
3970	3444
2129	1293
2129	1369
2129	3582
1356	1518
3796	4017
3796	1731
3796	4502
2245	1325
2245	1984
2245	990
4425	424
2476	3109
3140	1221
3564	4592
3564	4454
3564	3962
3564	3379
3564	1594
3564	962
3564	2865
4415	3379
4415	1594
4415	1113
4415	1337
1293	27
1293	3379
1293	1594
1293	57
1293	1282
1293	578
1293	283
1293	218
1293	2632
1293	3250
3154	2227
3154	2779
3154	3379
3154	4105
3154	3144
3154	1594
3154	57
3154	1490
3154	1222
3154	3577
3154	4546
3154	1597
3154	247
3154	4414
3154	3734
3154	6
3154	3437
3154	1001
3154	3250
3154	2619
3154	3547
2298	4462
2298	3567
4634	1726
4634	3962
4634	1369
4634	4517
4634	3347
4634	4274
3393	2963
3393	1699
427	2779
427	25
2064	1849
2064	2947
2064	3236
2064	41
2064	10
2064	3473
1849	2947
1849	3962
1595	102
1595	3222
1595	2458
4430	650
3775	707
3775	3174
625	1347
625	4148
2947	4645
2947	3895
2947	1954
2947	2632
62	1984
62	3296
62	1888
527	3890
4439	4414
2840	3951
2840	2196
2840	267
1791	375
3146	30
568	969
568	2242
1099	1269
1231	3700
1231	4560
1231	1824
3692	504
3692	3813
3692	3986
3692	2326
3692	1270
4645	4170
4645	657
4645	86
4645	1446
3824	3723
3824	3520
3824	2189
2003	2600
2003	3742
2653	1636
333	86
333	3333
333	2021
333	1943
333	4609
2570	1897
2570	2121
2570	2447
2570	401
2570	3174
2570	3296
2570	1868
2570	551
2570	3675
2570	4527
1897	3379
1897	2447
2646	838
2646	3734
2646	3296
2646	962
2646	4278
4170	1764
4170	1434
4170	2667
4170	27
4170	3427
4170	93
4170	3337
4170	4641
4170	1455
4170	1952
4170	1307
4170	826
4170	86
4170	3779
4170	2383
4170	3145
4170	2045
4170	4510
4170	1943
2788	3197
2372	1504
1110	276
1110	431
577	3606
577	4596
577	4544
1530	3101
1530	3083
1530	1013
1530	3209
729	3222
729	4651
1764	1307
1764	3734
1764	1698
1764	2191
1434	3571
1434	86
1434	2305
2366	102
2366	3222
2366	1323
2366	1020
2366	2458
2366	4145
2366	2148
2366	482
2366	1190
2366	3715
2366	4436
2366	340
2366	1054
2366	3615
2366	4335
2366	1226
2366	2876
2366	3803
102	3222
102	1323
102	1020
102	2458
102	477
102	2148
102	3795
102	4042
102	2906
102	4177
102	2164
102	3813
102	3092
102	2989
102	4556
102	4354
102	58
102	3986
102	4061
102	1604
102	3521
3222	1323
3222	1020
3222	2458
3222	4103
3222	1227
1323	1020
1323	2458
1323	2148
1323	2140
1323	206
1323	1312
1323	4436
1323	3092
1323	2989
1323	2730
1323	628
1323	481
1323	1902
1323	2337
1020	2458
1020	3092
1020	2989
1020	2914
1020	2376
2458	3893
2458	477
2458	3896
2458	900
2458	3842
2458	206
2458	1455
2458	3935
2458	4087
2458	1227
2458	2989
2458	4260
2458	2276
2458	199
2458	4544
2458	1536
2458	1164
2458	1552
2458	1958
2458	2822
2458	3087
1697	2577
3597	473
3597	1221
3597	2491
3597	1280
3597	1444
3597	3425
4585	4382
2182	4429
2182	2779
2182	3577
2182	1954
2182	3425
756	1898
756	2779
756	604
756	2275
756	2145
756	504
756	650
756	4670
756	2955
756	4427
756	531
756	828
756	1254
756	1450
756	2411
756	2921
756	4407
257	1580
3893	3236
1528	2294
1528	1369
2294	3773
2281	3773
2590	1567
2590	574
2590	4571
2590	3413
737	1496
737	4121
737	1269
1319	2242
1319	1500
1184	477
1889	2121
1889	3174
1889	1047
1889	3915
413	707
413	3174
413	3682
413	1502
2166	1738
2166	3951
2166	2466
2166	2651
2998	2164
2998	2940
3864	1802
3864	2125
582	3013
3823	4229
3823	628
3823	885
3823	2189
3378	1221
3378	2937
3378	4098
969	1800
969	979
969	1227
969	1095
969	2060
969	3734
969	559
969	573
969	576
969	579
969	615
969	634
969	670
969	1079
969	1196
969	1670
969	2220
969	2853
99	267
1614	1058
1614	1337
2684	4641
2684	1518
3722	2208
3722	1125
2634	276
2634	206
2634	2466
2634	1347
2634	1586
2634	826
2634	2651
2634	519
2634	957
4005	2208
4005	2493
4005	657
4005	2191
600	206
1377	1269
1377	825
1377	1928
3841	1464
4531	1542
3170	4339
3170	979
3170	2022
3170	2307
3170	4589
2956	3677
2956	1856
2956	514
1735	3236
1735	3080
1611	3577
1611	574
276	4047
276	283
3101	2565
3101	2782
3101	3677
3101	2692
3101	4546
3101	2882
3101	4604
3101	4002
3101	1606
3101	2035
3101	2060
3101	1221
3101	374
3101	2991
3101	962
3101	3979
3101	2586
3101	2115
3101	265
3101	325
3101	468
3101	2316
3101	2083
3101	2337
3101	2421
3101	2599
3101	2844
3101	2876
3101	2970
3101	3071
3101	3103
3101	3603
3101	4097
4163	4012
4163	152
4163	598
4163	374
4163	959
4163	3422
4012	1578
4012	473
4012	2928
4012	152
4012	123
4012	3773
4012	1221
4012	1739
4012	374
4012	959
4012	520
4012	3734
4012	1071
4412	842
2565	3826
4652	3425
3114	3734
2208	1190
2208	1347
2208	4466
2794	2667
2794	3427
3957	1916
2254	3606
2254	1369
2254	957
2254	3221
2146	4352
2146	835
2146	3598
2146	979
2146	2937
2146	2632
2146	388
2146	800
2146	4097
2448	3734
4210	464
2266	2632
696	1567
696	1804
696	1957
2721	574
3141	3173
1488	986
1488	2625
1488	1094
1488	4342
230	283
230	1888
4429	234
4429	1190
4429	431
4429	1952
4429	1954
4429	2842
4429	3124
4429	3425
3656	1282
3656	2164
3656	1954
3656	2222
3656	1705
4671	1948
3465	2902
3465	4448
3465	3944
3465	3653
3465	234
3465	1282
2902	234
2902	819
2902	3494
4448	3480
4448	3688
2227	1417
2227	3688
1159	4229
3130	2306
3130	2061
4492	2984
4290	1906
4290	3546
1201	507
176	1868
2412	650
2617	2983
4382	3008
4382	1325
4382	2745
3976	2012
3976	3122
2612	2746
2612	900
2612	3832
2612	1500
2612	4285
2612	4609
2562	3174
1598	3895
3509	662
3509	1013
1722	1898
1722	1269
1722	1861
996	1898
149	1898
1898	3479
1898	3822
1898	3460
1898	3456
1898	90
1898	3882
1898	2181
1898	2520
1898	247
112	4147
112	1085
112	4602
112	1680
4147	1269
4147	861
2056	152
2782	1868
2782	3802
4304	4105
4304	3197
4304	3663
2571	3638
2571	1308
2571	4544
2571	1175
3818	2842
3996	2842
2767	86
2767	1943
3633	1785
3633	1954
3633	3160
1364	662
1364	3437
662	1481
662	1349
662	1592
662	2223
323	4339
323	4546
323	2766
323	4260
3647	1221
2963	2625
2963	2574
2963	4335
2963	2491
2963	664
2963	4399
3999	2199
986	1417
986	3379
986	2804
986	3322
986	4105
986	3144
986	1594
986	1440
986	842
928	3236
928	4260
1673	2660
1673	3242
1673	3774
1639	3379
2308	4465
2308	3998
2625	570
2625	4335
2625	4399
4374	1666
4374	1222
4374	1113
4374	3131
4374	4414
4374	3296
4374	2421
1948	27
1948	1699
1948	4556
1948	1878
2667	3427
2667	152
2667	1811
2667	2232
2667	3145
27	3578
27	3444
27	271
3427	152
3427	1811
3427	2232
3427	3145
1556	3606
4465	3606
4465	3437
4465	861
4465	2841
2779	3240
2779	3650
2779	3444
2779	1856
2779	3998
2779	3963
2779	1023
1843	796
1843	3780
1843	1462
3240	539
4639	1269
3272	1666
3272	3456
3272	4549
3083	524
2148	2096
2331	4284
2331	661
4152	4454
4152	1121
865	84
865	420
865	1325
865	4023
865	1221
865	959
865	1878
865	3520
865	2223
865	1081
865	2503
3943	1221
338	674
2983	507
2983	1904
540	1442
540	598
540	2745
703	1227
703	4260
703	2358
703	3198
703	3579
1080	1465
1080	2257
1080	3174
1080	2780
1080	2239
1417	3322
1417	1594
1417	3456
1417	3439
1417	3577
1417	3010
1628	3734
1628	3296
4454	4105
4454	4651
4454	2223
3578	3780
3578	4544
3578	1525
3650	3379
3650	3444
3650	3963
3126	3236
1666	3734
1726	844
1726	1369
1726	2940
1726	842
1726	1177
1726	1904
4070	3951
3896	1308
3896	570
3896	1856
3896	1227
3896	4260
3896	4544
3896	3425
3723	1738
3723	2083
658	504
3677	1738
3677	1546
3677	1308
3677	2098
3677	2854
3677	4332
3677	1856
3677	4544
3677	4234
3638	1738
3638	1546
3638	1308
3638	3337
3638	4177
3638	2882
3638	795
3638	4544
3638	4203
3638	4234
1738	795
1738	1856
1738	3734
1738	4544
1738	4234
4019	3379
2140	4584
2140	3895
2140	3011
2140	1878
2140	1023
4584	1325
4584	1878
1063	93
1063	3606
1063	2241
3785	3606
3785	3437
3785	861
763	1094
215	1094
674	3606
1308	2098
1308	1271
1308	1856
1308	4544
1308	514
2880	3937
318	1518
4306	3577
3962	844
3962	1285
3962	1369
3962	2940
3962	881
3962	4414
3962	2597
3962	2223
3962	1177
3962	939
844	1302
844	881
844	913
3379	2804
3379	3144
3379	57
3379	2471
3379	1838
3379	4298
3379	3312
3379	3577
3379	4021
3379	4153
3379	3023
3379	797
3379	4194
3379	271
3379	1121
3379	41
3379	1592
3379	3744
3379	3734
3379	2455
3379	1718
3379	4285
3379	885
3379	248
3379	1015
3379	2942
3379	3250
3379	342
3379	391
3379	901
3379	931
3379	1301
3379	3455
3379	2552
3379	2932
3379	3122
3379	3459
3379	3494
3379	4077
3379	3739
3379	3834
3379	3903
3379	4118
3379	4218
3379	4656
3379	4028
2804	1594
3322	3439
4105	46
4105	1490
4105	3577
4105	4670
4105	3419
4105	2561
4105	3734
4105	6
4105	267
4105	3546
4105	4204
4105	829
4105	2438
4105	3963
4105	4656
3144	1594
3144	57
3144	1496
3144	3734
3144	6
1594	2471
1594	3312
1594	3577
1594	3734
1594	3010
3456	3439
3456	3577
3456	1496
3456	1592
3456	3296
3456	1542
3456	958
3456	3134
57	3734
57	6
2471	1540
2471	3496
1578	152
1578	374
4653	152
4653	374
4653	4534
2096	2661
2096	797
2096	3998
2096	1153
2944	1464
2944	123
2944	3485
2944	2722
2661	1335
2608	1301
1800	807
1506	2121
2215	1567
3297	2827
3297	2034
3297	4339
3297	3328
2827	2034
72	1302
72	1811
1993	2060
2275	4110
2275	4095
2275	1632
2275	3261
2275	1540
2275	551
4110	4095
4110	1632
4095	1632
4095	2436
3261	3150
2082	584
2082	1954
2082	3425
1716	3038
1207	1952
1207	2364
1142	1496
1534	2587
2587	3662
2746	900
2746	3832
2746	3734
2746	3759
2746	1689
2746	2293
2746	4609
1181	4155
64	1079
452	1190
452	3086
452	2447
452	1868
452	2051
452	1884
355	1023
2368	544
2368	515
2368	3876
900	4347
900	1496
900	3209
2167	4000
2167	962
640	4347
640	3236
640	842
1250	4347
1250	717
1250	2337
1250	4322
2150	4347
2150	717
1736	1911
1820	1567
1820	3734
1724	4339
1724	1954
1724	110
1812	3682
1812	3425
4055	30
4055	4435
4055	123
4055	226
4055	3485
4055	804
4055	1584
93	3485
3515	3192
3515	791
2310	3236
2310	1939
2310	1015
2778	1567
2778	1130
142	538
2289	736
3594	3105
3594	3471
104	123
104	3086
104	1567
104	2045
2066	838
2066	2236
4405	4641
980	3491
910	838
910	1617
838	2236
838	2955
838	1269
838	1804
2406	4312
3832	4609
1481	152
1481	374
473	1567
473	1169
473	4116
725	3734
3667	3916
3667	3930
1440	1325
238	2824
3337	1307
3337	3105
3337	4259
3337	2121
3337	1130
3337	3174
3337	4643
3337	3058
4347	3742
4347	2523
4347	2561
4347	1391
4347	3425
412	2045
412	2982
412	3310
3090	123
4641	1689
4641	2191
3922	3989
871	1496
871	594
4240	2384
1465	482
1465	1954
1465	691
1465	4451
1464	988
1203	206
482	707
482	3174
482	2276
482	2844
1490	3734
4143	2326
3035	3734
4229	507
3299	3951
3299	4249
3793	2600
3793	3606
234	2472
234	2493
234	3816
234	4121
234	1955
234	1236
3758	300
3758	3219
3895	2600
3895	1471
3895	1221
3895	1071
3895	2378
300	94
300	1518
3635	3046
3635	3425
3635	3791
3635	3663
2236	308
1617	825
3542	3708
647	2124
647	4436
647	4040
647	1787
647	1130
647	3368
647	4562
647	3175
786	3742
786	1811
786	4562
786	1957
1065	1399
1753	1296
1190	584
1190	1567
1190	979
1190	1094
1190	1130
4298	3577
4298	1863
4298	1567
4298	1269
4298	3780
4298	1587
4298	2931
4298	3328
4605	1453
4605	657
4605	3780
4605	306
1453	3312
1453	2306
1453	2378
1453	388
1453	1705
115	555
115	657
115	515
3312	3577
3312	4153
3312	1915
3312	2421
3312	3152
2183	86
4467	123
4467	3296
1504	4259
1504	2051
1504	3991
1504	4073
1222	1567
1222	3734
1222	3296
570	3571
570	2919
570	1567
570	1044
570	1379
570	3876
570	218
570	4620
570	1500
570	3046
570	255
570	828
570	1296
570	2836
3571	1883
1664	796
909	3014
2574	3773
2574	1379
2574	4666
2574	3437
2574	2326
2574	3110
903	4666
903	3437
903	3110
30	4435
30	3284
30	3734
30	3152
4435	1379
4435	4666
206	826
206	2334
206	2989
206	4155
206	1379
206	4666
206	2523
206	1984
206	267
206	1001
206	184
206	637
709	1153
2709	1285
2709	2518
1285	3444
3719	313
3577	4423
3577	4332
3577	2561
3577	2842
3577	2060
3577	1325
3577	3734
3577	3998
3577	4338
3577	4204
3577	3250
3577	2100
3577	3292
3577	3579
3577	1023
2832	4061
2891	4061
3742	1021
3742	4603
3742	4616
3742	939
3606	2241
3606	2989
3606	3437
3606	4335
3606	1500
2835	3425
4153	1059
4482	1270
4482	1254
3023	1369
504	1182
504	1593
504	2358
504	2643
504	3046
504	3416
504	2326
504	3198
504	2786
504	976
504	1270
504	1757
504	3897
1883	3734
1883	2814
1883	3422
1511	3291
1511	519
1135	3105
3315	3489
3315	4339
3315	2292
3315	25
3489	4339
3489	1347
3489	2478
3489	3827
3489	962
3489	2119
4339	3131
4339	971
4339	976
4339	25
4339	519
4339	1957
4339	2028
1349	736
1349	2493
1349	3816
2466	1347
2466	2153
2466	1403
2466	2632
1347	2153
1347	1952
1347	2222
1347	4620
1347	3641
1282	1586
1282	4148
1282	1240
1282	3734
1282	3145
736	3086
584	2153
584	2124
584	1690
584	1567
584	1403
584	2632
584	1183
2899	798
2478	3227
3668	161
3668	3744
3067	791
1519	3250
1519	2255
648	4651
648	2785
4312	3296
4312	4562
4423	361
3139	2063
3139	1912
3441	4407
3081	1121
2919	798
2493	3816
2493	3173
2493	3734
2493	1153
3816	431
3816	1419
3816	444
3008	1442
3008	2207
3008	2745
4131	4651
4131	10
4131	2411
2928	152
2928	3773
2928	578
2928	374
2928	2528
650	3124
650	517
650	4588
4651	3173
4651	1030
4651	1283
4651	126
4651	3328
2200	1160
2200	2008
3726	1001
3726	2853
107	4656
2906	3080
3236	3646
3236	4031
3236	1054
3236	1104
3236	1221
3236	3918
3236	705
3236	426
3236	1711
3236	1907
3236	2888
3236	3278
3236	3603
3236	3791
3236	3857
3236	3910
3236	4198
3236	3268
3236	4397
3236	2968
3236	3774
3444	1221
3444	267
3444	885
4237	4657
1914	3518
4177	1121
4177	4544
2098	1856
2098	4544
2098	514
2098	828
2854	4284
4546	3438
4546	4194
4546	3734
797	1337
797	1604
539	885
919	2679
1496	1662
1496	3603
431	2164
431	1307
431	3197
431	3291
431	3734
431	825
1261	2164
1261	3291
1261	3296
2292	1801
2292	1567
2292	3227
2292	574
2292	4571
2292	58
2292	3296
2292	4204
2164	1455
2164	1058
2164	3291
1801	1269
1593	3416
3173	4037
3173	283
3173	699
352	705
152	4138
152	3773
152	1221
152	1739
152	959
152	520
152	1071
152	4354
152	3250
4284	4200
4284	4670
4148	2124
4148	2377
4148	1518
4148	4670
4148	6
2124	2377
2124	4200
2124	1518
2124	2053
2124	1307
2124	1806
2377	1518
2377	1911
4200	2679
4200	4121
1518	4670
1518	4121
1518	1227
1518	1298
1518	1806
1518	235
1518	579
1518	684
1518	1357
1518	2408
1518	2594
1518	2635
765	4121
2679	2763
2679	4670
2679	4121
2763	4121
4002	1221
3526	3169
2414	3328
1419	1455
1419	657
1419	1058
1419	2249
1419	1462
1455	657
1455	1058
1455	664
1455	3425
1952	657
1952	515
1952	3780
1952	308
1952	1462
1952	2699
657	1058
657	4343
657	784
657	881
657	990
657	1462
1058	1325
1058	3780
1058	1462
1058	1705
4670	4121
4670	1307
4121	1442
4121	842
3148	4544
3148	1516
3148	2008
3148	3100
1606	3219
1312	3219
2555	661
101	2220
4332	1270
1985	3425
4017	1731
489	1731
489	3734
1731	4031
1731	4087
1731	3734
4031	3734
1442	3341
1442	3131
1442	3916
1442	1221
1442	2207
3341	1603
3284	4155
3284	1379
3284	4666
3284	3437
3882	325
1106	4534
3541	1399
1307	3779
1307	699
1307	1433
1307	1706
1307	2756
1307	4593
1778	1637
4040	1540
4040	1811
2306	835
835	979
240	3916
598	2175
598	3916
598	885
2733	707
2733	2121
2733	3174
826	1001
1597	3734
3011	1277
4533	707
4533	2121
4533	949
4533	2045
1445	574
1445	4562
1445	3046
2765	574
2765	4562
1240	1337
661	1054
661	4343
661	2879
661	399
661	958
661	1604
661	1890
661	4219
661	4261
3438	4194
125	4077
4194	3471
4194	4478
2020	3475
2020	507
1217	785
2334	3437
2334	1705
2334	1888
1856	4544
1856	514
2196	1954
2175	123
2175	3916
2999	1637
2257	2447
2257	3174
2257	3150
3871	2844
123	3086
123	2895
123	873
123	4259
123	3744
123	1535
123	3485
123	26
123	2722
123	3939
226	1567
3813	3086
3813	1567
3813	298
3813	399
3086	906
3086	1567
3086	2895
3086	1954
3086	873
3086	3774
906	1567
906	298
1567	1540
1567	4047
1567	2632
1567	1060
1567	317
1567	517
1567	2749
1567	3727
1403	1620
1403	3734
1403	3296
1403	3150
3105	2730
3105	705
3105	2660
3105	2821
2895	3629
2895	873
2895	3485
2895	2722
1540	825
2955	60
55	1868
1269	675
1269	283
1269	10
1269	58
1269	4499
1269	4544
1269	1536
1269	1671
1269	197
1269	301
1269	362
1269	514
1269	926
1269	957
1269	958
1269	1137
1269	1267
1269	1492
1269	1892
1269	4214
1269	4268
1269	4318
1269	4322
2035	4427
2035	58
2035	308
2398	2060
2766	247
2766	3547
3131	2207
3131	3296
3131	3152
4138	3773
4138	1071
3197	308
2241	1337
2241	1811
2241	1500
3480	308
3480	3056
4071	979
4071	2230
4647	3437
271	283
382	3260
707	2447
707	3930
707	1868
707	4643
707	705
707	958
707	2051
707	3278
707	313
2934	979
247	3734
247	628
247	3198
247	1194
247	2552
247	3547
247	3328
3935	3200
3916	3734
3916	3825
3916	522
3916	885
3773	1094
3773	374
3773	1878
3773	1687
1054	1227
1054	1094
1054	3425
1054	4589
1620	1094
3788	1094
2342	1094
2342	4354
3445	3175
3227	2632
3227	3508
3227	3328
3598	1954
3598	6
3598	3425
574	3368
574	3484
574	3732
3615	3636
3615	3663
4087	1622
1622	1912
1770	375
979	4278
979	1183
979	828
979	894
979	957
979	2382
979	3826
86	2383
86	2991
86	861
86	2276
86	1542
86	3145
86	4510
86	1943
3779	1943
578	3333
578	3425
2651	3734
2651	3160
2651	2340
1104	2329
1104	4380
4037	3682
2225	507
1954	2989
1954	4571
1954	2842
1954	1294
1954	3013
1954	4198
1954	3080
873	2722
4344	531
1227	2989
1227	1379
1227	4666
1227	3110
1227	3732
1369	881
1369	2597
1369	2223
1369	3998
1369	1759
2940	2888
3092	2989
3092	4155
3092	1379
3092	4666
3092	3437
3092	3110
2989	4155
2989	1379
2989	4666
2989	4260
2989	2842
2989	3437
2989	2522
2989	1890
2989	4542
4155	4666
4155	3013
4571	4047
4571	2850
1121	3734
1121	524
1379	908
1379	4260
1379	3437
1379	3110
1379	3209
4666	4603
4666	3734
4666	3437
4666	3296
4666	1003
4666	3209
4666	3990
2383	1943
784	3734
1094	4354
1094	3409
2121	2447
2121	401
2121	949
2121	1868
2121	1542
2121	2045
2121	2051
2121	2844
2121	313
2121	4527
908	3734
908	3110
1057	1584
1057	2528
1057	2753
3419	3845
3419	3590
3845	3734
3845	3296
3845	3590
4292	3689
2561	3734
2561	3296
2842	667
2842	2223
1002	4414
1002	2597
1002	2077
1002	3686
1002	3038
881	3734
881	2223
881	1177
881	2004
2447	949
2447	3174
2447	218
4414	2597
4414	3296
4414	388
4414	699
2924	3930
41	2077
41	3686
41	3038
2077	3686
2077	3038
3686	3038
4581	2988
3124	667
3124	522
2060	1221
2060	2888
2060	4640
3602	2055
4427	3471
4427	58
4427	308
1298	3915
1298	3328
3743	3422
1130	1183
1130	1015
1130	1957
1325	4023
1325	1878
1325	494
1325	2745
1337	3734
1337	283
1337	1270
1221	1739
1221	374
1221	4354
1221	4141
1221	2125
1221	1152
1221	2540
1221	3250
1221	132
1221	1443
1221	1854
1221	1899
1221	1927
1221	1928
1221	2220
1221	2841
1221	3410
1221	3433
1221	3473
1221	3750
1221	3869
1221	3910
1221	3990
1221	4397
1739	374
1739	4354
374	959
374	520
374	1071
374	4354
374	3250
2937	3734
2937	3296
2937	169
3734	3437
3734	2249
3734	2309
3734	2446
3734	1811
3734	1001
3734	3269
3734	1078
3734	2115
3734	717
3734	517
3734	804
3734	1059
3734	1674
3734	2028
3734	2421
3734	2467
3734	2888
3734	3134
3734	3152
3734	2619
3734	4388
3734	3547
2814	524
2814	751
4596	4507
4596	4480
4596	3425
4596	4234
6	3641
946	3296
946	1270
401	3174
401	4499
401	1502
401	2051
2879	515
2879	3876
2222	4047
1071	4354
3759	4609
1984	3780
1984	308
1984	1888
1387	1943
807	667
4047	957
4047	3425
4047	3826
1141	2214
3437	1500
3437	3110
3780	1060
3780	1500
3780	267
3780	1001
3780	519
3780	637
3780	825
4502	861
3642	1871
861	283
861	4251
283	2209
283	583
283	2284
949	3174
949	1868
949	2051
949	3915
949	4527
3174	218
3174	1868
3174	4643
3174	551
3174	1542
3174	2436
3174	958
3174	2045
3174	2051
3174	2844
3174	313
3174	4527
10	2255
58	308
308	2080
1294	3013
842	525
2147	1868
2276	3682
2276	1907
2276	3278
2276	4527
2276	1943
1878	494
1878	3349
1878	3512
1878	3520
1878	4418
1878	2745
494	2632
3520	388
3160	2325
218	551
218	3641
218	1502
218	3150
4418	1709
2446	3286
2632	3296
2632	184
3296	2027
3296	2572
3296	717
3296	4204
3296	399
3296	517
3296	524
3296	525
3296	1698
3296	1957
3296	2028
3296	2029
3296	2421
3296	3425
3296	2619
3296	2753
3296	4234
962	2223
962	2780
962	1680
962	2029
962	4451
4116	3425
4499	4527
2223	4524
1060	2327
1060	4399
4544	4234
4251	712
712	65
2125	610
216	3774
1868	4337
1868	410
1868	1502
1868	3569
2346	3682
3918	1424
2491	3766
298	3755
2395	2858
2395	3663
3651	595
4643	403
4643	1502
4643	2051
4643	3109
267	785
267	913
267	519
267	2240
267	3425
785	76
3998	4431
1001	3175
1043	375
3504	375
3269	4478
1078	2378
1078	3425
1280	388
551	239
551	4387
551	958
551	2045
551	2051
551	3150
551	4527
3219	3326
2027	2115
1804	2378
1804	1525
705	1636
705	2038
4338	468
4338	804
4338	2324
2358	3416
2358	2326
2358	1270
2643	2326
3046	2326
3046	1270
3416	2326
3416	1270
3416	399
2326	3198
2326	2786
2326	976
2326	2817
2326	4073
3198	1270
976	1270
1270	1757
1270	1516
1147	1153
1147	1524
1147	1741
1704	2421
3175	968
3175	1148
3175	2604
4560	1671
4560	1183
4278	1671
4278	1183
1671	1183
1183	3425
2858	2021
242	3060
2745	2378
3192	791
3192	3561
1535	3485
1535	2722
4657	3012
4657	1310
2293	752
2293	3080
752	3080
3132	146
3782	4575
3485	2722
4061	774
2942	299
5	3328
17	2239
25	1023
42	558
1852	3662
3250	342
2255	1793
158	2327
197	2031
207	1420
297	2438
317	507
322	4640
360	2776
388	2189
388	3209
402	727
3708	1268
468	507
468	810
480	3401
507	4575
507	3527
547	1164
548	2051
588	1023
594	1196
613	691
618	2604
630	997
693	1262
699	1698
804	1584
804	4394
810	3926
825	1358
825	1957
825	3425
894	2038
901	2284
958	2051
978	4310
983	3400
1003	1524
1011	1262
1017	2327
1079	3005
1115	2327
1146	4527
1155	4025
1164	3328
1175	2031
1175	4265
1329	2356
1391	2749
1409	4301
1467	4521
1494	3915
1502	2051
1502	4527
1584	2021
1584	4394
1584	3821
1584	1621
1584	2753
1584	3663
1662	3134
1854	1943
1927	2770
1947	2131
1947	3853
1957	3425
2004	3662
2021	4510
2031	3826
2031	4196
2045	2051
2045	3150
2051	3150
2051	3915
2051	313
2051	4527
2058	3547
2058	3328
2059	3738
2100	3665
2216	4234
2229	2968
2421	3025
2594	2690
3556	3425
3425	3089
3425	3262
2863	3397
2898	3436
2970	3662
3063	1943
3100	3662
3183	3209
3277	3662
3590	3791
3613	3625
3662	4033
3811	4509
3915	4527
1884	4549
4219	4640
4510	1943
2753	3663
3547	3328
2366	3386
2835	3386
1347	3386
1870	231
1640	231
4170	231
1931	231
1347	231
584	231
3291	231
507	231
1769	3699
2635	3699
703	137
3780	2896
4148	358
3916	3399
2030	2526
1269	2526
2641	4209
4161	4209
1601	1239
1753	1239
3577	1239
4073	1239
1097	3115
3381	3115
276	3115
2466	3115
1347	3115
3918	3115
3080	3115
2335	1398
3799	1398
2866	1398
1643	1398
1385	1398
719	1398
4506	1398
4170	1398
1948	1398
27	1398
540	1398
2082	1398
4127	1398
3023	1398
1307	1398
826	1398
4302	1398
3779	1398
3651	1398
1718	1398
1153	1398
3145	1398
4045	1075
672	1075
4460	1075
396	1075
4012	1075
865	1075
900	1075
2574	1075
1325	1075
4023	1075
1221	1075
374	1075
959	1075
1878	1075
3520	1075
4105	3165
394	3165
1540	3165
3175	2897
206	3434
4612	4132
1580	4132
473	4132
4571	4132
4596	4132
3520	4132
3296	4132
931	4132
4593	4132
11	3570
504	3570
102	1638
4641	1638
2493	1638
4253	1638
206	1701
4664	3974
1432	3974
334	3974
1466	3974
4012	3974
4382	3974
27	3974
4070	3974
25	3974
1110	285
756	285
3379	285
4165	898
4347	898
570	898
3296	898
110	898
408	472
1538	472
3708	472
3762	728
4358	728
220	728
1273	728
62	728
2646	728
4374	728
865	728
4306	728
3742	728
4131	728
4414	728
2597	728
26	728
3436	728
4003	3392
756	3392
4545	3193
3379	3193
72	3193
145	793
2023	793
4506	793
1269	2144
4494	428
4548	428
1400	428
4379	428
2570	428
1897	428
707	428
2121	428
3174	428
4499	428
17	428
2045	428
3150	428
3278	428
4087	1412
3920	4045
3209	4045
2183	210
1622	210
1176	1263
1601	1263
4521	1263
408	253
4379	253
3337	253
4533	253
2447	253
3174	253
4643	253
551	253
958	253
2045	253
2051	253
4527	253
408	4494
2420	4494
482	4494
2292	4494
4533	4494
2447	4494
2045	4494
2051	4494
313	4494
4527	4494
3690	4080
2837	1478
2978	1478
3909	1478
1481	4008
1480	4008
2913	337
1800	337
408	1172
2499	1172
2409	1172
1315	4664
1121	4664
3108	1136
2973	3721
4216	3721
1441	3721
1643	3721
4216	2973
2952	2973
1441	2973
1643	2973
4011	2973
2952	4216
1441	4216
1643	4216
3312	2952
4472	404
1540	404
962	404
1732	3461
3380	3461
3154	3461
3101	3461
4374	3461
4105	3461
1121	3461
3296	3461
1399	3461
1415	3461
1618	2671
230	2671
3577	2671
101	2671
3734	2671
4335	406
175	406
1403	3955
2030	3664
2866	3664
1815	3664
273	3664
1764	3664
2634	3664
2082	3664
4641	3664
903	3664
86	3664
3779	3664
42	3664
1943	3664
1221	3264
3425	3264
4643	4675
2051	4675
206	287
3688	287
3880	2575
2667	2575
3427	2575
2030	3880
1620	3880
3431	1940
1864	1940
230	1940
1948	1940
544	3866
649	690
2111	690
2573	690
3417	690
24	690
696	690
3813	690
3086	690
1094	690
1759	690
739	649
3734	3952
553	2341
3039	1260
3378	3319
885	3319
553	862
3378	862
529	1018
4314	1022
3991	1575
1269	370
1179	370
4067	370
3046	809
1385	2335
1640	2335
172	2335
896	2335
540	2335
842	2335
540	4139
1797	4680
760	4680
3003	4680
2030	619
955	619
3741	619
2385	619
4005	619
1898	619
2615	619
3635	619
1271	619
1124	619
175	619
1049	619
1062	619
2083	619
2819	619
4029	619
4545	805
1231	805
27	805
3677	805
1308	805
1856	805
62	3431
3824	3431
4070	3431
1347	3431
4121	3431
2334	3431
2451	3431
1888	3431
172	2362
2166	2362
2292	2362
1801	2362
3488	2362
3438	2362
4194	2362
1518	2399
2658	1732
2029	4637
756	1754
1600	4568
900	4568
3778	1432
1607	1432
756	1432
161	1432
1445	1432
2020	1432
574	1432
3046	1432
3292	1432
4454	629
101	629
1445	629
3209	629
112	3017
2458	3778
2030	3855
3379	3855
327	1026
4643	1026
2536	3830
672	3830
3108	2407
2030	2407
2536	3108
2111	3108
2315	3108
1334	3108
2194	3108
3522	3108
2094	3108
2938	3108
572	3108
2613	3108
3336	3108
2304	3108
2646	3108
1020	3108
3841	3108
2151	3108
658	3108
3456	3108
1799	3108
2150	3108
4143	3108
2199	3108
2396	3108
2153	3108
2377	3108
2984	3108
4171	3108
3291	3108
1121	3108
4666	3108
4414	3108
2222	3108
3642	3108
2446	3108
739	3108
3250	3108
74	3108
70	3108
634	3108
677	3108
970	3108
1079	3108
1467	3108
1633	3108
1752	3108
1779	3108
2040	3108
2051	3108
2135	3108
2157	3108
2233	3108
3455	3108
2269	3108
2324	3108
2467	3108
2552	3108
3238	3108
3242	3108
3347	3108
3413	3108
3473	3108
3739	3108
3745	3108
3838	3108
3948	3108
4617	3108
1888	3108
2536	4532
2536	542
4548	3306
2536	3306
2578	3306
0	3306
2536	4548
1241	4548
950	2536
2578	2536
0	2536
683	2536
3236	2536
2578	950
0	950
0	2578
2420	2567
199	2567
507	2567
1269	441
3597	3396
2189	3396
2573	4621
4612	4621
766	217
707	217
2438	217
707	766
2447	766
3174	766
2060	2557
1221	2557
593	3195
979	3195
3780	3195
655	2111
3813	2111
906	2111
1567	2111
2895	2111
873	2111
804	2111
4304	2295
3775	2479
3296	2479
553	951
504	951
574	1885
1214	432
4439	432
2646	432
4414	432
1453	1214
3597	2315
2146	2315
3742	2315
3734	2315
3296	2315
1280	2315
3175	2315
1709	2315
3662	2315
803	1353
4554	1353
633	1353
3077	1353
745	1353
733	1353
3734	1353
2131	1353
3085	803
3623	803
4554	803
827	803
3741	803
960	803
745	803
4252	803
3818	803
733	803
1753	803
16	803
3236	803
4090	4487
3638	4487
504	4487
1270	4487
3101	2460
3154	1451
3734	1451
548	1451
3053	3799
639	3799
748	3799
2667	3799
3427	3799
4127	3799
4651	3799
2842	3799
3328	3799
3053	145
3650	145
360	145
1335	145
3328	145
52	3085
979	3085
4040	3623
2458	2837
650	2837
2844	2837
3707	596
4363	596
3962	596
1369	596
1177	596
2058	596
390	2887
2035	2887
4427	2887
58	2887
308	2887
3175	155
2366	4384
3222	4384
4657	4384
1379	4574
3437	4574
2420	408
4379	408
2570	408
452	408
482	408
707	408
2121	408
949	408
3174	408
4643	408
551	408
17	408
4387	408
1502	408
2045	408
313	408
2030	4655
1601	4655
86	4655
317	4655
3926	4655
1943	4655
2938	1386
1504	1386
1567	1769
1762	917
2094	917
2481	917
3077	4046
2281	4046
691	4046
2245	1596
1625	1596
2888	1596
966	4088
504	4088
4520	2640
2199	2640
4394	2640
3006	1870
2108	1870
3635	1870
1952	1870
657	1870
226	1870
1957	1870
1191	492
2035	492
625	4254
3824	4254
3957	4254
4571	4254
1847	4254
1535	4254
3782	4254
3379	3159
413	1684
4647	3050
3437	3050
2030	1336
4404	2030
3971	2030
1436	2030
1629	2030
3807	2030
3251	2030
1229	2030
3336	2030
2391	2030
1475	2030
2402	2030
333	2030
4170	2030
1380	2030
2256	2030
2767	2030
1639	2030
2667	2030
3427	2030
4454	2030
3650	2030
2145	2030
4240	2030
1490	2030
647	2030
3312	2030
1135	2030
4200	2030
1486	2030
1606	2030
4436	2030
489	2030
1307	2030
2306	2030
2955	2030
1054	2030
86	2030
1126	2030
2383	2030
4414	2030
712	2030
551	2030
2232	2030
2115	2030
1542	2030
53	2030
566	2030
656	2030
677	2030
762	2030
970	2030
1268	2030
1373	2030
1927	2030
2045	2030
2339	2030
2384	2030
2769	2030
2960	2030
3662	2030
4073	2030
4510	2030
2703	2030
323	3321
4546	3321
618	3321
3379	1055
3814	1762
529	1762
2140	1762
4584	1762
3895	1762
2064	2537
672	3814
529	3814
1729	3814
2140	3814
4584	3814
3895	3814
1221	3814
1071	3814
2647	4404
173	4404
3154	4404
1764	4404
2634	4404
3734	4404
3296	4404
1373	4404
4015	4457
3154	4457
756	4457
4465	4457
1063	4457
3785	4457
1349	4457
3284	4457
3092	4457
908	4457
3734	4457
3437	4457
1500	4457
3417	2485
969	2485
2254	2485
1168	3714
1190	3714
4036	3714
3598	3714
946	3714
2209	3714
2253	3714
3998	1797
410	1797
2078	1344
4339	1344
4095	3044
1227	3044
396	2573
620	2573
172	2573
896	2573
3489	2573
2164	2573
1567	2573
1804	2573
1957	2573
1119	4551
625	4551
4347	4551
1347	4551
4544	4551
3175	4551
1271	3374
2523	3374
1551	2221
1607	2221
2355	2221
838	2221
3832	2221
786	2221
3023	2221
1567	2221
2955	2221
574	2221
1270	2221
664	2221
1551	2282
1607	2282
838	2282
786	2282
3023	2282
1349	2282
1270	2282
664	2282
3425	2282
3368	2360
3236	2959
2023	465
427	465
1380	465
206	465
3827	465
976	465
4505	2023
3819	2023
1981	2023
960	2023
427	2023
3647	2023
1511	2023
1403	2023
271	2023
2989	2023
2223	2023
3823	36
4618	1551
2644	1551
1528	1551
2294	1551
2281	1551
2634	1551
4429	1551
3053	38
3032	38
2389	38
1778	38
1637	38
3598	38
1503	38
1643	1441
2472	621
3858	4015
620	4015
2726	4015
1010	4015
3529	4015
1640	4015
106	4015
577	4015
3101	4015
3793	4015
2466	4015
3173	4015
1921	4015
3437	4015
3296	4015
1500	4015
1277	4015
558	4015
825	4015
3663	4015
4011	771
1518	771
3773	771
979	771
529	672
4584	672
1325	672
1071	672
4354	672
4047	857
655	529
4011	529
2140	529
4584	529
3895	529
1567	529
1071	529
4354	529
1878	529
3349	529
4116	529
2378	529
3819	3053
2389	3053
1981	3053
960	3053
4506	3053
3962	3053
648	3053
4131	3053
2734	639
1716	639
161	639
1689	639
767	639
1530	530
2228	4547
4289	1607
3427	1607
647	1607
2632	1607
3175	1607
162	1607
3708	1607
1957	1607
1023	1607
3547	1607
3328	1607
770	553
668	553
1168	553
3140	553
99	553
1578	553
1724	553
2596	553
1567	553
4047	553
267	553
500	553
1164	553
1459	553
3891	553
4035	553
1168	671
234	671
4310	671
2297	2962
2612	2962
2746	2962
900	2962
3832	2962
3759	2962
613	2962
1922	2962
4609	2962
3779	1485
1792	1618
4170	1618
2182	1618
302	1618
971	1618
2138	1340
4074	1340
2745	1340
2647	392
3077	392
2366	392
1347	392
125	392
2175	392
1269	392
2993	392
4025	4329
2194	918
1234	182
1207	4289
3962	1191
3236	1191
41	1191
1270	1191
3436	1191
1640	749
3101	749
1518	749
4074	2138
3381	2138
1010	2138
172	2138
81	2138
3692	2138
3824	2138
3638	2138
1738	2138
900	2138
3299	2138
3793	2138
3023	2138
2200	2138
2334	2138
3197	2138
3916	2138
2651	2138
1337	2138
4544	2138
2340	2138
2326	2138
1542	2138
4204	2138
1922	2138
1023	2138
1010	4074
1530	4074
1738	4074
2200	4074
3916	4074
1337	4074
2326	4074
239	4074
2458	2978
3444	2978
1981	3819
960	3819
4131	3819
3779	3819
3328	3819
3695	4618
2779	4618
1294	4618
1046	4618
756	663
4414	663
1280	3036
1823	3036
827	4619
1229	4619
3516	4619
3825	4619
2307	4619
4079	4619
971	1792
365	2964
2476	2964
318	2964
30	2964
3284	2964
123	2964
1379	2964
4603	2964
388	2964
3379	1624
4347	1624
4358	4520
1097	4520
1168	4520
2389	4520
979	4520
1294	4520
3013	4520
2389	37
2281	37
2842	37
3641	37
4334	37
2660	1427
4036	3927
2716	3217
3236	3217
2989	3217
686	3217
1871	3217
2084	3217
4645	2716
1518	2716
4306	3762
2597	3762
1168	291
3477	291
3161	291
1269	291
4090	2866
1610	2866
4170	2866
2919	2866
3236	2866
3296	2866
4607	1334
3622	1334
3813	1334
3086	1334
2895	1334
2722	1334
3126	4607
2895	4607
2223	4607
3473	4607
4277	4607
1594	3622
2895	3622
2223	3622
901	3622
3796	3301
2389	655
1304	655
473	655
1190	655
570	655
3813	655
3086	655
906	655
1567	655
2651	655
2225	655
1525	655
3425	655
3379	119
1567	119
3227	119
4571	119
3296	119
2942	119
988	119
3337	3912
2438	3912
3690	3847
1365	732
123	2831
691	1702
592	1605
273	1605
1622	1605
1907	2194
592	1974
3638	1974
969	592
2527	4257
1282	2527
2493	2527
3425	2527
3685	3690
1234	3690
323	4107
3773	1641
3734	1641
4163	3858
4012	3858
3635	3858
152	3858
374	3858
4336	2603
3931	3769
489	3769
1731	3769
4031	3769
4087	3769
3734	3769
2268	3769
1781	523
1981	523
960	523
1068	523
4105	523
4240	523
709	523
3315	523
1597	523
1369	523
2060	523
3930	523
774	523
2628	523
3328	523
3170	3380
3577	3380
3175	3380
1262	3380
4054	4472
657	868
2786	868
1724	4554
4061	4554
3509	3190
662	3190
1282	3190
736	3190
939	3190
756	3417
979	3417
442	4336
969	4336
1800	4336
70	3181
4090	4630
3489	4630
3202	4630
865	4460
598	4460
3916	4460
3708	3472
1709	2025
3101	2079
3758	3199
267	3199
551	3199
3734	1725
4379	3539
413	3539
1526	3539
2447	3539
401	3539
1542	3539
123	2639
4418	2639
1674	2639
1269	1545
1434	4060
1804	4456
3619	3971
2646	3971
4374	3971
1207	3971
3312	3971
434	3971
4292	3971
3734	3971
962	3971
885	3971
2029	3971
30	1881
1690	1881
30	704
4666	704
1221	1483
2125	1483
3101	2474
860	1061
3645	1061
1380	1061
1812	1061
206	11
1640	1781
234	1781
2164	1781
3227	1781
1337	1781
3734	1781
3296	1781
1525	1781
2805	744
1496	744
881	744
881	2805
1001	2805
4229	3300
3829	2258
2491	2258
2491	3829
3379	414
2094	4612
4646	4612
4267	1729
4646	1729
3895	1729
657	1729
1567	1729
4354	1729
267	1729
3209	1729
4167	770
99	770
102	4410
547	4063
668	4024
884	4024
1154	4024
2366	4024
102	4024
3222	4024
1323	4024
1020	4024
2458	4024
1598	4024
3379	4024
239	4024
3101	4469
1349	4469
1496	1320
2552	1320
3910	1320
355	3468
661	1362
3175	2149
403	2149
1981	3522
960	3522
1154	668
2366	668
102	668
1598	668
1799	668
3895	668
1307	668
1567	668
1269	668
3175	668
1318	668
3425	668
368	4090
3692	4090
3824	4090
2704	4090
99	4090
4332	4090
1540	4090
979	4090
1954	4090
963	4090
1984	4090
4544	4090
2358	4090
2378	4090
162	4090
1097	4358
93	4358
3734	4358
3296	4358
1962	1097
3734	1097
4338	1097
2998	3931
4017	3931
489	3931
1731	3931
4031	3931
4087	3931
3734	3931
2646	1197
4651	1197
99	2228
1614	2228
3101	2228
2361	2825
4105	2825
2378	2825
4284	2734
4121	2734
172	1069
102	1069
2082	2343
2651	2343
3734	2343
3793	396
3012	396
3943	3004
4155	3004
719	4667
962	4667
2938	938
413	938
1907	938
206	2839
4431	24
3808	3550
1952	3550
1058	3550
3529	4545
2458	4545
1738	4545
2365	4545
1518	714
574	714
756	312
849	620
2345	620
333	620
696	620
4339	620
1349	620
1307	620
3291	620
2523	620
3056	620
4278	620
769	620
1391	620
4011	335
4374	373
3734	373
3296	373
683	2784
2064	2784
1369	2784
1385	4550
650	4550
3916	4550
3734	4550
1567	2726
3708	2726
1225	884
2294	884
3767	1168
2183	1168
2466	1168
584	1168
3291	1168
522	1168
3425	1168
86	2423
452	2525
4011	1918
3692	1918
3312	1918
1347	1918
1419	1918
1455	1918
657	1918
578	1918
283	1918
3154	309
4374	309
1518	309
3734	309
3296	309
1897	4101
2129	1436
3403	1436
969	1230
1229	1154
1595	1154
102	1154
2458	1154
2146	1154
2937	1154
3734	1154
3296	1154
2632	4
3296	4
3381	2094
1954	2094
1722	757
996	757
1898	757
3479	757
3822	757
864	757
2181	757
4357	3767
3381	3767
4323	3767
3692	3767
1738	3767
4042	3767
3023	3767
4332	3767
2378	3767
1023	3767
4234	3767
2478	4357
2493	4142
3816	4142
4379	2420
2148	2420
1504	2420
2121	2420
2447	2420
949	2420
3174	2420
1868	2420
551	2420
958	2420
2051	2420
2089	4398
3615	1127
1400	2938
4055	2938
2276	2938
410	2938
4083	2938
4446	2938
4527	2938
313	760
3393	3655
2064	3655
4170	3655
4454	3655
2466	3655
86	3655
1369	3655
881	3655
1221	3655
3597	2078
4012	2078
3083	2078
3023	2078
1496	2078
1169	2078
2179	2078
3648	368
3692	368
4070	368
658	368
504	368
4332	368
3011	368
3780	368
3416	368
1270	368
1004	1385
3675	1385
3112	3381
2571	3381
703	3381
3677	3381
3638	3381
1738	3381
1546	3381
1308	3381
1302	3381
1403	3381
3171	3381
4544	3381
2893	3381
3416	3381
1046	3381
4234	3381
206	4345
4651	4345
4343	4345
3780	4345
1839	4345
1889	1798
794	1798
3826	1798
206	2397
2466	2397
3780	2397
1013	2397
686	2397
661	3807
4614	3251
3105	3251
2447	3251
4338	3251
426	3251
3456	2092
3236	2092
2861	1505
3742	1505
3174	1505
2121	3298
2447	3298
4499	3298
313	3298
4379	3685
3023	3685
661	3685
933	1007
896	1010
577	1010
1465	1010
504	1010
525	1010
806	1010
2426	1010
3897	1010
1023	1010
1786	3055
3692	3055
1614	3055
3023	3055
4332	3055
795	3055
2879	3055
3766	3055
2358	3055
26	3055
3278	3055
4005	3112
2999	246
1637	246
574	4267
3175	4267
361	4267
519	4267
4011	3529
4005	3529
2891	3529
826	3529
574	3529
3296	3529
4012	1431
574	1431
3695	3609
3509	3609
570	3609
2632	3609
3046	673
102	2389
4339	2389
3734	2389
3876	2389
1155	2389
4012	2613
4121	2613
3336	3178
3154	3178
3734	3178
3296	3178
3734	4576
334	1400
4379	1400
3337	1400
1868	1400
4643	1400
2045	1400
313	1400
4527	1400
2703	1400
863	4606
1121	4606
3379	1961
3296	1961
1229	827
2046	827
2060	1229
3416	1229
2528	1229
1273	4315
81	3643
3378	3643
3916	3643
507	2213
1323	812
1898	812
903	812
1337	812
3296	812
751	812
1315	3695
863	3695
1244	3695
2227	3695
826	3695
2523	3695
1984	3695
962	3695
990	3695
3410	3695
3584	3695
478	2861
4467	2861
1399	3039
2822	3039
1119	2741
478	2741
1601	4316
1622	429
3734	429
1293	334
1778	334
1080	1322
1269	1322
958	1322
3682	116
3315	4525
4651	4525
3561	4525
1231	34
1319	34
230	34
3578	34
2241	34
1737	34
3425	34
661	1786
3236	3693
1863	1815
838	311
3077	4167
1520	4167
2145	4167
3951	4167
2366	3530
4011	740
1620	1225
2342	1225
1094	1225
707	2774
1502	2774
3379	3576
3227	3576
2481	3934
2844	3934
2491	1382
102	1223
1323	1223
584	1223
3827	1223
4017	1223
3296	1223
1409	2367
4011	1610
3692	1610
4382	1610
2308	1610
27	1610
1347	1610
578	1610
1286	1610
691	1610
3741	4378
3444	3741
4614	719
661	719
2383	719
1194	719
1584	719
4676	1176
3069	1176
297	1176
2384	1176
2366	4308
3130	710
3734	52
3379	1315
2466	1315
1621	1315
2753	1315
3080	1315
3577	2647
1282	2647
2632	2647
962	2647
360	2647
1525	2647
2691	2647
3337	694
960	1981
3547	1981
3328	1981
4131	960
3547	960
3328	960
3442	442
3379	442
919	442
248	442
1726	3707
1716	3707
3038	3707
885	3707
3314	1145
1716	3314
3038	3314
2963	2210
3145	2210
4646	1246
3077	1246
2634	1246
2410	534
4533	534
4347	3580
1601	1235
1094	1235
3734	1235
2491	1235
3766	1235
2294	1304
3813	1304
906	1304
1567	1304
3662	4059
3953	1378
4298	1378
1518	1378
3734	1378
1060	1378
594	1378
707	1119
3175	1119
4454	2410
2844	3562
564	1219
3619	1219
4339	556
4339	3953
570	4646
206	4646
16	4646
3291	4646
3425	4646
1522	4379
3775	4379
2570	4379
2319	4379
2275	4379
661	4379
707	4379
2121	4379
2447	4379
401	4379
949	4379
3174	4379
1868	4379
1542	4379
1502	4379
2051	4379
3150	4379
3915	4379
313	4379
4527	4379
2667	2685
3427	2685
507	564
1408	2588
3023	4026
2189	4366
375	811
3154	4172
2498	4172
691	4172
3077	1428
1525	1428
3090	3077
2145	3077
4019	3336
2749	3336
278	1601
390	1601
62	1601
2840	1601
756	1601
2204	1601
4440	1601
2152	1601
2765	1601
1240	1601
1269	1601
4138	1601
86	1601
1337	1601
4279	1601
2378	1601
5	1601
1852	1601
514	1601
2080	1601
4277	1601
1943	1601
4011	3102
2948	3102
4339	3102
4451	3102
4641	3481
1943	3481
1043	2304
3504	2304
2721	1388
1267	1388
2031	1388
986	4539
173	1640
2166	1640
2779	1640
1308	1640
3456	1640
3577	1640
2153	1640
2765	1640
4581	1640
3876	1640
4544	1640
4449	1640
1023	1640
4234	1640
390	4323
99	4323
3578	4323
2746	2297
3832	2297
3606	2297
504	2297
3564	3808
1221	3808
2146	278
230	106
2991	106
3437	106
4502	106
1500	106
3579	106
1110	4165
2471	4165
647	4165
1753	4165
3023	4165
1262	4165
1020	1652
1319	4417
896	172
2646	172
1319	172
696	172
2398	172
3227	172
1094	172
522	172
3986	369
1269	1134
3734	1134
3924	3303
3033	3303
2121	3303
3174	3303
1868	3303
1542	3303
2045	3303
3857	3303
4527	3303
81	462
3378	462
3101	462
986	863
355	863
3734	863
2814	863
3296	863
25	863
1269	4222
756	2499
2409	2499
2895	2499
2661	3898
206	849
1232	1244
584	1244
3444	1244
2255	1244
2252	1244
1347	1252
584	1252
3291	1252
2766	1609
247	1609
3547	1609
4374	4676
3734	4676
3296	4676
3154	1195
4374	1195
4405	1195
3734	1195
3296	1195
3236	341
1190	834
3734	834
3876	834
308	834
1556	2345
1403	2345
1121	2345
3734	1037
3033	3924
2661	3033
4339	3033
1169	3033
1494	3033
3665	3033
1380	4003
1556	4003
3379	4003
1496	4003
3619	4011
2956	4011
2146	4011
3656	4011
4650	4011
2854	4011
4284	4011
1952	4011
2306	4011
1567	4011
979	4011
267	4011
2858	4011
2378	4011
3713	4011
2109	4011
3619	2948
979	2948
1898	3477
27	3477
1753	3477
1282	3477
4071	3477
4047	3477
30	3559
3284	3559
4155	3559
1379	3559
4666	3559
273	2644
3692	2644
662	273
206	273
1274	273
4605	390
3951	390
1455	390
1058	390
123	390
1462	390
3078	4044
3722	4044
3379	4044
3144	4044
3312	4044
3577	4044
3734	4044
3296	4044
3734	220
3296	220
3236	478
661	478
2325	478
3734	1139
3352	1139
3297	860
3598	860
218	860
3951	82
504	82
3916	82
2646	896
696	896
3951	896
3827	896
2164	896
3227	896
1270	896
1319	81
4382	81
2779	81
3793	81
3951	81
2098	81
4121	81
2207	81
3918	81
2745	81
1705	81
3101	3923
2779	3923
1518	1234
4251	1234
4527	1234
1269	1456
2436	1372
3261	3833
507	3833
707	2014
3174	2014
2038	2014
1502	3353
3105	2013
1099	2015
574	2015
2841	2015
1377	2715
2572	2715
3734	1255
4429	3619
1567	3619
1954	3619
1130	3619
3425	3619
3379	591
570	2381
540	1374
3236	1374
1279	2913
540	2913
1627	2913
3209	2913
540	1279
2653	2089
3379	2089
3456	2314
3439	2314
1898	1273
571	1273
4374	1273
1282	1273
2632	1273
962	1273
298	1273
584	3426
3688	3426
3425	3426
4651	2453
1110	3161
3227	3161
1954	3161
3998	79
3154	2108
1319	2108
3723	2108
1594	2108
1337	2108
3734	2108
2355	2514
3444	2514
1221	2514
885	2514
454	1608
1868	3453
1998	3453
504	3648
969	683
1726	683
2842	683
10	683
2366	4115
3456	3958
2447	3958
2146	3728
3677	3728
2098	3728
1856	3728
3734	3728
4544	3728
514	3728
3542	173
3173	173
2651	173
1954	173
699	173
810	783
3296	4506
3213	4506
3444	3970
1293	2129
1369	2129
3582	2129
1518	1356
4017	3796
1731	3796
4502	3796
1325	2245
1984	2245
990	2245
424	4425
3109	2476
1221	3140
4592	3564
4454	3564
3962	3564
3379	3564
1594	3564
962	3564
2865	3564
3379	4415
1594	4415
1113	4415
1337	4415
27	1293
3379	1293
1594	1293
57	1293
1282	1293
578	1293
283	1293
218	1293
2632	1293
3250	1293
2227	3154
2779	3154
3379	3154
4105	3154
3144	3154
1594	3154
57	3154
1490	3154
1222	3154
3577	3154
4546	3154
1597	3154
247	3154
4414	3154
3734	3154
6	3154
3437	3154
1001	3154
3250	3154
2619	3154
3547	3154
4462	2298
3567	2298
1726	4634
3962	4634
1369	4634
4517	4634
3347	4634
4274	4634
2963	3393
1699	3393
2779	427
25	427
1849	2064
2947	2064
3236	2064
41	2064
10	2064
3473	2064
2947	1849
3962	1849
102	1595
3222	1595
2458	1595
650	4430
707	3775
3174	3775
1347	625
4148	625
4645	2947
3895	2947
1954	2947
2632	2947
1984	62
3296	62
1888	62
3890	527
4414	4439
3951	2840
2196	2840
267	2840
375	1791
30	3146
969	568
2242	568
1269	1099
3700	1231
4560	1231
1824	1231
504	3692
3813	3692
3986	3692
2326	3692
1270	3692
4170	4645
657	4645
86	4645
1446	4645
3723	3824
3520	3824
2189	3824
2600	2003
3742	2003
1636	2653
86	333
3333	333
2021	333
1943	333
4609	333
1897	2570
2121	2570
2447	2570
401	2570
3174	2570
3296	2570
1868	2570
551	2570
3675	2570
4527	2570
3379	1897
2447	1897
838	2646
3734	2646
3296	2646
962	2646
4278	2646
1764	4170
1434	4170
2667	4170
27	4170
3427	4170
93	4170
3337	4170
4641	4170
1455	4170
1952	4170
1307	4170
826	4170
86	4170
3779	4170
2383	4170
3145	4170
2045	4170
4510	4170
1943	4170
3197	2788
1504	2372
276	1110
431	1110
3606	577
4596	577
4544	577
3101	1530
3083	1530
1013	1530
3209	1530
3222	729
4651	729
1307	1764
3734	1764
1698	1764
2191	1764
3571	1434
86	1434
2305	1434
102	2366
3222	2366
1323	2366
1020	2366
2458	2366
4145	2366
2148	2366
482	2366
1190	2366
3715	2366
4436	2366
340	2366
1054	2366
3615	2366
4335	2366
1226	2366
2876	2366
3803	2366
3222	102
1323	102
1020	102
2458	102
477	102
2148	102
3795	102
4042	102
2906	102
4177	102
2164	102
3813	102
3092	102
2989	102
4556	102
4354	102
58	102
3986	102
4061	102
1604	102
3521	102
1323	3222
1020	3222
2458	3222
4103	3222
1227	3222
1020	1323
2458	1323
2148	1323
2140	1323
206	1323
1312	1323
4436	1323
3092	1323
2989	1323
2730	1323
628	1323
481	1323
1902	1323
2337	1323
2458	1020
3092	1020
2989	1020
2914	1020
2376	1020
3893	2458
477	2458
3896	2458
900	2458
3842	2458
206	2458
1455	2458
3935	2458
4087	2458
1227	2458
2989	2458
4260	2458
2276	2458
199	2458
4544	2458
1536	2458
1164	2458
1552	2458
1958	2458
2822	2458
3087	2458
2577	1697
473	3597
1221	3597
2491	3597
1280	3597
1444	3597
3425	3597
4382	4585
4429	2182
2779	2182
3577	2182
1954	2182
3425	2182
1898	756
2779	756
604	756
2275	756
2145	756
504	756
650	756
4670	756
2955	756
4427	756
531	756
828	756
1254	756
1450	756
2411	756
2921	756
4407	756
1580	257
3236	3893
2294	1528
1369	1528
3773	2294
3773	2281
1567	2590
574	2590
4571	2590
3413	2590
1496	737
4121	737
1269	737
2242	1319
1500	1319
477	1184
2121	1889
3174	1889
1047	1889
3915	1889
707	413
3174	413
3682	413
1502	413
1738	2166
3951	2166
2466	2166
2651	2166
2164	2998
2940	2998
1802	3864
2125	3864
3013	582
4229	3823
628	3823
885	3823
2189	3823
1221	3378
2937	3378
4098	3378
1800	969
979	969
1227	969
1095	969
2060	969
3734	969
559	969
573	969
576	969
579	969
615	969
634	969
670	969
1079	969
1196	969
1670	969
2220	969
2853	969
267	99
1058	1614
1337	1614
4641	2684
1518	2684
2208	3722
1125	3722
276	2634
206	2634
2466	2634
1347	2634
1586	2634
826	2634
2651	2634
519	2634
957	2634
2208	4005
2493	4005
657	4005
2191	4005
206	600
1269	1377
825	1377
1928	1377
1464	3841
1542	4531
4339	3170
979	3170
2022	3170
2307	3170
4589	3170
3677	2956
1856	2956
514	2956
3236	1735
3080	1735
3577	1611
574	1611
4047	276
283	276
2565	3101
2782	3101
3677	3101
2692	3101
4546	3101
2882	3101
4604	3101
4002	3101
1606	3101
2035	3101
2060	3101
1221	3101
374	3101
2991	3101
962	3101
3979	3101
2586	3101
2115	3101
265	3101
325	3101
468	3101
2316	3101
2083	3101
2337	3101
2421	3101
2599	3101
2844	3101
2876	3101
2970	3101
3071	3101
3103	3101
3603	3101
4097	3101
4012	4163
152	4163
598	4163
374	4163
959	4163
3422	4163
1578	4012
473	4012
2928	4012
152	4012
123	4012
3773	4012
1221	4012
1739	4012
374	4012
959	4012
520	4012
3734	4012
1071	4012
842	4412
3826	2565
3425	4652
3734	3114
1190	2208
1347	2208
4466	2208
2667	2794
3427	2794
1916	3957
3606	2254
1369	2254
957	2254
3221	2254
4352	2146
835	2146
3598	2146
979	2146
2937	2146
2632	2146
388	2146
800	2146
4097	2146
3734	2448
464	4210
2632	2266
1567	696
1804	696
1957	696
574	2721
3173	3141
986	1488
2625	1488
1094	1488
4342	1488
283	230
1888	230
234	4429
1190	4429
431	4429
1952	4429
1954	4429
2842	4429
3124	4429
3425	4429
1282	3656
2164	3656
1954	3656
2222	3656
1705	3656
1948	4671
2902	3465
4448	3465
3944	3465
3653	3465
234	3465
1282	3465
234	2902
819	2902
3494	2902
3480	4448
3688	4448
1417	2227
3688	2227
4229	1159
2306	3130
2061	3130
2984	4492
1906	4290
3546	4290
507	1201
1868	176
650	2412
2983	2617
3008	4382
1325	4382
2745	4382
2012	3976
3122	3976
2746	2612
900	2612
3832	2612
1500	2612
4285	2612
4609	2612
3174	2562
3895	1598
662	3509
1013	3509
1898	1722
1269	1722
1861	1722
1898	996
1898	149
3479	1898
3822	1898
3460	1898
3456	1898
90	1898
3882	1898
2181	1898
2520	1898
247	1898
4147	112
1085	112
4602	112
1680	112
1269	4147
861	4147
152	2056
1868	2782
3802	2782
4105	4304
3197	4304
3663	4304
3638	2571
1308	2571
4544	2571
1175	2571
2842	3818
2842	3996
86	2767
1943	2767
1785	3633
1954	3633
3160	3633
662	1364
3437	1364
1481	662
1349	662
1592	662
2223	662
4339	323
4546	323
2766	323
4260	323
1221	3647
2625	2963
2574	2963
4335	2963
2491	2963
664	2963
4399	2963
2199	3999
1417	986
3379	986
2804	986
3322	986
4105	986
3144	986
1594	986
1440	986
842	986
3236	928
4260	928
2660	1673
3242	1673
3774	1673
3379	1639
4465	2308
3998	2308
570	2625
4335	2625
4399	2625
1666	4374
1222	4374
1113	4374
3131	4374
4414	4374
3296	4374
2421	4374
27	1948
1699	1948
4556	1948
1878	1948
3427	2667
152	2667
1811	2667
2232	2667
3145	2667
3578	27
3444	27
271	27
152	3427
1811	3427
2232	3427
3145	3427
3606	1556
3606	4465
3437	4465
861	4465
2841	4465
3240	2779
3650	2779
3444	2779
1856	2779
3998	2779
3963	2779
1023	2779
796	1843
3780	1843
1462	1843
539	3240
1269	4639
1666	3272
3456	3272
4549	3272
524	3083
2096	2148
4284	2331
661	2331
4454	4152
1121	4152
84	865
420	865
1325	865
4023	865
1221	865
959	865
1878	865
3520	865
2223	865
1081	865
2503	865
1221	3943
674	338
507	2983
1904	2983
1442	540
598	540
2745	540
1227	703
4260	703
2358	703
3198	703
3579	703
1465	1080
2257	1080
3174	1080
2780	1080
2239	1080
3322	1417
1594	1417
3456	1417
3439	1417
3577	1417
3010	1417
3734	1628
3296	1628
4105	4454
4651	4454
2223	4454
3780	3578
4544	3578
1525	3578
3379	3650
3444	3650
3963	3650
3236	3126
3734	1666
844	1726
1369	1726
2940	1726
842	1726
1177	1726
1904	1726
3951	4070
1308	3896
570	3896
1856	3896
1227	3896
4260	3896
4544	3896
3425	3896
1738	3723
2083	3723
504	658
1738	3677
1546	3677
1308	3677
2098	3677
2854	3677
4332	3677
1856	3677
4544	3677
4234	3677
1738	3638
1546	3638
1308	3638
3337	3638
4177	3638
2882	3638
795	3638
4544	3638
4203	3638
4234	3638
795	1738
1856	1738
3734	1738
4544	1738
4234	1738
3379	4019
4584	2140
3895	2140
3011	2140
1878	2140
1023	2140
1325	4584
1878	4584
93	1063
3606	1063
2241	1063
3606	3785
3437	3785
861	3785
1094	763
1094	215
3606	674
2098	1308
1271	1308
1856	1308
4544	1308
514	1308
3937	2880
1518	318
3577	4306
844	3962
1285	3962
1369	3962
2940	3962
881	3962
4414	3962
2597	3962
2223	3962
1177	3962
939	3962
1302	844
881	844
913	844
2804	3379
3144	3379
57	3379
2471	3379
1838	3379
4298	3379
3312	3379
3577	3379
4021	3379
4153	3379
3023	3379
797	3379
4194	3379
271	3379
1121	3379
41	3379
1592	3379
3744	3379
3734	3379
2455	3379
1718	3379
4285	3379
885	3379
248	3379
1015	3379
2942	3379
3250	3379
342	3379
391	3379
901	3379
931	3379
1301	3379
3455	3379
2552	3379
2932	3379
3122	3379
3459	3379
3494	3379
4077	3379
3739	3379
3834	3379
3903	3379
4118	3379
4218	3379
4656	3379
4028	3379
1594	2804
3439	3322
46	4105
1490	4105
3577	4105
4670	4105
3419	4105
2561	4105
3734	4105
6	4105
267	4105
3546	4105
4204	4105
829	4105
2438	4105
3963	4105
4656	4105
1594	3144
57	3144
1496	3144
3734	3144
6	3144
2471	1594
3312	1594
3577	1594
3734	1594
3010	1594
3439	3456
3577	3456
1496	3456
1592	3456
3296	3456
1542	3456
958	3456
3134	3456
3734	57
6	57
1540	2471
3496	2471
152	1578
374	1578
152	4653
374	4653
4534	4653
2661	2096
797	2096
3998	2096
1153	2096
1464	2944
123	2944
3485	2944
2722	2944
1335	2661
1301	2608
807	1800
2121	1506
1567	2215
2827	3297
2034	3297
4339	3297
3328	3297
2034	2827
1302	72
1811	72
2060	1993
4110	2275
4095	2275
1632	2275
3261	2275
1540	2275
551	2275
4095	4110
1632	4110
1632	4095
2436	4095
3150	3261
584	2082
1954	2082
3425	2082
3038	1716
1952	1207
2364	1207
1496	1142
2587	1534
3662	2587
900	2746
3832	2746
3734	2746
3759	2746
1689	2746
2293	2746
4609	2746
4155	1181
1079	64
1190	452
3086	452
2447	452
1868	452
2051	452
1884	452
1023	355
544	2368
515	2368
3876	2368
4347	900
1496	900
3209	900
4000	2167
962	2167
4347	640
3236	640
842	640
4347	1250
717	1250
2337	1250
4322	1250
4347	2150
717	2150
1911	1736
1567	1820
3734	1820
4339	1724
1954	1724
110	1724
3682	1812
3425	1812
30	4055
4435	4055
123	4055
226	4055
3485	4055
804	4055
1584	4055
3485	93
3192	3515
791	3515
3236	2310
1939	2310
1015	2310
1567	2778
1130	2778
538	142
736	2289
3105	3594
3471	3594
123	104
3086	104
1567	104
2045	104
838	2066
2236	2066
4641	4405
3491	980
838	910
1617	910
2236	838
2955	838
1269	838
1804	838
4312	2406
4609	3832
152	1481
374	1481
1567	473
1169	473
4116	473
3734	725
3916	3667
3930	3667
1325	1440
2824	238
1307	3337
3105	3337
4259	3337
2121	3337
1130	3337
3174	3337
4643	3337
3058	3337
3742	4347
2523	4347
2561	4347
1391	4347
3425	4347
2045	412
2982	412
3310	412
123	3090
1689	4641
2191	4641
3989	3922
1496	871
594	871
2384	4240
482	1465
1954	1465
691	1465
4451	1465
988	1464
206	1203
707	482
3174	482
2276	482
2844	482
3734	1490
2326	4143
3734	3035
507	4229
3951	3299
4249	3299
2600	3793
3606	3793
2472	234
2493	234
3816	234
4121	234
1955	234
1236	234
300	3758
3219	3758
2600	3895
1471	3895
1221	3895
1071	3895
2378	3895
94	300
1518	300
3046	3635
3425	3635
3791	3635
3663	3635
308	2236
825	1617
3708	3542
2124	647
4436	647
4040	647
1787	647
1130	647
3368	647
4562	647
3175	647
3742	786
1811	786
4562	786
1957	786
1399	1065
1296	1753
584	1190
1567	1190
979	1190
1094	1190
1130	1190
3577	4298
1863	4298
1567	4298
1269	4298
3780	4298
1587	4298
2931	4298
3328	4298
1453	4605
657	4605
3780	4605
306	4605
3312	1453
2306	1453
2378	1453
388	1453
1705	1453
555	115
657	115
515	115
3577	3312
4153	3312
1915	3312
2421	3312
3152	3312
86	2183
123	4467
3296	4467
4259	1504
2051	1504
3991	1504
4073	1504
1567	1222
3734	1222
3296	1222
3571	570
2919	570
1567	570
1044	570
1379	570
3876	570
218	570
4620	570
1500	570
3046	570
255	570
828	570
1296	570
2836	570
1883	3571
796	1664
3014	909
3773	2574
1379	2574
4666	2574
3437	2574
2326	2574
3110	2574
4666	903
3437	903
3110	903
4435	30
3284	30
3734	30
3152	30
1379	4435
4666	4435
826	206
2334	206
2989	206
4155	206
1379	206
4666	206
2523	206
1984	206
267	206
1001	206
184	206
637	206
1153	709
1285	2709
2518	2709
3444	1285
313	3719
4423	3577
4332	3577
2561	3577
2842	3577
2060	3577
1325	3577
3734	3577
3998	3577
4338	3577
4204	3577
3250	3577
2100	3577
3292	3577
3579	3577
1023	3577
4061	2832
4061	2891
1021	3742
4603	3742
4616	3742
939	3742
2241	3606
2989	3606
3437	3606
4335	3606
1500	3606
3425	2835
1059	4153
1270	4482
1254	4482
1369	3023
1182	504
1593	504
2358	504
2643	504
3046	504
3416	504
2326	504
3198	504
2786	504
976	504
1270	504
1757	504
3897	504
3734	1883
2814	1883
3422	1883
3291	1511
519	1511
3105	1135
3489	3315
4339	3315
2292	3315
25	3315
4339	3489
1347	3489
2478	3489
3827	3489
962	3489
2119	3489
3131	4339
971	4339
976	4339
25	4339
519	4339
1957	4339
2028	4339
736	1349
2493	1349
3816	1349
1347	2466
2153	2466
1403	2466
2632	2466
2153	1347
1952	1347
2222	1347
4620	1347
3641	1347
1586	1282
4148	1282
1240	1282
3734	1282
3145	1282
3086	736
2153	584
2124	584
1690	584
1567	584
1403	584
2632	584
1183	584
798	2899
3227	2478
161	3668
3744	3668
791	3067
3250	1519
2255	1519
4651	648
2785	648
3296	4312
4562	4312
361	4423
2063	3139
1912	3139
4407	3441
1121	3081
798	2919
3816	2493
3173	2493
3734	2493
1153	2493
431	3816
1419	3816
444	3816
1442	3008
2207	3008
2745	3008
4651	4131
10	4131
2411	4131
152	2928
3773	2928
578	2928
374	2928
2528	2928
3124	650
517	650
4588	650
3173	4651
1030	4651
1283	4651
126	4651
3328	4651
1160	2200
2008	2200
1001	3726
2853	3726
4656	107
3080	2906
3646	3236
4031	3236
1054	3236
1104	3236
1221	3236
3918	3236
705	3236
426	3236
1711	3236
1907	3236
2888	3236
3278	3236
3603	3236
3791	3236
3857	3236
3910	3236
4198	3236
3268	3236
4397	3236
2968	3236
3774	3236
1221	3444
267	3444
885	3444
4657	4237
3518	1914
1121	4177
4544	4177
1856	2098
4544	2098
514	2098
828	2098
4284	2854
3438	4546
4194	4546
3734	4546
1337	797
1604	797
885	539
2679	919
1662	1496
3603	1496
2164	431
1307	431
3197	431
3291	431
3734	431
825	431
2164	1261
3291	1261
3296	1261
1801	2292
1567	2292
3227	2292
574	2292
4571	2292
58	2292
3296	2292
4204	2292
1455	2164
1058	2164
3291	2164
1269	1801
3416	1593
4037	3173
283	3173
699	3173
705	352
4138	152
3773	152
1221	152
1739	152
959	152
520	152
1071	152
4354	152
3250	152
4200	4284
4670	4284
2124	4148
2377	4148
1518	4148
4670	4148
6	4148
2377	2124
4200	2124
1518	2124
2053	2124
1307	2124
1806	2124
1518	2377
1911	2377
2679	4200
4121	4200
4670	1518
4121	1518
1227	1518
1298	1518
1806	1518
235	1518
579	1518
684	1518
1357	1518
2408	1518
2594	1518
2635	1518
4121	765
2763	2679
4670	2679
4121	2679
4121	2763
1221	4002
3169	3526
3328	2414
1455	1419
657	1419
1058	1419
2249	1419
1462	1419
657	1455
1058	1455
664	1455
3425	1455
657	1952
515	1952
3780	1952
308	1952
1462	1952
2699	1952
1058	657
4343	657
784	657
881	657
990	657
1462	657
1325	1058
3780	1058
1462	1058
1705	1058
4121	4670
1307	4670
1442	4121
842	4121
4544	3148
1516	3148
2008	3148
3100	3148
3219	1606
3219	1312
661	2555
2220	101
1270	4332
3425	1985
1731	4017
1731	489
3734	489
4031	1731
4087	1731
3734	1731
3734	4031
3341	1442
3131	1442
3916	1442
1221	1442
2207	1442
1603	3341
4155	3284
1379	3284
4666	3284
3437	3284
325	3882
4534	1106
1399	3541
3779	1307
699	1307
1433	1307
1706	1307
2756	1307
4593	1307
1637	1778
1540	4040
1811	4040
835	2306
979	835
3916	240
2175	598
3916	598
885	598
707	2733
2121	2733
3174	2733
1001	826
3734	1597
1277	3011
707	4533
2121	4533
949	4533
2045	4533
574	1445
4562	1445
3046	1445
574	2765
4562	2765
1337	1240
1054	661
4343	661
2879	661
399	661
958	661
1604	661
1890	661
4219	661
4261	661
4194	3438
4077	125
3471	4194
4478	4194
3475	2020
507	2020
785	1217
3437	2334
1705	2334
1888	2334
4544	1856
514	1856
1954	2196
123	2175
3916	2175
1637	2999
2447	2257
3174	2257
3150	2257
2844	3871
3086	123
2895	123
873	123
4259	123
3744	123
1535	123
3485	123
26	123
2722	123
3939	123
1567	226
3086	3813
1567	3813
298	3813
399	3813
906	3086
1567	3086
2895	3086
1954	3086
873	3086
3774	3086
1567	906
298	906
1540	1567
4047	1567
2632	1567
1060	1567
317	1567
517	1567
2749	1567
3727	1567
1620	1403
3734	1403
3296	1403
3150	1403
2730	3105
705	3105
2660	3105
2821	3105
3629	2895
873	2895
3485	2895
2722	2895
825	1540
60	2955
1868	55
675	1269
283	1269
10	1269
58	1269
4499	1269
4544	1269
1536	1269
1671	1269
197	1269
301	1269
362	1269
514	1269
926	1269
957	1269
958	1269
1137	1269
1267	1269
1492	1269
1892	1269
4214	1269
4268	1269
4318	1269
4322	1269
4427	2035
58	2035
308	2035
2060	2398
247	2766
3547	2766
2207	3131
3296	3131
3152	3131
3773	4138
1071	4138
308	3197
1337	2241
1811	2241
1500	2241
308	3480
3056	3480
979	4071
2230	4071
3437	4647
283	271
3260	382
2447	707
3930	707
1868	707
4643	707
705	707
958	707
2051	707
3278	707
313	707
979	2934
3734	247
628	247
3198	247
1194	247
2552	247
3547	247
3328	247
3200	3935
3734	3916
3825	3916
522	3916
885	3916
1094	3773
374	3773
1878	3773
1687	3773
1227	1054
1094	1054
3425	1054
4589	1054
1094	1620
1094	3788
1094	2342
4354	2342
3175	3445
2632	3227
3508	3227
3328	3227
1954	3598
6	3598
3425	3598
3368	574
3484	574
3732	574
3636	3615
3663	3615
1622	4087
1912	1622
375	1770
4278	979
1183	979
828	979
894	979
957	979
2382	979
3826	979
2383	86
2991	86
861	86
2276	86
1542	86
3145	86
4510	86
1943	86
1943	3779
3333	578
3425	578
3734	2651
3160	2651
2340	2651
2329	1104
4380	1104
3682	4037
507	2225
2989	1954
4571	1954
2842	1954
1294	1954
3013	1954
4198	1954
3080	1954
2722	873
531	4344
2989	1227
1379	1227
4666	1227
3110	1227
3732	1227
881	1369
2597	1369
2223	1369
3998	1369
1759	1369
2888	2940
2989	3092
4155	3092
1379	3092
4666	3092
3437	3092
3110	3092
4155	2989
1379	2989
4666	2989
4260	2989
2842	2989
3437	2989
2522	2989
1890	2989
4542	2989
4666	4155
3013	4155
4047	4571
2850	4571
3734	1121
524	1121
908	1379
4260	1379
3437	1379
3110	1379
3209	1379
4603	4666
3734	4666
3437	4666
3296	4666
1003	4666
3209	4666
3990	4666
1943	2383
3734	784
4354	1094
3409	1094
2447	2121
401	2121
949	2121
1868	2121
1542	2121
2045	2121
2051	2121
2844	2121
313	2121
4527	2121
3734	908
3110	908
1584	1057
2528	1057
2753	1057
3845	3419
3590	3419
3734	3845
3296	3845
3590	3845
3689	4292
3734	2561
3296	2561
667	2842
2223	2842
4414	1002
2597	1002
2077	1002
3686	1002
3038	1002
3734	881
2223	881
1177	881
2004	881
949	2447
3174	2447
218	2447
2597	4414
3296	4414
388	4414
699	4414
3930	2924
2077	41
3686	41
3038	41
3686	2077
3038	2077
3038	3686
2988	4581
667	3124
522	3124
1221	2060
2888	2060
4640	2060
2055	3602
3471	4427
58	4427
308	4427
3915	1298
3328	1298
3422	3743
1183	1130
1015	1130
1957	1130
4023	1325
1878	1325
494	1325
2745	1325
3734	1337
283	1337
1270	1337
1739	1221
374	1221
4354	1221
4141	1221
2125	1221
1152	1221
2540	1221
3250	1221
132	1221
1443	1221
1854	1221
1899	1221
1927	1221
1928	1221
2220	1221
2841	1221
3410	1221
3433	1221
3473	1221
3750	1221
3869	1221
3910	1221
3990	1221
4397	1221
374	1739
4354	1739
959	374
520	374
1071	374
4354	374
3250	374
3734	2937
3296	2937
169	2937
3437	3734
2249	3734
2309	3734
2446	3734
1811	3734
1001	3734
3269	3734
1078	3734
2115	3734
717	3734
517	3734
804	3734
1059	3734
1674	3734
2028	3734
2421	3734
2467	3734
2888	3734
3134	3734
3152	3734
2619	3734
4388	3734
3547	3734
524	2814
751	2814
4507	4596
4480	4596
3425	4596
4234	4596
3641	6
3296	946
1270	946
3174	401
4499	401
1502	401
2051	401
515	2879
3876	2879
4047	2222
4354	1071
4609	3759
3780	1984
308	1984
1888	1984
1943	1387
667	807
957	4047
3425	4047
3826	4047
2214	1141
1500	3437
3110	3437
1060	3780
1500	3780
267	3780
1001	3780
519	3780
637	3780
825	3780
861	4502
1871	3642
283	861
4251	861
2209	283
583	283
2284	283
3174	949
1868	949
2051	949
3915	949
4527	949
218	3174
1868	3174
4643	3174
551	3174
1542	3174
2436	3174
958	3174
2045	3174
2051	3174
2844	3174
313	3174
4527	3174
2255	10
308	58
2080	308
3013	1294
525	842
1868	2147
3682	2276
1907	2276
3278	2276
4527	2276
1943	2276
494	1878
3349	1878
3512	1878
3520	1878
4418	1878
2745	1878
2632	494
388	3520
2325	3160
551	218
3641	218
1502	218
3150	218
1709	4418
3286	2446
3296	2632
184	2632
2027	3296
2572	3296
717	3296
4204	3296
399	3296
517	3296
524	3296
525	3296
1698	3296
1957	3296
2028	3296
2029	3296
2421	3296
3425	3296
2619	3296
2753	3296
4234	3296
2223	962
2780	962
1680	962
2029	962
4451	962
3425	4116
4527	4499
4524	2223
2327	1060
4399	1060
4234	4544
712	4251
65	712
610	2125
3774	216
4337	1868
410	1868
1502	1868
3569	1868
3682	2346
1424	3918
3766	2491
3755	298
2858	2395
3663	2395
595	3651
403	4643
1502	4643
2051	4643
3109	4643
785	267
913	267
519	267
2240	267
3425	267
76	785
4431	3998
3175	1001
375	1043
375	3504
4478	3269
2378	1078
3425	1078
388	1280
239	551
4387	551
958	551
2045	551
2051	551
3150	551
4527	551
3326	3219
2115	2027
2378	1804
1525	1804
1636	705
2038	705
468	4338
804	4338
2324	4338
3416	2358
2326	2358
1270	2358
2326	2643
2326	3046
1270	3046
2326	3416
1270	3416
399	3416
3198	2326
2786	2326
976	2326
2817	2326
4073	2326
1270	3198
1270	976
1757	1270
1516	1270
1153	1147
1524	1147
1741	1147
2421	1704
968	3175
1148	3175
2604	3175
1671	4560
1183	4560
1671	4278
1183	4278
1183	1671
3425	1183
2021	2858
3060	242
2378	2745
791	3192
3561	3192
3485	1535
2722	1535
3012	4657
1310	4657
752	2293
3080	2293
3080	752
146	3132
4575	3782
2722	3485
774	4061
299	2942
3328	5
2239	17
1023	25
558	42
3662	1852
342	3250
1793	2255
2327	158
2031	197
1420	207
2438	297
507	317
4640	322
2776	360
2189	388
3209	388
727	402
1268	3708
507	468
810	468
3401	480
4575	507
3527	507
1164	547
2051	548
1023	588
1196	594
691	613
2604	618
997	630
1262	693
1698	699
1584	804
4394	804
3926	810
1358	825
1957	825
3425	825
2038	894
2284	901
2051	958
4310	978
3400	983
1524	1003
1262	1011
2327	1017
3005	1079
2327	1115
4527	1146
4025	1155
3328	1164
2031	1175
4265	1175
2356	1329
2749	1391
4301	1409
4521	1467
3915	1494
2051	1502
4527	1502
2021	1584
4394	1584
3821	1584
1621	1584
2753	1584
3663	1584
3134	1662
1943	1854
2770	1927
2131	1947
3853	1947
3425	1957
3662	2004
4510	2021
3826	2031
4196	2031
2051	2045
3150	2045
3150	2051
3915	2051
313	2051
4527	2051
3547	2058
3328	2058
3738	2059
3665	2100
4234	2216
2968	2229
3025	2421
2690	2594
3425	3556
3089	3425
3262	3425
3397	2863
3436	2898
3662	2970
1943	3063
3662	3100
3209	3183
3662	3277
3791	3590
3625	3613
4033	3662
4509	3811
4527	3915
4549	1884
4640	4219
1943	4510
3663	2753
3328	3547
