0	353
0	536
1	8
1	293
1	579
7	388
8	293
8	579
11	392
11	457
11	570
11	586
11	588
11	806
15	26
15	58
15	90
15	115
15	132
15	167
15	172
15	315
15	323
15	382
15	390
15	491
15	524
15	527
15	533
15	559
15	567
15	618
15	627
15	707
15	810
15	838
15	839
17	369
17	675
18	776
20	32
20	101
20	103
20	124
20	132
20	179
20	192
20	220
20	257
20	277
20	354
20	360
20	409
20	457
20	479
20	507
20	519
20	575
20	576
20	588
20	625
20	651
20	669
20	692
20	712
20	722
20	736
20	791
20	815
23	42
23	157
23	171
23	190
23	340
23	422
23	477
23	548
23	573
23	582
23	604
23	624
23	644
23	683
23	745
24	851
25	134
25	672
26	32
26	37
26	58
26	69
26	90
26	99
26	103
26	115
26	132
26	172
26	185
26	192
26	220
26	271
26	277
26	282
26	315
26	354
26	360
26	457
26	459
26	479
26	507
26	524
26	527
26	575
26	576
26	588
26	616
26	618
26	621
26	625
26	627
26	636
26	669
26	695
26	722
26	736
26	791
26	798
26	806
26	839
28	176
28	636
29	47
29	59
29	150
29	174
29	175
29	285
29	313
29	330
29	355
29	401
29	454
29	476
29	700
29	780
29	794
31	292
31	456
32	45
32	101
32	103
32	124
32	179
32	185
32	192
32	198
32	220
32	277
32	354
32	360
32	409
32	457
32	459
32	479
32	507
32	575
32	576
32	588
32	625
32	636
32	651
32	661
32	669
32	692
32	716
32	721
32	722
32	736
32	791
32	806
32	811
32	815
34	178
34	233
34	316
34	384
34	518
34	748
34	770
35	498
37	132
37	136
37	186
37	216
37	621
37	639
37	788
37	814
39	192
39	736
40	719
40	743
40	757
41	103
42	157
42	171
42	182
42	190
42	340
42	422
42	477
42	573
42	582
42	604
42	624
42	644
42	683
42	745
45	90
45	130
45	198
45	271
45	367
45	459
45	499
45	507
45	627
45	636
45	642
45	649
45	713
45	736
45	766
45	798
45	806
45	808
45	815
46	814
47	59
47	150
47	174
47	175
47	285
47	313
47	330
47	355
47	401
47	454
47	476
47	654
47	700
47	753
47	780
47	794
48	144
48	270
48	301
48	307
48	393
48	417
48	433
48	474
48	666
48	681
48	739
48	755
48	758
48	774
48	797
48	820
48	848
50	546
50	763
50	793
54	597
56	458
56	731
58	90
58	99
58	115
58	132
58	382
58	459
58	473
58	524
58	618
58	669
58	810
58	839
59	150
59	174
59	175
59	285
59	313
59	330
59	355
59	401
59	454
59	476
59	700
59	780
59	794
60	85
60	170
60	188
60	366
60	749
60	783
62	191
64	157
64	171
64	573
64	604
64	624
64	644
64	683
65	347
65	805
67	200
68	315
69	90
69	268
69	282
69	329
69	459
69	521
69	586
69	636
69	798
70	213
70	499
70	636
70	642
70	649
70	660
70	808
74	79
74	169
74	258
74	407
74	558
74	601
74	614
79	169
79	258
79	407
79	558
79	601
79	614
81	813
85	170
85	366
85	749
85	783
90	103
90	115
90	130
90	132
90	167
90	172
90	198
90	282
90	315
90	323
90	382
90	409
90	459
90	491
90	499
90	507
90	521
90	524
90	527
90	533
90	567
90	588
90	618
90	627
90	636
90	639
90	649
90	651
90	695
90	716
90	736
90	754
90	771
90	798
90	806
90	810
90	838
90	839
91	362
91	806
92	425
94	516
96	259
96	427
97	106
97	329
97	598
97	830
99	132
99	220
99	311
99	459
99	473
101	103
101	124
101	132
101	138
101	179
101	185
101	192
101	213
101	220
101	257
101	271
101	277
101	318
101	354
101	409
101	457
101	479
101	507
101	559
101	576
101	588
101	625
101	642
101	651
101	660
101	692
101	712
101	722
101	736
101	759
101	791
101	798
101	806
101	811
101	815
101	828
102	179
103	124
103	132
103	179
103	185
103	192
103	210
103	220
103	257
103	271
103	277
103	318
103	354
103	360
103	392
103	409
103	457
103	459
103	479
103	507
103	575
103	576
103	588
103	619
103	625
103	636
103	651
103	660
103	669
103	692
103	713
103	716
103	721
103	722
103	736
103	759
103	766
103	791
103	806
103	811
103	815
105	141
105	386
105	643
106	598
106	830
108	447
110	272
113	292
113	768
115	132
115	167
115	172
115	315
115	323
115	382
115	459
115	491
115	524
115	527
115	618
115	627
115	695
115	707
115	771
115	810
115	839
123	378
123	549
124	179
124	185
124	192
124	198
124	220
124	277
124	360
124	409
124	457
124	459
124	479
124	507
124	575
124	576
124	588
124	625
124	636
124	649
124	651
124	669
124	692
124	713
124	721
124	722
124	736
124	791
124	806
124	811
127	281
130	135
130	198
130	213
130	241
130	271
130	318
130	367
130	409
130	499
130	507
130	541
130	627
130	636
130	642
130	649
130	692
130	713
130	716
130	736
130	754
130	766
130	798
130	808
131	637
132	179
132	185
132	192
132	220
132	277
132	282
132	315
132	354
132	382
132	409
132	457
132	459
132	479
132	507
132	524
132	527
132	538
132	559
132	570
132	575
132	576
132	588
132	616
132	618
132	619
132	625
132	651
132	669
132	692
132	695
132	712
132	722
132	736
132	771
132	788
132	791
132	798
132	806
132	810
132	811
132	815
132	839
134	672
135	198
135	213
135	241
135	367
135	499
135	636
135	642
135	649
135	716
135	754
135	766
135	808
136	621
136	639
138	213
138	230
138	277
138	318
138	345
138	367
138	391
138	642
138	660
138	702
138	736
138	808
138	815
140	286
140	769
140	844
141	386
141	643
144	433
144	681
144	774
144	820
144	848
150	174
150	175
150	285
150	313
150	330
150	355
150	401
150	454
150	476
150	654
150	700
150	780
150	794
152	243
152	300
152	769
152	797
152	813
156	159
156	518
157	171
157	182
157	190
157	340
157	422
157	477
157	548
157	573
157	582
157	604
157	624
157	644
157	683
157	745
158	229
158	399
158	690
159	384
159	518
160	437
160	450
161	408
162	652
164	475
165	645
167	231
167	382
167	459
167	491
167	524
167	695
167	703
167	810
167	839
168	326
168	483
168	609
168	676
168	834
169	258
169	407
169	558
169	601
169	614
170	366
170	749
170	783
171	182
171	190
171	340
171	422
171	477
171	548
171	573
171	582
171	604
171	624
171	644
171	683
171	745
172	211
172	315
172	323
172	382
172	390
172	423
172	491
172	524
172	527
172	533
172	567
172	618
172	810
172	838
172	839
173	255
174	175
174	285
174	313
174	330
174	355
174	401
174	454
174	476
174	700
174	780
174	794
175	285
175	313
175	330
175	355
175	401
175	454
175	476
175	700
175	780
175	794
178	233
178	316
178	384
178	518
178	770
179	185
179	192
179	220
179	257
179	271
179	277
179	354
179	409
179	457
179	479
179	507
179	575
179	576
179	588
179	625
179	651
179	692
179	722
179	736
179	759
179	798
179	811
179	815
182	309
182	477
182	573
182	582
182	604
182	644
184	282
184	384
184	831
185	192
185	271
185	277
185	354
185	360
185	409
185	457
185	479
185	519
185	575
185	576
185	588
185	625
185	651
185	669
185	722
185	736
185	798
185	811
185	815
186	621
186	639
186	753
188	346
188	350
188	366
188	377
188	626
188	629
188	816
190	340
190	422
190	477
190	573
190	582
190	604
190	644
190	683
190	745
192	198
192	213
192	220
192	257
192	271
192	277
192	354
192	360
192	409
192	457
192	459
192	479
192	507
192	519
192	565
192	575
192	576
192	588
192	619
192	625
192	636
192	649
192	651
192	660
192	661
192	669
192	692
192	712
192	716
192	722
192	736
192	791
192	806
192	808
192	811
192	815
193	738
195	369
195	675
198	213
198	241
198	271
198	367
198	409
198	459
198	499
198	507
198	521
198	527
198	541
198	577
198	627
198	636
198	642
198	649
198	660
198	716
198	722
198	736
198	754
198	766
198	798
198	806
198	808
198	811
199	522
204	728
205	300
205	377
205	823
206	227
206	363
206	452
206	603
210	459
210	588
210	736
210	815
210	832
211	323
211	390
213	230
213	241
213	251
213	318
213	345
213	367
213	391
213	499
213	541
213	565
213	577
213	636
213	642
213	649
213	660
213	702
213	716
213	722
213	736
213	754
213	766
213	798
213	806
213	808
213	815
215	613
216	545
216	621
216	639
216	765
216	814
218	248
220	257
220	271
220	277
220	354
220	360
220	409
220	457
220	459
220	479
220	507
220	519
220	575
220	576
220	588
220	619
220	625
220	651
220	669
220	692
220	712
220	722
220	736
220	759
220	791
220	806
220	815
221	398
226	421
226	606
227	292
227	457
227	553
227	575
227	843
229	690
230	345
230	391
230	512
230	636
230	642
230	660
230	702
230	736
233	384
234	350
235	501
237	321
237	647
240	408
241	251
241	318
241	367
241	391
241	499
241	577
241	636
241	642
241	649
241	660
241	716
241	722
241	736
241	754
241	766
241	798
241	808
243	797
243	813
246	511
249	292
250	699
251	367
251	499
251	636
251	642
251	649
251	736
254	286
257	277
257	507
257	576
257	625
257	712
257	722
258	286
258	407
258	558
258	601
258	614
258	769
262	315
262	591
262	726
262	735
262	740
267	609
267	761
268	329
268	411
268	521
269	496
270	301
270	307
270	393
270	758
270	797
270	848
271	277
271	318
271	354
271	360
271	409
271	457
271	459
271	479
271	507
271	570
271	575
271	576
271	586
271	588
271	619
271	625
271	636
271	651
271	669
271	692
271	713
271	721
271	722
271	736
271	754
271	806
271	811
271	815
273	547
274	287
274	539
274	684
277	354
277	360
277	367
277	409
277	457
277	459
277	479
277	507
277	565
277	575
277	576
277	588
277	619
277	625
277	651
277	660
277	669
277	692
277	693
277	712
277	722
277	736
277	791
277	806
277	811
277	815
282	384
282	459
282	527
282	618
282	736
282	771
282	798
282	831
285	313
285	330
285	355
285	401
285	454
285	476
285	700
285	753
285	780
285	794
286	407
286	769
287	539
287	684
292	402
292	522
292	742
293	579
298	820
300	813
300	823
301	307
301	393
301	758
301	797
301	848
307	393
307	848
310	435
310	596
310	667
311	638
313	330
313	355
313	401
313	454
313	476
313	700
313	780
313	794
315	323
315	382
315	459
315	524
315	527
315	533
315	534
315	567
315	618
315	627
315	636
315	735
315	736
315	810
315	839
316	384
316	518
316	770
317	327
317	336
317	372
317	709
317	729
318	345
318	367
318	391
318	499
318	507
318	636
318	642
318	649
318	660
318	702
318	716
318	722
318	736
318	754
318	766
318	798
318	808
318	815
321	647
323	382
323	390
323	524
323	527
323	533
323	618
323	810
323	839
326	360
326	483
326	576
326	609
326	676
326	750
326	834
327	336
327	372
327	709
327	729
329	753
330	355
330	397
330	401
330	454
330	476
330	780
330	794
336	372
336	709
336	729
337	641
338	510
340	422
340	477
340	548
340	573
340	582
340	624
340	644
340	683
344	522
345	391
345	642
345	660
345	702
345	736
346	366
346	377
346	626
346	629
346	816
347	805
350	629
352	640
353	426
354	360
354	409
354	457
354	479
354	575
354	576
354	588
354	619
354	625
354	651
354	669
354	712
354	722
354	736
354	791
354	806
354	811
354	815
355	401
355	454
355	476
355	700
355	753
355	780
355	794
356	480
360	409
360	457
360	459
360	479
360	483
360	507
360	575
360	576
360	588
360	619
360	625
360	651
360	669
360	722
360	736
360	791
360	806
360	811
363	452
363	522
365	520
366	749
366	783
367	391
367	499
367	541
367	577
367	627
367	636
367	642
367	649
367	660
367	713
367	716
367	722
367	736
367	754
367	766
367	798
367	808
369	675
372	709
372	729
373	391
373	702
375	507
375	521
375	695
377	629
377	816
377	823
378	549
381	758
381	774
381	820
381	848
382	390
382	423
382	459
382	491
382	524
382	527
382	533
382	567
382	618
382	810
382	838
382	839
384	518
384	748
384	770
384	831
385	760
386	643
388	530
389	661
390	524
390	527
390	810
390	838
390	839
391	499
391	636
391	642
391	649
391	660
391	702
391	716
391	722
391	736
391	754
391	766
391	808
392	570
392	586
392	619
392	761
393	758
393	797
393	848
399	690
401	454
401	476
401	654
401	700
401	780
401	794
402	742
404	741
407	558
407	601
407	614
407	769
409	457
409	459
409	479
409	507
409	527
409	575
409	576
409	588
409	619
409	625
409	636
409	651
409	669
409	692
409	713
409	716
409	721
409	722
409	736
409	753
409	754
409	798
409	799
409	806
409	815
412	655
413	465
417	474
417	666
417	739
417	755
417	758
417	848
420	720
422	477
422	548
422	573
422	582
422	604
422	624
422	644
422	683
422	745
423	533
423	567
426	457
426	616
433	681
433	774
433	820
433	848
435	596
435	667
437	450
438	585
441	494
442	714
445	725
448	529
454	476
454	654
454	700
454	753
454	780
454	794
457	459
457	479
457	507
457	527
457	575
457	576
457	588
457	616
457	619
457	625
457	651
457	669
457	692
457	693
457	712
457	722
457	736
457	753
457	791
457	798
457	811
458	731
459	507
459	519
459	521
459	524
459	527
459	559
459	575
459	586
459	588
459	616
459	618
459	627
459	636
459	651
459	669
459	695
459	721
459	722
459	736
459	753
459	788
459	791
459	798
459	806
459	810
459	811
459	839
473	669
474	666
474	739
474	755
474	758
474	848
476	700
476	753
476	780
476	794
477	548
477	573
477	582
477	604
477	624
477	644
477	683
479	507
479	565
479	575
479	576
479	588
479	619
479	625
479	651
479	669
479	692
479	693
479	712
479	722
479	736
479	799
479	806
479	811
479	815
483	609
483	676
483	834
488	552
488	630
491	524
491	527
491	567
491	618
491	839
499	541
499	627
499	636
499	642
499	649
499	660
499	716
499	722
499	736
499	754
499	766
499	798
499	806
499	808
507	526
507	570
507	576
507	588
507	625
507	627
507	636
507	642
507	651
507	669
507	692
507	712
507	713
507	716
507	721
507	722
507	736
507	753
507	754
507	791
507	798
507	806
507	811
509	536
509	717
512	702
512	722
518	748
518	770
519	576
519	588
519	651
519	661
519	722
519	736
519	806
519	815
521	527
521	627
521	636
521	640
521	695
521	736
522	603
524	527
524	533
524	567
524	618
524	771
524	810
524	838
524	839
526	713
526	716
526	798
527	533
527	567
527	576
527	618
527	627
527	636
527	771
527	810
527	838
527	839
533	567
533	618
533	810
533	838
533	839
536	717
536	741
536	798
537	656
539	684
541	636
541	642
541	649
541	716
541	722
541	736
541	754
541	808
545	765
545	814
546	763
546	793
548	573
548	582
548	604
548	624
548	644
548	683
552	630
558	601
558	614
559	616
559	625
559	734
559	815
565	575
565	722
565	736
567	810
567	838
567	839
570	586
570	636
570	669
570	798
570	806
573	582
573	604
573	624
573	644
573	683
573	745
575	576
575	588
575	625
575	651
575	669
575	692
575	712
575	722
575	736
575	791
575	806
575	811
576	588
576	609
576	619
576	625
576	636
576	651
576	669
576	692
576	712
576	713
576	722
576	736
576	791
576	798
576	806
576	811
576	815
577	594
577	636
577	649
577	716
577	722
577	736
577	754
577	798
577	800
577	806
577	808
578	624
578	683
582	604
582	624
582	644
582	668
582	683
586	736
586	806
588	619
588	625
588	636
588	651
588	669
588	692
588	712
588	721
588	722
588	736
588	753
588	791
588	806
588	811
588	815
591	726
591	735
591	740
596	667
598	830
600	603
601	614
604	624
604	644
604	683
604	745
609	761
612	717
618	627
618	707
618	810
618	838
618	839
619	625
619	651
619	669
619	692
619	722
619	736
619	753
619	791
619	799
619	806
619	815
621	639
621	753
621	788
624	644
624	683
625	651
625	669
625	692
625	693
625	712
625	722
625	736
625	806
625	811
626	629
626	816
627	636
627	649
627	713
627	716
627	754
627	766
629	816
633	697
633	705
636	642
636	649
636	651
636	660
636	695
636	713
636	716
636	721
636	722
636	736
636	754
636	766
636	798
636	806
636	808
636	811
639	753
642	649
642	660
642	702
642	713
642	716
642	722
642	736
642	754
642	766
642	798
642	808
642	815
644	683
644	745
644	753
646	742
648	789
649	660
649	713
649	716
649	722
649	736
649	754
649	766
649	798
649	806
649	808
649	811
651	669
651	692
651	712
651	721
651	722
651	736
651	753
651	791
651	799
651	806
651	811
651	815
651	832
660	716
660	722
660	736
660	754
660	766
660	808
661	722
661	736
666	739
666	755
666	758
666	848
669	692
669	712
669	722
669	736
669	791
669	798
669	806
676	750
676	834
681	758
681	774
681	820
681	848
683	745
692	721
692	722
692	736
692	753
692	754
692	791
692	798
692	815
697	705
697	823
699	797
700	794
702	722
702	736
702	798
702	815
705	823
707	810
709	729
712	722
712	736
712	791
713	716
713	722
713	736
713	754
713	766
713	798
713	806
716	722
716	736
716	754
716	766
716	798
716	806
716	808
717	741
719	743
719	757
721	722
721	736
721	754
721	799
721	806
722	736
722	754
722	791
722	798
722	799
722	806
722	808
722	811
722	815
722	828
726	735
726	740
735	740
736	754
736	766
736	791
736	798
736	799
736	806
736	808
736	811
736	815
739	755
739	758
739	769
739	848
742	813
749	783
753	788
753	791
753	794
753	815
754	766
754	798
754	808
755	758
755	848
758	774
758	797
758	820
758	848
763	793
765	814
766	798
766	806
766	808
771	838
774	820
774	848
780	794
791	806
797	813
797	848
798	806
798	808
798	815
798	832
799	815
806	808
806	811
810	838
810	839
811	832
820	848
838	839
353	0
536	0
8	1
293	1
579	1
388	7
293	8
579	8
392	11
457	11
570	11
586	11
588	11
806	11
26	15
58	15
90	15
115	15
132	15
167	15
172	15
315	15
323	15
382	15
390	15
491	15
524	15
527	15
533	15
559	15
567	15
618	15
627	15
707	15
810	15
838	15
839	15
369	17
675	17
776	18
32	20
101	20
103	20
124	20
132	20
179	20
192	20
220	20
257	20
277	20
354	20
360	20
409	20
457	20
479	20
507	20
519	20
575	20
576	20
588	20
625	20
651	20
669	20
692	20
712	20
722	20
736	20
791	20
815	20
42	23
157	23
171	23
190	23
340	23
422	23
477	23
548	23
573	23
582	23
604	23
624	23
644	23
683	23
745	23
851	24
134	25
672	25
32	26
37	26
58	26
69	26
90	26
99	26
103	26
115	26
132	26
172	26
185	26
192	26
220	26
271	26
277	26
282	26
315	26
354	26
360	26
457	26
459	26
479	26
507	26
524	26
527	26
575	26
576	26
588	26
616	26
618	26
621	26
625	26
627	26
636	26
669	26
695	26
722	26
736	26
791	26
798	26
806	26
839	26
176	28
636	28
47	29
59	29
150	29
174	29
175	29
285	29
313	29
330	29
355	29
401	29
454	29
476	29
700	29
780	29
794	29
292	31
456	31
45	32
101	32
103	32
124	32
179	32
185	32
192	32
198	32
220	32
277	32
354	32
360	32
409	32
457	32
459	32
479	32
507	32
575	32
576	32
588	32
625	32
636	32
651	32
661	32
669	32
692	32
716	32
721	32
722	32
736	32
791	32
806	32
811	32
815	32
178	34
233	34
316	34
384	34
518	34
748	34
770	34
498	35
132	37
136	37
186	37
216	37
621	37
639	37
788	37
814	37
192	39
736	39
719	40
743	40
757	40
103	41
157	42
171	42
182	42
190	42
340	42
422	42
477	42
573	42
582	42
604	42
624	42
644	42
683	42
745	42
90	45
130	45
198	45
271	45
367	45
459	45
499	45
507	45
627	45
636	45
642	45
649	45
713	45
736	45
766	45
798	45
806	45
808	45
815	45
814	46
59	47
150	47
174	47
175	47
285	47
313	47
330	47
355	47
401	47
454	47
476	47
654	47
700	47
753	47
780	47
794	47
144	48
270	48
301	48
307	48
393	48
417	48
433	48
474	48
666	48
681	48
739	48
755	48
758	48
774	48
797	48
820	48
848	48
546	50
763	50
793	50
597	54
458	56
731	56
90	58
99	58
115	58
132	58
382	58
459	58
473	58
524	58
618	58
669	58
810	58
839	58
150	59
174	59
175	59
285	59
313	59
330	59
355	59
401	59
454	59
476	59
700	59
780	59
794	59
85	60
170	60
188	60
366	60
749	60
783	60
191	62
157	64
171	64
573	64
604	64
624	64
644	64
683	64
347	65
805	65
200	67
315	68
90	69
268	69
282	69
329	69
459	69
521	69
586	69
636	69
798	69
213	70
499	70
636	70
642	70
649	70
660	70
808	70
79	74
169	74
258	74
407	74
558	74
601	74
614	74
169	79
258	79
407	79
558	79
601	79
614	79
813	81
170	85
366	85
749	85
783	85
103	90
115	90
130	90
132	90
167	90
172	90
198	90
282	90
315	90
323	90
382	90
409	90
459	90
491	90
499	90
507	90
521	90
524	90
527	90
533	90
567	90
588	90
618	90
627	90
636	90
639	90
649	90
651	90
695	90
716	90
736	90
754	90
771	90
798	90
806	90
810	90
838	90
839	90
362	91
806	91
425	92
516	94
259	96
427	96
106	97
329	97
598	97
830	97
132	99
220	99
311	99
459	99
473	99
103	101
124	101
132	101
138	101
179	101
185	101
192	101
213	101
220	101
257	101
271	101
277	101
318	101
354	101
409	101
457	101
479	101
507	101
559	101
576	101
588	101
625	101
642	101
651	101
660	101
692	101
712	101
722	101
736	101
759	101
791	101
798	101
806	101
811	101
815	101
828	101
179	102
124	103
132	103
179	103
185	103
192	103
210	103
220	103
257	103
271	103
277	103
318	103
354	103
360	103
392	103
409	103
457	103
459	103
479	103
507	103
575	103
576	103
588	103
619	103
625	103
636	103
651	103
660	103
669	103
692	103
713	103
716	103
721	103
722	103
736	103
759	103
766	103
791	103
806	103
811	103
815	103
141	105
386	105
643	105
598	106
830	106
447	108
272	110
292	113
768	113
132	115
167	115
172	115
315	115
323	115
382	115
459	115
491	115
524	115
527	115
618	115
627	115
695	115
707	115
771	115
810	115
839	115
378	123
549	123
179	124
185	124
192	124
198	124
220	124
277	124
360	124
409	124
457	124
459	124
479	124
507	124
575	124
576	124
588	124
625	124
636	124
649	124
651	124
669	124
692	124
713	124
721	124
722	124
736	124
791	124
806	124
811	124
281	127
135	130
198	130
213	130
241	130
271	130
318	130
367	130
409	130
499	130
507	130
541	130
627	130
636	130
642	130
649	130
692	130
713	130
716	130
736	130
754	130
766	130
798	130
808	130
637	131
179	132
185	132
192	132
220	132
277	132
282	132
315	132
354	132
382	132
409	132
457	132
459	132
479	132
507	132
524	132
527	132
538	132
559	132
570	132
575	132
576	132
588	132
616	132
618	132
619	132
625	132
651	132
669	132
692	132
695	132
712	132
722	132
736	132
771	132
788	132
791	132
798	132
806	132
810	132
811	132
815	132
839	132
672	134
198	135
213	135
241	135
367	135
499	135
636	135
642	135
649	135
716	135
754	135
766	135
808	135
621	136
639	136
213	138
230	138
277	138
318	138
345	138
367	138
391	138
642	138
660	138
702	138
736	138
808	138
815	138
286	140
769	140
844	140
386	141
643	141
433	144
681	144
774	144
820	144
848	144
174	150
175	150
285	150
313	150
330	150
355	150
401	150
454	150
476	150
654	150
700	150
780	150
794	150
243	152
300	152
769	152
797	152
813	152
159	156
518	156
171	157
182	157
190	157
340	157
422	157
477	157
548	157
573	157
582	157
604	157
624	157
644	157
683	157
745	157
229	158
399	158
690	158
384	159
518	159
437	160
450	160
408	161
652	162
475	164
645	165
231	167
382	167
459	167
491	167
524	167
695	167
703	167
810	167
839	167
326	168
483	168
609	168
676	168
834	168
258	169
407	169
558	169
601	169
614	169
366	170
749	170
783	170
182	171
190	171
340	171
422	171
477	171
548	171
573	171
582	171
604	171
624	171
644	171
683	171
745	171
211	172
315	172
323	172
382	172
390	172
423	172
491	172
524	172
527	172
533	172
567	172
618	172
810	172
838	172
839	172
255	173
175	174
285	174
313	174
330	174
355	174
401	174
454	174
476	174
700	174
780	174
794	174
285	175
313	175
330	175
355	175
401	175
454	175
476	175
700	175
780	175
794	175
233	178
316	178
384	178
518	178
770	178
185	179
192	179
220	179
257	179
271	179
277	179
354	179
409	179
457	179
479	179
507	179
575	179
576	179
588	179
625	179
651	179
692	179
722	179
736	179
759	179
798	179
811	179
815	179
309	182
477	182
573	182
582	182
604	182
644	182
282	184
384	184
831	184
192	185
271	185
277	185
354	185
360	185
409	185
457	185
479	185
519	185
575	185
576	185
588	185
625	185
651	185
669	185
722	185
736	185
798	185
811	185
815	185
621	186
639	186
753	186
346	188
350	188
366	188
377	188
626	188
629	188
816	188
340	190
422	190
477	190
573	190
582	190
604	190
644	190
683	190
745	190
198	192
213	192
220	192
257	192
271	192
277	192
354	192
360	192
409	192
457	192
459	192
479	192
507	192
519	192
565	192
575	192
576	192
588	192
619	192
625	192
636	192
649	192
651	192
660	192
661	192
669	192
692	192
712	192
716	192
722	192
736	192
791	192
806	192
808	192
811	192
815	192
738	193
369	195
675	195
213	198
241	198
271	198
367	198
409	198
459	198
499	198
507	198
521	198
527	198
541	198
577	198
627	198
636	198
642	198
649	198
660	198
716	198
722	198
736	198
754	198
766	198
798	198
806	198
808	198
811	198
522	199
728	204
300	205
377	205
823	205
227	206
363	206
452	206
603	206
459	210
588	210
736	210
815	210
832	210
323	211
390	211
230	213
241	213
251	213
318	213
345	213
367	213
391	213
499	213
541	213
565	213
577	213
636	213
642	213
649	213
660	213
702	213
716	213
722	213
736	213
754	213
766	213
798	213
806	213
808	213
815	213
613	215
545	216
621	216
639	216
765	216
814	216
248	218
257	220
271	220
277	220
354	220
360	220
409	220
457	220
459	220
479	220
507	220
519	220
575	220
576	220
588	220
619	220
625	220
651	220
669	220
692	220
712	220
722	220
736	220
759	220
791	220
806	220
815	220
398	221
421	226
606	226
292	227
457	227
553	227
575	227
843	227
690	229
345	230
391	230
512	230
636	230
642	230
660	230
702	230
736	230
384	233
350	234
501	235
321	237
647	237
408	240
251	241
318	241
367	241
391	241
499	241
577	241
636	241
642	241
649	241
660	241
716	241
722	241
736	241
754	241
766	241
798	241
808	241
797	243
813	243
511	246
292	249
699	250
367	251
499	251
636	251
642	251
649	251
736	251
286	254
277	257
507	257
576	257
625	257
712	257
722	257
286	258
407	258
558	258
601	258
614	258
769	258
315	262
591	262
726	262
735	262
740	262
609	267
761	267
329	268
411	268
521	268
496	269
301	270
307	270
393	270
758	270
797	270
848	270
277	271
318	271
354	271
360	271
409	271
457	271
459	271
479	271
507	271
570	271
575	271
576	271
586	271
588	271
619	271
625	271
636	271
651	271
669	271
692	271
713	271
721	271
722	271
736	271
754	271
806	271
811	271
815	271
547	273
287	274
539	274
684	274
354	277
360	277
367	277
409	277
457	277
459	277
479	277
507	277
565	277
575	277
576	277
588	277
619	277
625	277
651	277
660	277
669	277
692	277
693	277
712	277
722	277
736	277
791	277
806	277
811	277
815	277
384	282
459	282
527	282
618	282
736	282
771	282
798	282
831	282
313	285
330	285
355	285
401	285
454	285
476	285
700	285
753	285
780	285
794	285
407	286
769	286
539	287
684	287
402	292
522	292
742	292
579	293
820	298
813	300
823	300
307	301
393	301
758	301
797	301
848	301
393	307
848	307
435	310
596	310
667	310
638	311
330	313
355	313
401	313
454	313
476	313
700	313
780	313
794	313
323	315
382	315
459	315
524	315
527	315
533	315
534	315
567	315
618	315
627	315
636	315
735	315
736	315
810	315
839	315
384	316
518	316
770	316
327	317
336	317
372	317
709	317
729	317
345	318
367	318
391	318
499	318
507	318
636	318
642	318
649	318
660	318
702	318
716	318
722	318
736	318
754	318
766	318
798	318
808	318
815	318
647	321
382	323
390	323
524	323
527	323
533	323
618	323
810	323
839	323
360	326
483	326
576	326
609	326
676	326
750	326
834	326
336	327
372	327
709	327
729	327
753	329
355	330
397	330
401	330
454	330
476	330
780	330
794	330
372	336
709	336
729	336
641	337
510	338
422	340
477	340
548	340
573	340
582	340
624	340
644	340
683	340
522	344
391	345
642	345
660	345
702	345
736	345
366	346
377	346
626	346
629	346
816	346
805	347
629	350
640	352
426	353
360	354
409	354
457	354
479	354
575	354
576	354
588	354
619	354
625	354
651	354
669	354
712	354
722	354
736	354
791	354
806	354
811	354
815	354
401	355
454	355
476	355
700	355
753	355
780	355
794	355
480	356
409	360
457	360
459	360
479	360
483	360
507	360
575	360
576	360
588	360
619	360
625	360
651	360
669	360
722	360
736	360
791	360
806	360
811	360
452	363
522	363
520	365
749	366
783	366
391	367
499	367
541	367
577	367
627	367
636	367
642	367
649	367
660	367
713	367
716	367
722	367
736	367
754	367
766	367
798	367
808	367
675	369
709	372
729	372
391	373
702	373
507	375
521	375
695	375
629	377
816	377
823	377
549	378
758	381
774	381
820	381
848	381
390	382
423	382
459	382
491	382
524	382
527	382
533	382
567	382
618	382
810	382
838	382
839	382
518	384
748	384
770	384
831	384
760	385
643	386
530	388
661	389
524	390
527	390
810	390
838	390
839	390
499	391
636	391
642	391
649	391
660	391
702	391
716	391
722	391
736	391
754	391
766	391
808	391
570	392
586	392
619	392
761	392
758	393
797	393
848	393
690	399
454	401
476	401
654	401
700	401
780	401
794	401
742	402
741	404
558	407
601	407
614	407
769	407
457	409
459	409
479	409
507	409
527	409
575	409
576	409
588	409
619	409
625	409
636	409
651	409
669	409
692	409
713	409
716	409
721	409
722	409
736	409
753	409
754	409
798	409
799	409
806	409
815	409
655	412
465	413
474	417
666	417
739	417
755	417
758	417
848	417
720	420
477	422
548	422
573	422
582	422
604	422
624	422
644	422
683	422
745	422
533	423
567	423
457	426
616	426
681	433
774	433
820	433
848	433
596	435
667	435
450	437
585	438
494	441
714	442
725	445
529	448
476	454
654	454
700	454
753	454
780	454
794	454
459	457
479	457
507	457
527	457
575	457
576	457
588	457
616	457
619	457
625	457
651	457
669	457
692	457
693	457
712	457
722	457
736	457
753	457
791	457
798	457
811	457
731	458
507	459
519	459
521	459
524	459
527	459
559	459
575	459
586	459
588	459
616	459
618	459
627	459
636	459
651	459
669	459
695	459
721	459
722	459
736	459
753	459
788	459
791	459
798	459
806	459
810	459
811	459
839	459
669	473
666	474
739	474
755	474
758	474
848	474
700	476
753	476
780	476
794	476
548	477
573	477
582	477
604	477
624	477
644	477
683	477
507	479
565	479
575	479
576	479
588	479
619	479
625	479
651	479
669	479
692	479
693	479
712	479
722	479
736	479
799	479
806	479
811	479
815	479
609	483
676	483
834	483
552	488
630	488
524	491
527	491
567	491
618	491
839	491
541	499
627	499
636	499
642	499
649	499
660	499
716	499
722	499
736	499
754	499
766	499
798	499
806	499
808	499
526	507
570	507
576	507
588	507
625	507
627	507
636	507
642	507
651	507
669	507
692	507
712	507
713	507
716	507
721	507
722	507
736	507
753	507
754	507
791	507
798	507
806	507
811	507
536	509
717	509
702	512
722	512
748	518
770	518
576	519
588	519
651	519
661	519
722	519
736	519
806	519
815	519
527	521
627	521
636	521
640	521
695	521
736	521
603	522
527	524
533	524
567	524
618	524
771	524
810	524
838	524
839	524
713	526
716	526
798	526
533	527
567	527
576	527
618	527
627	527
636	527
771	527
810	527
838	527
839	527
567	533
618	533
810	533
838	533
839	533
717	536
741	536
798	536
656	537
684	539
636	541
642	541
649	541
716	541
722	541
736	541
754	541
808	541
765	545
814	545
763	546
793	546
573	548
582	548
604	548
624	548
644	548
683	548
630	552
601	558
614	558
616	559
625	559
734	559
815	559
575	565
722	565
736	565
810	567
838	567
839	567
586	570
636	570
669	570
798	570
806	570
582	573
604	573
624	573
644	573
683	573
745	573
576	575
588	575
625	575
651	575
669	575
692	575
712	575
722	575
736	575
791	575
806	575
811	575
588	576
609	576
619	576
625	576
636	576
651	576
669	576
692	576
712	576
713	576
722	576
736	576
791	576
798	576
806	576
811	576
815	576
594	577
636	577
649	577
716	577
722	577
736	577
754	577
798	577
800	577
806	577
808	577
624	578
683	578
604	582
624	582
644	582
668	582
683	582
736	586
806	586
619	588
625	588
636	588
651	588
669	588
692	588
712	588
721	588
722	588
736	588
753	588
791	588
806	588
811	588
815	588
726	591
735	591
740	591
667	596
830	598
603	600
614	601
624	604
644	604
683	604
745	604
761	609
717	612
627	618
707	618
810	618
838	618
839	618
625	619
651	619
669	619
692	619
722	619
736	619
753	619
791	619
799	619
806	619
815	619
639	621
753	621
788	621
644	624
683	624
651	625
669	625
692	625
693	625
712	625
722	625
736	625
806	625
811	625
629	626
816	626
636	627
649	627
713	627
716	627
754	627
766	627
816	629
697	633
705	633
642	636
649	636
651	636
660	636
695	636
713	636
716	636
721	636
722	636
736	636
754	636
766	636
798	636
806	636
808	636
811	636
753	639
649	642
660	642
702	642
713	642
716	642
722	642
736	642
754	642
766	642
798	642
808	642
815	642
683	644
745	644
753	644
742	646
789	648
660	649
713	649
716	649
722	649
736	649
754	649
766	649
798	649
806	649
808	649
811	649
669	651
692	651
712	651
721	651
722	651
736	651
753	651
791	651
799	651
806	651
811	651
815	651
832	651
716	660
722	660
736	660
754	660
766	660
808	660
722	661
736	661
739	666
755	666
758	666
848	666
692	669
712	669
722	669
736	669
791	669
798	669
806	669
750	676
834	676
758	681
774	681
820	681
848	681
745	683
721	692
722	692
736	692
753	692
754	692
791	692
798	692
815	692
705	697
823	697
797	699
794	700
722	702
736	702
798	702
815	702
823	705
810	707
729	709
722	712
736	712
791	712
716	713
722	713
736	713
754	713
766	713
798	713
806	713
722	716
736	716
754	716
766	716
798	716
806	716
808	716
741	717
743	719
757	719
722	721
736	721
754	721
799	721
806	721
736	722
754	722
791	722
798	722
799	722
806	722
808	722
811	722
815	722
828	722
735	726
740	726
740	735
754	736
766	736
791	736
798	736
799	736
806	736
808	736
811	736
815	736
755	739
758	739
769	739
848	739
813	742
783	749
788	753
791	753
794	753
815	753
766	754
798	754
808	754
758	755
848	755
774	758
797	758
820	758
848	758
793	763
814	765
798	766
806	766
808	766
838	771
820	774
848	774
794	780
806	791
813	797
848	797
806	798
808	798
815	798
832	798
815	799
808	806
811	806
838	810
839	810
832	811
848	820
839	838
