3699	398
3699	3049
137	937
137	2070
2896	3125
2896	3389
2896	3780
2655	4074
2655	1476
2655	4058
2526	2030
2526	1269
3878	4641
2976	947
2976	3573
2976	3710
91	4611
91	3389
3115	4034
3115	276
3115	1347
3115	59
3115	3389
45	3734
2994	2511
2994	206
2994	4651
2994	3780
1398	2335
1398	2866
1398	2277
1398	680
1398	1385
1398	4212
1398	430
1398	719
1398	443
1398	4506
1398	1948
1398	540
1398	4127
1398	3390
1398	1024
1398	826
1398	3145
1075	4460
1075	396
1075	4512
1075	1150
1075	4012
1075	865
1075	900
1075	1325
1075	4023
1075	227
1075	1221
1075	1878
1075	326
2897	3175
3434	206
3434	4193
4132	1158
4132	2764
4132	4450
4132	510
4132	4571
4132	3296
4132	274
4132	931
4132	1968
4132	3254
4132	3591
4132	4564
4132	4593
1822	3695
1822	206
3570	504
1638	102
1638	4641
1638	4253
3974	4664
3974	1432
3974	4212
3974	3687
3974	334
3974	1466
3974	4012
3974	4070
3974	853
3974	859
3974	569
3974	3308
3974	209
3974	25
1655	715
1655	620
1655	1314
1655	3780
285	1110
898	1437
898	2511
898	4347
898	570
898	3296
898	110
2524	3674
2524	206
471	1193
471	2469
471	507
1215	189
1215	1380
793	2023
793	4506
793	3389
1487	1866
1131	1269
1131	4079
2144	1269
2174	4185
2174	3595
2174	1063
2174	3503
679	4185
679	102
679	4392
679	1063
679	4674
679	750
679	3734
210	2183
210	435
4281	3695
4281	206
4281	3780
4307	1951
3704	2489
3704	3308
4494	1193
4494	2420
4494	2039
4494	2292
4494	4533
4494	2447
4494	1144
4494	2045
4494	2051
4494	313
4494	4527
364	249
364	1269
1478	2837
1407	2872
1841	2584
337	2913
337	1800
337	1033
294	1789
294	1984
294	813
294	1888
354	3875
354	2511
354	1518
4664	2186
4664	1315
4664	1121
2952	2584
2689	2030
2689	3576
2689	206
404	4472
2860	2511
3461	4433
3461	1732
3461	3380
3461	3101
3461	4374
3461	1121
3461	4193
3461	3296
3461	1399
3461	1415
2671	4523
2671	1988
2671	230
2671	4540
2671	101
2671	3734
4470	406
4470	1476
4523	3967
4523	3692
4523	4645
4523	3824
4523	458
4523	4392
4523	3921
4523	1952
4523	4173
4523	162
406	4335
406	175
2142	1326
3264	1070
3264	1221
3264	3425
4675	1414
4675	1930
4675	488
4675	249
4675	4643
4675	2051
287	206
287	3688
287	706
2575	3880
2575	2667
3880	2030
3880	3214
1940	230
1940	1948
3866	249
3866	544
3866	2533
649	4611
649	739
3952	3734
2328	1260
1260	3039
3319	443
3319	3378
3319	2680
862	553
862	3378
2335	1385
2335	4212
2335	1640
2335	172
2335	896
2335	540
2939	726
3372	407
3062	182
805	4545
805	7
805	1231
805	1539
805	3677
805	875
805	1856
3599	534
3599	2511
3599	413
3599	3791
1732	2658
2606	744
2606	2805
2606	3101
607	3272
607	3456
4598	3695
4598	2124
4598	1518
4669	1600
4669	1863
4669	3657
269	1933
269	1269
269	4411
3208	1600
3208	3396
3208	749
3208	4607
3208	3365
3208	2805
3208	1745
3208	1966
3208	246
3208	1640
3208	1279
3208	2254
3208	4207
3208	1948
3208	865
3208	3650
3208	1749
3208	2318
3208	900
3208	4154
3208	2363
3208	1092
3208	30
3208	4651
3208	3660
3208	2098
3208	2299
3208	4414
3208	3357
3208	435
3208	3296
3208	3279
3208	921
3208	388
3208	460
3208	2604
3208	2865
3208	2957
3208	3436
3208	4159
3208	4380
3208	4443
1432	3900
1432	1607
1432	2945
1432	2551
1432	1338
1432	2020
1432	4522
1432	3046
1432	460
1600	3331
3855	140
3855	2030
3855	4156
3189	3553
2407	3108
2407	2030
3108	2536
3108	2315
3108	1334
3108	2194
3108	3522
3108	2938
3108	572
3108	2613
3108	2945
3108	2304
3108	2123
3108	3600
3108	2646
3108	1020
3108	2678
3108	321
3108	658
3108	3456
3108	2666
3108	4143
3108	2199
3108	2153
3108	2377
3108	1774
3108	4171
3108	1719
3108	3291
3108	1121
3108	4666
3108	4414
3108	3274
3108	2222
3108	3375
3108	3642
3108	739
3108	2521
3108	3250
3108	74
3108	970
3108	1429
3108	1447
3108	1467
3108	1633
3108	1752
3108	1779
3108	2040
3108	2050
3108	2051
3108	3794
3108	2135
3108	2157
3108	3455
3108	2269
3108	2324
3108	2437
3108	2467
3108	2552
3108	2637
3108	3001
3108	3242
3108	3413
3108	3473
3108	3745
3108	3948
3108	4273
3108	4617
3108	1888
4532	2536
4532	2511
3306	2536
3306	2578
3306	0
2536	4381
2536	950
2536	2578
2536	0
2536	1
4381	0
4381	1286
4381	3556
950	2578
950	0
950	1437
2578	0
2578	1437
2567	1414
2567	1930
2567	2420
2567	199
2567	507
140	2944
140	3972
3396	2189
3396	3627
2219	1193
2219	1089
1840	2935
1840	249
1840	2582
217	766
217	707
217	2438
766	249
766	707
766	2447
2106	2557
2106	715
2106	206
2557	2060
2557	1221
2136	1314
2136	2208
2136	3734
2136	2395
2136	2047
2136	3663
3195	979
3195	3780
1332	1562
1332	3742
1332	584
1332	3747
4408	3819
4408	102
4408	1877
4408	3547
4408	3328
2793	1791
2793	1043
2793	3504
2793	375
2793	4120
4182	2974
951	553
951	458
951	504
1885	2764
1885	569
1214	3308
3900	528
3900	2368
3900	2955
3899	1080
2315	2146
2315	3742
2315	3734
2315	3318
2315	3296
2315	1280
2315	3175
2315	1709
2315	3662
4487	4090
4487	458
4487	504
4487	1270
2317	3125
1451	3734
3717	465
3717	2500
3717	2023
3717	3125
3717	1012
3623	4040
2887	390
2887	2035
2887	378
2887	58
2887	2580
2887	308
721	476
4384	4657
4574	1379
1348	3524
1348	3896
1348	2808
1348	206
1348	2070
1348	796
1348	4399
3967	3677
3967	1270
4655	2030
4655	2569
4655	86
4655	1943
1386	2938
1386	488
1386	249
1386	1504
1808	4046
4046	2281
4046	691
1596	2245
1596	2888
498	3809
498	3147
1384	1314
1384	424
1384	290
2640	4520
2640	430
2640	2199
508	2070
422	2511
422	2098
422	2188
422	1270
492	1191
492	35
492	2035
4254	625
4254	3824
4254	4066
4254	4571
4254	1847
4254	1535
4254	3279
4254	1893
4254	2532
4254	2633
4254	2795
4254	2957
3159	2633
1336	2030
2030	2569
2030	4404
2030	1436
2030	1629
2030	3251
2030	1229
2030	1157
2030	1475
2030	2402
2030	333
2030	1380
2030	1639
2030	2667
2030	3650
2030	2363
2030	2145
2030	4240
2030	1490
2030	647
2030	2424
2030	1486
2030	1606
2030	4436
2030	2306
2030	2955
2030	1054
2030	86
2030	1126
2030	4414
2030	4365
2030	712
2030	2981
2030	2232
2030	1631
2030	656
2030	762
2030	970
2030	1373
2030	1743
2030	1927
2030	2045
2030	2705
2030	2769
2030	2922
2030	2960
2030	3532
2030	3662
2030	3914
2030	4073
2030	2703
1762	3814
1762	529
1762	2140
1762	3895
2537	2064
3814	529
3814	1729
3814	2140
3814	3895
3814	1221
3814	1071
1241	4476
1390	4647
1390	4571
1193	2052
1193	2420
1193	7
1193	1887
1193	488
1193	1400
1193	2275
1193	2363
1193	249
1193	707
1193	2121
1193	2447
1193	2533
1193	66
1193	507
1193	1925
1193	2045
1193	2051
1193	2344
1193	4157
2569	1262
2569	2243
4404	2647
4404	1171
4404	173
4404	3734
4404	3296
4404	1373
3223	2245
3223	4339
3223	4651
3223	3389
3223	1915
3223	3780
3223	2047
4130	119
4130	1080
4130	909
4457	4015
4457	260
4457	3334
4457	2007
4457	1063
4457	3785
4457	1349
4457	3284
4457	3734
4457	1500
3714	1168
3714	178
3714	2190
3714	1190
3714	4036
3714	3598
3714	946
3714	2209
3714	3573
3714	2253
4485	2471
4485	570
261	2504
261	2764
1344	4339
3374	1271
3374	2523
2221	1551
2221	1607
2221	2355
2221	3832
2221	786
2221	1567
2221	2955
2221	2833
2221	4193
2221	3384
2221	326
2221	887
2221	1270
2221	122
2282	1551
2282	1607
2282	786
2282	1349
2282	2833
2282	4193
2282	326
2282	1270
2282	122
2282	3425
2489	1551
2489	1607
2489	3832
2489	2833
2489	4193
2489	326
2489	2642
2489	3425
2278	4122
465	2500
465	2023
465	3125
465	1380
465	206
465	3827
465	976
2500	2023
2500	3125
2500	4336
2500	1952
2500	1044
2500	893
2500	1500
2500	589
2500	3573
2500	1957
2500	4094
2500	3328
2023	3125
2023	3486
2023	3819
2023	1967
2023	1966
2023	1981
2023	3647
2023	1511
2023	1403
2023	3432
2023	1980
2023	2609
715	847
715	1168
715	3055
715	3671
715	2883
1437	4667
1437	1314
1437	2511
1437	2684
1437	2488
1437	569
1437	1984
1437	3296
1437	1078
2584	1441
2584	144
2584	1013
1551	1528
1551	2281
1551	4429
1551	814
1551	887
4085	4392
3120	2277
3120	4504
3120	4108
3120	3668
3120	3444
3120	3882
3120	138
3120	2838
1441	144
1441	2511
621	2443
4015	3858
4015	2277
4015	620
4015	3529
4015	1640
4015	577
4015	3703
4015	3101
4015	3793
4015	3173
4015	1921
4015	3389
4015	3296
4015	1500
4015	3663
857	2463
857	4504
857	4047
529	655
529	2140
529	3895
529	4500
529	1567
529	1071
529	4354
529	3611
529	3258
529	1878
529	4331
529	2378
3125	849
3125	1044
3125	3073
1009	30
1009	2642
3091	4090
3091	1170
3091	1614
1370	645
1370	4071
1370	2934
1370	979
645	553
645	4520
645	4090
645	2948
645	2146
645	2979
645	1724
645	3635
645	1190
645	544
645	835
645	4071
645	2934
645	979
645	4522
645	3309
645	398
645	957
645	2974
645	3158
1607	4289
1607	647
1607	687
1607	887
1607	2632
1607	15
1607	3175
1607	162
1607	1957
1607	3547
1607	3328
553	668
553	1168
553	3140
553	2979
553	1724
553	755
553	1567
553	4047
553	2226
553	500
553	3891
553	4035
3241	4002
1562	4495
1562	4020
1562	34
1562	3578
1562	550
1562	1619
1562	138
1562	1288
1562	2745
1251	4376
3466	3417
3466	4336
3466	1800
3466	979
3466	589
1340	4074
1340	1476
1340	4058
1340	4269
1340	366
1340	2745
392	4623
392	2647
392	814
392	1347
392	1269
392	2299
918	2194
1224	3039
1224	3456
1224	4533
1224	2447
1224	949
1224	1144
1224	958
1224	1925
1224	2051
1224	2239
193	2039
193	4338
182	2039
182	2533
2352	4506
2352	2511
2352	3209
2052	1930
2052	2420
2052	1887
2052	488
2052	2666
2052	2363
2052	249
2052	707
2052	2121
2052	2533
2052	949
2052	2370
2052	2452
4289	1207
4048	1792
4048	2314
4048	1221
4048	3175
4048	3229
4048	3662
1191	41
1191	1270
1191	3436
749	1640
749	3101
749	1518
4535	1288
4074	1476
4074	4058
4074	4020
4074	1530
4074	2200
4074	1619
4074	1747
4074	239
1476	4058
1476	4020
1476	2200
1476	1619
1476	1747
1476	1706
4058	4257
4058	4020
4058	3467
4058	1434
4058	1295
4058	3578
4058	4392
4058	4500
4058	1619
4058	1221
4058	1288
4058	2637
4058	1877
275	663
275	3036
275	3487
275	4520
275	4090
275	1171
275	2934
275	66
3819	1981
3819	4131
3819	3328
663	4414
3036	1280
1792	2067
2964	3524
2964	430
2964	2855
2964	1213
2964	30
2964	2070
2964	3284
2964	1379
2964	388
2964	2642
1624	4347
3487	2511
3487	4347
3487	979
3487	2226
4520	1168
4520	979
37	2281
2716	3498
2716	4645
2716	1518
3762	4306
3762	2597
2866	3214
2866	2277
2866	4090
2866	1610
2866	1644
2866	2919
2866	3389
2866	3296
1334	4607
1334	3086
1334	2895
1334	1397
4607	3126
4607	1579
4607	4674
4607	2895
4607	1572
4607	1980
4607	3473
4607	4159
4607	4277
655	1304
655	1295
655	3810
655	2363
655	1190
655	570
655	127
655	4330
655	3086
655	906
655	1567
655	2413
655	3425
119	4674
119	1567
119	3389
119	4571
119	3296
119	2942
119	2642
3912	2438
1659	2515
1414	512
1414	488
1414	1810
1414	2901
1414	2121
1414	3057
1414	958
1414	2316
1414	4083
1930	3690
1930	2420
1930	1887
1930	488
1930	2570
1930	1889
1930	2275
1930	2363
1930	249
1930	1951
1930	707
1930	2630
1930	2121
1930	4391
1930	2533
1930	4643
1930	69
1930	507
1930	2051
1930	2344
1930	2810
1930	3915
1930	4310
1930	313
2194	66
2194	1907
1974	592
4257	2527
2527	1282
2527	3425
1858	4275
847	620
847	1609
847	2195
847	4269
847	1375
847	3961
847	2245
847	2646
847	4500
847	3389
847	1269
847	247
847	1121
847	4248
847	3780
847	3296
847	3710
2463	2846
2463	4504
3873	2504
3873	2180
3873	3732
2400	2226
2400	1888
3690	2039
3690	7
3690	2026
3690	249
1809	3662
3214	979
3214	41
3858	4163
3858	4012
3858	3635
3365	3895
3365	711
523	1781
523	1981
523	1068
523	4392
523	4240
523	709
523	1597
523	1369
523	2060
523	2751
523	608
523	774
523	3328
3380	189
3380	1253
3380	3175
3380	1262
3380	4009
4472	4054
4554	1724
3417	4504
3417	979
3405	3793
3405	3816
3405	233
3405	2858
4336	442
4336	1800
4630	4090
4630	3671
4630	3489
4460	865
3331	874
3331	2731
2025	1709
4623	478
4623	3614
4623	249
4623	1567
2079	3101
3199	3758
4020	2511
4020	4128
4020	2182
4020	4605
4020	2680
4020	1619
4020	1939
1725	3734
1545	1269
4060	1434
1167	413
1167	580
1167	249
1167	1951
1167	2901
1167	2848
3524	3559
3524	4269
3524	4128
3524	570
3524	2424
3524	4122
3524	3284
3524	1227
3524	1379
3524	4666
3524	4335
3524	2942
3812	570
1098	2511
1098	15
1881	30
1881	2070
1881	1690
1881	2642
3781	2146
1483	3850
1483	1221
2474	3101
2474	3846
1061	3645
1061	1380
1061	1354
1061	1812
2277	1729
2277	280
2277	3668
2277	2292
2277	3389
1781	1640
1781	234
1781	2164
1781	3389
1781	3734
1781	3296
1781	2047
4078	2096
4078	3965
2636	3099
744	2805
744	1745
744	1496
744	881
2805	881
2805	1001
2263	2409
2258	2491
1745	4479
1745	4565
1745	292
1745	3209
1745	4564
1729	2190
1729	3895
1729	1033
1729	4122
1729	1567
1729	4354
1729	3209
563	4090
563	3677
563	1986
3093	1986
4169	3098
4169	1380
4169	1579
4169	1871
4024	668
4024	884
4024	1154
4024	102
4024	1295
4024	1323
4024	1020
4024	3703
4024	1598
4024	3082
4024	239
4469	3101
4469	1349
4469	4346
4469	4144
4185	875
3522	1981
3522	4009
668	1154
668	102
668	3703
668	1598
668	3895
668	4611
668	1567
668	859
668	1269
668	3175
668	1318
668	3425
2629	550
2629	1567
4090	139
4090	3692
4090	3824
4090	1170
4090	4481
4090	4332
4090	979
4090	453
4090	1986
4090	1984
4090	2378
4090	162
923	4195
3931	3106
3931	2808
3931	4017
3931	3734
1039	2783
1197	2646
1197	4651
3498	1761
3498	1121
4034	2206
4034	1530
4034	23
4034	3677
4034	1546
4034	4234
2734	4540
2734	4284
2734	4121
2734	128
1967	927
932	1455
1069	172
1069	102
2118	3101
2343	3734
396	2511
396	3793
396	3012
3004	2511
3004	4155
4667	719
2830	3723
2830	3677
2830	1986
24	44
1306	1154
1306	1295
1306	3328
3550	1173
3550	1952
3550	1058
3550	4122
3550	2226
3550	689
4545	3529
4545	4392
4545	1397
714	1518
312	1965
620	849
620	4530
620	333
620	190
620	4339
620	1349
620	3784
620	3291
620	2523
620	4278
620	2047
620	769
620	1391
620	2642
620	3511
2784	2064
2784	1369
2784	3432
1988	3734
4550	1385
4550	4212
4550	3734
1158	1385
2504	1382
2504	3595
2504	4293
2504	662
2504	4657
2504	4007
2504	2438
2504	3042
2700	3723
2700	4250
2700	1986
884	1225
3098	4374
3098	1579
3098	3734
3098	3296
1168	2487
1168	2183
1168	584
1168	3291
1168	522
1168	3425
2044	3817
80	1121
80	3734
80	1258
2423	86
3220	3573
309	4374
309	1518
309	3734
309	3296
1352	1304
3228	549
223	2511
1436	2129
1436	3403
1629	2511
1154	1229
1154	2551
1154	102
1154	2146
1154	1290
1154	3082
1154	133
1154	1747
1154	2937
1154	3734
1154	3296
121	875
121	3951
4	2632
4	3296
3840	2226
757	996
757	4409
757	3479
757	3822
757	987
757	286
757	2688
757	2181
4142	3816
4142	233
2420	2026
2420	488
2420	2148
2420	249
2420	1504
2420	2121
2420	2447
2420	2533
2420	949
2420	958
2420	2051
1818	4386
1818	4398
1818	3581
1818	2089
1818	3650
1818	2541
4386	4398
4386	3581
4386	2089
4398	3581
4398	2089
3581	2089
3581	3137
1123	1269
1127	443
1127	2511
1127	3615
2935	2810
2935	4009
2938	1400
2938	4055
2938	2428
2938	160
2938	44
2938	4083
2938	4446
2938	4527
760	313
1385	4212
1385	3675
2039	488
2039	2271
2039	1157
2039	249
3251	4614
3251	3389
3251	2447
3251	4338
3251	608
2092	2271
2092	3456
7	2026
7	580
7	4481
7	2363
7	1951
7	1144
7	2051
7	313
7	4527
2026	1887
2026	488
2026	534
2026	218
1887	462
1887	1889
1887	2872
1887	2890
1887	1951
1887	4533
1887	2447
1887	218
1887	4643
1887	66
1887	1144
1887	2051
1887	1205
1887	313
1887	4527
4212	3675
4212	3250
4212	931
4212	2011
3055	3128
3055	1786
3055	4269
3055	3692
3055	1614
3055	4183
3055	1107
3055	4332
3055	2582
3055	3278
4052	2511
246	2070
246	2999
246	1637
246	3889
3529	2891
3529	826
3529	2048
3529	3296
3529	1036
1431	4012
673	458
673	3046
3687	3382
3687	2613
3687	2909
3687	2785
3687	3173
3687	302
3687	15
3687	880
3382	2511
3382	880
3369	1219
3369	880
2710	4497
4497	2140
196	661
2613	4012
2613	4121
2387	1295
4576	3734
4319	1269
4319	1221
488	3934
488	1810
488	2014
488	1889
488	413
488	580
488	2872
488	1080
488	1506
488	2363
488	934
488	2890
488	4066
488	4533
488	2447
488	949
488	218
488	2848
488	4643
488	1144
488	958
488	1925
488	2045
488	2051
488	2239
488	313
488	4527
3589	2368
3589	1264
3589	2395
3589	3046
3589	880
3589	110
3589	1796
1400	334
1400	3945
1400	2363
1400	2848
1400	4643
1400	1925
1400	2045
1400	313
1400	4527
1400	2703
1229	430
1229	2060
1229	921
1229	3239
1229	2528
1140	4674
2213	507
904	1036
812	2946
812	1323
812	260
812	3296
3695	1315
3695	863
3695	4269
3695	2227
3695	826
3695	3389
3695	2523
3695	1087
3695	1984
3695	2173
3695	2737
3695	3410
3695	3584
2861	478
2861	1089
3039	3384
3039	66
3039	1399
3039	2822
3039	1205
2741	1119
2741	478
3902	3061
1016	1579
1016	1720
1972	2511
334	1220
116	1220
4525	4651
4525	3561
35	846
35	1952
34	1231
34	1319
34	230
34	3578
34	550
34	1107
34	2241
34	4563
34	3425
34	3061
18	230
430	4539
430	4506
430	1889
430	3817
430	1326
430	16
430	1708
430	3291
430	3634
430	136
430	2761
1786	661
1815	1863
836	58
836	3889
4167	1314
4167	1933
4167	1520
4167	2145
4167	3951
2936	2764
740	3285
4512	3285
4512	1325
4512	1221
4512	1739
4512	4354
178	1567
178	1269
178	4571
178	3425
2774	249
2774	707
2774	205
2010	577
2010	230
2010	3684
2010	550
2010	3793
2010	1107
2010	4332
2010	1500
3934	2481
3934	249
3934	66
3934	2440
1382	1468
1382	2491
2251	2354
421	3295
421	3734
421	3787
1223	886
1223	2764
1223	102
1223	1323
1223	584
1223	3827
1223	4611
1223	4017
1223	3432
1223	4193
1223	3296
1223	2642
886	2764
886	2334
886	8
1610	1422
1610	3692
1610	3837
1610	2308
1610	1347
1610	578
1610	1286
1610	691
1422	1347
1422	1282
1422	859
1422	2918
1422	578
937	4504
937	4662
937	206
937	3198
2764	1920
2764	1323
2764	3361
2764	350
2764	2778
2764	3542
2764	578
2764	2455
2764	388
2764	1360
2764	2433
2764	3544
1150	4352
1150	865
1150	1325
1150	1221
1150	4354
1150	1878
1150	326
719	4614
719	661
719	4275
719	4007
719	2810
1176	1157
1176	3069
1176	297
1315	3166
1315	1397
1315	1621
1315	2753
4294	3742
4294	3773
2462	1442
2469	66
2469	146
2647	1282
2647	4611
2647	859
2647	2918
2647	2632
2647	2691
1981	435
1981	2633
1981	3547
1981	3328
442	3442
442	248
442	122
3442	122
3314	3038
2210	3145
1246	1314
846	2511
846	1796
534	249
534	4533
1314	3580
1314	1428
1314	2064
1314	2612
1314	1546
1314	2979
1314	39
1314	4276
1314	2719
1314	3215
1314	86
1314	453
1314	3978
1314	2580
1314	4203
1314	4265
1314	4234
3580	4347
443	3734
1235	3734
1235	435
1235	2491
1304	906
1304	1567
4059	3662
4059	205
676	3432
1378	3953
1378	1518
1378	3734
1378	594
1865	3389
1119	4128
1119	249
1119	707
1119	3175
1119	3553
4270	1323
4270	1020
1933	1219
1933	2334
1933	3235
1933	3166
1933	4193
1933	2226
1933	3397
1219	47
1219	1555
1219	564
1219	3684
47	1555
3953	4339
3953	209
1555	687
564	507
2588	1408
262	206
262	3780
438	3389
802	1496
802	1627
1679	4651
3106	4172
3106	2511
3106	2727
3106	2498
3106	986
3106	4156
3106	3144
3106	57
3106	3734
3106	691
3106	2161
4172	4160
4172	2498
4172	691
1428	1936
1428	921
1789	4500
1789	1619
2271	1157
2271	1810
2271	3958
2271	2895
2271	1221
2271	4338
2271	1631
2271	608
2271	1775
3481	4641
3481	1943
2304	1043
2304	3504
2359	3608
2359	2511
2359	1295
2359	2491
2359	699
4539	986
3075	4504
1640	97
1640	173
1640	3456
1640	1185
1640	2153
1640	2765
1640	1773
1640	3640
1640	4449
1640	2735
1640	4234
4323	2843
4323	390
4323	3578
3608	947
3608	522
947	1528
947	844
947	3784
947	3432
278	2146
549	2511
549	1121
4417	1319
172	896
172	4479
172	2646
172	1319
172	522
2843	390
1810	707
1810	2533
1810	1925
1810	3097
4057	4248
4057	407
2551	3827
2551	3291
2481	4468
1134	1269
1134	3734
3233	3924
3233	3033
3233	4641
462	81
462	2511
462	3378
462	3101
863	986
863	355
863	2668
863	3734
863	2814
863	3258
863	3318
863	3296
863	25
189	3650
4222	1269
849	206
1609	2195
1609	3961
1609	247
1609	3547
2195	3961
2195	3703
2195	247
2195	3547
1195	4374
1195	4405
1195	3734
1195	3296
1037	3734
3595	388
3924	3033
3033	4339
3033	1169
3033	3665
3367	4269
2948	979
2948	2226
1520	2104
3559	30
3559	3284
3559	4155
3559	1379
3559	4666
4269	4671
4269	3284
4269	247
4269	2107
273	662
273	206
273	2413
273	1274
390	1171
390	4605
390	3951
390	1455
390	1220
390	4225
390	1058
390	545
390	1033
390	4122
2846	2487
2846	1749
2846	4047
2846	861
2846	2736
4044	3078
4044	3144
4044	127
4044	3734
4044	3296
478	661
4504	4055
4504	1753
4504	979
4504	3166
4504	4047
3961	247
82	687
82	3951
82	504
896	2646
896	528
896	3951
896	3827
896	2164
896	407
896	229
896	4563
896	1270
81	366
81	1644
81	1319
81	3793
81	3951
81	1107
81	2098
81	4540
81	4121
81	2745
81	1694
81	3710
1456	1269
3833	3261
3833	507
2014	249
2014	707
1171	206
1171	3148
1171	1033
1171	2047
1171	3556
293	1518
2950	998
3753	2511
2913	1279
2913	540
2913	1627
2913	3209
1279	540
2314	3456
2314	3439
2314	3235
139	206
139	4611
139	3780
139	209
139	2888
3161	1110
3161	2047
419	3101
2108	1319
2108	3723
2108	623
2108	3734
2355	2511
2355	887
497	3810
822	1910
3674	4671
3674	3635
3674	2765
3674	86
3674	4657
3958	3456
3958	2363
3958	2447
4479	292
4479	4094
173	2487
173	3542
173	3173
173	699
4506	2808
4506	3296
280	3668
280	3444
3970	1529
3970	3444
2129	1369
2129	3582
2847	1606
4580	4611
1356	1518
4151	4374
4151	3734
2245	1325
2245	1984
4425	424
366	540
366	4611
366	3163
366	2750
366	1442
366	2745
631	2124
2738	2238
3140	1221
4654	4108
3764	260
3764	1180
3764	3663
3564	4592
3564	1749
3564	1893
3564	2865
3564	4624
2511	1791
2511	1231
2511	1068
2511	4181
2511	4531
2511	4429
2511	4671
2511	2902
2511	2260
2511	2673
2511	263
2511	4566
2511	928
2511	4489
2511	1354
2511	1249
2511	4127
2511	964
2511	1951
2511	4662
2511	4228
2511	2919
2511	2882
2511	1593
2511	848
2511	2377
2511	2679
2511	597
2511	4121
2511	3142
2511	3082
2511	2538
2511	3882
2511	4040
2511	2306
2511	1030
2511	2000
2511	1217
2511	1690
2511	3256
2511	60
2511	3615
2511	578
2511	4037
2511	1227
2511	1121
2511	2417
2511	2447
2511	2924
2511	2077
2511	4391
2511	2943
2511	3258
2511	1253
2511	3964
2511	216
2511	1720
2511	1980
2511	3132
2511	3279
2511	1631
2511	54
2511	1852
2511	122
2511	126
2511	175
2511	222
2511	297
2511	307
2511	416
2511	460
2511	524
2511	931
2511	1067
2511	1093
2511	1149
2511	1196
2511	1517
2511	1616
2511	1670
2511	1685
2511	1871
2511	1893
2511	505
2511	2158
2511	2243
2511	2356
2511	2421
2511	2468
2511	2654
2511	2690
2511	2775
2511	2809
2511	2954
2511	2965
2511	3097
2511	3180
2511	3260
2511	3395
2511	3462
2511	3532
2511	3552
2511	3610
2511	3662
2511	3673
2511	3701
2511	3720
2511	3891
2511	3910
2511	3985
2511	4119
2511	4311
2511	4361
2511	4388
2511	4443
2511	4569
2511	4624
2511	4626
2511	4638
2511	2161
2511	205
1644	1325
3393	1699
2064	1849
2064	41
2064	3235
2064	2413
2064	15
2064	3473
3775	707
3775	2848
2206	1380
2206	3296
821	3617
625	1566
625	1347
62	4392
62	3082
62	1984
62	3296
62	1888
4439	4414
2697	2885
1791	4181
1791	375
1064	3680
1099	1269
1231	4560
1231	1824
3692	458
3692	504
3692	1653
3692	2833
3692	3986
3692	1270
3692	1694
4645	86
4645	1446
3824	458
3824	3723
3824	4611
3824	2189
458	1614
458	4636
458	658
458	550
458	504
458	2833
458	3198
458	2786
458	976
458	1076
458	1270
333	859
333	86
333	2021
333	1397
333	1943
3614	4563
2570	2363
2570	2121
2570	2447
2570	3296
2570	1144
2570	3675
2570	3568
2570	4527
2646	1749
2646	3734
2646	3296
2646	4278
2646	1394
2788	3197
2372	1504
4160	4339
4160	1262
1110	276
3837	887
4128	1080
4128	2680
4128	209
4128	4009
3672	2711
577	3606
1530	3101
1530	3083
1530	1013
1530	3209
2727	2679
2727	1712
2727	3879
2727	1286
2711	3101
2711	1712
2884	3101
1380	2477
1380	1512
4367	3175
729	4651
1434	86
1434	3573
1539	230
1539	1856
1539	4563
102	1295
102	1323
102	1020
102	3703
102	477
102	2148
102	3795
102	2070
102	510
102	2906
102	2164
102	3082
102	133
102	3394
102	4354
102	58
102	3986
102	1604
102	2974
1295	1323
1295	1020
1295	3703
1295	1077
1295	570
1295	3082
1295	943
1295	906
1295	1227
1295	1379
1295	407
1295	2730
1295	3573
1295	2132
1295	2852
1323	1020
1323	3703
1323	2148
1323	2140
1323	4183
1323	4662
1323	206
1323	4540
1323	4436
1323	2918
1323	2730
1323	628
1323	481
1323	1902
1323	2337
1020	3703
1020	2070
1020	2914
1020	2376
3703	4662
3703	206
3703	599
2678	3747
2678	3725
2678	1221
2182	4429
2182	3425
3361	1753
1528	1369
2281	3773
2590	1567
2590	4571
2590	3413
1319	1500
1184	477
1889	249
1889	2121
1889	3915
413	249
413	934
413	707
413	1925
413	3553
582	2104
4181	4641
4181	1221
4181	2378
4181	2838
2694	249
580	249
580	1951
580	3355
580	707
580	958
580	1318
580	1796
2742	1951
3823	628
3823	2189
4565	2547
4565	1749
4565	1269
3378	1221
3378	2937
1614	4392
1614	1058
1614	3503
2684	4641
2684	1518
350	3296
600	206
4531	4275
9	4500
9	3491
2095	2808
4592	1749
2956	3677
2956	1033
2956	1856
2956	3270
2956	514
276	59
276	4540
276	4047
3101	2565
3101	2782
3101	3677
3101	2428
3101	2692
3101	4546
3101	2882
3101	2488
3101	4604
3101	4002
3101	1606
3101	2035
3101	2060
3101	1221
3101	2586
3101	468
3101	476
3101	2316
3101	2083
3101	2337
3101	2421
3101	2559
3101	2599
3101	2892
3101	2954
3101	2970
3101	2971
3101	3071
3101	3073
3101	3103
3101	3565
3101	3735
3101	4009
3101	4097
3430	4012
3430	2208
3430	1221
4163	4012
4163	3318
4163	3422
4163	3657
4163	3883
1978	4012
1978	1221
4012	321
4012	2928
4012	3773
4012	1221
4012	1739
4012	3734
4012	1071
321	1212
321	1173
321	1325
321	1221
321	1739
4633	216
2565	3826
4652	3425
2208	1190
2208	1347
2208	4611
2208	3432
2208	927
2794	2667
2254	3606
2254	1369
2254	957
2254	3221
3804	4450
3804	260
2146	4352
2146	835
2146	3598
2146	979
2146	2937
2146	2413
2146	2632
2146	2226
2146	388
2146	4097
2448	3734
4450	1942
4450	1222
4450	2735
3295	3734
4207	2487
4207	3296
4207	926
4207	3451
4192	934
3756	3296
3756	3422
3141	3173
3141	3993
1942	861
230	100
230	1888
4429	234
4429	1190
4429	1952
4429	874
4429	3425
4671	1948
2902	234
2902	4225
2902	3494
4448	4674
4448	3480
4448	3688
2227	1417
2227	3688
2872	249
2872	934
2872	707
2872	2121
2872	1880
2872	2394
1529	798
1529	4198
243	86
243	1943
2724	1878
2724	4032
4359	4641
2190	560
2190	376
4166	4228
4166	4122
4166	3503
4166	3780
4166	2047
3976	2012
2612	900
2612	3832
2612	39
2612	3390
2612	2580
2612	1500
2612	4285
1598	3895
1598	3235
4409	984
3810	3482
3810	400
3810	1085
3810	974
3810	263
3810	3510
3810	100
3810	4183
3810	906
3810	1567
698	1221
2748	1928
2320	1914
987	4593
1934	3937
1934	712
1934	2311
1934	1161
4280	1221
2782	3802
4566	3451
528	234
662	1349
662	1592
323	1932
323	4339
323	4546
3647	1221
986	1417
986	2804
986	1532
986	3322
986	3144
986	875
986	1749
986	2318
3892	853
4629	1269
3363	1639
571	1116
1673	3242
1639	4458
1639	2156
4156	875
4156	1749
2308	3573
260	2007
260	1379
260	3110
4374	1222
4374	1033
4374	4414
4374	3296
4374	2421
4374	2434
1948	1699
1948	1878
2667	4215
2667	1811
2667	2232
2667	3145
3334	3606
3334	861
3684	2188
2007	1063
2007	570
2007	1227
2007	3734
2007	1500
2007	3110
3240	539
3240	3235
852	2368
852	544
4642	298
4639	1269
100	1024
1965	55
1965	4391
1965	199
1965	2051
3272	3456
3272	4549
3083	524
1932	8
2148	2096
2148	249
2148	3061
865	84
865	420
865	1325
865	4023
865	227
865	1221
865	1878
865	326
865	2503
540	3163
540	1442
540	4500
540	2745
1080	249
1080	2133
1080	4391
1080	1925
1080	2239
1417	3322
1417	3456
1417	1749
1417	3439
3578	3780
3578	4563
3578	209
3578	3627
4481	1986
3650	3444
3650	3963
3157	4275
1997	3868
1997	1087
1997	388
1726	844
1726	1369
1726	2940
1726	1904
4070	3951
4070	3747
4187	3723
4187	1986
2875	980
2875	1717
4636	504
4392	3677
4392	875
4392	1856
4392	41
4392	1986
4392	4563
4392	4273
3896	570
3896	2424
3896	2070
3896	1856
3896	1227
3896	3425
3896	3239
3723	1107
3723	2083
658	504
3677	1546
3677	2098
3677	3593
3677	4332
3677	1856
3677	453
3677	4234
550	504
550	3921
550	2833
550	453
550	1878
550	3986
550	1270
2140	2909
2140	3895
2140	3011
2140	1878
1063	93
1063	3606
1063	2241
1063	1694
303	2909
303	1269
303	1689
303	689
303	921
3785	3606
3785	861
1546	1986
2880	3937
2487	4278
844	1302
844	881
844	913
2610	1532
2610	875
2610	1749
2804	875
2804	1749
1532	1290
1532	875
1532	3456
1532	1749
1532	1509
1532	1960
1290	3456
1290	2318
3322	3439
3144	875
3144	1749
3144	57
3144	1496
3144	3734
875	2471
875	4665
875	1269
875	3734
875	3662
3456	2363
3456	3439
3456	1496
3456	1592
3456	3296
3456	4007
3456	958
3456	3568
1749	2471
1749	3444
1749	4054
1749	1592
1749	3734
57	3734
2318	1147
2471	3496
2096	797
2944	1464
2608	1301
1491	1506
1800	807
1506	249
1506	612
1506	2121
1910	1302
2497	2306
4677	249
3297	2827
3297	4648
3297	3792
3297	2034
3297	4339
3297	3328
2827	4648
2827	3792
2827	2034
2827	1591
4648	3792
4648	2034
3792	2034
3792	136
1993	2060
2275	4110
2275	3261
2275	1479
2275	66
2275	1144
2275	2452
4110	1479
4110	1144
4452	2047
1207	1952
1207	3308
1181	4155
1381	3278
2368	1354
2368	544
2368	3166
900	4347
900	39
900	3390
900	1496
900	3209
316	3175
2167	711
1566	4347
3815	4347
4489	4347
1736	1911
1736	2431
1820	1567
1820	3734
1354	1567
1354	2663
2909	218
2909	25
2979	3780
2979	2047
2979	4321
1724	4339
1724	110
814	3734
1812	3425
190	3734
1326	2592
1326	3436
1326	4265
4055	30
4055	226
4055	160
4055	3357
4055	3235
4055	435
4055	804
4055	2452
4055	1397
2310	4134
2310	1939
2778	1567
2778	1130
142	538
4154	3209
2465	3773
3888	1838
925	3945
925	1761
1579	3945
1579	490
3945	980
3945	1867
3945	2231
3945	2706
2066	2236
2723	3842
4405	4641
980	3491
3842	3270
3842	1925
2406	4312
4013	2424
3832	39
3832	3390
3832	2580
3832	887
2666	584
725	3734
4347	1092
4347	3742
4347	2523
4347	3611
4347	1391
4347	3425
2363	249
2363	934
2363	2890
2363	707
2363	2447
2363	949
2363	218
2363	1144
2363	1925
2363	2045
2363	2051
2363	3425
2363	313
2363	4527
491	249
491	1925
249	612
249	1951
249	3548
249	1518
249	4533
249	2901
249	2447
249	949
249	2848
249	4643
249	66
249	1144
249	507
249	958
249	2316
249	1925
249	2045
249	2051
249	2239
249	2452
249	3553
249	3802
249	3836
249	313
249	4527
412	2848
412	2045
412	2982
412	3310
964	2226
3294	3391
3294	326
1723	4339
1723	584
1723	1302
1723	1567
1723	3389
1723	880
1723	4377
4641	2226
4641	1689
4641	2191
4240	4193
1313	3444
1313	807
1203	206
934	707
934	2447
934	1144
934	958
934	3061
934	313
4271	661
612	199
1490	3734
4143	3747
3299	3671
3299	3951
3299	1619
3299	4249
3671	3793
3671	3895
3671	1619
3793	2600
3793	3606
234	3816
234	233
234	4121
234	3263
1185	1286
1185	1270
2890	3806
2890	707
2890	2121
2890	2533
2890	2848
2890	66
2890	1925
2890	2051
2890	313
3758	300
3895	2600
3895	1221
3895	1071
3895	2378
3895	921
3809	300
3809	1221
377	300
300	94
300	1518
300	1982
3635	3660
3635	1033
3635	3046
3635	2047
3635	3425
3635	3791
3635	3663
2236	308
1951	707
1951	2901
1951	2848
1951	4643
1951	17
1951	2178
3877	1753
3877	4562
647	687
647	2124
647	4611
647	4436
647	4040
647	1787
647	1130
647	4562
647	15
647	3175
647	2047
687	1212
687	4605
687	3583
687	1863
687	4540
687	4040
687	1787
687	874
687	1468
687	1130
687	4562
687	15
687	2047
687	3547
687	3328
786	3742
786	887
786	1811
786	4562
786	120
786	1957
1065	1399
4458	2719
1753	1296
1190	584
1190	1567
1190	979
1190	1130
1190	398
1212	4605
1212	3583
1212	1863
1212	1173
1212	1419
1212	1455
1212	1952
1212	1220
1212	4225
1212	1058
1212	2680
1212	545
1212	1033
1212	4122
1212	1468
1212	1957
1212	3425
1212	3026
4605	1468
4605	3780
3583	1455
3583	4225
3583	1468
3583	2668
2183	86
3806	705
3806	2045
2139	3389
1504	2051
1504	4073
952	861
1222	1567
1222	3734
1222	3296
570	2424
570	2919
570	2688
570	1567
570	2918
570	1044
570	1379
570	3432
570	218
570	4620
570	1500
570	3573
570	3046
570	255
570	1296
2808	1796
2808	2965
2808	4661
2808	2541
1664	796
2855	30
2855	2070
2855	1379
2855	4666
2855	2642
2424	30
2424	859
2424	1712
2424	1379
2424	3978
1213	796
909	4500
909	3014
1092	4662
1092	206
1092	2070
1092	1379
30	3284
30	3734
30	2642
4662	206
4662	2070
4662	4155
4662	1379
4662	4666
4662	4047
4662	1852
206	2070
206	826
206	2334
206	1712
206	4155
206	1379
206	4666
206	2523
206	1984
206	1001
206	2731
206	589
206	637
206	3229
2070	3284
2070	1227
2070	888
2070	1672
2070	3209
709	3254
1285	3444
3719	313
3951	1619
16	874
3443	1996
755	435
755	3296
755	1013
755	204
755	2047
755	466
755	3425
3742	120
39	3474
39	3390
39	2580
127	3784
127	584
127	4096
127	242
127	782
3606	2241
3606	4248
3606	4335
3606	1500
2835	1959
2835	3425
1107	1986
1107	1878
504	1182
504	1593
504	1024
504	1468
504	2833
504	3046
504	3198
504	2786
504	976
504	1076
504	1270
504	1757
504	1780
4432	4533
1883	3734
1883	2814
1883	3422
1511	4611
1511	3291
4674	4571
4674	3734
4674	3296
4674	2642
1994	2180
622	942
623	1269
623	4047
623	522
623	942
3489	4339
3489	1173
3489	1347
3489	1338
3489	3827
510	2899
510	798
4339	3215
4339	2980
4339	2226
4339	976
4339	25
4339	1957
4339	3680
1173	1338
1173	1455
1173	1952
1173	1220
1173	4225
1173	1058
1173	3226
1173	2680
1173	545
1173	1033
1173	4122
1173	1915
1173	1325
1173	1619
1173	2222
1173	4413
1173	2226
1173	689
1349	3816
1349	233
1349	1033
1349	2000
1349	887
1867	2222
1347	2153
1347	1952
1347	4225
1347	1033
1347	2222
1347	4620
1338	1915
1338	2226
3784	2919
3784	1033
3784	1567
3784	1369
3784	3432
3784	1013
3784	2378
1282	59
1282	4540
1282	1033
1282	3734
1282	589
1282	3145
584	2153
584	2124
584	1033
584	1690
584	1567
584	1403
584	2632
584	2731
2899	798
4108	3668
3668	3744
882	979
882	4278
1583	4043
1583	4225
648	4651
648	2785
4312	3296
4312	4562
538	3720
3441	4407
4330	3086
4330	1567
2919	798
59	3827
59	545
59	874
59	1267
3816	233
3816	1419
3816	1033
3816	2918
3816	444
3816	3511
233	3473
4131	4651
4131	1925
4131	2411
833	2906
2928	1468
2928	3773
2928	578
2928	2528
483	3972
4651	3173
4651	1030
4651	1283
4651	2104
4651	126
4651	3328
2200	1160
2200	2008
2200	2961
2785	2737
107	3673
107	4656
3444	1221
3747	4332
3747	4248
3747	407
3747	1694
2098	1856
2098	514
4546	3438
4546	870
4546	3734
797	4563
797	1604
3593	1856
3593	1986
3390	1496
3390	247
3390	2937
3390	248
1496	1662
1496	3710
1261	2164
1261	3291
1261	3296
2292	1567
2292	3389
2292	4571
2292	58
2292	3296
2292	1036
2292	4204
2164	1455
2164	1058
2164	3291
3173	4037
3173	699
2488	4540
2488	848
2488	4284
2488	4191
2488	290
2488	4611
2488	351
2488	40
2488	73
2488	878
4540	4284
4540	4191
4540	4611
4540	839
4284	4191
4284	290
4284	4611
4191	2679
4191	4611
4191	1911
2124	2377
2124	290
2124	1518
2124	1806
2124	1663
2377	290
2377	1518
2377	1911
290	1518
290	2679
290	3851
290	4611
290	4121
290	1262
1518	4121
1518	1227
1518	1298
1518	1806
1518	1663
1518	75
1518	684
1518	1357
1518	2408
1518	1397
2679	3851
2679	2763
2679	4611
2679	4121
3851	2763
3851	4611
3851	4121
2763	4611
2763	4121
4611	1220
4611	4121
4611	1567
4611	2940
4611	2739
4611	288
4611	1078
4611	4278
4611	1401
4604	4250
1051	3941
1051	1024
4002	1221
742	1269
1419	1455
1419	1220
1419	4225
1419	1058
1419	2680
1419	545
1419	1033
1419	2249
1455	1220
1455	4225
1455	1058
1455	2680
1455	545
1455	1033
1455	4122
1455	3425
1952	2680
1952	1033
1952	3780
1952	308
1952	2699
1220	2680
1220	1033
1220	1008
4225	1058
4225	2680
4225	1033
4225	1130
4225	927
1058	2680
1058	1033
1058	1325
1058	3780
4121	1442
3148	1024
3148	1258
3148	2008
1024	170
3082	1269
3082	2980
3082	17
3082	239
2555	661
2555	3616
2680	545
2680	1033
2680	4122
2680	1804
545	1033
545	3826
1033	4122
1033	1567
1033	1269
1033	3503
1033	4047
1033	1521
1033	3556
4122	1325
4436	15
4332	1270
1442	3341
1442	4248
1442	1221
3284	2719
3284	4155
3284	1379
3284	4666
902	608
4040	1811
4040	15
1787	15
2306	835
943	3734
835	979
874	4500
874	2719
874	3296
874	1286
874	1270
874	4204
874	3556
874	3826
874	205
4500	1878
4500	375
826	1001
1030	1712
1597	3734
3011	859
4533	707
4533	2121
4533	2533
4533	949
4533	2045
839	3734
839	2226
839	4406
2765	4562
661	1054
661	958
661	1604
661	1890
661	4261
3438	870
2020	507
2020	3883
1217	785
4276	3662
3501	298
2334	3389
2334	1888
1302	71
1856	514
2682	199
2719	1759
2999	1637
1637	435
226	1567
853	4498
853	2753
1109	3086
3086	906
3086	1567
3086	2895
3086	1397
4665	2192
4665	859
4665	2895
2192	859
2192	2895
906	1567
906	298
1567	4047
1567	887
1567	2632
3225	1712
3225	3642
1403	3389
1403	3734
1403	4193
1403	3296
1403	1036
859	578
859	1286
133	913
3389	2955
3389	60
3389	4383
3389	750
3389	2523
3389	2632
3389	2173
3389	1078
3389	2731
3389	4278
3389	2609
2955	60
2955	4383
60	4383
4171	2731
1826	4331
1826	2705
2169	1269
2169	2914
2169	3826
1269	675
1269	58
1269	197
1269	222
1269	301
1269	362
1269	514
1269	808
1269	926
1269	957
1269	958
1269	1137
1269	1243
1269	1267
1269	1429
1269	1492
1269	2798
1269	3886
1269	4226
1269	4318
1269	4322
1269	4476
1269	4496
1269	4624
750	110
2035	378
2035	58
2035	2580
2035	308
3197	308
160	1706
420	227
2241	1811
2241	1500
3480	308
4071	979
4071	1973
4071	2230
4036	4159
4036	998
2668	3734
2668	302
2668	3309
2668	436
2668	2189
2668	2307
2668	3965
378	58
378	308
2918	3734
128	347
128	689
707	2447
707	2848
707	4643
707	705
707	1144
707	958
707	1925
707	2051
707	2452
707	3278
707	313
2934	979
2934	2226
247	3734
247	628
247	3198
247	2552
247	3458
247	3547
247	3328
3773	3611
3773	1878
3773	1687
1054	1227
1054	3425
3445	3175
569	3868
569	1811
569	3328
3598	3425
3615	3636
3615	3663
1044	589
4672	1888
1770	375
979	3309
979	4278
979	398
979	957
979	3158
979	3826
3503	2008
86	861
86	3145
86	2922
86	3532
86	3706
86	1943
578	3425
796	1712
796	654
351	2980
351	3425
2980	1668
2980	1680
1227	1712
1227	1379
1227	4666
1227	3110
1227	3732
1369	881
1369	3432
1369	2597
1369	1759
2940	2888
3937	3432
3937	4273
1712	1379
1712	3110
4155	4666
1973	2452
1973	2811
2901	17
2901	357
4571	4047
4571	1371
3291	3680
1121	3734
1121	347
1121	589
1121	524
1379	3110
1379	3209
4666	3734
4666	435
4666	3296
4666	3209
28	1089
4275	1816
4275	3357
4275	1922
3868	407
4248	407
407	1915
407	4335
407	2745
407	1406
4324	2521
4324	3203
2121	2447
2121	949
2121	2848
2121	66
2121	1144
2121	1925
2121	2045
2121	2051
2121	313
2121	4527
3846	2047
1057	2299
1057	2528
1057	2753
2523	2047
2523	2642
1936	3425
2833	887
881	3734
2447	2533
2447	949
2447	218
2447	1117
2447	1925
2447	205
3432	435
3432	1759
3432	3018
4414	2597
4414	3296
4414	388
4414	699
41	2077
41	3686
41	435
41	3038
2077	3686
2077	3038
3686	3038
2060	1221
2060	927
2060	2888
2060	2977
2060	4640
3357	4498
3978	3657
1298	3915
1298	3328
3743	3422
1130	1957
1325	4023
1325	1878
1325	494
1325	326
1325	4413
1325	2745
1619	913
4023	227
4023	2916
227	2916
227	326
227	3250
1221	1739
1221	4354
1221	3375
1221	4331
1221	4141
1221	2173
1221	4173
1221	1152
1221	2540
1221	3250
1221	921
1221	1854
1221	1927
1221	1928
1221	2379
1221	2605
1221	2841
1221	3410
1221	3433
1221	3473
1221	3528
1221	3772
1221	3869
1221	3910
1739	4354
1739	3611
2937	3734
2937	3296
2937	169
3734	2249
3734	1811
3734	4484
3734	1001
3734	1078
3734	717
3734	1371
3734	1903
3734	804
3734	1059
3734	1674
3734	2421
3734	2434
3734	2467
3734	2888
3734	3037
3734	3511
3734	3627
3734	4388
3734	3547
2814	524
946	3296
946	1270
2222	4047
2222	4413
1071	4354
4354	3611
3611	3132
3611	2047
4498	2067
2086	3296
3235	3203
3235	682
3235	970
3235	1361
3235	1670
3235	3278
2388	522
1984	3780
1984	308
1984	1888
3166	435
3166	807
2507	4193
2507	1746
2533	1144
2533	507
2533	958
2533	1925
2533	2051
2533	2239
2533	313
4193	807
4193	887
4193	1957
435	807
435	4411
435	2865
435	3657
807	667
4047	2731
4047	957
4047	3425
4047	3826
1141	2214
1479	1144
1479	205
3384	4560
3384	4278
3384	3527
2237	1796
3780	1500
3780	4563
3780	1001
3780	637
3642	1871
949	2848
949	1144
949	1755
949	2051
949	3915
949	4527
4346	308
58	2580
58	308
58	2226
2580	308
2413	3573
823	1144
4279	1253
3258	3318
3258	1878
3258	494
3258	326
3318	1878
3318	4331
3318	326
3318	3512
1878	494
1878	4331
1878	326
1878	3512
1878	2745
494	326
494	2632
4331	326
326	887
326	921
218	3993
887	2395
887	2642
887	4273
2632	3296
3296	2027
3296	717
3296	4204
3296	1371
3296	524
3296	1411
3296	1698
3296	1957
3296	2029
3296	2099
3296	2421
3296	2434
3296	3425
3296	3511
3296	2753
3296	4234
264	1006
264	4328
1006	3511
1663	3662
4522	2047
4620	2047
1253	2609
1500	4563
4563	1076
2380	3491
712	2311
1572	3175
1089	1535
1089	3358
2751	4656
1720	3491
1720	3569
3491	2468
2491	4459
298	3755
15	2047
15	1884
15	3547
15	3328
2395	2858
2395	3663
2848	1144
2848	17
2848	69
2848	2051
4643	403
4643	2051
4643	3109
4235	66
628	120
854	697
1001	3175
1043	375
3504	375
375	4120
375	2532
1078	2378
1078	3425
1280	388
2731	798
2731	1286
2731	2226
2731	2047
1286	44
1286	2609
1286	4496
1286	1397
2226	689
2226	4370
2226	3826
3573	2378
3573	813
3573	2517
1804	2378
689	767
705	1636
66	3278
66	3248
66	3553
2777	2065
4338	468
4338	804
4338	2324
1038	505
3046	1270
3198	1270
976	1270
1036	4486
1076	1270
1270	1757
1270	2373
1270	2609
1147	1741
1147	3657
3634	162
599	4356
913	782
4069	1564
1704	2421
3175	460
3175	968
3175	1148
3175	2604
4517	3886
1980	4337
2858	2021
242	3060
4356	3192
2745	2378
2521	3203
3192	3561
4657	3012
3132	146
3279	2970
1144	3915
4204	4242
2942	299
1013	213
2378	3061
17	2239
2067	4380
1852	3662
3250	342
921	388
921	3229
921	3662
122	1904
158	2327
207	1420
236	1335
297	2438
322	4640
388	2189
388	3209
388	3627
2047	1305
2047	1780
2047	3511
2047	3680
2047	3663
460	4327
461	3176
466	3072
468	507
507	4575
507	3527
594	1196
594	3709
656	2622
693	1262
699	1698
726	4638
818	4575
829	2434
895	3454
901	2284
958	2051
958	2344
977	2189
978	4310
1011	1262
1011	1694
1017	2327
1117	313
1146	4527
1196	3049
1243	3579
1243	2968
1258	4459
1318	2609
1329	2356
1399	1925
1446	3870
1507	2373
1616	3496
1636	4157
1698	3627
1717	3652
1854	1943
1873	3425
1925	1956
1925	4527
1925	1657
1927	2770
1947	2131
1947	3853
1957	3425
1958	3061
2021	3794
2045	2051
2045	3836
2051	3553
2051	3915
2051	313
2051	4527
2059	3738
2073	3791
3794	3821
3794	1397
3794	1621
3794	2753
3794	3663
2127	3662
2189	3627
2239	3248
2327	1657
2642	3209
2609	3099
2633	3328
2686	3662
2781	3425
2790	2903
2790	3061
2799	3229
3556	3425
3425	3089
3425	3511
2863	3397
2898	3436
2914	3099
2922	1943
2970	3662
3037	3229
3061	3527
3183	3209
3239	4569
3239	4656
3245	4583
3277	3662
3590	3791
1205	4527
3680	3826
3709	4300
3889	4004
3915	4527
1884	4549
2753	3663
3547	3328
398	3699
3049	3699
937	137
2070	137
3125	2896
3389	2896
3780	2896
4074	2655
1476	2655
4058	2655
2030	2526
1269	2526
4641	3878
947	2976
3573	2976
3710	2976
4611	91
3389	91
4034	3115
276	3115
1347	3115
59	3115
3389	3115
3734	45
2511	2994
206	2994
4651	2994
3780	2994
2335	1398
2866	1398
2277	1398
680	1398
1385	1398
4212	1398
430	1398
719	1398
443	1398
4506	1398
1948	1398
540	1398
4127	1398
3390	1398
1024	1398
826	1398
3145	1398
4460	1075
396	1075
4512	1075
1150	1075
4012	1075
865	1075
900	1075
1325	1075
4023	1075
227	1075
1221	1075
1878	1075
326	1075
3175	2897
206	3434
4193	3434
1158	4132
2764	4132
4450	4132
510	4132
4571	4132
3296	4132
274	4132
931	4132
1968	4132
3254	4132
3591	4132
4564	4132
4593	4132
3695	1822
206	1822
504	3570
102	1638
4641	1638
4253	1638
4664	3974
1432	3974
4212	3974
3687	3974
334	3974
1466	3974
4012	3974
4070	3974
853	3974
859	3974
569	3974
3308	3974
209	3974
25	3974
715	1655
620	1655
1314	1655
3780	1655
1110	285
1437	898
2511	898
4347	898
570	898
3296	898
110	898
3674	2524
206	2524
1193	471
2469	471
507	471
189	1215
1380	1215
2023	793
4506	793
3389	793
1866	1487
1269	1131
4079	1131
1269	2144
4185	2174
3595	2174
1063	2174
3503	2174
4185	679
102	679
4392	679
1063	679
4674	679
750	679
3734	679
2183	210
435	210
3695	4281
206	4281
3780	4281
1951	4307
2489	3704
3308	3704
1193	4494
2420	4494
2039	4494
2292	4494
4533	4494
2447	4494
1144	4494
2045	4494
2051	4494
313	4494
4527	4494
249	364
1269	364
2837	1478
2872	1407
2584	1841
2913	337
1800	337
1033	337
1789	294
1984	294
813	294
1888	294
3875	354
2511	354
1518	354
2186	4664
1315	4664
1121	4664
2584	2952
2030	2689
3576	2689
206	2689
4472	404
2511	2860
4433	3461
1732	3461
3380	3461
3101	3461
4374	3461
1121	3461
4193	3461
3296	3461
1399	3461
1415	3461
4523	2671
1988	2671
230	2671
4540	2671
101	2671
3734	2671
406	4470
1476	4470
3967	4523
3692	4523
4645	4523
3824	4523
458	4523
4392	4523
3921	4523
1952	4523
4173	4523
162	4523
4335	406
175	406
1326	2142
1070	3264
1221	3264
3425	3264
1414	4675
1930	4675
488	4675
249	4675
4643	4675
2051	4675
206	287
3688	287
706	287
3880	2575
2667	2575
2030	3880
3214	3880
230	1940
1948	1940
249	3866
544	3866
2533	3866
4611	649
739	649
3734	3952
1260	2328
3039	1260
443	3319
3378	3319
2680	3319
553	862
3378	862
1385	2335
4212	2335
1640	2335
172	2335
896	2335
540	2335
726	2939
407	3372
182	3062
4545	805
7	805
1231	805
1539	805
3677	805
875	805
1856	805
534	3599
2511	3599
413	3599
3791	3599
2658	1732
744	2606
2805	2606
3101	2606
3272	607
3456	607
3695	4598
2124	4598
1518	4598
1600	4669
1863	4669
3657	4669
1933	269
1269	269
4411	269
1600	3208
3396	3208
749	3208
4607	3208
3365	3208
2805	3208
1745	3208
1966	3208
246	3208
1640	3208
1279	3208
2254	3208
4207	3208
1948	3208
865	3208
3650	3208
1749	3208
2318	3208
900	3208
4154	3208
2363	3208
1092	3208
30	3208
4651	3208
3660	3208
2098	3208
2299	3208
4414	3208
3357	3208
435	3208
3296	3208
3279	3208
921	3208
388	3208
460	3208
2604	3208
2865	3208
2957	3208
3436	3208
4159	3208
4380	3208
4443	3208
3900	1432
1607	1432
2945	1432
2551	1432
1338	1432
2020	1432
4522	1432
3046	1432
460	1432
3331	1600
140	3855
2030	3855
4156	3855
3553	3189
3108	2407
2030	2407
2536	3108
2315	3108
1334	3108
2194	3108
3522	3108
2938	3108
572	3108
2613	3108
2945	3108
2304	3108
2123	3108
3600	3108
2646	3108
1020	3108
2678	3108
321	3108
658	3108
3456	3108
2666	3108
4143	3108
2199	3108
2153	3108
2377	3108
1774	3108
4171	3108
1719	3108
3291	3108
1121	3108
4666	3108
4414	3108
3274	3108
2222	3108
3375	3108
3642	3108
739	3108
2521	3108
3250	3108
74	3108
970	3108
1429	3108
1447	3108
1467	3108
1633	3108
1752	3108
1779	3108
2040	3108
2050	3108
2051	3108
3794	3108
2135	3108
2157	3108
3455	3108
2269	3108
2324	3108
2437	3108
2467	3108
2552	3108
2637	3108
3001	3108
3242	3108
3413	3108
3473	3108
3745	3108
3948	3108
4273	3108
4617	3108
1888	3108
2536	4532
2511	4532
2536	3306
2578	3306
0	3306
4381	2536
950	2536
2578	2536
0	2536
1	2536
0	4381
1286	4381
3556	4381
2578	950
0	950
1437	950
0	2578
1437	2578
1414	2567
1930	2567
2420	2567
199	2567
507	2567
2944	140
3972	140
2189	3396
3627	3396
1193	2219
1089	2219
2935	1840
249	1840
2582	1840
766	217
707	217
2438	217
249	766
707	766
2447	766
2557	2106
715	2106
206	2106
2060	2557
1221	2557
1314	2136
2208	2136
3734	2136
2395	2136
2047	2136
3663	2136
979	3195
3780	3195
1562	1332
3742	1332
584	1332
3747	1332
3819	4408
102	4408
1877	4408
3547	4408
3328	4408
1791	2793
1043	2793
3504	2793
375	2793
4120	2793
2974	4182
553	951
458	951
504	951
2764	1885
569	1885
3308	1214
528	3900
2368	3900
2955	3900
1080	3899
2146	2315
3742	2315
3734	2315
3318	2315
3296	2315
1280	2315
3175	2315
1709	2315
3662	2315
4090	4487
458	4487
504	4487
1270	4487
3125	2317
3734	1451
465	3717
2500	3717
2023	3717
3125	3717
1012	3717
4040	3623
390	2887
2035	2887
378	2887
58	2887
2580	2887
308	2887
476	721
4657	4384
1379	4574
3524	1348
3896	1348
2808	1348
206	1348
2070	1348
796	1348
4399	1348
3677	3967
1270	3967
2030	4655
2569	4655
86	4655
1943	4655
2938	1386
488	1386
249	1386
1504	1386
4046	1808
2281	4046
691	4046
2245	1596
2888	1596
3809	498
3147	498
1314	1384
424	1384
290	1384
4520	2640
430	2640
2199	2640
2070	508
2511	422
2098	422
2188	422
1270	422
1191	492
35	492
2035	492
625	4254
3824	4254
4066	4254
4571	4254
1847	4254
1535	4254
3279	4254
1893	4254
2532	4254
2633	4254
2795	4254
2957	4254
2633	3159
2030	1336
2569	2030
4404	2030
1436	2030
1629	2030
3251	2030
1229	2030
1157	2030
1475	2030
2402	2030
333	2030
1380	2030
1639	2030
2667	2030
3650	2030
2363	2030
2145	2030
4240	2030
1490	2030
647	2030
2424	2030
1486	2030
1606	2030
4436	2030
2306	2030
2955	2030
1054	2030
86	2030
1126	2030
4414	2030
4365	2030
712	2030
2981	2030
2232	2030
1631	2030
656	2030
762	2030
970	2030
1373	2030
1743	2030
1927	2030
2045	2030
2705	2030
2769	2030
2922	2030
2960	2030
3532	2030
3662	2030
3914	2030
4073	2030
2703	2030
3814	1762
529	1762
2140	1762
3895	1762
2064	2537
529	3814
1729	3814
2140	3814
3895	3814
1221	3814
1071	3814
4476	1241
4647	1390
4571	1390
2052	1193
2420	1193
7	1193
1887	1193
488	1193
1400	1193
2275	1193
2363	1193
249	1193
707	1193
2121	1193
2447	1193
2533	1193
66	1193
507	1193
1925	1193
2045	1193
2051	1193
2344	1193
4157	1193
1262	2569
2243	2569
2647	4404
1171	4404
173	4404
3734	4404
3296	4404
1373	4404
2245	3223
4339	3223
4651	3223
3389	3223
1915	3223
3780	3223
2047	3223
119	4130
1080	4130
909	4130
4015	4457
260	4457
3334	4457
2007	4457
1063	4457
3785	4457
1349	4457
3284	4457
3734	4457
1500	4457
1168	3714
178	3714
2190	3714
1190	3714
4036	3714
3598	3714
946	3714
2209	3714
3573	3714
2253	3714
2471	4485
570	4485
2504	261
2764	261
4339	1344
1271	3374
2523	3374
1551	2221
1607	2221
2355	2221
3832	2221
786	2221
1567	2221
2955	2221
2833	2221
4193	2221
3384	2221
326	2221
887	2221
1270	2221
122	2221
1551	2282
1607	2282
786	2282
1349	2282
2833	2282
4193	2282
326	2282
1270	2282
122	2282
3425	2282
1551	2489
1607	2489
3832	2489
2833	2489
4193	2489
326	2489
2642	2489
3425	2489
4122	2278
2500	465
2023	465
3125	465
1380	465
206	465
3827	465
976	465
2023	2500
3125	2500
4336	2500
1952	2500
1044	2500
893	2500
1500	2500
589	2500
3573	2500
1957	2500
4094	2500
3328	2500
3125	2023
3486	2023
3819	2023
1967	2023
1966	2023
1981	2023
3647	2023
1511	2023
1403	2023
3432	2023
1980	2023
2609	2023
847	715
1168	715
3055	715
3671	715
2883	715
4667	1437
1314	1437
2511	1437
2684	1437
2488	1437
569	1437
1984	1437
3296	1437
1078	1437
1441	2584
144	2584
1013	2584
1528	1551
2281	1551
4429	1551
814	1551
887	1551
4392	4085
2277	3120
4504	3120
4108	3120
3668	3120
3444	3120
3882	3120
138	3120
2838	3120
144	1441
2511	1441
2443	621
3858	4015
2277	4015
620	4015
3529	4015
1640	4015
577	4015
3703	4015
3101	4015
3793	4015
3173	4015
1921	4015
3389	4015
3296	4015
1500	4015
3663	4015
2463	857
4504	857
4047	857
655	529
2140	529
3895	529
4500	529
1567	529
1071	529
4354	529
3611	529
3258	529
1878	529
4331	529
2378	529
849	3125
1044	3125
3073	3125
30	1009
2642	1009
4090	3091
1170	3091
1614	3091
645	1370
4071	1370
2934	1370
979	1370
553	645
4520	645
4090	645
2948	645
2146	645
2979	645
1724	645
3635	645
1190	645
544	645
835	645
4071	645
2934	645
979	645
4522	645
3309	645
398	645
957	645
2974	645
3158	645
4289	1607
647	1607
687	1607
887	1607
2632	1607
15	1607
3175	1607
162	1607
1957	1607
3547	1607
3328	1607
668	553
1168	553
3140	553
2979	553
1724	553
755	553
1567	553
4047	553
2226	553
500	553
3891	553
4035	553
4002	3241
4495	1562
4020	1562
34	1562
3578	1562
550	1562
1619	1562
138	1562
1288	1562
2745	1562
4376	1251
3417	3466
4336	3466
1800	3466
979	3466
589	3466
4074	1340
1476	1340
4058	1340
4269	1340
366	1340
2745	1340
4623	392
2647	392
814	392
1347	392
1269	392
2299	392
2194	918
3039	1224
3456	1224
4533	1224
2447	1224
949	1224
1144	1224
958	1224
1925	1224
2051	1224
2239	1224
2039	193
4338	193
2039	182
2533	182
4506	2352
2511	2352
3209	2352
1930	2052
2420	2052
1887	2052
488	2052
2666	2052
2363	2052
249	2052
707	2052
2121	2052
2533	2052
949	2052
2370	2052
2452	2052
1207	4289
1792	4048
2314	4048
1221	4048
3175	4048
3229	4048
3662	4048
41	1191
1270	1191
3436	1191
1640	749
3101	749
1518	749
1288	4535
1476	4074
4058	4074
4020	4074
1530	4074
2200	4074
1619	4074
1747	4074
239	4074
4058	1476
4020	1476
2200	1476
1619	1476
1747	1476
1706	1476
4257	4058
4020	4058
3467	4058
1434	4058
1295	4058
3578	4058
4392	4058
4500	4058
1619	4058
1221	4058
1288	4058
2637	4058
1877	4058
663	275
3036	275
3487	275
4520	275
4090	275
1171	275
2934	275
66	275
1981	3819
4131	3819
3328	3819
4414	663
1280	3036
2067	1792
3524	2964
430	2964
2855	2964
1213	2964
30	2964
2070	2964
3284	2964
1379	2964
388	2964
2642	2964
4347	1624
2511	3487
4347	3487
979	3487
2226	3487
1168	4520
979	4520
2281	37
3498	2716
4645	2716
1518	2716
4306	3762
2597	3762
3214	2866
2277	2866
4090	2866
1610	2866
1644	2866
2919	2866
3389	2866
3296	2866
4607	1334
3086	1334
2895	1334
1397	1334
3126	4607
1579	4607
4674	4607
2895	4607
1572	4607
1980	4607
3473	4607
4159	4607
4277	4607
1304	655
1295	655
3810	655
2363	655
1190	655
570	655
127	655
4330	655
3086	655
906	655
1567	655
2413	655
3425	655
4674	119
1567	119
3389	119
4571	119
3296	119
2942	119
2642	119
2438	3912
2515	1659
512	1414
488	1414
1810	1414
2901	1414
2121	1414
3057	1414
958	1414
2316	1414
4083	1414
3690	1930
2420	1930
1887	1930
488	1930
2570	1930
1889	1930
2275	1930
2363	1930
249	1930
1951	1930
707	1930
2630	1930
2121	1930
4391	1930
2533	1930
4643	1930
69	1930
507	1930
2051	1930
2344	1930
2810	1930
3915	1930
4310	1930
313	1930
66	2194
1907	2194
592	1974
2527	4257
1282	2527
3425	2527
4275	1858
620	847
1609	847
2195	847
4269	847
1375	847
3961	847
2245	847
2646	847
4500	847
3389	847
1269	847
247	847
1121	847
4248	847
3780	847
3296	847
3710	847
2846	2463
4504	2463
2504	3873
2180	3873
3732	3873
2226	2400
1888	2400
2039	3690
7	3690
2026	3690
249	3690
3662	1809
979	3214
41	3214
4163	3858
4012	3858
3635	3858
3895	3365
711	3365
1781	523
1981	523
1068	523
4392	523
4240	523
709	523
1597	523
1369	523
2060	523
2751	523
608	523
774	523
3328	523
189	3380
1253	3380
3175	3380
1262	3380
4009	3380
4054	4472
1724	4554
4504	3417
979	3417
3793	3405
3816	3405
233	3405
2858	3405
442	4336
1800	4336
4090	4630
3671	4630
3489	4630
865	4460
874	3331
2731	3331
1709	2025
478	4623
3614	4623
249	4623
1567	4623
3101	2079
3758	3199
2511	4020
4128	4020
2182	4020
4605	4020
2680	4020
1619	4020
1939	4020
3734	1725
1269	1545
1434	4060
413	1167
580	1167
249	1167
1951	1167
2901	1167
2848	1167
3559	3524
4269	3524
4128	3524
570	3524
2424	3524
4122	3524
3284	3524
1227	3524
1379	3524
4666	3524
4335	3524
2942	3524
570	3812
2511	1098
15	1098
30	1881
2070	1881
1690	1881
2642	1881
2146	3781
3850	1483
1221	1483
3101	2474
3846	2474
3645	1061
1380	1061
1354	1061
1812	1061
1729	2277
280	2277
3668	2277
2292	2277
3389	2277
1640	1781
234	1781
2164	1781
3389	1781
3734	1781
3296	1781
2047	1781
2096	4078
3965	4078
3099	2636
2805	744
1745	744
1496	744
881	744
881	2805
1001	2805
2409	2263
2491	2258
4479	1745
4565	1745
292	1745
3209	1745
4564	1745
2190	1729
3895	1729
1033	1729
4122	1729
1567	1729
4354	1729
3209	1729
4090	563
3677	563
1986	563
1986	3093
3098	4169
1380	4169
1579	4169
1871	4169
668	4024
884	4024
1154	4024
102	4024
1295	4024
1323	4024
1020	4024
3703	4024
1598	4024
3082	4024
239	4024
3101	4469
1349	4469
4346	4469
4144	4469
875	4185
1981	3522
4009	3522
1154	668
102	668
3703	668
1598	668
3895	668
4611	668
1567	668
859	668
1269	668
3175	668
1318	668
3425	668
550	2629
1567	2629
139	4090
3692	4090
3824	4090
1170	4090
4481	4090
4332	4090
979	4090
453	4090
1986	4090
1984	4090
2378	4090
162	4090
4195	923
3106	3931
2808	3931
4017	3931
3734	3931
2783	1039
2646	1197
4651	1197
1761	3498
1121	3498
2206	4034
1530	4034
23	4034
3677	4034
1546	4034
4234	4034
4540	2734
4284	2734
4121	2734
128	2734
927	1967
1455	932
172	1069
102	1069
3101	2118
3734	2343
2511	396
3793	396
3012	396
2511	3004
4155	3004
719	4667
3723	2830
3677	2830
1986	2830
44	24
1154	1306
1295	1306
3328	1306
1173	3550
1952	3550
1058	3550
4122	3550
2226	3550
689	3550
3529	4545
4392	4545
1397	4545
1518	714
1965	312
849	620
4530	620
333	620
190	620
4339	620
1349	620
3784	620
3291	620
2523	620
4278	620
2047	620
769	620
1391	620
2642	620
3511	620
2064	2784
1369	2784
3432	2784
3734	1988
1385	4550
4212	4550
3734	4550
1385	1158
1382	2504
3595	2504
4293	2504
662	2504
4657	2504
4007	2504
2438	2504
3042	2504
3723	2700
4250	2700
1986	2700
1225	884
4374	3098
1579	3098
3734	3098
3296	3098
2487	1168
2183	1168
584	1168
3291	1168
522	1168
3425	1168
3817	2044
1121	80
3734	80
1258	80
86	2423
3573	3220
4374	309
1518	309
3734	309
3296	309
1304	1352
549	3228
2511	223
2129	1436
3403	1436
2511	1629
1229	1154
2551	1154
102	1154
2146	1154
1290	1154
3082	1154
133	1154
1747	1154
2937	1154
3734	1154
3296	1154
875	121
3951	121
2632	4
3296	4
2226	3840
996	757
4409	757
3479	757
3822	757
987	757
286	757
2688	757
2181	757
3816	4142
233	4142
2026	2420
488	2420
2148	2420
249	2420
1504	2420
2121	2420
2447	2420
2533	2420
949	2420
958	2420
2051	2420
4386	1818
4398	1818
3581	1818
2089	1818
3650	1818
2541	1818
4398	4386
3581	4386
2089	4386
3581	4398
2089	4398
2089	3581
3137	3581
1269	1123
443	1127
2511	1127
3615	1127
2810	2935
4009	2935
1400	2938
4055	2938
2428	2938
160	2938
44	2938
4083	2938
4446	2938
4527	2938
313	760
4212	1385
3675	1385
488	2039
2271	2039
1157	2039
249	2039
4614	3251
3389	3251
2447	3251
4338	3251
608	3251
2271	2092
3456	2092
2026	7
580	7
4481	7
2363	7
1951	7
1144	7
2051	7
313	7
4527	7
1887	2026
488	2026
534	2026
218	2026
462	1887
1889	1887
2872	1887
2890	1887
1951	1887
4533	1887
2447	1887
218	1887
4643	1887
66	1887
1144	1887
2051	1887
1205	1887
313	1887
4527	1887
3675	4212
3250	4212
931	4212
2011	4212
3128	3055
1786	3055
4269	3055
3692	3055
1614	3055
4183	3055
1107	3055
4332	3055
2582	3055
3278	3055
2511	4052
2070	246
2999	246
1637	246
3889	246
2891	3529
826	3529
2048	3529
3296	3529
1036	3529
4012	1431
458	673
3046	673
3382	3687
2613	3687
2909	3687
2785	3687
3173	3687
302	3687
15	3687
880	3687
2511	3382
880	3382
1219	3369
880	3369
4497	2710
2140	4497
661	196
4012	2613
4121	2613
1295	2387
3734	4576
1269	4319
1221	4319
3934	488
1810	488
2014	488
1889	488
413	488
580	488
2872	488
1080	488
1506	488
2363	488
934	488
2890	488
4066	488
4533	488
2447	488
949	488
218	488
2848	488
4643	488
1144	488
958	488
1925	488
2045	488
2051	488
2239	488
313	488
4527	488
2368	3589
1264	3589
2395	3589
3046	3589
880	3589
110	3589
1796	3589
334	1400
3945	1400
2363	1400
2848	1400
4643	1400
1925	1400
2045	1400
313	1400
4527	1400
2703	1400
430	1229
2060	1229
921	1229
3239	1229
2528	1229
4674	1140
507	2213
1036	904
2946	812
1323	812
260	812
3296	812
1315	3695
863	3695
4269	3695
2227	3695
826	3695
3389	3695
2523	3695
1087	3695
1984	3695
2173	3695
2737	3695
3410	3695
3584	3695
478	2861
1089	2861
3384	3039
66	3039
1399	3039
2822	3039
1205	3039
1119	2741
478	2741
3061	3902
1579	1016
1720	1016
2511	1972
1220	334
1220	116
4651	4525
3561	4525
846	35
1952	35
1231	34
1319	34
230	34
3578	34
550	34
1107	34
2241	34
4563	34
3425	34
3061	34
230	18
4539	430
4506	430
1889	430
3817	430
1326	430
16	430
1708	430
3291	430
3634	430
136	430
2761	430
661	1786
1863	1815
58	836
3889	836
1314	4167
1933	4167
1520	4167
2145	4167
3951	4167
2764	2936
3285	740
3285	4512
1325	4512
1221	4512
1739	4512
4354	4512
1567	178
1269	178
4571	178
3425	178
249	2774
707	2774
205	2774
577	2010
230	2010
3684	2010
550	2010
3793	2010
1107	2010
4332	2010
1500	2010
2481	3934
249	3934
66	3934
2440	3934
1468	1382
2491	1382
2354	2251
3295	421
3734	421
3787	421
886	1223
2764	1223
102	1223
1323	1223
584	1223
3827	1223
4611	1223
4017	1223
3432	1223
4193	1223
3296	1223
2642	1223
2764	886
2334	886
8	886
1422	1610
3692	1610
3837	1610
2308	1610
1347	1610
578	1610
1286	1610
691	1610
1347	1422
1282	1422
859	1422
2918	1422
578	1422
4504	937
4662	937
206	937
3198	937
1920	2764
1323	2764
3361	2764
350	2764
2778	2764
3542	2764
578	2764
2455	2764
388	2764
1360	2764
2433	2764
3544	2764
4352	1150
865	1150
1325	1150
1221	1150
4354	1150
1878	1150
326	1150
4614	719
661	719
4275	719
4007	719
2810	719
1157	1176
3069	1176
297	1176
3166	1315
1397	1315
1621	1315
2753	1315
3742	4294
3773	4294
1442	2462
66	2469
146	2469
1282	2647
4611	2647
859	2647
2918	2647
2632	2647
2691	2647
435	1981
2633	1981
3547	1981
3328	1981
3442	442
248	442
122	442
122	3442
3038	3314
3145	2210
1314	1246
2511	846
1796	846
249	534
4533	534
3580	1314
1428	1314
2064	1314
2612	1314
1546	1314
2979	1314
39	1314
4276	1314
2719	1314
3215	1314
86	1314
453	1314
3978	1314
2580	1314
4203	1314
4265	1314
4234	1314
4347	3580
3734	443
3734	1235
435	1235
2491	1235
906	1304
1567	1304
3662	4059
205	4059
3432	676
3953	1378
1518	1378
3734	1378
594	1378
3389	1865
4128	1119
249	1119
707	1119
3175	1119
3553	1119
1323	4270
1020	4270
1219	1933
2334	1933
3235	1933
3166	1933
4193	1933
2226	1933
3397	1933
47	1219
1555	1219
564	1219
3684	1219
1555	47
4339	3953
209	3953
687	1555
507	564
1408	2588
206	262
3780	262
3389	438
1496	802
1627	802
4651	1679
4172	3106
2511	3106
2727	3106
2498	3106
986	3106
4156	3106
3144	3106
57	3106
3734	3106
691	3106
2161	3106
4160	4172
2498	4172
691	4172
1936	1428
921	1428
4500	1789
1619	1789
1157	2271
1810	2271
3958	2271
2895	2271
1221	2271
4338	2271
1631	2271
608	2271
1775	2271
4641	3481
1943	3481
1043	2304
3504	2304
3608	2359
2511	2359
1295	2359
2491	2359
699	2359
986	4539
4504	3075
97	1640
173	1640
3456	1640
1185	1640
2153	1640
2765	1640
1773	1640
3640	1640
4449	1640
2735	1640
4234	1640
2843	4323
390	4323
3578	4323
947	3608
522	3608
1528	947
844	947
3784	947
3432	947
2146	278
2511	549
1121	549
1319	4417
896	172
4479	172
2646	172
1319	172
522	172
390	2843
707	1810
2533	1810
1925	1810
3097	1810
4248	4057
407	4057
3827	2551
3291	2551
4468	2481
1269	1134
3734	1134
3924	3233
3033	3233
4641	3233
81	462
2511	462
3378	462
3101	462
986	863
355	863
2668	863
3734	863
2814	863
3258	863
3318	863
3296	863
25	863
3650	189
1269	4222
206	849
2195	1609
3961	1609
247	1609
3547	1609
3961	2195
3703	2195
247	2195
3547	2195
4374	1195
4405	1195
3734	1195
3296	1195
3734	1037
388	3595
3033	3924
4339	3033
1169	3033
3665	3033
4269	3367
979	2948
2226	2948
2104	1520
30	3559
3284	3559
4155	3559
1379	3559
4666	3559
4671	4269
3284	4269
247	4269
2107	4269
662	273
206	273
2413	273
1274	273
1171	390
4605	390
3951	390
1455	390
1220	390
4225	390
1058	390
545	390
1033	390
4122	390
2487	2846
1749	2846
4047	2846
861	2846
2736	2846
3078	4044
3144	4044
127	4044
3734	4044
3296	4044
661	478
4055	4504
1753	4504
979	4504
3166	4504
4047	4504
247	3961
687	82
3951	82
504	82
2646	896
528	896
3951	896
3827	896
2164	896
407	896
229	896
4563	896
1270	896
366	81
1644	81
1319	81
3793	81
3951	81
1107	81
2098	81
4540	81
4121	81
2745	81
1694	81
3710	81
1269	1456
3261	3833
507	3833
249	2014
707	2014
206	1171
3148	1171
1033	1171
2047	1171
3556	1171
1518	293
998	2950
2511	3753
1279	2913
540	2913
1627	2913
3209	2913
540	1279
3456	2314
3439	2314
3235	2314
206	139
4611	139
3780	139
209	139
2888	139
1110	3161
2047	3161
3101	419
1319	2108
3723	2108
623	2108
3734	2108
2511	2355
887	2355
3810	497
1910	822
4671	3674
3635	3674
2765	3674
86	3674
4657	3674
3456	3958
2363	3958
2447	3958
292	4479
4094	4479
2487	173
3542	173
3173	173
699	173
2808	4506
3296	4506
3668	280
3444	280
1529	3970
3444	3970
1369	2129
3582	2129
1606	2847
4611	4580
1518	1356
4374	4151
3734	4151
1325	2245
1984	2245
424	4425
540	366
4611	366
3163	366
2750	366
1442	366
2745	366
2124	631
2238	2738
1221	3140
4108	4654
260	3764
1180	3764
3663	3764
4592	3564
1749	3564
1893	3564
2865	3564
4624	3564
1791	2511
1231	2511
1068	2511
4181	2511
4531	2511
4429	2511
4671	2511
2902	2511
2260	2511
2673	2511
263	2511
4566	2511
928	2511
4489	2511
1354	2511
1249	2511
4127	2511
964	2511
1951	2511
4662	2511
4228	2511
2919	2511
2882	2511
1593	2511
848	2511
2377	2511
2679	2511
597	2511
4121	2511
3142	2511
3082	2511
2538	2511
3882	2511
4040	2511
2306	2511
1030	2511
2000	2511
1217	2511
1690	2511
3256	2511
60	2511
3615	2511
578	2511
4037	2511
1227	2511
1121	2511
2417	2511
2447	2511
2924	2511
2077	2511
4391	2511
2943	2511
3258	2511
1253	2511
3964	2511
216	2511
1720	2511
1980	2511
3132	2511
3279	2511
1631	2511
54	2511
1852	2511
122	2511
126	2511
175	2511
222	2511
297	2511
307	2511
416	2511
460	2511
524	2511
931	2511
1067	2511
1093	2511
1149	2511
1196	2511
1517	2511
1616	2511
1670	2511
1685	2511
1871	2511
1893	2511
505	2511
2158	2511
2243	2511
2356	2511
2421	2511
2468	2511
2654	2511
2690	2511
2775	2511
2809	2511
2954	2511
2965	2511
3097	2511
3180	2511
3260	2511
3395	2511
3462	2511
3532	2511
3552	2511
3610	2511
3662	2511
3673	2511
3701	2511
3720	2511
3891	2511
3910	2511
3985	2511
4119	2511
4311	2511
4361	2511
4388	2511
4443	2511
4569	2511
4624	2511
4626	2511
4638	2511
2161	2511
205	2511
1325	1644
1699	3393
1849	2064
41	2064
3235	2064
2413	2064
15	2064
3473	2064
707	3775
2848	3775
1380	2206
3296	2206
3617	821
1566	625
1347	625
4392	62
3082	62
1984	62
3296	62
1888	62
4414	4439
2885	2697
4181	1791
375	1791
3680	1064
1269	1099
4560	1231
1824	1231
458	3692
504	3692
1653	3692
2833	3692
3986	3692
1270	3692
1694	3692
86	4645
1446	4645
458	3824
3723	3824
4611	3824
2189	3824
1614	458
4636	458
658	458
550	458
504	458
2833	458
3198	458
2786	458
976	458
1076	458
1270	458
859	333
86	333
2021	333
1397	333
1943	333
4563	3614
2363	2570
2121	2570
2447	2570
3296	2570
1144	2570
3675	2570
3568	2570
4527	2570
1749	2646
3734	2646
3296	2646
4278	2646
1394	2646
3197	2788
1504	2372
4339	4160
1262	4160
276	1110
887	3837
1080	4128
2680	4128
209	4128
4009	4128
2711	3672
3606	577
3101	1530
3083	1530
1013	1530
3209	1530
2679	2727
1712	2727
3879	2727
1286	2727
3101	2711
1712	2711
3101	2884
2477	1380
1512	1380
3175	4367
4651	729
86	1434
3573	1434
230	1539
1856	1539
4563	1539
1295	102
1323	102
1020	102
3703	102
477	102
2148	102
3795	102
2070	102
510	102
2906	102
2164	102
3082	102
133	102
3394	102
4354	102
58	102
3986	102
1604	102
2974	102
1323	1295
1020	1295
3703	1295
1077	1295
570	1295
3082	1295
943	1295
906	1295
1227	1295
1379	1295
407	1295
2730	1295
3573	1295
2132	1295
2852	1295
1020	1323
3703	1323
2148	1323
2140	1323
4183	1323
4662	1323
206	1323
4540	1323
4436	1323
2918	1323
2730	1323
628	1323
481	1323
1902	1323
2337	1323
3703	1020
2070	1020
2914	1020
2376	1020
4662	3703
206	3703
599	3703
3747	2678
3725	2678
1221	2678
4429	2182
3425	2182
1753	3361
1369	1528
3773	2281
1567	2590
4571	2590
3413	2590
1500	1319
477	1184
249	1889
2121	1889
3915	1889
249	413
934	413
707	413
1925	413
3553	413
2104	582
4641	4181
1221	4181
2378	4181
2838	4181
249	2694
249	580
1951	580
3355	580
707	580
958	580
1318	580
1796	580
1951	2742
628	3823
2189	3823
2547	4565
1749	4565
1269	4565
1221	3378
2937	3378
4392	1614
1058	1614
3503	1614
4641	2684
1518	2684
3296	350
206	600
4275	4531
4500	9
3491	9
2808	2095
1749	4592
3677	2956
1033	2956
1856	2956
3270	2956
514	2956
59	276
4540	276
4047	276
2565	3101
2782	3101
3677	3101
2428	3101
2692	3101
4546	3101
2882	3101
2488	3101
4604	3101
4002	3101
1606	3101
2035	3101
2060	3101
1221	3101
2586	3101
468	3101
476	3101
2316	3101
2083	3101
2337	3101
2421	3101
2559	3101
2599	3101
2892	3101
2954	3101
2970	3101
2971	3101
3071	3101
3073	3101
3103	3101
3565	3101
3735	3101
4009	3101
4097	3101
4012	3430
2208	3430
1221	3430
4012	4163
3318	4163
3422	4163
3657	4163
3883	4163
4012	1978
1221	1978
321	4012
2928	4012
3773	4012
1221	4012
1739	4012
3734	4012
1071	4012
1212	321
1173	321
1325	321
1221	321
1739	321
216	4633
3826	2565
3425	4652
1190	2208
1347	2208
4611	2208
3432	2208
927	2208
2667	2794
3606	2254
1369	2254
957	2254
3221	2254
4450	3804
260	3804
4352	2146
835	2146
3598	2146
979	2146
2937	2146
2413	2146
2632	2146
2226	2146
388	2146
4097	2146
3734	2448
1942	4450
1222	4450
2735	4450
3734	3295
2487	4207
3296	4207
926	4207
3451	4207
934	4192
3296	3756
3422	3756
3173	3141
3993	3141
861	1942
100	230
1888	230
234	4429
1190	4429
1952	4429
874	4429
3425	4429
1948	4671
234	2902
4225	2902
3494	2902
4674	4448
3480	4448
3688	4448
1417	2227
3688	2227
249	2872
934	2872
707	2872
2121	2872
1880	2872
2394	2872
798	1529
4198	1529
86	243
1943	243
1878	2724
4032	2724
4641	4359
560	2190
376	2190
4228	4166
4122	4166
3503	4166
3780	4166
2047	4166
2012	3976
900	2612
3832	2612
39	2612
3390	2612
2580	2612
1500	2612
4285	2612
3895	1598
3235	1598
984	4409
3482	3810
400	3810
1085	3810
974	3810
263	3810
3510	3810
100	3810
4183	3810
906	3810
1567	3810
1221	698
1928	2748
1914	2320
4593	987
3937	1934
712	1934
2311	1934
1161	1934
1221	4280
3802	2782
3451	4566
234	528
1349	662
1592	662
1932	323
4339	323
4546	323
1221	3647
1417	986
2804	986
1532	986
3322	986
3144	986
875	986
1749	986
2318	986
853	3892
1269	4629
1639	3363
1116	571
3242	1673
4458	1639
2156	1639
875	4156
1749	4156
3573	2308
2007	260
1379	260
3110	260
1222	4374
1033	4374
4414	4374
3296	4374
2421	4374
2434	4374
1699	1948
1878	1948
4215	2667
1811	2667
2232	2667
3145	2667
3606	3334
861	3334
2188	3684
1063	2007
570	2007
1227	2007
3734	2007
1500	2007
3110	2007
539	3240
3235	3240
2368	852
544	852
298	4642
1269	4639
1024	100
55	1965
4391	1965
199	1965
2051	1965
3456	3272
4549	3272
524	3083
8	1932
2096	2148
249	2148
3061	2148
84	865
420	865
1325	865
4023	865
227	865
1221	865
1878	865
326	865
2503	865
3163	540
1442	540
4500	540
2745	540
249	1080
2133	1080
4391	1080
1925	1080
2239	1080
3322	1417
3456	1417
1749	1417
3439	1417
3780	3578
4563	3578
209	3578
3627	3578
1986	4481
3444	3650
3963	3650
4275	3157
3868	1997
1087	1997
388	1997
844	1726
1369	1726
2940	1726
1904	1726
3951	4070
3747	4070
3723	4187
1986	4187
980	2875
1717	2875
504	4636
3677	4392
875	4392
1856	4392
41	4392
1986	4392
4563	4392
4273	4392
570	3896
2424	3896
2070	3896
1856	3896
1227	3896
3425	3896
3239	3896
1107	3723
2083	3723
504	658
1546	3677
2098	3677
3593	3677
4332	3677
1856	3677
453	3677
4234	3677
504	550
3921	550
2833	550
453	550
1878	550
3986	550
1270	550
2909	2140
3895	2140
3011	2140
1878	2140
93	1063
3606	1063
2241	1063
1694	1063
2909	303
1269	303
1689	303
689	303
921	303
3606	3785
861	3785
1986	1546
3937	2880
4278	2487
1302	844
881	844
913	844
1532	2610
875	2610
1749	2610
875	2804
1749	2804
1290	1532
875	1532
3456	1532
1749	1532
1509	1532
1960	1532
3456	1290
2318	1290
3439	3322
875	3144
1749	3144
57	3144
1496	3144
3734	3144
2471	875
4665	875
1269	875
3734	875
3662	875
2363	3456
3439	3456
1496	3456
1592	3456
3296	3456
4007	3456
958	3456
3568	3456
2471	1749
3444	1749
4054	1749
1592	1749
3734	1749
3734	57
1147	2318
3496	2471
797	2096
1464	2944
1301	2608
1506	1491
807	1800
249	1506
612	1506
2121	1506
1302	1910
2306	2497
249	4677
2827	3297
4648	3297
3792	3297
2034	3297
4339	3297
3328	3297
4648	2827
3792	2827
2034	2827
1591	2827
3792	4648
2034	4648
2034	3792
136	3792
2060	1993
4110	2275
3261	2275
1479	2275
66	2275
1144	2275
2452	2275
1479	4110
1144	4110
2047	4452
1952	1207
3308	1207
4155	1181
3278	1381
1354	2368
544	2368
3166	2368
4347	900
39	900
3390	900
1496	900
3209	900
3175	316
711	2167
4347	1566
4347	3815
4347	4489
1911	1736
2431	1736
1567	1820
3734	1820
1567	1354
2663	1354
218	2909
25	2909
3780	2979
2047	2979
4321	2979
4339	1724
110	1724
3734	814
3425	1812
3734	190
2592	1326
3436	1326
4265	1326
30	4055
226	4055
160	4055
3357	4055
3235	4055
435	4055
804	4055
2452	4055
1397	4055
4134	2310
1939	2310
1567	2778
1130	2778
538	142
3209	4154
3773	2465
1838	3888
3945	925
1761	925
3945	1579
490	1579
980	3945
1867	3945
2231	3945
2706	3945
2236	2066
3842	2723
4641	4405
3491	980
3270	3842
1925	3842
4312	2406
2424	4013
39	3832
3390	3832
2580	3832
887	3832
584	2666
3734	725
1092	4347
3742	4347
2523	4347
3611	4347
1391	4347
3425	4347
249	2363
934	2363
2890	2363
707	2363
2447	2363
949	2363
218	2363
1144	2363
1925	2363
2045	2363
2051	2363
3425	2363
313	2363
4527	2363
249	491
1925	491
612	249
1951	249
3548	249
1518	249
4533	249
2901	249
2447	249
949	249
2848	249
4643	249
66	249
1144	249
507	249
958	249
2316	249
1925	249
2045	249
2051	249
2239	249
2452	249
3553	249
3802	249
3836	249
313	249
4527	249
2848	412
2045	412
2982	412
3310	412
2226	964
3391	3294
326	3294
4339	1723
584	1723
1302	1723
1567	1723
3389	1723
880	1723
4377	1723
2226	4641
1689	4641
2191	4641
4193	4240
3444	1313
807	1313
206	1203
707	934
2447	934
1144	934
958	934
3061	934
313	934
661	4271
199	612
3734	1490
3747	4143
3671	3299
3951	3299
1619	3299
4249	3299
3793	3671
3895	3671
1619	3671
2600	3793
3606	3793
3816	234
233	234
4121	234
3263	234
1286	1185
1270	1185
3806	2890
707	2890
2121	2890
2533	2890
2848	2890
66	2890
1925	2890
2051	2890
313	2890
300	3758
2600	3895
1221	3895
1071	3895
2378	3895
921	3895
300	3809
1221	3809
300	377
94	300
1518	300
1982	300
3660	3635
1033	3635
3046	3635
2047	3635
3425	3635
3791	3635
3663	3635
308	2236
707	1951
2901	1951
2848	1951
4643	1951
17	1951
2178	1951
1753	3877
4562	3877
687	647
2124	647
4611	647
4436	647
4040	647
1787	647
1130	647
4562	647
15	647
3175	647
2047	647
1212	687
4605	687
3583	687
1863	687
4540	687
4040	687
1787	687
874	687
1468	687
1130	687
4562	687
15	687
2047	687
3547	687
3328	687
3742	786
887	786
1811	786
4562	786
120	786
1957	786
1399	1065
2719	4458
1296	1753
584	1190
1567	1190
979	1190
1130	1190
398	1190
4605	1212
3583	1212
1863	1212
1173	1212
1419	1212
1455	1212
1952	1212
1220	1212
4225	1212
1058	1212
2680	1212
545	1212
1033	1212
4122	1212
1468	1212
1957	1212
3425	1212
3026	1212
1468	4605
3780	4605
1455	3583
4225	3583
1468	3583
2668	3583
86	2183
705	3806
2045	3806
3389	2139
2051	1504
4073	1504
861	952
1567	1222
3734	1222
3296	1222
2424	570
2919	570
2688	570
1567	570
2918	570
1044	570
1379	570
3432	570
218	570
4620	570
1500	570
3573	570
3046	570
255	570
1296	570
1796	2808
2965	2808
4661	2808
2541	2808
796	1664
30	2855
2070	2855
1379	2855
4666	2855
2642	2855
30	2424
859	2424
1712	2424
1379	2424
3978	2424
796	1213
4500	909
3014	909
4662	1092
206	1092
2070	1092
1379	1092
3284	30
3734	30
2642	30
206	4662
2070	4662
4155	4662
1379	4662
4666	4662
4047	4662
1852	4662
2070	206
826	206
2334	206
1712	206
4155	206
1379	206
4666	206
2523	206
1984	206
1001	206
2731	206
589	206
637	206
3229	206
3284	2070
1227	2070
888	2070
1672	2070
3209	2070
3254	709
3444	1285
313	3719
1619	3951
874	16
1996	3443
435	755
3296	755
1013	755
204	755
2047	755
466	755
3425	755
120	3742
3474	39
3390	39
2580	39
3784	127
584	127
4096	127
242	127
782	127
2241	3606
4248	3606
4335	3606
1500	3606
1959	2835
3425	2835
1986	1107
1878	1107
1182	504
1593	504
1024	504
1468	504
2833	504
3046	504
3198	504
2786	504
976	504
1076	504
1270	504
1757	504
1780	504
4533	4432
3734	1883
2814	1883
3422	1883
4611	1511
3291	1511
4571	4674
3734	4674
3296	4674
2642	4674
2180	1994
942	622
1269	623
4047	623
522	623
942	623
4339	3489
1173	3489
1347	3489
1338	3489
3827	3489
2899	510
798	510
3215	4339
2980	4339
2226	4339
976	4339
25	4339
1957	4339
3680	4339
1338	1173
1455	1173
1952	1173
1220	1173
4225	1173
1058	1173
3226	1173
2680	1173
545	1173
1033	1173
4122	1173
1915	1173
1325	1173
1619	1173
2222	1173
4413	1173
2226	1173
689	1173
3816	1349
233	1349
1033	1349
2000	1349
887	1349
2222	1867
2153	1347
1952	1347
4225	1347
1033	1347
2222	1347
4620	1347
1915	1338
2226	1338
2919	3784
1033	3784
1567	3784
1369	3784
3432	3784
1013	3784
2378	3784
59	1282
4540	1282
1033	1282
3734	1282
589	1282
3145	1282
2153	584
2124	584
1033	584
1690	584
1567	584
1403	584
2632	584
2731	584
798	2899
3668	4108
3744	3668
979	882
4278	882
4043	1583
4225	1583
4651	648
2785	648
3296	4312
4562	4312
3720	538
4407	3441
3086	4330
1567	4330
798	2919
3827	59
545	59
874	59
1267	59
233	3816
1419	3816
1033	3816
2918	3816
444	3816
3511	3816
3473	233
4651	4131
1925	4131
2411	4131
2906	833
1468	2928
3773	2928
578	2928
2528	2928
3972	483
3173	4651
1030	4651
1283	4651
2104	4651
126	4651
3328	4651
1160	2200
2008	2200
2961	2200
2737	2785
3673	107
4656	107
1221	3444
4332	3747
4248	3747
407	3747
1694	3747
1856	2098
514	2098
3438	4546
870	4546
3734	4546
4563	797
1604	797
1856	3593
1986	3593
1496	3390
247	3390
2937	3390
248	3390
1662	1496
3710	1496
2164	1261
3291	1261
3296	1261
1567	2292
3389	2292
4571	2292
58	2292
3296	2292
1036	2292
4204	2292
1455	2164
1058	2164
3291	2164
4037	3173
699	3173
4540	2488
848	2488
4284	2488
4191	2488
290	2488
4611	2488
351	2488
40	2488
73	2488
878	2488
4284	4540
4191	4540
4611	4540
839	4540
4191	4284
290	4284
4611	4284
2679	4191
4611	4191
1911	4191
2377	2124
290	2124
1518	2124
1806	2124
1663	2124
290	2377
1518	2377
1911	2377
1518	290
2679	290
3851	290
4611	290
4121	290
1262	290
4121	1518
1227	1518
1298	1518
1806	1518
1663	1518
75	1518
684	1518
1357	1518
2408	1518
1397	1518
3851	2679
2763	2679
4611	2679
4121	2679
2763	3851
4611	3851
4121	3851
4611	2763
4121	2763
1220	4611
4121	4611
1567	4611
2940	4611
2739	4611
288	4611
1078	4611
4278	4611
1401	4611
4250	4604
3941	1051
1024	1051
1221	4002
1269	742
1455	1419
1220	1419
4225	1419
1058	1419
2680	1419
545	1419
1033	1419
2249	1419
1220	1455
4225	1455
1058	1455
2680	1455
545	1455
1033	1455
4122	1455
3425	1455
2680	1952
1033	1952
3780	1952
308	1952
2699	1952
2680	1220
1033	1220
1008	1220
1058	4225
2680	4225
1033	4225
1130	4225
927	4225
2680	1058
1033	1058
1325	1058
3780	1058
1442	4121
1024	3148
1258	3148
2008	3148
170	1024
1269	3082
2980	3082
17	3082
239	3082
661	2555
3616	2555
545	2680
1033	2680
4122	2680
1804	2680
1033	545
3826	545
4122	1033
1567	1033
1269	1033
3503	1033
4047	1033
1521	1033
3556	1033
1325	4122
15	4436
1270	4332
3341	1442
4248	1442
1221	1442
2719	3284
4155	3284
1379	3284
4666	3284
608	902
1811	4040
15	4040
15	1787
835	2306
3734	943
979	835
4500	874
2719	874
3296	874
1286	874
1270	874
4204	874
3556	874
3826	874
205	874
1878	4500
375	4500
1001	826
1712	1030
3734	1597
859	3011
707	4533
2121	4533
2533	4533
949	4533
2045	4533
3734	839
2226	839
4406	839
4562	2765
1054	661
958	661
1604	661
1890	661
4261	661
870	3438
507	2020
3883	2020
785	1217
3662	4276
298	3501
3389	2334
1888	2334
71	1302
514	1856
199	2682
1759	2719
1637	2999
435	1637
1567	226
4498	853
2753	853
3086	1109
906	3086
1567	3086
2895	3086
1397	3086
2192	4665
859	4665
2895	4665
859	2192
2895	2192
1567	906
298	906
4047	1567
887	1567
2632	1567
1712	3225
3642	3225
3389	1403
3734	1403
4193	1403
3296	1403
1036	1403
578	859
1286	859
913	133
2955	3389
60	3389
4383	3389
750	3389
2523	3389
2632	3389
2173	3389
1078	3389
2731	3389
4278	3389
2609	3389
60	2955
4383	2955
4383	60
2731	4171
4331	1826
2705	1826
1269	2169
2914	2169
3826	2169
675	1269
58	1269
197	1269
222	1269
301	1269
362	1269
514	1269
808	1269
926	1269
957	1269
958	1269
1137	1269
1243	1269
1267	1269
1429	1269
1492	1269
2798	1269
3886	1269
4226	1269
4318	1269
4322	1269
4476	1269
4496	1269
4624	1269
110	750
378	2035
58	2035
2580	2035
308	2035
308	3197
1706	160
227	420
1811	2241
1500	2241
308	3480
979	4071
1973	4071
2230	4071
4159	4036
998	4036
3734	2668
302	2668
3309	2668
436	2668
2189	2668
2307	2668
3965	2668
58	378
308	378
3734	2918
347	128
689	128
2447	707
2848	707
4643	707
705	707
1144	707
958	707
1925	707
2051	707
2452	707
3278	707
313	707
979	2934
2226	2934
3734	247
628	247
3198	247
2552	247
3458	247
3547	247
3328	247
3611	3773
1878	3773
1687	3773
1227	1054
3425	1054
3175	3445
3868	569
1811	569
3328	569
3425	3598
3636	3615
3663	3615
589	1044
1888	4672
375	1770
3309	979
4278	979
398	979
957	979
3158	979
3826	979
2008	3503
861	86
3145	86
2922	86
3532	86
3706	86
1943	86
3425	578
1712	796
654	796
2980	351
3425	351
1668	2980
1680	2980
1712	1227
1379	1227
4666	1227
3110	1227
3732	1227
881	1369
3432	1369
2597	1369
1759	1369
2888	2940
3432	3937
4273	3937
1379	1712
3110	1712
4666	4155
2452	1973
2811	1973
17	2901
357	2901
4047	4571
1371	4571
3680	3291
3734	1121
347	1121
589	1121
524	1121
3110	1379
3209	1379
3734	4666
435	4666
3296	4666
3209	4666
1089	28
1816	4275
3357	4275
1922	4275
407	3868
407	4248
1915	407
4335	407
2745	407
1406	407
2521	4324
3203	4324
2447	2121
949	2121
2848	2121
66	2121
1144	2121
1925	2121
2045	2121
2051	2121
313	2121
4527	2121
2047	3846
2299	1057
2528	1057
2753	1057
2047	2523
2642	2523
3425	1936
887	2833
3734	881
2533	2447
949	2447
218	2447
1117	2447
1925	2447
205	2447
435	3432
1759	3432
3018	3432
2597	4414
3296	4414
388	4414
699	4414
2077	41
3686	41
435	41
3038	41
3686	2077
3038	2077
3038	3686
1221	2060
927	2060
2888	2060
2977	2060
4640	2060
4498	3357
3657	3978
3915	1298
3328	1298
3422	3743
1957	1130
4023	1325
1878	1325
494	1325
326	1325
4413	1325
2745	1325
913	1619
227	4023
2916	4023
2916	227
326	227
3250	227
1739	1221
4354	1221
3375	1221
4331	1221
4141	1221
2173	1221
4173	1221
1152	1221
2540	1221
3250	1221
921	1221
1854	1221
1927	1221
1928	1221
2379	1221
2605	1221
2841	1221
3410	1221
3433	1221
3473	1221
3528	1221
3772	1221
3869	1221
3910	1221
4354	1739
3611	1739
3734	2937
3296	2937
169	2937
2249	3734
1811	3734
4484	3734
1001	3734
1078	3734
717	3734
1371	3734
1903	3734
804	3734
1059	3734
1674	3734
2421	3734
2434	3734
2467	3734
2888	3734
3037	3734
3511	3734
3627	3734
4388	3734
3547	3734
524	2814
3296	946
1270	946
4047	2222
4413	2222
4354	1071
3611	4354
3132	3611
2047	3611
2067	4498
3296	2086
3203	3235
682	3235
970	3235
1361	3235
1670	3235
3278	3235
522	2388
3780	1984
308	1984
1888	1984
435	3166
807	3166
4193	2507
1746	2507
1144	2533
507	2533
958	2533
1925	2533
2051	2533
2239	2533
313	2533
807	4193
887	4193
1957	4193
807	435
4411	435
2865	435
3657	435
667	807
2731	4047
957	4047
3425	4047
3826	4047
2214	1141
1144	1479
205	1479
4560	3384
4278	3384
3527	3384
1796	2237
1500	3780
4563	3780
1001	3780
637	3780
1871	3642
2848	949
1144	949
1755	949
2051	949
3915	949
4527	949
308	4346
2580	58
308	58
2226	58
308	2580
3573	2413
1144	823
1253	4279
3318	3258
1878	3258
494	3258
326	3258
1878	3318
4331	3318
326	3318
3512	3318
494	1878
4331	1878
326	1878
3512	1878
2745	1878
326	494
2632	494
326	4331
887	326
921	326
3993	218
2395	887
2642	887
4273	887
3296	2632
2027	3296
717	3296
4204	3296
1371	3296
524	3296
1411	3296
1698	3296
1957	3296
2029	3296
2099	3296
2421	3296
2434	3296
3425	3296
3511	3296
2753	3296
4234	3296
1006	264
4328	264
3511	1006
3662	1663
2047	4522
2047	4620
2609	1253
4563	1500
1076	4563
3491	2380
2311	712
3175	1572
1535	1089
3358	1089
4656	2751
3491	1720
3569	1720
2468	3491
4459	2491
3755	298
2047	15
1884	15
3547	15
3328	15
2858	2395
3663	2395
1144	2848
17	2848
69	2848
2051	2848
403	4643
2051	4643
3109	4643
66	4235
120	628
697	854
3175	1001
375	1043
375	3504
4120	375
2532	375
2378	1078
3425	1078
388	1280
798	2731
1286	2731
2226	2731
2047	2731
44	1286
2609	1286
4496	1286
1397	1286
689	2226
4370	2226
3826	2226
2378	3573
813	3573
2517	3573
2378	1804
767	689
1636	705
3278	66
3248	66
3553	66
2065	2777
468	4338
804	4338
2324	4338
505	1038
1270	3046
1270	3198
1270	976
4486	1036
1270	1076
1757	1270
2373	1270
2609	1270
1741	1147
3657	1147
162	3634
4356	599
782	913
1564	4069
2421	1704
460	3175
968	3175
1148	3175
2604	3175
3886	4517
4337	1980
2021	2858
3060	242
3192	4356
2378	2745
3203	2521
3561	3192
3012	4657
146	3132
2970	3279
3915	1144
4242	4204
299	2942
213	1013
3061	2378
2239	17
4380	2067
3662	1852
342	3250
388	921
3229	921
3662	921
1904	122
2327	158
1420	207
1335	236
2438	297
4640	322
2189	388
3209	388
3627	388
1305	2047
1780	2047
3511	2047
3680	2047
3663	2047
4327	460
3176	461
3072	466
507	468
4575	507
3527	507
1196	594
3709	594
2622	656
1262	693
1698	699
4638	726
4575	818
2434	829
3454	895
2284	901
2051	958
2344	958
2189	977
4310	978
1262	1011
1694	1011
2327	1017
313	1117
4527	1146
3049	1196
3579	1243
2968	1243
4459	1258
2609	1318
2356	1329
1925	1399
3870	1446
2373	1507
3496	1616
4157	1636
3627	1698
3652	1717
1943	1854
3425	1873
1956	1925
4527	1925
1657	1925
2770	1927
2131	1947
3853	1947
3425	1957
3061	1958
3794	2021
2051	2045
3836	2045
3553	2051
3915	2051
313	2051
4527	2051
3738	2059
3791	2073
3821	3794
1397	3794
1621	3794
2753	3794
3663	3794
3662	2127
3627	2189
3248	2239
1657	2327
3209	2642
3099	2609
3328	2633
3662	2686
3425	2781
2903	2790
3061	2790
3229	2799
3425	3556
3089	3425
3511	3425
3397	2863
3436	2898
3099	2914
1943	2922
3662	2970
3229	3037
3527	3061
3209	3183
4569	3239
4656	3239
4583	3245
3662	3277
3791	3590
4527	1205
3826	3680
4300	3709
4004	3889
4527	3915
4549	1884
3663	2753
3328	3547
