0	353
0	471
1	293
1	579
2	44
2	772
3	675
5	37
5	136
5	198
5	256
5	271
5	439
5	457
5	459
5	621
5	639
5	736
5	777
5	806
5	825
6	590
7	388
9	62
9	191
9	379
9	463
10	696
10	718
11	314
11	392
11	457
11	586
11	632
11	737
11	806
12	586
13	14
13	296
14	57
14	296
19	107
19	178
19	430
19	518
19	770
21	413
21	659
23	42
23	139
23	157
23	340
23	477
23	484
23	573
23	582
23	604
23	624
23	689
23	745
24	851
25	134
26	37
26	52
26	71
26	189
26	192
26	256
26	271
26	277
26	282
26	305
26	314
26	325
26	354
26	357
26	439
26	457
26	459
26	500
26	507
26	515
26	524
26	527
26	575
26	576
26	593
26	615
26	616
26	618
26	621
26	625
26	632
26	636
26	657
26	663
26	736
26	737
26	777
26	791
26	798
26	806
29	59
29	95
29	174
29	175
29	313
29	339
29	355
29	401
29	454
29	476
29	623
29	665
29	694
29	700
29	780
29	794
30	53
30	101
30	192
30	256
30	264
30	265
30	277
30	314
30	354
30	453
30	457
30	507
30	575
30	576
30	593
30	625
30	651
30	657
30	712
30	736
30	737
35	498
35	685
35	842
37	136
37	216
37	621
37	639
37	737
37	777
37	788
37	814
37	825
38	346
38	350
38	377
38	626
38	816
39	192
39	256
39	361
39	736
40	691
40	719
40	757
42	139
42	157
42	182
42	340
42	477
42	484
42	573
42	582
42	604
42	624
42	745
45	198
45	271
45	314
45	367
45	459
45	507
45	593
45	608
45	636
45	649
45	713
45	736
45	766
45	784
45	798
45	806
45	808
45	815
46	814
48	116
48	129
48	144
48	307
48	393
48	417
48	433
48	449
48	666
48	706
48	739
48	755
48	756
48	758
48	774
48	775
48	797
48	820
48	835
48	848
48	850
50	763
50	793
52	189
52	192
52	264
52	265
52	277
52	311
52	314
52	357
52	409
52	439
52	457
52	459
52	507
52	524
52	527
52	575
52	586
52	593
52	616
52	625
52	632
52	651
52	657
52	663
52	673
52	712
52	736
52	737
52	744
52	753
52	788
52	791
52	798
52	819
53	101
53	192
53	256
53	264
53	277
53	314
53	354
53	457
53	575
53	576
53	593
53	625
53	632
53	651
53	657
53	736
55	334
55	561
57	152
57	169
57	286
57	407
57	485
57	614
57	755
59	174
59	175
59	313
59	339
59	355
59	401
59	454
59	460
59	476
59	623
59	665
59	694
59	700
59	780
59	794
62	191
62	379
62	463
63	138
63	275
63	387
64	139
64	157
64	573
64	604
64	624
71	122
71	222
71	325
71	382
71	459
71	500
71	521
71	524
71	527
71	618
71	636
71	663
71	810
72	451
72	549
73	209
81	813
83	138
83	230
83	345
83	461
83	512
83	514
83	670
83	821
85	170
85	368
85	679
85	749
86	718
87	152
87	225
87	797
87	813
95	401
95	694
96	259
96	427
97	329
97	830
101	124
101	138
101	192
101	256
101	264
101	271
101	277
101	314
101	318
101	354
101	409
101	439
101	457
101	507
101	576
101	593
101	625
101	632
101	651
101	657
101	660
101	712
101	736
101	737
101	759
101	791
101	798
101	806
101	811
101	815
107	178
107	518
107	770
107	809
109	336
109	372
109	678
109	709
109	729
110	276
113	292
113	768
114	690
114	778
116	129
116	417
116	666
116	739
116	755
116	756
116	758
116	835
116	848
116	850
118	696
124	192
124	198
124	256
124	277
124	314
124	409
124	457
124	459
124	495
124	507
124	575
124	576
124	593
124	625
124	632
124	636
124	649
124	651
124	713
124	721
124	736
124	737
124	791
124	806
124	811
125	424
125	727
129	417
129	666
129	739
129	755
129	758
129	850
131	637
136	621
136	639
136	737
136	825
137	718
138	230
138	264
138	275
138	277
138	318
138	345
138	367
138	461
138	495
138	514
138	660
138	670
138	736
138	808
138	815
138	821
139	157
139	182
139	340
139	477
139	484
139	573
139	582
139	604
139	624
139	745
140	286
141	386
141	587
142	406
144	433
144	449
144	756
144	774
144	775
144	820
144	835
144	848
152	225
152	797
152	813
153	269
153	489
154	216
154	487
154	545
154	765
154	814
154	820
155	267
155	392
155	609
155	761
157	182
157	340
157	477
157	484
157	573
157	582
157	604
157	624
157	689
157	745
159	518
160	208
160	437
160	450
160	786
161	408
162	652
163	733
164	475
165	645
165	846
168	326
168	463
168	483
168	542
168	609
169	407
169	485
169	601
169	605
169	614
170	368
170	679
170	749
174	175
174	313
174	339
174	355
174	401
174	454
174	476
174	623
174	665
174	694
174	700
174	780
174	794
175	313
175	339
175	355
175	401
175	454
175	476
175	623
175	665
175	694
175	700
175	780
175	794
178	430
178	518
178	770
181	323
181	390
181	615
182	309
182	477
182	484
182	573
182	582
182	604
187	268
189	222
189	290
189	323
189	325
189	382
189	390
189	459
189	491
189	500
189	515
189	524
189	527
189	533
189	567
189	615
189	618
189	653
189	663
189	737
189	744
189	810
189	819
189	838
191	379
191	463
192	198
192	256
192	264
192	265
192	271
192	277
192	314
192	354
192	357
192	409
192	439
192	457
192	459
192	495
192	507
192	519
192	556
192	565
192	575
192	576
192	593
192	625
192	632
192	636
192	649
192	651
192	657
192	660
192	661
192	712
192	716
192	736
192	737
192	791
192	806
192	808
192	811
192	815
193	331
193	595
193	738
195	675
198	241
198	264
198	271
198	279
198	367
198	409
198	459
198	461
198	462
198	495
198	503
198	506
198	507
198	521
198	527
198	593
198	608
198	632
198	636
198	649
198	660
198	716
198	736
198	754
198	766
198	784
198	798
198	806
198	808
198	811
198	821
203	310
203	435
203	596
205	377
205	664
208	437
208	450
208	786
214	444
216	487
216	545
216	621
216	639
216	765
216	814
216	825
217	281
221	398
222	323
222	325
222	382
222	390
222	491
222	500
222	515
222	524
222	527
222	533
222	567
222	615
222	618
222	663
222	737
222	810
222	819
222	838
223	298
223	537
225	797
225	813
226	606
230	345
230	461
230	495
230	512
230	608
230	636
230	660
230	736
230	821
234	350
238	262
238	395
238	735
239	268
239	282
239	329
239	724
241	251
241	279
241	318
241	367
241	461
241	478
241	503
241	506
241	608
241	636
241	649
241	660
241	716
241	736
241	754
241	766
241	798
241	808
241	821
246	511
249	292
250	605
250	699
251	367
251	506
251	636
251	649
251	736
251	821
253	292
253	522
255	540
256	264
256	265
256	271
256	277
256	314
256	354
256	361
256	409
256	439
256	457
256	459
256	507
256	519
256	556
256	575
256	576
256	593
256	625
256	632
256	651
256	657
256	693
256	712
256	721
256	736
256	737
256	753
256	791
256	799
256	806
256	811
256	815
262	395
262	568
262	726
262	735
264	265
264	271
264	277
264	304
264	314
264	318
264	354
264	361
264	367
264	409
264	439
264	457
264	507
264	519
264	575
264	576
264	593
264	625
264	632
264	651
264	660
264	663
264	716
264	736
264	737
264	753
264	811
264	815
264	821
265	271
265	277
265	314
265	457
265	575
265	593
265	625
265	632
265	651
265	736
265	815
266	393
266	706
267	609
267	761
268	329
268	411
268	439
268	521
268	724
269	489
271	277
271	279
271	314
271	318
271	354
271	409
271	439
271	457
271	459
271	495
271	506
271	507
271	575
271	576
271	586
271	593
271	625
271	632
271	636
271	651
271	663
271	713
271	721
271	736
271	737
271	754
271	806
271	811
271	815
274	287
274	539
275	387
275	625
275	736
277	314
277	354
277	357
277	361
277	367
277	409
277	439
277	457
277	459
277	478
277	495
277	507
277	565
277	575
277	576
277	593
277	625
277	632
277	651
277	657
277	660
277	693
277	712
277	736
277	737
277	791
277	806
277	811
277	815
279	318
279	367
279	461
279	478
279	503
279	506
279	608
279	636
279	649
279	660
279	716
279	736
279	754
279	766
279	784
279	798
279	808
279	821
282	328
282	439
282	459
282	527
282	618
282	663
282	736
282	737
282	771
282	798
286	407
287	539
290	325
290	382
290	515
290	524
292	402
292	522
292	742
293	579
298	349
298	820
299	733
304	457
305	636
305	673
305	736
307	393
307	706
307	848
310	435
310	596
313	339
313	355
313	401
313	454
313	460
313	476
313	623
313	665
313	694
313	700
313	780
313	794
314	354
314	357
314	409
314	439
314	457
314	459
314	495
314	507
314	519
314	575
314	576
314	593
314	625
314	632
314	636
314	649
314	651
314	657
314	661
314	663
314	712
314	736
314	737
314	752
314	753
314	759
314	791
314	798
314	799
314	806
314	811
314	815
318	345
318	367
318	461
318	495
318	506
318	507
318	514
318	608
318	636
318	649
318	660
318	670
318	716
318	736
318	754
318	766
318	784
318	798
318	808
318	815
318	821
323	382
323	390
323	500
323	515
323	524
323	527
323	533
323	615
323	618
323	663
323	810
325	382
325	491
325	500
325	515
325	524
325	567
325	615
325	625
325	663
325	703
325	737
325	810
326	463
326	483
326	542
326	576
326	609
329	432
329	439
329	724
329	753
331	595
331	738
334	561
336	372
336	678
336	709
336	729
339	355
339	401
339	454
339	460
339	476
339	623
339	665
339	694
339	700
339	794
340	477
340	484
340	573
340	582
340	624
344	522
345	461
345	514
345	660
345	670
345	736
345	821
346	377
346	626
346	679
346	816
348	490
348	585
352	640
354	409
354	439
354	457
354	575
354	576
354	593
354	625
354	632
354	651
354	712
354	736
354	737
354	791
354	806
354	811
354	815
355	401
355	454
355	476
355	623
355	665
355	694
355	700
355	753
355	780
355	794
356	480
357	439
357	457
357	593
357	628
357	632
357	712
357	737
357	752
361	367
361	459
361	625
361	636
361	651
361	736
361	737
361	806
361	815
363	452
363	522
365	520
367	461
367	478
367	495
367	503
367	506
367	514
367	608
367	632
367	636
367	649
367	660
367	670
367	713
367	716
367	736
367	754
367	766
367	784
367	798
367	808
367	821
368	679
368	749
372	678
372	709
372	729
377	816
379	463
380	408
381	756
381	758
381	774
381	820
381	848
382	390
382	459
382	491
382	500
382	515
382	524
382	527
382	533
382	567
382	615
382	618
382	653
382	663
382	737
382	744
382	810
382	838
385	760
386	587
390	500
390	515
390	524
390	527
390	615
390	810
390	838
392	586
392	761
393	706
393	756
393	758
393	797
393	848
395	472
395	568
395	726
395	735
397	665
401	454
401	476
401	623
401	665
401	694
401	700
401	780
401	794
402	742
403	436
404	481
407	485
407	601
407	605
407	614
409	439
409	457
409	459
409	507
409	527
409	575
409	576
409	583
409	593
409	625
409	632
409	636
409	651
409	657
409	663
409	713
409	716
409	721
409	736
409	737
409	753
409	754
409	798
409	799
409	806
409	815
413	659
415	812
417	666
417	739
417	755
417	758
417	835
417	848
417	850
420	720
424	727
430	518
430	770
432	724
433	449
433	756
433	774
433	775
433	820
433	835
433	848
435	596
437	450
437	786
439	457
439	459
439	507
439	519
439	521
439	527
439	575
439	576
439	581
439	593
439	616
439	625
439	628
439	632
439	651
439	657
439	724
439	736
439	737
439	753
439	788
439	798
439	800
439	806
441	494
442	714
445	462
445	725
449	756
449	758
449	774
449	775
449	820
449	835
449	848
450	786
451	549
454	476
454	623
454	665
454	694
454	700
454	753
454	780
454	794
457	459
457	507
457	527
457	575
457	576
457	593
457	615
457	616
457	625
457	628
457	632
457	651
457	657
457	663
457	693
457	712
457	736
457	737
457	753
457	791
457	798
457	811
457	819
459	507
459	519
459	521
459	524
459	527
459	575
459	586
459	593
459	615
459	616
459	618
459	632
459	636
459	651
459	663
459	721
459	736
459	737
459	753
459	788
459	791
459	798
459	806
459	810
459	811
460	780
460	794
461	495
461	506
461	565
461	608
461	636
461	649
461	660
461	670
461	716
461	736
461	754
461	766
461	798
461	806
461	808
461	815
461	821
462	636
462	649
462	725
462	784
463	483
463	542
463	576
463	609
467	751
472	580
472	735
473	673
473	819
476	623
476	665
476	694
476	700
476	753
476	780
476	794
477	484
477	573
477	582
477	604
477	624
478	495
478	506
478	507
478	608
478	636
478	649
478	716
478	736
478	754
478	766
478	798
478	808
483	542
483	609
484	573
484	582
484	604
484	624
485	601
485	605
485	614
487	545
487	765
487	814
490	585
491	500
491	515
491	524
491	527
491	567
491	615
491	618
491	663
491	737
495	506
495	507
495	636
495	649
495	660
495	716
495	736
495	737
495	754
495	798
495	806
495	821
498	685
498	842
500	515
500	524
500	527
500	533
500	567
500	615
500	663
500	810
500	838
503	506
503	608
503	632
503	636
503	649
503	716
503	736
503	754
503	766
503	784
503	808
506	507
506	608
506	636
506	649
506	660
506	713
506	716
506	736
506	754
506	766
506	798
506	806
506	808
506	821
507	576
507	593
507	625
507	632
507	636
507	651
507	657
507	663
507	712
507	713
507	716
507	721
507	736
507	737
507	753
507	754
507	791
507	798
507	806
507	811
509	717
514	522
514	603
514	670
515	524
515	527
515	533
515	567
515	615
515	618
515	663
515	744
515	810
515	819
515	836
515	838
518	748
518	770
518	809
519	576
519	593
519	632
519	651
519	661
519	736
519	737
519	806
519	815
521	527
521	636
521	640
521	736
522	603
524	527
524	533
524	567
524	615
524	618
524	663
524	737
524	744
524	771
524	810
524	838
527	533
527	567
527	576
527	615
527	618
527	636
527	653
527	663
527	737
527	771
527	810
527	838
532	725
533	567
533	615
533	618
533	653
533	663
533	810
533	838
535	841
542	576
542	609
545	765
545	814
556	625
565	575
565	736
566	735
567	615
567	663
567	810
567	838
568	726
568	735
573	582
573	604
573	624
573	689
573	745
575	576
575	593
575	625
575	632
575	651
575	657
575	712
575	736
575	737
575	791
575	806
575	811
576	593
576	609
576	625
576	632
576	636
576	651
576	657
576	663
576	712
576	713
576	736
576	737
576	791
576	798
576	806
576	811
576	815
578	624
581	737
581	753
582	604
582	624
582	668
583	737
586	724
586	736
586	806
592	647
592	833
593	625
593	632
593	636
593	649
593	651
593	657
593	661
593	712
593	713
593	721
593	736
593	737
593	753
593	759
593	791
593	799
593	806
593	811
593	815
595	738
600	603
601	605
601	614
604	624
604	689
604	745
605	614
605	699
605	797
607	687
608	636
608	649
608	660
608	716
608	736
608	754
608	766
608	784
608	808
608	821
609	761
611	691
611	719
612	717
615	618
615	653
615	663
615	737
615	744
615	810
615	819
615	838
616	737
618	653
618	663
618	707
618	737
618	810
618	838
621	639
621	753
621	777
621	788
621	825
623	665
623	694
623	700
623	794
625	632
625	651
625	657
625	663
625	693
625	712
625	736
625	737
625	806
625	811
626	816
632	636
632	651
632	657
632	693
632	712
632	713
632	716
632	736
632	737
632	753
632	754
632	759
632	791
632	798
632	806
632	811
632	815
633	697
633	705
636	649
636	651
636	660
636	663
636	713
636	716
636	721
636	736
636	737
636	754
636	766
636	784
636	798
636	806
636	808
636	811
636	821
639	753
639	777
639	825
645	846
646	742
647	833
649	660
649	713
649	716
649	736
649	754
649	766
649	784
649	798
649	806
649	808
649	811
649	821
651	657
651	711
651	712
651	721
651	736
651	737
651	753
651	791
651	799
651	806
651	811
651	815
651	832
653	838
657	712
657	736
657	737
657	791
657	800
660	670
660	716
660	736
660	754
660	766
660	808
660	821
661	736
663	736
663	737
663	771
663	788
663	791
663	806
663	810
663	838
665	694
665	780
665	794
666	739
666	755
666	756
666	758
666	835
666	848
666	850
670	736
670	821
673	734
673	744
673	819
678	709
678	729
679	749
685	842
690	778
691	719
691	757
694	700
694	753
694	780
694	794
697	705
699	797
700	794
706	756
706	758
706	797
706	848
707	810
709	729
712	736
712	737
712	791
713	716
713	736
713	754
713	766
713	784
713	798
713	806
716	736
716	754
716	766
716	784
716	798
716	806
716	808
719	757
721	736
721	754
721	799
721	806
726	735
736	737
736	754
736	766
736	784
736	791
736	798
736	799
736	806
736	808
736	811
736	815
736	821
737	771
737	788
737	791
737	798
737	806
737	810
737	811
737	815
739	755
739	756
739	758
739	835
739	848
739	850
742	813
744	819
748	809
753	777
753	788
753	791
753	794
753	815
753	825
754	766
754	784
754	798
754	808
754	821
755	756
755	758
755	835
755	848
755	850
756	758
756	774
756	775
756	820
756	835
756	848
756	850
758	774
758	775
758	797
758	820
758	835
758	848
758	850
763	793
765	814
766	784
766	798
766	806
766	808
770	809
771	838
774	775
774	820
774	835
774	848
775	820
775	835
775	848
777	825
780	794
784	806
784	808
791	806
797	813
797	848
798	806
798	808
798	815
798	821
798	832
799	815
806	808
806	811
808	821
810	836
810	838
811	832
815	821
818	824
820	835
820	848
835	848
835	850
848	850
353	0
471	0
293	1
579	1
44	2
772	2
675	3
37	5
136	5
198	5
256	5
271	5
439	5
457	5
459	5
621	5
639	5
736	5
777	5
806	5
825	5
590	6
388	7
62	9
191	9
379	9
463	9
696	10
718	10
314	11
392	11
457	11
586	11
632	11
737	11
806	11
586	12
14	13
296	13
57	14
296	14
107	19
178	19
430	19
518	19
770	19
413	21
659	21
42	23
139	23
157	23
340	23
477	23
484	23
573	23
582	23
604	23
624	23
689	23
745	23
851	24
134	25
37	26
52	26
71	26
189	26
192	26
256	26
271	26
277	26
282	26
305	26
314	26
325	26
354	26
357	26
439	26
457	26
459	26
500	26
507	26
515	26
524	26
527	26
575	26
576	26
593	26
615	26
616	26
618	26
621	26
625	26
632	26
636	26
657	26
663	26
736	26
737	26
777	26
791	26
798	26
806	26
59	29
95	29
174	29
175	29
313	29
339	29
355	29
401	29
454	29
476	29
623	29
665	29
694	29
700	29
780	29
794	29
53	30
101	30
192	30
256	30
264	30
265	30
277	30
314	30
354	30
453	30
457	30
507	30
575	30
576	30
593	30
625	30
651	30
657	30
712	30
736	30
737	30
498	35
685	35
842	35
136	37
216	37
621	37
639	37
737	37
777	37
788	37
814	37
825	37
346	38
350	38
377	38
626	38
816	38
192	39
256	39
361	39
736	39
691	40
719	40
757	40
139	42
157	42
182	42
340	42
477	42
484	42
573	42
582	42
604	42
624	42
745	42
198	45
271	45
314	45
367	45
459	45
507	45
593	45
608	45
636	45
649	45
713	45
736	45
766	45
784	45
798	45
806	45
808	45
815	45
814	46
116	48
129	48
144	48
307	48
393	48
417	48
433	48
449	48
666	48
706	48
739	48
755	48
756	48
758	48
774	48
775	48
797	48
820	48
835	48
848	48
850	48
763	50
793	50
189	52
192	52
264	52
265	52
277	52
311	52
314	52
357	52
409	52
439	52
457	52
459	52
507	52
524	52
527	52
575	52
586	52
593	52
616	52
625	52
632	52
651	52
657	52
663	52
673	52
712	52
736	52
737	52
744	52
753	52
788	52
791	52
798	52
819	52
101	53
192	53
256	53
264	53
277	53
314	53
354	53
457	53
575	53
576	53
593	53
625	53
632	53
651	53
657	53
736	53
334	55
561	55
152	57
169	57
286	57
407	57
485	57
614	57
755	57
174	59
175	59
313	59
339	59
355	59
401	59
454	59
460	59
476	59
623	59
665	59
694	59
700	59
780	59
794	59
191	62
379	62
463	62
138	63
275	63
387	63
139	64
157	64
573	64
604	64
624	64
122	71
222	71
325	71
382	71
459	71
500	71
521	71
524	71
527	71
618	71
636	71
663	71
810	71
451	72
549	72
209	73
813	81
138	83
230	83
345	83
461	83
512	83
514	83
670	83
821	83
170	85
368	85
679	85
749	85
718	86
152	87
225	87
797	87
813	87
401	95
694	95
259	96
427	96
329	97
830	97
124	101
138	101
192	101
256	101
264	101
271	101
277	101
314	101
318	101
354	101
409	101
439	101
457	101
507	101
576	101
593	101
625	101
632	101
651	101
657	101
660	101
712	101
736	101
737	101
759	101
791	101
798	101
806	101
811	101
815	101
178	107
518	107
770	107
809	107
336	109
372	109
678	109
709	109
729	109
276	110
292	113
768	113
690	114
778	114
129	116
417	116
666	116
739	116
755	116
756	116
758	116
835	116
848	116
850	116
696	118
192	124
198	124
256	124
277	124
314	124
409	124
457	124
459	124
495	124
507	124
575	124
576	124
593	124
625	124
632	124
636	124
649	124
651	124
713	124
721	124
736	124
737	124
791	124
806	124
811	124
424	125
727	125
417	129
666	129
739	129
755	129
758	129
850	129
637	131
621	136
639	136
737	136
825	136
718	137
230	138
264	138
275	138
277	138
318	138
345	138
367	138
461	138
495	138
514	138
660	138
670	138
736	138
808	138
815	138
821	138
157	139
182	139
340	139
477	139
484	139
573	139
582	139
604	139
624	139
745	139
286	140
386	141
587	141
406	142
433	144
449	144
756	144
774	144
775	144
820	144
835	144
848	144
225	152
797	152
813	152
269	153
489	153
216	154
487	154
545	154
765	154
814	154
820	154
267	155
392	155
609	155
761	155
182	157
340	157
477	157
484	157
573	157
582	157
604	157
624	157
689	157
745	157
518	159
208	160
437	160
450	160
786	160
408	161
652	162
733	163
475	164
645	165
846	165
326	168
463	168
483	168
542	168
609	168
407	169
485	169
601	169
605	169
614	169
368	170
679	170
749	170
175	174
313	174
339	174
355	174
401	174
454	174
476	174
623	174
665	174
694	174
700	174
780	174
794	174
313	175
339	175
355	175
401	175
454	175
476	175
623	175
665	175
694	175
700	175
780	175
794	175
430	178
518	178
770	178
323	181
390	181
615	181
309	182
477	182
484	182
573	182
582	182
604	182
268	187
222	189
290	189
323	189
325	189
382	189
390	189
459	189
491	189
500	189
515	189
524	189
527	189
533	189
567	189
615	189
618	189
653	189
663	189
737	189
744	189
810	189
819	189
838	189
379	191
463	191
198	192
256	192
264	192
265	192
271	192
277	192
314	192
354	192
357	192
409	192
439	192
457	192
459	192
495	192
507	192
519	192
556	192
565	192
575	192
576	192
593	192
625	192
632	192
636	192
649	192
651	192
657	192
660	192
661	192
712	192
716	192
736	192
737	192
791	192
806	192
808	192
811	192
815	192
331	193
595	193
738	193
675	195
241	198
264	198
271	198
279	198
367	198
409	198
459	198
461	198
462	198
495	198
503	198
506	198
507	198
521	198
527	198
593	198
608	198
632	198
636	198
649	198
660	198
716	198
736	198
754	198
766	198
784	198
798	198
806	198
808	198
811	198
821	198
310	203
435	203
596	203
377	205
664	205
437	208
450	208
786	208
444	214
487	216
545	216
621	216
639	216
765	216
814	216
825	216
281	217
398	221
323	222
325	222
382	222
390	222
491	222
500	222
515	222
524	222
527	222
533	222
567	222
615	222
618	222
663	222
737	222
810	222
819	222
838	222
298	223
537	223
797	225
813	225
606	226
345	230
461	230
495	230
512	230
608	230
636	230
660	230
736	230
821	230
350	234
262	238
395	238
735	238
268	239
282	239
329	239
724	239
251	241
279	241
318	241
367	241
461	241
478	241
503	241
506	241
608	241
636	241
649	241
660	241
716	241
736	241
754	241
766	241
798	241
808	241
821	241
511	246
292	249
605	250
699	250
367	251
506	251
636	251
649	251
736	251
821	251
292	253
522	253
540	255
264	256
265	256
271	256
277	256
314	256
354	256
361	256
409	256
439	256
457	256
459	256
507	256
519	256
556	256
575	256
576	256
593	256
625	256
632	256
651	256
657	256
693	256
712	256
721	256
736	256
737	256
753	256
791	256
799	256
806	256
811	256
815	256
395	262
568	262
726	262
735	262
265	264
271	264
277	264
304	264
314	264
318	264
354	264
361	264
367	264
409	264
439	264
457	264
507	264
519	264
575	264
576	264
593	264
625	264
632	264
651	264
660	264
663	264
716	264
736	264
737	264
753	264
811	264
815	264
821	264
271	265
277	265
314	265
457	265
575	265
593	265
625	265
632	265
651	265
736	265
815	265
393	266
706	266
609	267
761	267
329	268
411	268
439	268
521	268
724	268
489	269
277	271
279	271
314	271
318	271
354	271
409	271
439	271
457	271
459	271
495	271
506	271
507	271
575	271
576	271
586	271
593	271
625	271
632	271
636	271
651	271
663	271
713	271
721	271
736	271
737	271
754	271
806	271
811	271
815	271
287	274
539	274
387	275
625	275
736	275
314	277
354	277
357	277
361	277
367	277
409	277
439	277
457	277
459	277
478	277
495	277
507	277
565	277
575	277
576	277
593	277
625	277
632	277
651	277
657	277
660	277
693	277
712	277
736	277
737	277
791	277
806	277
811	277
815	277
318	279
367	279
461	279
478	279
503	279
506	279
608	279
636	279
649	279
660	279
716	279
736	279
754	279
766	279
784	279
798	279
808	279
821	279
328	282
439	282
459	282
527	282
618	282
663	282
736	282
737	282
771	282
798	282
407	286
539	287
325	290
382	290
515	290
524	290
402	292
522	292
742	292
579	293
349	298
820	298
733	299
457	304
636	305
673	305
736	305
393	307
706	307
848	307
435	310
596	310
339	313
355	313
401	313
454	313
460	313
476	313
623	313
665	313
694	313
700	313
780	313
794	313
354	314
357	314
409	314
439	314
457	314
459	314
495	314
507	314
519	314
575	314
576	314
593	314
625	314
632	314
636	314
649	314
651	314
657	314
661	314
663	314
712	314
736	314
737	314
752	314
753	314
759	314
791	314
798	314
799	314
806	314
811	314
815	314
345	318
367	318
461	318
495	318
506	318
507	318
514	318
608	318
636	318
649	318
660	318
670	318
716	318
736	318
754	318
766	318
784	318
798	318
808	318
815	318
821	318
382	323
390	323
500	323
515	323
524	323
527	323
533	323
615	323
618	323
663	323
810	323
382	325
491	325
500	325
515	325
524	325
567	325
615	325
625	325
663	325
703	325
737	325
810	325
463	326
483	326
542	326
576	326
609	326
432	329
439	329
724	329
753	329
595	331
738	331
561	334
372	336
678	336
709	336
729	336
355	339
401	339
454	339
460	339
476	339
623	339
665	339
694	339
700	339
794	339
477	340
484	340
573	340
582	340
624	340
522	344
461	345
514	345
660	345
670	345
736	345
821	345
377	346
626	346
679	346
816	346
490	348
585	348
640	352
409	354
439	354
457	354
575	354
576	354
593	354
625	354
632	354
651	354
712	354
736	354
737	354
791	354
806	354
811	354
815	354
401	355
454	355
476	355
623	355
665	355
694	355
700	355
753	355
780	355
794	355
480	356
439	357
457	357
593	357
628	357
632	357
712	357
737	357
752	357
367	361
459	361
625	361
636	361
651	361
736	361
737	361
806	361
815	361
452	363
522	363
520	365
461	367
478	367
495	367
503	367
506	367
514	367
608	367
632	367
636	367
649	367
660	367
670	367
713	367
716	367
736	367
754	367
766	367
784	367
798	367
808	367
821	367
679	368
749	368
678	372
709	372
729	372
816	377
463	379
408	380
756	381
758	381
774	381
820	381
848	381
390	382
459	382
491	382
500	382
515	382
524	382
527	382
533	382
567	382
615	382
618	382
653	382
663	382
737	382
744	382
810	382
838	382
760	385
587	386
500	390
515	390
524	390
527	390
615	390
810	390
838	390
586	392
761	392
706	393
756	393
758	393
797	393
848	393
472	395
568	395
726	395
735	395
665	397
454	401
476	401
623	401
665	401
694	401
700	401
780	401
794	401
742	402
436	403
481	404
485	407
601	407
605	407
614	407
439	409
457	409
459	409
507	409
527	409
575	409
576	409
583	409
593	409
625	409
632	409
636	409
651	409
657	409
663	409
713	409
716	409
721	409
736	409
737	409
753	409
754	409
798	409
799	409
806	409
815	409
659	413
812	415
666	417
739	417
755	417
758	417
835	417
848	417
850	417
720	420
727	424
518	430
770	430
724	432
449	433
756	433
774	433
775	433
820	433
835	433
848	433
596	435
450	437
786	437
457	439
459	439
507	439
519	439
521	439
527	439
575	439
576	439
581	439
593	439
616	439
625	439
628	439
632	439
651	439
657	439
724	439
736	439
737	439
753	439
788	439
798	439
800	439
806	439
494	441
714	442
462	445
725	445
756	449
758	449
774	449
775	449
820	449
835	449
848	449
786	450
549	451
476	454
623	454
665	454
694	454
700	454
753	454
780	454
794	454
459	457
507	457
527	457
575	457
576	457
593	457
615	457
616	457
625	457
628	457
632	457
651	457
657	457
663	457
693	457
712	457
736	457
737	457
753	457
791	457
798	457
811	457
819	457
507	459
519	459
521	459
524	459
527	459
575	459
586	459
593	459
615	459
616	459
618	459
632	459
636	459
651	459
663	459
721	459
736	459
737	459
753	459
788	459
791	459
798	459
806	459
810	459
811	459
780	460
794	460
495	461
506	461
565	461
608	461
636	461
649	461
660	461
670	461
716	461
736	461
754	461
766	461
798	461
806	461
808	461
815	461
821	461
636	462
649	462
725	462
784	462
483	463
542	463
576	463
609	463
751	467
580	472
735	472
673	473
819	473
623	476
665	476
694	476
700	476
753	476
780	476
794	476
484	477
573	477
582	477
604	477
624	477
495	478
506	478
507	478
608	478
636	478
649	478
716	478
736	478
754	478
766	478
798	478
808	478
542	483
609	483
573	484
582	484
604	484
624	484
601	485
605	485
614	485
545	487
765	487
814	487
585	490
500	491
515	491
524	491
527	491
567	491
615	491
618	491
663	491
737	491
506	495
507	495
636	495
649	495
660	495
716	495
736	495
737	495
754	495
798	495
806	495
821	495
685	498
842	498
515	500
524	500
527	500
533	500
567	500
615	500
663	500
810	500
838	500
506	503
608	503
632	503
636	503
649	503
716	503
736	503
754	503
766	503
784	503
808	503
507	506
608	506
636	506
649	506
660	506
713	506
716	506
736	506
754	506
766	506
798	506
806	506
808	506
821	506
576	507
593	507
625	507
632	507
636	507
651	507
657	507
663	507
712	507
713	507
716	507
721	507
736	507
737	507
753	507
754	507
791	507
798	507
806	507
811	507
717	509
522	514
603	514
670	514
524	515
527	515
533	515
567	515
615	515
618	515
663	515
744	515
810	515
819	515
836	515
838	515
748	518
770	518
809	518
576	519
593	519
632	519
651	519
661	519
736	519
737	519
806	519
815	519
527	521
636	521
640	521
736	521
603	522
527	524
533	524
567	524
615	524
618	524
663	524
737	524
744	524
771	524
810	524
838	524
533	527
567	527
576	527
615	527
618	527
636	527
653	527
663	527
737	527
771	527
810	527
838	527
725	532
567	533
615	533
618	533
653	533
663	533
810	533
838	533
841	535
576	542
609	542
765	545
814	545
625	556
575	565
736	565
735	566
615	567
663	567
810	567
838	567
726	568
735	568
582	573
604	573
624	573
689	573
745	573
576	575
593	575
625	575
632	575
651	575
657	575
712	575
736	575
737	575
791	575
806	575
811	575
593	576
609	576
625	576
632	576
636	576
651	576
657	576
663	576
712	576
713	576
736	576
737	576
791	576
798	576
806	576
811	576
815	576
624	578
737	581
753	581
604	582
624	582
668	582
737	583
724	586
736	586
806	586
647	592
833	592
625	593
632	593
636	593
649	593
651	593
657	593
661	593
712	593
713	593
721	593
736	593
737	593
753	593
759	593
791	593
799	593
806	593
811	593
815	593
738	595
603	600
605	601
614	601
624	604
689	604
745	604
614	605
699	605
797	605
687	607
636	608
649	608
660	608
716	608
736	608
754	608
766	608
784	608
808	608
821	608
761	609
691	611
719	611
717	612
618	615
653	615
663	615
737	615
744	615
810	615
819	615
838	615
737	616
653	618
663	618
707	618
737	618
810	618
838	618
639	621
753	621
777	621
788	621
825	621
665	623
694	623
700	623
794	623
632	625
651	625
657	625
663	625
693	625
712	625
736	625
737	625
806	625
811	625
816	626
636	632
651	632
657	632
693	632
712	632
713	632
716	632
736	632
737	632
753	632
754	632
759	632
791	632
798	632
806	632
811	632
815	632
697	633
705	633
649	636
651	636
660	636
663	636
713	636
716	636
721	636
736	636
737	636
754	636
766	636
784	636
798	636
806	636
808	636
811	636
821	636
753	639
777	639
825	639
846	645
742	646
833	647
660	649
713	649
716	649
736	649
754	649
766	649
784	649
798	649
806	649
808	649
811	649
821	649
657	651
711	651
712	651
721	651
736	651
737	651
753	651
791	651
799	651
806	651
811	651
815	651
832	651
838	653
712	657
736	657
737	657
791	657
800	657
670	660
716	660
736	660
754	660
766	660
808	660
821	660
736	661
736	663
737	663
771	663
788	663
791	663
806	663
810	663
838	663
694	665
780	665
794	665
739	666
755	666
756	666
758	666
835	666
848	666
850	666
736	670
821	670
734	673
744	673
819	673
709	678
729	678
749	679
842	685
778	690
719	691
757	691
700	694
753	694
780	694
794	694
705	697
797	699
794	700
756	706
758	706
797	706
848	706
810	707
729	709
736	712
737	712
791	712
716	713
736	713
754	713
766	713
784	713
798	713
806	713
736	716
754	716
766	716
784	716
798	716
806	716
808	716
757	719
736	721
754	721
799	721
806	721
735	726
737	736
754	736
766	736
784	736
791	736
798	736
799	736
806	736
808	736
811	736
815	736
821	736
771	737
788	737
791	737
798	737
806	737
810	737
811	737
815	737
755	739
756	739
758	739
835	739
848	739
850	739
813	742
819	744
809	748
777	753
788	753
791	753
794	753
815	753
825	753
766	754
784	754
798	754
808	754
821	754
756	755
758	755
835	755
848	755
850	755
758	756
774	756
775	756
820	756
835	756
848	756
850	756
774	758
775	758
797	758
820	758
835	758
848	758
850	758
793	763
814	765
784	766
798	766
806	766
808	766
809	770
838	771
775	774
820	774
835	774
848	774
820	775
835	775
848	775
825	777
794	780
806	784
808	784
806	791
813	797
848	797
806	798
808	798
815	798
821	798
832	798
815	799
808	806
811	806
821	808
836	810
838	810
832	811
821	815
824	818
835	820
848	820
848	835
850	835
850	848
