# GO	NS	enrichment	name	ratio_in_study	ratio_in_pop	p_uncorrected	depth	study_count	p_fdr_bh	study_items
GO:1990179	BP	e	protein localization to actomyosin contractile ring	1/7	2/6920	0.0020222441847739365	8	1	1.0	BSP1
GO:0044379	BP	e	protein localization to actin cortical patch	1/7	2/6920	0.0020222441847739365	8	1	1.0	BSP1
GO:1904498	BP	e	protein localization to mitotic actomyosin contractile ring	1/7	2/6920	0.0020222441847739365	9	1	1.0	BSP1
GO:1903119	BP	e	protein localization to actin cytoskeleton	1/7	3/6920	0.0030320511073970336	7	1	1.0	BSP1
GO:0070202	BP	e	regulation of establishment of protein localization to chromosome	1/7	3/6920	0.0030320511073970336	7	1	1.0	SIN4
GO:0072741	BP	e	protein localization to cell division site	1/7	9/6920	0.009072520162270666	5	1	1.0	BSP1
GO:0065003	BP	e	protein-containing complex assembly	3/7	488/6920	0.00984469126557933	5	3	1.0	PRP6, RSA3, SIN4
GO:0000244	BP	e	spliceosomal tri-snRNP complex assembly	1/7	10/6920	0.01007620882655429	8	1	1.0	PRP6
GO:0072697	BP	e	protein localization to cell cortex	1/7	10/6920	0.01007620882655429	6	1	1.0	BSP1
GO:0022618	BP	e	protein-RNA complex assembly	2/7	172/6920	0.011881445741549474	6	2	1.0	PRP6, RSA3
GO:0071826	BP	e	protein-RNA complex organization	2/7	182/6920	0.013242940410065357	5	2	1.0	PRP6, RSA3
GO:0006362	BP	e	transcription elongation by RNA polymerase I	1/7	14/6920	0.014082254691983721	9	1	1.0	RPA135
GO:0042254	BP	e	ribosome biogenesis	2/7	201/6920	0.01601210258656184	5	2	1.0	RPA135, RSA3
GO:0051666	BP	e	actin cortical patch localization	1/7	16/6920	0.016080061170616354	3	1	1.0	BSP1
GO:0043933	BP	e	protein-containing complex organization	3/7	583/6920	0.01609314124262495	4	3	1.0	PRP6, RSA3, SIN4
GO:0070201	BP	e	regulation of establishment of protein localization	1/7	18/6920	0.018074396725155484	6	1	1.0	SIN4
GO:0044380	BP	e	protein localization to cytoskeleton	1/7	18/6920	0.018074396725155484	6	1	1.0	BSP1
GO:0000387	BP	e	spliceosomal snRNP assembly	1/7	19/6920	0.019070264476955524	7	1	1.0	PRP6
GO:0022613	BP	e	ribonucleoprotein complex biogenesis	2/7	242/6920	0.022771163735999272	4	2	1.0	RPA135, RSA3
GO:0044085	BP	e	cellular component biogenesis	2/7	270/6920	0.02797300585458448	3	2	1.0	RPA135, RSA3
GO:0042790	BP	e	nucleolar large rRNA transcription by RNA polymerase I	1/7	28/6920	0.02799418636651111	10	1	1.0	RPA135
GO:0022607	BP	e	cellular component assembly	3/7	737/6920	0.030324359645005156	4	3	1.0	PRP6, RSA3, SIN4
GO:0051123	BP	e	RNA polymerase II preinitiation complex assembly	1/7	33/6920	0.032921784104766545	8	1	1.0	SIN4
GO:1990778	BP	e	protein localization to cell periphery	1/7	38/6920	0.03782795443569675	5	1	1.0	BSP1
GO:0006360	BP	e	transcription by RNA polymerase I	1/7	40/6920	0.03978444030707403	9	1	1.0	RPA135
GO:0070897	BP	e	transcription preinitiation complex assembly	1/7	40/6920	0.03978444030707403	7	1	1.0	SIN4
GO:0009303	BP	e	rRNA transcription	1/7	42/6920	0.04173751519116429	9	1	1.0	RPA135
GO:0000027	BP	e	ribosomal large subunit assembly	1/7	46/6920	0.04563345182015491	7	1	1.0	RSA3
GO:0006352	BP	e	DNA-templated transcription initiation	1/7	56/6920	0.05531394740717052	8	1	1.0	RPA135
GO:0034605	BP	e	cellular response to heat	1/7	64/6920	0.06299762737294348	5	1	1.0	SIN4
GO:0032880	BP	e	regulation of protein localization	1/7	72/6920	0.07062767712278796	5	1	1.0	SIN4
GO:0016070	BP	e	RNA metabolic process	3/7	1035/6920	0.07313357486298677	6	3	1.0	PRP6, RNH202, RPA135
GO:0006354	BP	e	DNA-templated transcription elongation	1/7	78/6920	0.07631520752982421	8	1	1.0	RPA135
GO:0009408	BP	e	response to heat	1/7	79/6920	0.07726022266389193	4	1	1.0	SIN4
GO:0009266	BP	e	response to temperature stimulus	1/7	82/6920	0.08009029745243655	3	1	1.0	SIN4
GO:0060341	BP	e	regulation of cellular localization	1/7	87/6920	0.08479055636458653	4	1	1.0	SIN4
GO:0065004	BP	e	protein-DNA complex assembly	1/7	95/6920	0.09226815379504935	6	1	1.0	SIN4
GO:0000398	BP	e	mRNA splicing, via spliceosome	1/7	107/6920	0.10338634306929737	9	1	1.0	PRP6
GO:0000377	BP	e	RNA splicing, via transesterification reactions with bulged adenosine as nucleophile	1/7	108/6920	0.10430756655359427	7	1	1.0	PRP6
GO:0071824	BP	e	protein-DNA complex organization	1/7	119/6920	0.11438760253880487	5	1	1.0	SIN4
GO:0000375	BP	e	RNA splicing, via transesterification reactions	1/7	119/6920	0.11438760253880487	6	1	1.0	PRP6
GO:0032543	BP	e	mitochondrial translation	1/7	119/6920	0.11438760253880487	6	1	1.0	MRPL1
GO:0000122	BP	e	negative regulation of transcription by RNA polymerase II	1/7	152/6920	0.1440465021578138	11	1	1.0	SIN4
GO:0008380	BP	e	RNA splicing	1/7	155/6920	0.1467000319629657	5	1	1.0	PRP6
GO:0032879	BP	e	regulation of localization	1/7	157/6920	0.1484651319067701	3	1	1.0	SIN4
GO:0006401	BP	e	RNA catabolic process	1/7	162/6920	0.15286419580171612	7	1	1.0	RNH202
GO:0141188	BP	e	nucleic acid catabolic process	1/7	166/6920	0.15636940806327332	6	1	1.0	RNH202
GO:0006351	BP	e	DNA-templated transcription	1/7	166/6920	0.15636940806327332	8	1	1.0	RPA135
GO:0090304	BP	e	nucleic acid metabolic process	3/7	1452/6920	0.1652469461620779	5	3	1.0	PRP6, RNH202, RPA135
GO:1902679	BP	e	negative regulation of RNA biosynthetic process	1/7	179/6920	0.16767563153220513	9	1	1.0	SIN4
GO:0045892	BP	e	negative regulation of DNA-templated transcription	1/7	179/6920	0.16767563153220513	10	1	1.0	SIN4
GO:0009628	BP	e	response to abiotic stimulus	1/7	189/6920	0.1762841125439549	2	1	1.0	SIN4
GO:0051253	BP	e	negative regulation of RNA metabolic process	1/7	189/6920	0.1762841125439549	8	1	1.0	SIN4
GO:0034655	BP	e	nucleobase-containing compound catabolic process	1/7	215/6920	0.1983098891211154	5	1	1.0	RNH202
GO:0045934	BP	e	negative regulation of nucleobase-containing compound metabolic process	1/7	222/6920	0.20415291276440334	7	1	1.0	SIN4
GO:0071840	BP	e	cellular component organization or biogenesis	4/7	2044/6920	0.2061369425727977	2	4	1.0	PRP6, RPA135, RSA3, SIN4
GO:0006397	BP	e	mRNA processing	1/7	228/6920	0.2091321282412785	8	1	1.0	PRP6
GO:0032774	BP	e	RNA biosynthetic process	1/7	249/6920	0.22634969930125656	7	1	1.0	RPA135
GO:0045944	BP	e	positive regulation of transcription by RNA polymerase II	1/7	311/6920	0.27532122171857865	11	1	1.0	SIN4
GO:1903047	BP	e	mitotic cell cycle process	1/7	315/6920	0.27838725041845463	3	1	1.0	BSP1
GO:0016071	BP	e	mRNA metabolic process	1/7	340/6920	0.2972991970565681	7	1	1.0	PRP6
GO:0141187	BP	e	nucleic acid biosynthetic process	1/7	343/6920	0.29953981442033006	6	1	1.0	RPA135
GO:0045893	BP	e	positive regulation of DNA-templated transcription	1/7	355/6920	0.30844115789721743	10	1	1.0	SIN4
GO:1902680	BP	e	positive regulation of RNA biosynthetic process	1/7	355/6920	0.30844115789721743	9	1	1.0	SIN4
GO:0009059	BP	e	macromolecule biosynthetic process	2/7	1118/6920	0.3158366953797379	4	2	1.0	MRPL1, RPA135
GO:0051254	BP	e	positive regulation of RNA metabolic process	1/7	391/6920	0.3345659179028526	8	1	1.0	SIN4
GO:0033365	BP	e	protein localization to organelle	1/7	399/6920	0.3402550917619043	5	1	1.0	BSP1
GO:0045935	BP	e	positive regulation of nucleobase-containing compound metabolic process	1/7	417/6920	0.35290350135013404	7	1	1.0	SIN4
GO:0010557	BP	e	positive regulation of macromolecule biosynthetic process	1/7	423/6920	0.3570731796400115	7	1	1.0	SIN4
GO:0016072	BP	e	rRNA metabolic process	1/7	428/6920	0.3605302986424347	7	1	1.0	RPA135
GO:0009891	BP	e	positive regulation of biosynthetic process	1/7	439/6920	0.3680799165628017	6	1	1.0	SIN4
GO:0010558	BP	e	negative regulation of macromolecule biosynthetic process	1/7	444/6920	0.37148622372766266	7	1	1.0	SIN4
GO:0006139	BP	e	nucleobase-containing compound metabolic process	3/7	1687/6920	0.3720011322922739	4	3	1.0	PRP6, RNH202, RPA135
GO:0009057	BP	e	macromolecule catabolic process	1/7	447/6920	0.37352244391172684	4	1	1.0	RNH202
GO:0009890	BP	e	negative regulation of biosynthetic process	1/7	471/6920	0.38960964966914563	6	1	1.0	SIN4
GO:0034654	BP	e	nucleobase-containing compound biosynthetic process	1/7	476/6920	0.3929161986550924	5	1	1.0	RPA135
GO:0016043	BP	e	cellular component organization	3/7	1867/6920	0.3962025499591728	3	3	1.0	PRP6, RSA3, SIN4
GO:0006357	BP	e	regulation of transcription by RNA polymerase II	1/7	487/6920	0.400136605538227	10	1	1.0	SIN4
GO:0010605	BP	e	negative regulation of macromolecule metabolic process	1/7	492/6920	0.403394195941856	6	1	1.0	SIN4
GO:0010604	BP	e	positive regulation of macromolecule metabolic process	1/7	500/6920	0.4085748009516708	6	1	1.0	SIN4
GO:0009892	BP	e	negative regulation of metabolic process	1/7	540/6920	0.4339035039852812	5	1	1.0	SIN4
GO:0009893	BP	e	positive regulation of metabolic process	1/7	544/6920	0.43638443660986453	5	1	1.0	SIN4
GO:0043170	BP	e	macromolecule metabolic process	4/7	2675/6920	0.4408910064237319	3	4	1.0	MRPL1, PRP6, RNH202, RPA135
GO:0006412	BP	e	translation	1/7	556/6920	0.4437713992709433	5	1	1.0	MRPL1
GO:0006355	BP	e	regulation of DNA-templated transcription	1/7	581/6920	0.458894777026155	9	1	1.0	SIN4
GO:2001141	BP	e	regulation of RNA biosynthetic process	1/7	581/6920	0.458894777026155	8	1	1.0	SIN4
GO:0022402	BP	e	cell cycle process	1/7	622/6920	0.4829343528922285	2	1	1.0	BSP1
GO:0051252	BP	e	regulation of RNA metabolic process	1/7	638/6920	0.49206408192897727	7	1	1.0	SIN4
GO:0006396	BP	e	RNA processing	1/7	687/6920	0.5191696557857769	4	1	1.0	PRP6
GO:0048522	BP	e	positive regulation of cellular process	1/7	717/6920	0.5351451508841569	4	1	1.0	SIN4
GO:0019219	BP	e	regulation of nucleobase-containing compound metabolic process	1/7	725/6920	0.5393276221958085	6	1	1.0	SIN4
GO:0048518	BP	e	positive regulation of biological process	1/7	740/6920	0.5470828692868942	3	1	1.0	SIN4
GO:0048523	BP	e	negative regulation of cellular process	1/7	748/6920	0.5511730470561338	4	1	1.0	SIN4
GO:0048519	BP	e	negative regulation of biological process	1/7	751/6920	0.5526986796388622	3	1	1.0	SIN4
GO:0008104	BP	e	protein localization	1/7	759/6920	0.5567453207454438	4	1	1.0	BSP1
GO:0070727	BP	e	cellular macromolecule localization	1/7	774/6920	0.5642482464759295	3	1	1.0	BSP1
GO:0033036	BP	e	macromolecule localization	1/7	776/6920	0.5652403626917338	2	1	1.0	BSP1
GO:0033554	BP	e	cellular response to stress	1/7	795/6920	0.5745693141030206	3	1	1.0	SIN4
GO:0006950	BP	e	response to stress	1/7	850/6920	0.6006133933917874	2	1	1.0	SIN4
GO:0009987	BP	e	cellular process	7/7	5815/6920	0.6062562272480484	1	7	1.0	BSP1, MRPL1, PRP6, RNH202, RPA135, RSA3, SIN4
GO:0044238	BP	e	primary metabolic process	4/7	3320/6920	0.7167620752334236	3	4	1.0	MRPL1, PRP6, RNH202, RPA135
GO:0010468	BP	e	regulation of gene expression	1/7	953/6920	1.0	7	1	1.0	SIN4
GO:0008150	BP	e	biological_process	7/7	6816/6920	1.0	0	7	1.0	BSP1, MRPL1, PRP6, RNH202, RPA135, RSA3, SIN4
GO:0051716	BP	e	cellular response to stimulus	1/7	887/6920	1.0	2	1	1.0	SIN4
GO:0010556	BP	e	regulation of macromolecule biosynthetic process	1/7	982/6920	1.0	6	1	1.0	SIN4
GO:0009056	BP	e	catabolic process	1/7	916/6920	1.0	3	1	1.0	RNH202
GO:0009058	BP	e	biosynthetic process	2/7	1748/6920	1.0	3	2	1.0	MRPL1, RPA135
GO:0008152	BP	e	metabolic process	4/7	3843/6920	1.0	2	4	1.0	MRPL1, PRP6, RNH202, RPA135
GO:0051234	BP	p	establishment of localization	0/7	1404/6920	0.35725183195857135	2	0	1.0	
GO:0006810	BP	p	transport	0/7	1326/6920	0.3592441600507698	3	0	1.0	
GO:0006996	BP	p	organelle organization	0/7	900/6920	0.6051676438232213	4	0	1.0	
GO:0065007	BP	p	biological regulation	1/7	1859/6920	0.682719483615311	1	1	1.0	SIN4
GO:0050789	BP	p	regulation of biological process	1/7	1743/6920	0.6876135272374366	2	1	1.0	SIN4
GO:0045488	BP	p	pectin metabolic process	0/7	1/6920	1.0	7	0	1.0	
GO:0018210	BP	p	peptidyl-threonine modification	0/7	1/6920	1.0	7	0	1.0	
GO:0046164	BP	p	alcohol catabolic process	0/7	16/6920	1.0	5	0	1.0	
GO:0071709	BP	p	membrane assembly	0/7	16/6920	1.0	5	0	1.0	
GO:2000749	BP	p	positive regulation of rDNA heterochromatin formation	0/7	1/6920	1.0	10	0	1.0	
GO:0018105	BP	p	peptidyl-serine phosphorylation	0/7	7/6920	1.0	8	0	1.0	
GO:1990481	BP	p	mRNA pseudouridine synthesis	0/7	6/6920	1.0	9	0	1.0	
GO:0006072	BP	p	glycerol-3-phosphate metabolic process	0/7	4/6920	1.0	6	0	1.0	
GO:0000735	BP	p	removal of nonhomologous ends	0/7	6/6920	1.0	7	0	1.0	
GO:0042178	BP	p	xenobiotic catabolic process	0/7	1/6920	1.0	4	0	1.0	
GO:0019954	BP	p	asexual reproduction	0/7	30/6920	1.0	2	0	1.0	
GO:0140527	BP	p	reciprocal homologous recombination	0/7	51/6920	1.0	9	0	1.0	
GO:0034094	BP	p	regulation of maintenance of meiotic sister chromatid cohesion	0/7	2/6920	1.0	9	0	1.0	
GO:0000447	BP	p	endonucleolytic cleavage in ITS1 to separate SSU-rRNA from 5.8S rRNA and LSU-rRNA from tricistronic rRNA transcript (SSU-rRNA, 5.8S rRNA, LSU-rRNA)	0/7	46/6920	1.0	10	0	1.0	
GO:0097753	BP	p	membrane bending	0/7	1/6920	1.0	5	0	1.0	
GO:2000045	BP	p	regulation of G1/S transition of mitotic cell cycle	0/7	24/6920	1.0	8	0	1.0	
GO:1901381	BP	p	positive regulation of potassium ion transmembrane transport	0/7	1/6920	1.0	9	0	1.0	
GO:0001578	BP	p	microtubule bundle formation	0/7	1/6920	1.0	7	0	1.0	
GO:0048278	BP	p	vesicle docking	0/7	24/6920	1.0	4	0	1.0	
GO:0048288	BP	p	nuclear membrane fusion involved in karyogamy	0/7	2/6920	1.0	8	0	1.0	
GO:1901993	BP	p	regulation of meiotic cell cycle phase transition	0/7	5/6920	1.0	7	0	1.0	
GO:0097052	BP	p	L-kynurenine metabolic process	0/7	3/6920	1.0	9	0	1.0	
GO:2000640	BP	p	positive regulation of SREBP signaling pathway	0/7	1/6920	1.0	8	0	1.0	
GO:0018026	BP	p	peptidyl-lysine monomethylation	0/7	5/6920	1.0	9	0	1.0	
GO:0010789	BP	p	meiotic sister chromatid cohesion involved in meiosis I	0/7	1/6920	1.0	8	0	1.0	
GO:2000058	BP	p	regulation of ubiquitin-dependent protein catabolic process	0/7	8/6920	1.0	9	0	1.0	
GO:0034982	BP	p	mitochondrial protein processing	0/7	14/6920	1.0	7	0	1.0	
GO:0051167	BP	p	D-xylulose 5-phosphate metabolic process	0/7	1/6920	1.0	5	0	1.0	
GO:0046785	BP	p	microtubule polymerization	0/7	2/6920	1.0	8	0	1.0	
GO:0016479	BP	p	negative regulation of transcription by RNA polymerase I	0/7	10/6920	1.0	11	0	1.0	
GO:0007095	BP	p	mitotic G2 DNA damage checkpoint signaling	0/7	5/6920	1.0	12	0	1.0	
GO:1901426	BP	p	response to furfural	0/7	4/6920	1.0	4	0	1.0	
GO:0051315	BP	p	attachment of mitotic spindle microtubules to kinetochore	0/7	10/6920	1.0	4	0	1.0	
GO:1900081	BP	p	regulation of arginine catabolic process	0/7	2/6920	1.0	8	0	1.0	
GO:1990451	BP	p	cellular stress response to acidic pH	0/7	1/6920	1.0	7	0	1.0	
GO:0006062	BP	p	sorbitol catabolic process	0/7	3/6920	1.0	9	0	1.0	
GO:0006846	BP	p	acetate transport	0/7	4/6920	1.0	7	0	1.0	
GO:0036205	BP	p	histone catabolic process	0/7	5/6920	1.0	6	0	1.0	
GO:0015720	BP	p	allantoin transport	0/7	1/6920	1.0	6	0	1.0	
GO:0006972	BP	p	hyperosmotic response	0/7	31/6920	1.0	4	0	1.0	
GO:0006729	BP	p	tetrahydrobiopterin biosynthetic process	0/7	2/6920	1.0	8	0	1.0	
GO:0000452	BP	p	snoRNA guided rRNA 2'-O-methylation	0/7	3/6920	1.0	12	0	1.0	
GO:0034092	BP	p	negative regulation of maintenance of sister chromatid cohesion	0/7	1/6920	1.0	9	0	1.0	
GO:0006520	BP	p	amino acid metabolic process	0/7	231/6920	1.0	4	0	1.0	
GO:0000727	BP	p	double-strand break repair via break-induced replication	0/7	26/6920	1.0	10	0	1.0	
GO:1904853	BP	p	protein localization to ascospore wall	0/7	1/6920	1.0	7	0	1.0	
GO:1901874	BP	p	negative regulation of post-translational protein modification	0/7	9/6920	1.0	9	0	1.0	
GO:0070602	BP	p	regulation of centromeric sister chromatid cohesion	0/7	1/6920	1.0	8	0	1.0	
GO:0141067	BP	p	intracellular nitrogen homeostasis	0/7	8/6920	1.0	4	0	1.0	
GO:0071166	BP	p	ribonucleoprotein complex localization	0/7	1/6920	1.0	3	0	1.0	
GO:0031119	BP	p	tRNA pseudouridine synthesis	0/7	7/6920	1.0	10	0	1.0	
GO:0033530	BP	p	raffinose metabolic process	0/7	1/6920	1.0	6	0	1.0	
GO:0010562	BP	p	positive regulation of phosphorus metabolic process	0/7	22/6920	1.0	6	0	1.0	
GO:0046938	BP	p	phytochelatin biosynthetic process	0/7	2/6920	1.0	5	0	1.0	
GO:0046835	BP	p	carbohydrate phosphorylation	0/7	15/6920	1.0	6	0	1.0	
GO:0051595	BP	p	response to methylglyoxal	0/7	1/6920	1.0	5	0	1.0	
GO:0032186	BP	p	cellular bud neck septin ring organization	0/7	9/6920	1.0	8	0	1.0	
GO:0071229	BP	p	cellular response to acid chemical	0/7	25/6920	1.0	4	0	1.0	
GO:0071279	BP	p	cellular response to cobalt ion	0/7	1/6920	1.0	5	0	1.0	
GO:0015790	BP	p	UDP-xylose transmembrane transport	0/7	1/6920	1.0	8	0	1.0	
GO:0090054	BP	p	regulation of silent mating-type cassette heterochromatin formation	0/7	13/6920	1.0	9	0	1.0	
GO:1903580	BP	p	positive regulation of ATP metabolic process	0/7	1/6920	1.0	10	0	1.0	
GO:0007023	BP	p	post-chaperonin tubulin folding pathway	0/7	5/6920	1.0	3	0	1.0	
GO:0006741	BP	p	NADP+ biosynthetic process	0/7	3/6920	1.0	11	0	1.0	
GO:0002143	BP	p	tRNA wobble position uridine thiolation	0/7	6/6920	1.0	12	0	1.0	
GO:0001732	BP	p	formation of cytoplasmic translation initiation complex	0/7	9/6920	1.0	7	0	1.0	
GO:0042402	BP	p	biogenic amine catabolic process	0/7	3/6920	1.0	5	0	1.0	
GO:0000294	BP	p	nuclear-transcribed mRNA catabolic process, RNase MRP-dependent	0/7	9/6920	1.0	11	0	1.0	
GO:0006003	BP	p	fructose 2,6-bisphosphate metabolic process	0/7	4/6920	1.0	5	0	1.0	
GO:0140719	BP	p	constitutive heterochromatin formation	0/7	85/6920	1.0	11	0	1.0	
GO:0033512	BP	p	L-lysine catabolic process to acetyl-CoA via saccharopine	0/7	1/6920	1.0	13	0	1.0	
GO:0000301	BP	p	retrograde transport, vesicle recycling within Golgi	0/7	7/6920	1.0	7	0	1.0	
GO:0120191	BP	p	negative regulation of termination of RNA polymerase II transcription	0/7	1/6920	1.0	12	0	1.0	
GO:1901336	BP	p	lactone biosynthetic process	0/7	2/6920	1.0	4	0	1.0	
GO:0007041	BP	p	lysosomal transport	0/7	1/6920	1.0	6	0	1.0	
GO:1903241	BP	p	U2-type prespliceosome assembly	0/7	1/6920	1.0	8	0	1.0	
GO:1990171	BP	p	SCF complex disassembly in response to cadmium stress	0/7	1/6920	1.0	6	0	1.0	
GO:0051030	BP	p	snRNA transport	0/7	2/6920	1.0	8	0	1.0	
GO:0002184	BP	p	cytoplasmic translational termination	0/7	1/6920	1.0	7	0	1.0	
GO:0055092	BP	p	sterol homeostasis	0/7	3/6920	1.0	4	0	1.0	
GO:0033214	BP	p	siderophore-iron import into cell	0/7	6/6920	1.0	11	0	1.0	
GO:0032392	BP	p	DNA geometric change	0/7	2/6920	1.0	7	0	1.0	
GO:0045840	BP	p	positive regulation of mitotic nuclear division	0/7	8/6920	1.0	8	0	1.0	
GO:1990573	BP	p	potassium ion import across plasma membrane	0/7	3/6920	1.0	9	0	1.0	
GO:0097551	BP	p	mitochondrial double-strand break repair	0/7	4/6920	1.0	9	0	1.0	
GO:0015800	BP	p	acidic amino acid transport	0/7	6/6920	1.0	5	0	1.0	
GO:0010946	BP	p	regulation of meiotic joint molecule formation	0/7	1/6920	1.0	6	0	1.0	
GO:0042148	BP	p	DNA strand invasion	0/7	6/6920	1.0	7	0	1.0	
GO:0010389	BP	p	regulation of G2/M transition of mitotic cell cycle	0/7	26/6920	1.0	8	0	1.0	
GO:0033120	BP	p	positive regulation of RNA splicing	0/7	4/6920	1.0	9	0	1.0	
GO:0006281	BP	p	DNA repair	0/7	319/6920	1.0	7	0	1.0	
GO:0140279	BP	p	regulation of mitotic division septum assembly	0/7	1/6920	1.0	9	0	1.0	
GO:0006641	BP	p	triglyceride metabolic process	0/7	15/6920	1.0	7	0	1.0	
GO:0006458	BP	p	'de novo' protein folding	0/7	14/6920	1.0	3	0	1.0	
GO:0015780	BP	p	nucleotide-sugar transmembrane transport	0/7	5/6920	1.0	6	0	1.0	
GO:0040031	BP	p	snRNA modification	0/7	8/6920	1.0	9	0	1.0	
GO:0009149	BP	p	pyrimidine nucleoside triphosphate catabolic process	0/7	2/6920	1.0	9	0	1.0	
GO:1902935	BP	p	protein localization to septin ring	0/7	2/6920	1.0	7	0	1.0	
GO:0006687	BP	p	glycosphingolipid metabolic process	0/7	4/6920	1.0	7	0	1.0	
GO:0031494	BP	p	regulation of mating type switching	0/7	9/6920	1.0	4	0	1.0	
GO:0034775	BP	p	glutathione transmembrane transport	0/7	2/6920	1.0	10	0	1.0	
GO:0016973	BP	p	poly(A)+ mRNA export from nucleus	0/7	35/6920	1.0	10	0	1.0	
GO:0150178	BP	p	regulation of phosphatidylserine metabolic process	0/7	2/6920	1.0	8	0	1.0	
GO:0006766	BP	p	vitamin metabolic process	0/7	62/6920	1.0	4	0	1.0	
GO:0000012	BP	p	single strand break repair	0/7	1/6920	1.0	8	0	1.0	
GO:0019346	BP	p	transsulfuration	0/7	9/6920	1.0	10	0	1.0	
GO:0009151	BP	p	purine deoxyribonucleotide metabolic process	0/7	1/6920	1.0	10	0	1.0	
GO:0031321	BP	p	ascospore-type prospore assembly	0/7	6/6920	1.0	6	0	1.0	
GO:1903692	BP	p	methionine import across plasma membrane	0/7	2/6920	1.0	8	0	1.0	
GO:0010569	BP	p	regulation of double-strand break repair via homologous recombination	0/7	3/6920	1.0	10	0	1.0	
GO:0046168	BP	p	glycerol-3-phosphate catabolic process	0/7	2/6920	1.0	7	0	1.0	
GO:0030847	BP	p	termination of RNA polymerase II transcription, exosome-dependent	0/7	7/6920	1.0	10	0	1.0	
GO:2000242	BP	p	negative regulation of reproductive process	0/7	37/6920	1.0	4	0	1.0	
GO:0000742	BP	p	karyogamy involved in conjugation with cellular fusion	0/7	15/6920	1.0	7	0	1.0	
GO:0030261	BP	p	chromosome condensation	0/7	22/6920	1.0	6	0	1.0	
GO:0110004	BP	p	positive regulation of tRNA methylation	0/7	1/6920	1.0	11	0	1.0	
GO:1900088	BP	p	regulation of inositol biosynthetic process	0/7	3/6920	1.0	7	0	1.0	
GO:0032377	BP	p	regulation of intracellular lipid transport	0/7	1/6920	1.0	6	0	1.0	
GO:0001676	BP	p	long-chain fatty acid metabolic process	0/7	9/6920	1.0	9	0	1.0	
GO:0031669	BP	p	cellular response to nutrient levels	0/7	163/6920	1.0	3	0	1.0	
GO:0008299	BP	p	isoprenoid biosynthetic process	0/7	20/6920	1.0	6	0	1.0	
GO:0061435	BP	p	positive regulation of transcription from a mobile element promoter	0/7	1/6920	1.0	11	0	1.0	
GO:0090295	BP	p	nitrogen catabolite repression of transcription	0/7	2/6920	1.0	11	0	1.0	
GO:0098734	BP	p	macromolecule depalmitoylation	0/7	3/6920	1.0	6	0	1.0	
GO:0006120	BP	p	mitochondrial electron transport, NADH to ubiquinone	0/7	1/6920	1.0	8	0	1.0	
GO:0005992	BP	p	trehalose biosynthetic process	0/7	7/6920	1.0	8	0	1.0	
GO:0009095	BP	p	aromatic amino acid family biosynthetic process, prephenate pathway	0/7	5/6920	1.0	9	0	1.0	
GO:0000470	BP	p	maturation of LSU-rRNA	0/7	54/6920	1.0	9	0	1.0	
GO:0006642	BP	p	triglyceride mobilization	0/7	2/6920	1.0	8	0	1.0	
GO:0035825	BP	p	homologous recombination	0/7	61/6920	1.0	8	0	1.0	
GO:0043461	BP	p	proton-transporting ATP synthase complex assembly	0/7	12/6920	1.0	7	0	1.0	
GO:0034659	BP	p	isopropylmalate transport	0/7	1/6920	1.0	7	0	1.0	
GO:0033045	BP	p	regulation of sister chromatid segregation	0/7	45/6920	1.0	7	0	1.0	
GO:0046112	BP	p	nucleobase biosynthetic process	0/7	22/6920	1.0	7	0	1.0	
GO:0009125	BP	p	nucleoside monophosphate catabolic process	0/7	2/6920	1.0	8	0	1.0	
GO:0032465	BP	p	regulation of cytokinesis	0/7	28/6920	1.0	6	0	1.0	
GO:0015817	BP	p	histidine transport	0/7	1/6920	1.0	6	0	1.0	
GO:0000096	BP	p	sulfur amino acid metabolic process	0/7	43/6920	1.0	7	0	1.0	
GO:0043171	BP	p	peptide catabolic process	0/7	6/6920	1.0	4	0	1.0	
GO:0017148	BP	p	negative regulation of translation	0/7	33/6920	1.0	10	0	1.0	
GO:0040007	BP	p	growth	0/7	102/6920	1.0	1	0	1.0	
GO:0019856	BP	p	pyrimidine nucleobase biosynthetic process	0/7	12/6920	1.0	8	0	1.0	
GO:0043388	BP	p	positive regulation of DNA binding	0/7	4/6920	1.0	5	0	1.0	
GO:0016051	BP	p	carbohydrate biosynthetic process	0/7	63/6920	1.0	5	0	1.0	
GO:0034484	BP	p	raffinose catabolic process	0/7	1/6920	1.0	7	0	1.0	
GO:0006334	BP	p	nucleosome assembly	0/7	16/6920	1.0	7	0	1.0	
GO:0046132	BP	p	pyrimidine ribonucleoside biosynthetic process	0/7	2/6920	1.0	9	0	1.0	
GO:0046352	BP	p	disaccharide catabolic process	0/7	32/6920	1.0	7	0	1.0	
GO:0015750	BP	p	pentose transmembrane transport	0/7	4/6920	1.0	7	0	1.0	
GO:1903033	BP	p	positive regulation of microtubule plus-end binding	0/7	1/6920	1.0	6	0	1.0	
GO:0015685	BP	p	ferric-enterobactin import into cell	0/7	1/6920	1.0	12	0	1.0	
GO:0000288	BP	p	nuclear-transcribed mRNA catabolic process, deadenylation-dependent decay	0/7	14/6920	1.0	12	0	1.0	
GO:0006570	BP	p	tyrosine metabolic process	0/7	6/6920	1.0	10	0	1.0	
GO:0007008	BP	p	outer mitochondrial membrane organization	0/7	14/6920	1.0	7	0	1.0	
GO:0071495	BP	p	cellular response to endogenous stimulus	0/7	7/6920	1.0	3	0	1.0	
GO:0009112	BP	p	nucleobase metabolic process	0/7	36/6920	1.0	6	0	1.0	
GO:0010638	BP	p	positive regulation of organelle organization	0/7	86/6920	1.0	6	0	1.0	
GO:0043604	BP	p	amide biosynthetic process	0/7	59/6920	1.0	4	0	1.0	
GO:1903463	BP	p	regulation of mitotic cell cycle DNA replication	0/7	4/6920	1.0	11	0	1.0	
GO:0045875	BP	p	negative regulation of sister chromatid cohesion	0/7	2/6920	1.0	8	0	1.0	
GO:0045332	BP	p	phospholipid translocation	0/7	17/6920	1.0	7	0	1.0	
GO:1990236	BP	p	proteasome core complex import into nucleus	0/7	1/6920	1.0	8	0	1.0	
GO:0006166	BP	p	purine ribonucleoside salvage	0/7	7/6920	1.0	10	0	1.0	
GO:0002130	BP	p	wobble position ribose methylation	0/7	3/6920	1.0	12	0	1.0	
GO:0015909	BP	p	long-chain fatty acid transport	0/7	8/6920	1.0	8	0	1.0	
GO:2001196	BP	p	positive regulation of lysine biosynthetic process via alpha-aminoadipate and saccharopine	0/7	1/6920	1.0	10	0	1.0	
GO:0009415	BP	p	response to water	0/7	10/6920	1.0	4	0	1.0	
GO:0072665	BP	p	protein localization to vacuole	0/7	134/6920	1.0	6	0	1.0	
GO:0042407	BP	p	cristae formation	0/7	12/6920	1.0	8	0	1.0	
GO:0010849	BP	p	regulation of proton-transporting ATPase activity, rotational mechanism	0/7	1/6920	1.0	9	0	1.0	
GO:0097576	BP	p	vacuole fusion	0/7	35/6920	1.0	6	0	1.0	
GO:0070149	BP	p	mitochondrial glutamyl-tRNA aminoacylation	0/7	1/6920	1.0	11	0	1.0	
GO:0071577	BP	p	zinc ion transmembrane transport	0/7	9/6920	1.0	9	0	1.0	
GO:0002127	BP	p	tRNA wobble base cytosine methylation	0/7	1/6920	1.0	12	0	1.0	
GO:0061739	BP	p	protein lipidation involved in autophagosome assembly	0/7	1/6920	1.0	9	0	1.0	
GO:0043101	BP	p	purine-containing compound salvage	0/7	19/6920	1.0	5	0	1.0	
GO:0034764	BP	p	positive regulation of transmembrane transport	0/7	6/6920	1.0	6	0	1.0	
GO:0044093	BP	p	positive regulation of molecular function	0/7	22/6920	1.0	3	0	1.0	
GO:0009436	BP	p	glyoxylate catabolic process	0/7	1/6920	1.0	9	0	1.0	
GO:0071630	BP	p	nuclear protein quality control by the ubiquitin-proteasome system	0/7	6/6920	1.0	10	0	1.0	
GO:0051017	BP	p	actin filament bundle assembly	0/7	18/6920	1.0	7	0	1.0	
GO:0006220	BP	p	pyrimidine nucleotide metabolic process	0/7	21/6920	1.0	8	0	1.0	
GO:2000638	BP	p	regulation of SREBP signaling pathway	0/7	1/6920	1.0	7	0	1.0	
GO:0006529	BP	p	asparagine biosynthetic process	0/7	3/6920	1.0	11	0	1.0	
GO:0070144	BP	p	mitochondrial arginyl-tRNA aminoacylation	0/7	1/6920	1.0	11	0	1.0	
GO:0034552	BP	p	respiratory chain complex II assembly	0/7	5/6920	1.0	6	0	1.0	
GO:0090307	BP	p	mitotic spindle assembly	0/7	6/6920	1.0	9	0	1.0	
GO:1903312	BP	p	negative regulation of mRNA metabolic process	0/7	10/6920	1.0	9	0	1.0	
GO:0032092	BP	p	positive regulation of protein binding	0/7	1/6920	1.0	5	0	1.0	
GO:1902570	BP	p	protein localization to nucleolus	0/7	1/6920	1.0	7	0	1.0	
GO:0032014	BP	p	positive regulation of ARF protein signal transduction	0/7	1/6920	1.0	9	0	1.0	
GO:0006303	BP	p	double-strand break repair via nonhomologous end joining	0/7	35/6920	1.0	9	0	1.0	
GO:0072337	BP	p	modified amino acid transport	0/7	9/6920	1.0	5	0	1.0	
GO:0009220	BP	p	pyrimidine ribonucleotide biosynthetic process	0/7	14/6920	1.0	10	0	1.0	
GO:0010960	BP	p	magnesium ion homeostasis	0/7	4/6920	1.0	5	0	1.0	
GO:0046133	BP	p	pyrimidine ribonucleoside catabolic process	0/7	2/6920	1.0	9	0	1.0	
GO:0046434	BP	p	organophosphate catabolic process	0/7	64/6920	1.0	5	0	1.0	
GO:0007165	BP	p	signal transduction	0/7	351/6920	1.0	4	0	1.0	
GO:0006551	BP	p	L-leucine metabolic process	0/7	9/6920	1.0	10	0	1.0	
GO:0000431	BP	p	regulation of transcription from RNA polymerase II promoter by galactose	0/7	2/6920	1.0	12	0	1.0	
GO:0110051	BP	p	metabolite repair	0/7	1/6920	1.0	3	0	1.0	
GO:1902542	BP	p	regulation of protein localization to mitotic spindle pole body	0/7	3/6920	1.0	7	0	1.0	
GO:0009072	BP	p	aromatic amino acid metabolic process	0/7	37/6920	1.0	7	0	1.0	
GO:1903468	BP	p	positive regulation of DNA replication initiation	0/7	3/6920	1.0	13	0	1.0	
GO:1900103	BP	p	positive regulation of endoplasmic reticulum unfolded protein response	0/7	3/6920	1.0	8	0	1.0	
GO:0046474	BP	p	glycerophospholipid biosynthetic process	0/7	83/6920	1.0	7	0	1.0	
GO:0022604	BP	p	regulation of cell morphogenesis	0/7	15/6920	1.0	5	0	1.0	
GO:0032874	BP	p	positive regulation of stress-activated MAPK cascade	0/7	4/6920	1.0	9	0	1.0	
GO:0009298	BP	p	GDP-mannose biosynthetic process	0/7	3/6920	1.0	9	0	1.0	
GO:0050821	BP	p	protein stabilization	0/7	17/6920	1.0	4	0	1.0	
GO:0045490	BP	p	pectin catabolic process	0/7	1/6920	1.0	8	0	1.0	
GO:0009097	BP	p	isoleucine biosynthetic process	0/7	9/6920	1.0	9	0	1.0	
GO:0045033	BP	p	peroxisome inheritance	0/7	7/6920	1.0	6	0	1.0	
GO:0051049	BP	p	regulation of transport	0/7	104/6920	1.0	4	0	1.0	
GO:0000183	BP	p	rDNA heterochromatin formation	0/7	24/6920	1.0	12	0	1.0	
GO:0036260	BP	p	RNA capping	0/7	12/6920	1.0	6	0	1.0	
GO:0010646	BP	p	regulation of cell communication	0/7	132/6920	1.0	4	0	1.0	
GO:0010458	BP	p	exit from mitosis	0/7	9/6920	1.0	5	0	1.0	
GO:1901992	BP	p	positive regulation of mitotic cell cycle phase transition	0/7	39/6920	1.0	8	0	1.0	
GO:0043048	BP	p	dolichyl monophosphate biosynthetic process	0/7	1/6920	1.0	7	0	1.0	
GO:0051785	BP	p	positive regulation of nuclear division	0/7	13/6920	1.0	7	0	1.0	
GO:0043039	BP	p	tRNA aminoacylation	0/7	43/6920	1.0	8	0	1.0	
GO:0015824	BP	p	proline transport	0/7	4/6920	1.0	6	0	1.0	
GO:0099111	BP	p	microtubule-based transport	0/7	19/6920	1.0	4	0	1.0	
GO:1902275	BP	p	regulation of chromatin organization	0/7	24/6920	1.0	5	0	1.0	
GO:0036498	BP	p	IRE1-mediated unfolded protein response	0/7	6/6920	1.0	7	0	1.0	
GO:0008213	BP	p	protein alkylation	0/7	20/6920	1.0	6	0	1.0	
GO:2001207	BP	p	regulation of transcription elongation by RNA polymerase I	0/7	10/6920	1.0	11	0	1.0	
GO:0042430	BP	p	indole-containing compound metabolic process	0/7	17/6920	1.0	3	0	1.0	
GO:2000001	BP	p	regulation of DNA damage checkpoint	0/7	9/6920	1.0	8	0	1.0	
GO:0009889	BP	p	regulation of biosynthetic process	1/7	1020/6920	1.0	5	1	1.0	SIN4
GO:0019433	BP	p	triglyceride catabolic process	0/7	7/6920	1.0	8	0	1.0	
GO:0002092	BP	p	positive regulation of receptor internalization	0/7	3/6920	1.0	9	0	1.0	
GO:0015803	BP	p	branched-chain amino acid transport	0/7	3/6920	1.0	6	0	1.0	
GO:1903332	BP	p	regulation of protein folding	0/7	2/6920	1.0	4	0	1.0	
GO:0033013	BP	p	tetrapyrrole metabolic process	0/7	18/6920	1.0	3	0	1.0	
GO:0009093	BP	p	cysteine catabolic process	0/7	1/6920	1.0	9	0	1.0	
GO:0009150	BP	p	purine ribonucleotide metabolic process	0/7	77/6920	1.0	9	0	1.0	
GO:0032211	BP	p	negative regulation of telomere maintenance via telomerase	0/7	4/6920	1.0	11	0	1.0	
GO:1903338	BP	p	regulation of cell wall organization or biogenesis	0/7	24/6920	1.0	4	0	1.0	
GO:1903725	BP	p	regulation of phospholipid metabolic process	0/7	27/6920	1.0	7	0	1.0	
GO:0030163	BP	p	protein catabolic process	0/7	208/6920	1.0	5	0	1.0	
GO:0009237	BP	p	siderophore metabolic process	0/7	1/6920	1.0	4	0	1.0	
GO:0060237	BP	p	regulation of fungal-type cell wall organization	0/7	20/6920	1.0	5	0	1.0	
GO:0007015	BP	p	actin filament organization	0/7	64/6920	1.0	5	0	1.0	
GO:0006470	BP	p	protein dephosphorylation	0/7	10/6920	1.0	6	0	1.0	
GO:0097745	BP	p	mitochondrial tRNA 5'-end processing	0/7	5/6920	1.0	10	0	1.0	
GO:0009272	BP	p	fungal-type cell wall biogenesis	0/7	17/6920	1.0	5	0	1.0	
GO:0045931	BP	p	positive regulation of mitotic cell cycle	0/7	44/6920	1.0	6	0	1.0	
GO:2000217	BP	p	regulation of invasive growth in response to glucose limitation	0/7	19/6920	1.0	7	0	1.0	
GO:0072742	BP	p	SAGA complex localization to transcription regulatory region	0/7	2/6920	1.0	3	0	1.0	
GO:0006499	BP	p	N-terminal protein myristoylation	0/7	1/6920	1.0	8	0	1.0	
GO:0061668	BP	p	mitochondrial ribosome assembly	0/7	2/6920	1.0	8	0	1.0	
GO:1903088	BP	p	5-amino-1-ribofuranosylimidazole-4-carboxamide transmembrane transport	0/7	3/6920	1.0	6	0	1.0	
GO:0071616	BP	p	acyl-CoA biosynthetic process	0/7	8/6920	1.0	8	0	1.0	
GO:0071030	BP	p	nuclear mRNA surveillance of spliceosomal pre-mRNA splicing	0/7	1/6920	1.0	12	0	1.0	
GO:0006997	BP	p	nucleus organization	0/7	57/6920	1.0	5	0	1.0	
GO:0051639	BP	p	actin filament network formation	0/7	1/6920	1.0	6	0	1.0	
GO:0019474	BP	p	L-lysine catabolic process to acetyl-CoA	0/7	1/6920	1.0	12	0	1.0	
GO:0000495	BP	p	box H/ACA sno(s)RNA 3'-end processing	0/7	1/6920	1.0	10	0	1.0	
GO:0097250	BP	p	mitochondrial respirasome assembly	0/7	4/6920	1.0	7	0	1.0	
GO:0006481	BP	p	C-terminal protein methylation	0/7	2/6920	1.0	8	0	1.0	
GO:0022403	BP	p	cell cycle phase	0/7	1/6920	1.0	2	0	1.0	
GO:0033859	BP	p	furaldehyde metabolic process	0/7	2/6920	1.0	4	0	1.0	
GO:0009173	BP	p	pyrimidine ribonucleoside monophosphate metabolic process	0/7	10/6920	1.0	9	0	1.0	
GO:0072423	BP	p	response to DNA damage checkpoint signaling	0/7	2/6920	1.0	6	0	1.0	
GO:1903316	BP	p	positive regulation of nitrogen cycle metabolic process	0/7	1/6920	1.0	6	0	1.0	
GO:0000972	BP	p	transcription-dependent tethering of RNA polymerase II gene DNA at nuclear periphery	0/7	22/6920	1.0	6	0	1.0	
GO:0046443	BP	p	FAD metabolic process	0/7	2/6920	1.0	9	0	1.0	
GO:0072330	BP	p	monocarboxylic acid biosynthetic process	0/7	57/6920	1.0	8	0	1.0	
GO:0009261	BP	p	ribonucleotide catabolic process	0/7	28/6920	1.0	9	0	1.0	
GO:0006390	BP	p	mitochondrial transcription	0/7	4/6920	1.0	9	0	1.0	
GO:0070291	BP	p	N-acylethanolamine metabolic process	0/7	1/6920	1.0	6	0	1.0	
GO:1905952	BP	p	regulation of lipid localization	0/7	14/6920	1.0	4	0	1.0	
GO:0018175	BP	p	protein nucleotidylation	0/7	1/6920	1.0	6	0	1.0	
GO:1900481	BP	p	negative regulation of diacylglycerol biosynthetic process	0/7	1/6920	1.0	9	0	1.0	
GO:0019220	BP	p	regulation of phosphate metabolic process	0/7	75/6920	1.0	6	0	1.0	
GO:0035445	BP	p	borate transmembrane transport	0/7	3/6920	1.0	7	0	1.0	
GO:0055075	BP	p	potassium ion homeostasis	0/7	7/6920	1.0	5	0	1.0	
GO:0006505	BP	p	GPI anchor metabolic process	0/7	38/6920	1.0	8	0	1.0	
GO:0006177	BP	p	GMP biosynthetic process	0/7	9/6920	1.0	11	0	1.0	
GO:1990986	BP	p	DNA recombinase disassembly	0/7	1/6920	1.0	7	0	1.0	
GO:0071326	BP	p	cellular response to monosaccharide stimulus	0/7	4/6920	1.0	6	0	1.0	
GO:1901073	BP	p	glucosamine-containing compound biosynthetic process	0/7	21/6920	1.0	6	0	1.0	
GO:0008216	BP	p	spermidine metabolic process	0/7	4/6920	1.0	6	0	1.0	
GO:0006973	BP	p	intracellular accumulation of glycerol	0/7	1/6920	1.0	3	0	1.0	
GO:0042592	BP	p	homeostatic process	0/7	254/6920	1.0	1	0	1.0	
GO:0019692	BP	p	deoxyribose phosphate metabolic process	0/7	4/6920	1.0	5	0	1.0	
GO:0032973	BP	p	amino acid export across plasma membrane	0/7	3/6920	1.0	6	0	1.0	
GO:0045764	BP	p	positive regulation of amino acid metabolic process	0/7	5/6920	1.0	7	0	1.0	
GO:0071462	BP	p	cellular response to water stimulus	0/7	10/6920	1.0	5	0	1.0	
GO:2000213	BP	p	positive regulation of glutamate metabolic process	0/7	1/6920	1.0	9	0	1.0	
GO:0062028	BP	p	regulation of stress granule assembly	0/7	1/6920	1.0	7	0	1.0	
GO:0044743	BP	p	protein transmembrane import into intracellular organelle	0/7	18/6920	1.0	9	0	1.0	
GO:0046967	BP	p	cytosol to endoplasmic reticulum transport	0/7	1/6920	1.0	5	0	1.0	
GO:0061586	BP	p	positive regulation of transcription by transcription factor localization	0/7	1/6920	1.0	11	0	1.0	
GO:0009137	BP	p	purine nucleoside diphosphate catabolic process	0/7	25/6920	1.0	9	0	1.0	
GO:0034499	BP	p	late endosome to Golgi transport	0/7	1/6920	1.0	7	0	1.0	
GO:0046040	BP	p	IMP metabolic process	0/7	13/6920	1.0	10	0	1.0	
GO:0009301	BP	p	snRNA transcription	0/7	1/6920	1.0	9	0	1.0	
GO:0015857	BP	p	uracil transport	0/7	1/6920	1.0	7	0	1.0	
GO:0061158	BP	p	3'-UTR-mediated mRNA destabilization	0/7	2/6920	1.0	12	0	1.0	
GO:0036508	BP	p	protein alpha-1,2-demannosylation	0/7	3/6920	1.0	8	0	1.0	
GO:0090158	BP	p	endoplasmic reticulum membrane organization	0/7	9/6920	1.0	5	0	1.0	
GO:0046036	BP	p	CTP metabolic process	0/7	6/6920	1.0	10	0	1.0	
GO:0001680	BP	p	tRNA 3'-terminal CCA addition	0/7	1/6920	1.0	10	0	1.0	
GO:2000105	BP	p	positive regulation of DNA-templated DNA replication	0/7	10/6920	1.0	10	0	1.0	
GO:0006059	BP	p	hexitol metabolic process	0/7	5/6920	1.0	7	0	1.0	
GO:0006056	BP	p	mannoprotein metabolic process	0/7	19/6920	1.0	6	0	1.0	
GO:0015798	BP	p	myo-inositol transport	0/7	4/6920	1.0	5	0	1.0	
GO:0050993	BP	p	dimethylallyl diphosphate metabolic process	0/7	1/6920	1.0	6	0	1.0	
GO:1901987	BP	p	regulation of cell cycle phase transition	0/7	174/6920	1.0	6	0	1.0	
GO:0050896	BP	p	response to stimulus	1/7	1020/6920	1.0	1	1	1.0	SIN4
GO:0104004	BP	p	cellular response to environmental stimulus	0/7	72/6920	1.0	3	0	1.0	
GO:0046033	BP	p	AMP metabolic process	0/7	8/6920	1.0	10	0	1.0	
GO:0009894	BP	p	regulation of catabolic process	0/7	162/6920	1.0	5	0	1.0	
GO:0006569	BP	p	L-tryptophan catabolic process	0/7	10/6920	1.0	11	0	1.0	
GO:0071103	BP	p	DNA conformation change	0/7	14/6920	1.0	6	0	1.0	
GO:0006788	BP	p	heme oxidation	0/7	1/6920	1.0	6	0	1.0	
GO:0098610	BP	p	adhesion between unicellular organisms	0/7	6/6920	1.0	4	0	1.0	
GO:0036257	BP	p	multivesicular body organization	0/7	5/6920	1.0	7	0	1.0	
GO:1990426	BP	p	mitotic recombination-dependent replication fork processing	0/7	1/6920	1.0	10	0	1.0	
GO:0045738	BP	p	negative regulation of DNA repair	0/7	2/6920	1.0	9	0	1.0	
GO:0061188	BP	p	negative regulation of rDNA heterochromatin formation	0/7	8/6920	1.0	10	0	1.0	
GO:0006369	BP	p	termination of RNA polymerase II transcription	0/7	25/6920	1.0	9	0	1.0	
GO:0098630	BP	p	aggregation of unicellular organisms	0/7	3/6920	1.0	3	0	1.0	
GO:1903578	BP	p	regulation of ATP metabolic process	0/7	7/6920	1.0	9	0	1.0	
GO:2000003	BP	p	positive regulation of DNA damage checkpoint	0/7	1/6920	1.0	9	0	1.0	
GO:0046271	BP	p	phenylpropanoid catabolic process	0/7	2/6920	1.0	5	0	1.0	
GO:0051276	BP	p	chromosome organization	0/7	260/6920	1.0	5	0	1.0	
GO:0090110	BP	p	COPII-coated vesicle cargo loading	0/7	8/6920	1.0	5	0	1.0	
GO:1901553	BP	p	malonic acid transmembrane transport	0/7	1/6920	1.0	8	0	1.0	
GO:0046514	BP	p	ceramide catabolic process	0/7	2/6920	1.0	8	0	1.0	
GO:1902652	BP	p	secondary alcohol metabolic process	0/7	43/6920	1.0	5	0	1.0	
GO:0045184	BP	p	establishment of protein localization	0/7	631/6920	1.0	5	0	1.0	
GO:0006067	BP	p	ethanol metabolic process	0/7	14/6920	1.0	6	0	1.0	
GO:0140206	BP	p	dipeptide import across plasma membrane	0/7	1/6920	1.0	10	0	1.0	
GO:0140271	BP	p	hexose import across plasma membrane	0/7	2/6920	1.0	8	0	1.0	
GO:0000947	BP	p	amino acid catabolic process to alcohol via Ehrlich pathway	0/7	10/6920	1.0	7	0	1.0	
GO:0070966	BP	p	nuclear-transcribed mRNA catabolic process, no-go decay	0/7	10/6920	1.0	11	0	1.0	
GO:0006311	BP	p	meiotic gene conversion	0/7	3/6920	1.0	10	0	1.0	
GO:1901195	BP	p	positive regulation of formation of translation preinitiation complex	0/7	6/6920	1.0	13	0	1.0	
GO:0070178	BP	p	D-serine metabolic process	0/7	1/6920	1.0	9	0	1.0	
GO:0060256	BP	p	regulation of flocculation	0/7	4/6920	1.0	6	0	1.0	
GO:0006316	BP	p	movement of group I intron	0/7	1/6920	1.0	9	0	1.0	
GO:0031508	BP	p	pericentric heterochromatin formation	0/7	1/6920	1.0	12	0	1.0	
GO:0046512	BP	p	sphingosine biosynthetic process	0/7	4/6920	1.0	9	0	1.0	
GO:0034626	BP	p	fatty acid elongation, polyunsaturated fatty acid	0/7	3/6920	1.0	12	0	1.0	
GO:0046685	BP	p	response to arsenic-containing substance	0/7	13/6920	1.0	3	0	1.0	
GO:0031388	BP	p	organic acid phosphorylation	0/7	1/6920	1.0	6	0	1.0	
GO:1903573	BP	p	negative regulation of response to endoplasmic reticulum stress	0/7	4/6920	1.0	7	0	1.0	
GO:0031452	BP	p	negative regulation of heterochromatin formation	0/7	14/6920	1.0	9	0	1.0	
GO:1902904	BP	p	negative regulation of supramolecular fiber organization	0/7	28/6920	1.0	6	0	1.0	
GO:0032974	BP	p	amino acid transmembrane export from vacuole	0/7	7/6920	1.0	6	0	1.0	
GO:0002926	BP	p	tRNA wobble base 5-methoxycarbonylmethyl-2-thiouridinylation	0/7	2/6920	1.0	12	0	1.0	
GO:0034080	BP	p	CENP-A containing chromatin assembly	0/7	1/6920	1.0	7	0	1.0	
GO:0007346	BP	p	regulation of mitotic cell cycle	0/7	161/6920	1.0	5	0	1.0	
GO:0034498	BP	p	early endosome to Golgi transport	0/7	11/6920	1.0	7	0	1.0	
GO:0018344	BP	p	protein geranylgeranylation	0/7	6/6920	1.0	7	0	1.0	
GO:0001407	BP	p	glycerophosphodiester transmembrane transport	0/7	1/6920	1.0	5	0	1.0	
GO:0007049	BP	p	cell cycle	0/7	178/6920	1.0	2	0	1.0	
GO:1905477	BP	p	positive regulation of protein localization to membrane	0/7	1/6920	1.0	7	0	1.0	
GO:0071934	BP	p	thiamine transmembrane transport	0/7	2/6920	1.0	6	0	1.0	
GO:0072396	BP	p	response to cell cycle checkpoint signaling	0/7	7/6920	1.0	4	0	1.0	
GO:0015802	BP	p	basic amino acid transport	0/7	17/6920	1.0	5	0	1.0	
GO:0043605	BP	p	amide catabolic process	0/7	12/6920	1.0	4	0	1.0	
GO:0006163	BP	p	purine nucleotide metabolic process	0/7	128/6920	1.0	8	0	1.0	
GO:0072528	BP	p	pyrimidine-containing compound biosynthetic process	0/7	38/6920	1.0	4	0	1.0	
GO:0009302	BP	p	sno(s)RNA transcription	0/7	10/6920	1.0	9	0	1.0	
GO:1904825	BP	p	protein localization to microtubule plus-end	0/7	1/6920	1.0	10	0	1.0	
GO:0015990	BP	p	electron transport coupled proton transport	0/7	1/6920	1.0	9	0	1.0	
GO:0045991	BP	p	carbon catabolite activation of transcription	0/7	8/6920	1.0	11	0	1.0	
GO:0071479	BP	p	cellular response to ionizing radiation	0/7	1/6920	1.0	6	0	1.0	
GO:1903577	BP	p	cellular response to L-arginine	0/7	2/6920	1.0	6	0	1.0	
GO:0009084	BP	p	glutamine family amino acid biosynthetic process	0/7	27/6920	1.0	10	0	1.0	
GO:0070941	BP	p	eisosome assembly	0/7	11/6920	1.0	5	0	1.0	
GO:0006672	BP	p	ceramide metabolic process	0/7	13/6920	1.0	7	0	1.0	
GO:0071038	BP	p	TRAMP-dependent tRNA surveillance pathway	0/7	16/6920	1.0	10	0	1.0	
GO:0051099	BP	p	positive regulation of binding	0/7	9/6920	1.0	4	0	1.0	
GO:0030810	BP	p	positive regulation of nucleotide biosynthetic process	0/7	1/6920	1.0	9	0	1.0	
GO:0032888	BP	p	regulation of mitotic spindle elongation	0/7	3/6920	1.0	7	0	1.0	
GO:0030974	BP	p	thiamine pyrophosphate transmembrane transport	0/7	1/6920	1.0	7	0	1.0	
GO:0045053	BP	p	protein retention in Golgi apparatus	0/7	16/6920	1.0	5	0	1.0	
GO:0006207	BP	p	'de novo' pyrimidine nucleobase biosynthetic process	0/7	10/6920	1.0	9	0	1.0	
GO:0044395	BP	p	protein targeting to vacuolar membrane	0/7	5/6920	1.0	9	0	1.0	
GO:0009448	BP	p	gamma-aminobutyric acid metabolic process	0/7	3/6920	1.0	8	0	1.0	
GO:0071333	BP	p	cellular response to glucose stimulus	0/7	4/6920	1.0	8	0	1.0	
GO:0042886	BP	p	amide transport	0/7	33/6920	1.0	5	0	1.0	
GO:1902340	BP	p	negative regulation of chromosome condensation	0/7	1/6920	1.0	8	0	1.0	
GO:0070842	BP	p	aggresome assembly	0/7	1/6920	1.0	6	0	1.0	
GO:1904968	BP	p	positive regulation of spindle attachment to meiosis I kinetochore	0/7	1/6920	1.0	9	0	1.0	
GO:0090338	BP	p	positive regulation of formin-nucleated actin cable assembly	0/7	5/6920	1.0	11	0	1.0	
GO:0048219	BP	p	inter-Golgi cisterna vesicle-mediated transport	0/7	2/6920	1.0	7	0	1.0	
GO:1900066	BP	p	positive regulation of ethanol catabolic process	0/7	1/6920	1.0	8	0	1.0	
GO:0022898	BP	p	regulation of transmembrane transporter activity	0/7	1/6920	1.0	6	0	1.0	
GO:2001234	BP	p	negative regulation of apoptotic signaling pathway	0/7	1/6920	1.0	7	0	1.0	
GO:0070783	BP	p	growth of unicellular organism as a thread of attached cells	0/7	75/6920	1.0	4	0	1.0	
GO:2001040	BP	p	positive regulation of cellular response to drug	0/7	3/6920	1.0	6	0	1.0	
GO:0019751	BP	p	polyol metabolic process	0/7	39/6920	1.0	5	0	1.0	
GO:0005991	BP	p	trehalose metabolic process	0/7	11/6920	1.0	7	0	1.0	
GO:1990539	BP	p	fructose import across plasma membrane	0/7	2/6920	1.0	9	0	1.0	
GO:0000050	BP	p	urea cycle	0/7	2/6920	1.0	5	0	1.0	
GO:0010393	BP	p	galacturonan metabolic process	0/7	1/6920	1.0	6	0	1.0	
GO:1903509	BP	p	liposaccharide metabolic process	0/7	40/6920	1.0	5	0	1.0	
GO:0045786	BP	p	negative regulation of cell cycle	0/7	139/6920	1.0	5	0	1.0	
GO:0051726	BP	p	regulation of cell cycle	0/7	298/6920	1.0	4	0	1.0	
GO:0031029	BP	p	regulation of septation initiation signaling	0/7	1/6920	1.0	8	0	1.0	
GO:0031115	BP	p	negative regulation of microtubule polymerization	0/7	2/6920	1.0	10	0	1.0	
GO:0031144	BP	p	proteasome localization	0/7	2/6920	1.0	3	0	1.0	
GO:0071265	BP	p	L-methionine biosynthetic process	0/7	14/6920	1.0	12	0	1.0	
GO:0071041	BP	p	antisense RNA transcript catabolic process	0/7	5/6920	1.0	10	0	1.0	
GO:1902426	BP	p	deactivation of mitotic spindle assembly checkpoint	0/7	3/6920	1.0	12	0	1.0	
GO:1990626	BP	p	mitochondrial outer membrane fusion	0/7	1/6920	1.0	8	0	1.0	
GO:0071036	BP	p	nuclear polyadenylation-dependent snoRNA catabolic process	0/7	5/6920	1.0	10	0	1.0	
GO:0015849	BP	p	organic acid transport	0/7	81/6920	1.0	4	0	1.0	
GO:0000731	BP	p	DNA synthesis involved in DNA repair	0/7	22/6920	1.0	8	0	1.0	
GO:0062111	BP	p	zinc ion import into organelle	0/7	1/6920	1.0	10	0	1.0	
GO:2000232	BP	p	regulation of rRNA processing	0/7	8/6920	1.0	8	0	1.0	
GO:0006654	BP	p	phosphatidic acid biosynthetic process	0/7	8/6920	1.0	8	0	1.0	
GO:1902116	BP	p	negative regulation of organelle assembly	0/7	6/6920	1.0	7	0	1.0	
GO:0070534	BP	p	protein K63-linked ubiquitination	0/7	6/6920	1.0	11	0	1.0	
GO:0051707	BP	p	response to other organism	0/7	6/6920	1.0	4	0	1.0	
GO:1901906	BP	p	diadenosine pentaphosphate metabolic process	0/7	1/6920	1.0	9	0	1.0	
GO:0046320	BP	p	regulation of fatty acid oxidation	0/7	3/6920	1.0	8	0	1.0	
GO:0006530	BP	p	L-asparagine catabolic process	0/7	5/6920	1.0	12	0	1.0	
GO:0043687	BP	p	post-translational protein modification	0/7	180/6920	1.0	6	0	1.0	
GO:0110155	BP	p	NAD-cap decapping	0/7	5/6920	1.0	8	0	1.0	
GO:0046467	BP	p	membrane lipid biosynthetic process	0/7	68/6920	1.0	6	0	1.0	
GO:1903797	BP	p	positive regulation of inorganic anion transmembrane transport	0/7	1/6920	1.0	7	0	1.0	
GO:0071629	BP	p	cytoplasm protein quality control by the ubiquitin-proteasome system	0/7	9/6920	1.0	10	0	1.0	
GO:0071421	BP	p	manganese ion transmembrane transport	0/7	8/6920	1.0	9	0	1.0	
GO:0006813	BP	p	potassium ion transport	0/7	19/6920	1.0	7	0	1.0	
GO:2001225	BP	p	regulation of chloride transport	0/7	1/6920	1.0	7	0	1.0	
GO:0042454	BP	p	ribonucleoside catabolic process	0/7	4/6920	1.0	8	0	1.0	
GO:0009312	BP	p	oligosaccharide biosynthetic process	0/7	7/6920	1.0	6	0	1.0	
GO:1904285	BP	p	regulation of protein-pyridoxal-5-phosphate linkage	0/7	1/6920	1.0	8	0	1.0	
GO:0019217	BP	p	regulation of fatty acid metabolic process	0/7	13/6920	1.0	7	0	1.0	
GO:0001015	BP	p	snoRNA transcription by RNA polymerase II	0/7	4/6920	1.0	10	0	1.0	
GO:0032196	BP	p	transposition	0/7	95/6920	1.0	2	0	1.0	
GO:0098771	BP	p	inorganic ion homeostasis	0/7	113/6920	1.0	3	0	1.0	
GO:0070085	BP	p	glycosylation	0/7	82/6920	1.0	3	0	1.0	
GO:0043488	BP	p	regulation of mRNA stability	0/7	44/6920	1.0	10	0	1.0	
GO:0000376	BP	p	RNA splicing, via transesterification reactions with guanosine as nucleophile	0/7	12/6920	1.0	7	0	1.0	
GO:0055090	BP	p	acylglycerol homeostasis	0/7	4/6920	1.0	4	0	1.0	
GO:1901654	BP	p	response to ketone	0/7	4/6920	1.0	4	0	1.0	
GO:0032436	BP	p	positive regulation of proteasomal ubiquitin-dependent protein catabolic process	0/7	4/6920	1.0	11	0	1.0	
GO:0019722	BP	p	calcium-mediated signaling	0/7	11/6920	1.0	7	0	1.0	
GO:1904082	BP	p	pyrimidine nucleobase transmembrane transport	0/7	1/6920	1.0	7	0	1.0	
GO:0032787	BP	p	monocarboxylic acid metabolic process	0/7	158/6920	1.0	7	0	1.0	
GO:1900079	BP	p	regulation of arginine biosynthetic process	0/7	2/6920	1.0	8	0	1.0	
GO:0046836	BP	p	glycolipid transport	0/7	1/6920	1.0	5	0	1.0	
GO:1900087	BP	p	positive regulation of G1/S transition of mitotic cell cycle	0/7	17/6920	1.0	9	0	1.0	
GO:0043266	BP	p	regulation of potassium ion transport	0/7	2/6920	1.0	7	0	1.0	
GO:0036213	BP	p	contractile ring contraction	0/7	6/6920	1.0	4	0	1.0	
GO:0000749	BP	p	response to pheromone triggering conjugation with cellular fusion	0/7	13/6920	1.0	5	0	1.0	
GO:0072329	BP	p	monocarboxylic acid catabolic process	0/7	31/6920	1.0	8	0	1.0	
GO:0001101	BP	p	response to acid chemical	0/7	28/6920	1.0	3	0	1.0	
GO:0051274	BP	p	beta-glucan biosynthetic process	0/7	25/6920	1.0	8	0	1.0	
GO:0006260	BP	p	DNA replication	0/7	98/6920	1.0	7	0	1.0	
GO:0006020	BP	p	inositol metabolic process	0/7	5/6920	1.0	6	0	1.0	
GO:0032055	BP	p	negative regulation of translation in response to stress	0/7	2/6920	1.0	11	0	1.0	
GO:0045905	BP	p	positive regulation of translational termination	0/7	3/6920	1.0	11	0	1.0	
GO:1904587	BP	p	response to glycoprotein	0/7	4/6920	1.0	4	0	1.0	
GO:0035542	BP	p	regulation of SNARE complex assembly	0/7	9/6920	1.0	6	0	1.0	
GO:0034976	BP	p	response to endoplasmic reticulum stress	0/7	86/6920	1.0	4	0	1.0	
GO:0000451	BP	p	rRNA 2'-O-methylation	0/7	4/6920	1.0	11	0	1.0	
GO:0008360	BP	p	regulation of cell shape	0/7	13/6920	1.0	6	0	1.0	
GO:0051053	BP	p	negative regulation of DNA metabolic process	0/7	37/6920	1.0	8	0	1.0	
GO:0070485	BP	p	dehydro-D-arabinono-1,4-lactone biosynthetic process	0/7	2/6920	1.0	5	0	1.0	
GO:0015749	BP	p	monosaccharide transmembrane transport	0/7	25/6920	1.0	6	0	1.0	
GO:0006144	BP	p	purine nucleobase metabolic process	0/7	20/6920	1.0	7	0	1.0	
GO:0036267	BP	p	invasive filamentous growth	0/7	46/6920	1.0	5	0	1.0	
GO:0140673	BP	p	transcription elongation-coupled chromatin remodeling	0/7	4/6920	1.0	6	0	1.0	
GO:0034551	BP	p	mitochondrial respiratory chain complex III assembly	0/7	11/6920	1.0	8	0	1.0	
GO:0015880	BP	p	coenzyme A transport	0/7	1/6920	1.0	6	0	1.0	
GO:0006368	BP	p	transcription elongation by RNA polymerase II	0/7	63/6920	1.0	9	0	1.0	
GO:0000128	BP	p	flocculation	0/7	6/6920	1.0	5	0	1.0	
GO:0071453	BP	p	cellular response to oxygen levels	0/7	8/6920	1.0	4	0	1.0	
GO:0036261	BP	p	7-methylguanosine cap hypermethylation	0/7	3/6920	1.0	9	0	1.0	
GO:0140861	BP	p	DNA repair-dependent chromatin remodeling	0/7	2/6920	1.0	6	0	1.0	
GO:0048312	BP	p	intracellular distribution of mitochondria	0/7	9/6920	1.0	5	0	1.0	
GO:0046278	BP	p	3,4-dihydroxybenzoate metabolic process	0/7	1/6920	1.0	8	0	1.0	
GO:0070778	BP	p	L-aspartate transmembrane transport	0/7	4/6920	1.0	9	0	1.0	
GO:1990169	BP	p	stress response to copper ion	0/7	1/6920	1.0	5	0	1.0	
GO:0141162	BP	p	negative regulation of cAMP/PKA signal transduction	0/7	1/6920	1.0	8	0	1.0	
GO:0009177	BP	p	pyrimidine deoxyribonucleoside monophosphate biosynthetic process	0/7	3/6920	1.0	10	0	1.0	
GO:0032469	BP	p	endoplasmic reticulum calcium ion homeostasis	0/7	2/6920	1.0	7	0	1.0	
GO:0010438	BP	p	cellular response to sulfur starvation	0/7	1/6920	1.0	5	0	1.0	
GO:0031086	BP	p	nuclear-transcribed mRNA catabolic process, deadenylation-independent decay	0/7	1/6920	1.0	11	0	1.0	
GO:0098718	BP	p	serine import across plasma membrane	0/7	2/6920	1.0	7	0	1.0	
GO:0015976	BP	p	carbon utilization	0/7	3/6920	1.0	3	0	1.0	
GO:0080164	BP	p	regulation of nitric oxide metabolic process	0/7	2/6920	1.0	5	0	1.0	
GO:0046108	BP	p	uridine metabolic process	0/7	1/6920	1.0	9	0	1.0	
GO:2000104	BP	p	negative regulation of DNA-templated DNA replication	0/7	10/6920	1.0	10	0	1.0	
GO:0033967	BP	p	box C/D sno(s)RNA metabolic process	0/7	15/6920	1.0	8	0	1.0	
GO:0016073	BP	p	snRNA metabolic process	0/7	32/6920	1.0	7	0	1.0	
GO:0006099	BP	p	tricarboxylic acid cycle	0/7	32/6920	1.0	4	0	1.0	
GO:0045454	BP	p	cell redox homeostasis	0/7	23/6920	1.0	3	0	1.0	
GO:0007096	BP	p	regulation of exit from mitosis	0/7	45/6920	1.0	8	0	1.0	
GO:0030307	BP	p	positive regulation of cell growth	0/7	12/6920	1.0	6	0	1.0	
GO:0009117	BP	p	nucleotide metabolic process	0/7	174/6920	1.0	7	0	1.0	
GO:0019218	BP	p	regulation of steroid metabolic process	0/7	7/6920	1.0	7	0	1.0	
GO:0015865	BP	p	purine nucleotide transport	0/7	31/6920	1.0	7	0	1.0	
GO:0046100	BP	p	hypoxanthine metabolic process	0/7	3/6920	1.0	8	0	1.0	
GO:0051282	BP	p	regulation of sequestering of calcium ion	0/7	1/6920	1.0	4	0	1.0	
GO:0033235	BP	p	positive regulation of protein sumoylation	0/7	5/6920	1.0	11	0	1.0	
GO:0019566	BP	p	arabinose metabolic process	0/7	5/6920	1.0	7	0	1.0	
GO:2001156	BP	p	regulation of proline catabolic process to glutamate	0/7	1/6920	1.0	9	0	1.0	
GO:0140042	BP	p	lipid droplet formation	0/7	7/6920	1.0	7	0	1.0	
GO:0032938	BP	p	negative regulation of translation in response to oxidative stress	0/7	1/6920	1.0	13	0	1.0	
GO:0016050	BP	p	vesicle organization	0/7	97/6920	1.0	5	0	1.0	
GO:2000679	BP	p	positive regulation of transcription regulatory region DNA binding	0/7	2/6920	1.0	6	0	1.0	
GO:0071467	BP	p	cellular response to pH	0/7	15/6920	1.0	5	0	1.0	
GO:0006403	BP	p	RNA localization	0/7	22/6920	1.0	3	0	1.0	
GO:0090224	BP	p	regulation of spindle organization	0/7	8/6920	1.0	8	0	1.0	
GO:0008655	BP	p	pyrimidine-containing compound salvage	0/7	6/6920	1.0	5	0	1.0	
GO:0042278	BP	p	purine nucleoside metabolic process	0/7	12/6920	1.0	7	0	1.0	
GO:0034642	BP	p	mitochondrion migration along actin filament	0/7	1/6920	1.0	7	0	1.0	
GO:0010973	BP	p	positive regulation of division septum assembly	0/7	4/6920	1.0	9	0	1.0	
GO:0032917	BP	p	polyamine acetylation	0/7	1/6920	1.0	6	0	1.0	
GO:0008204	BP	p	ergosterol metabolic process	0/7	32/6920	1.0	7	0	1.0	
GO:0072387	BP	p	flavin adenine dinucleotide metabolic process	0/7	2/6920	1.0	8	0	1.0	
GO:0090640	BP	p	phosphatidylcholine biosynthesis from sn-glycero-3-phosphocholine	0/7	2/6920	1.0	9	0	1.0	
GO:0071459	BP	p	protein localization to chromosome, centromeric region	0/7	21/6920	1.0	7	0	1.0	
GO:0051304	BP	p	chromosome separation	0/7	7/6920	1.0	3	0	1.0	
GO:0019430	BP	p	removal of superoxide radicals	0/7	10/6920	1.0	5	0	1.0	
GO:1900544	BP	p	positive regulation of purine nucleotide metabolic process	0/7	1/6920	1.0	9	0	1.0	
GO:1903222	BP	p	quinolinic acid transmembrane transport	0/7	1/6920	1.0	7	0	1.0	
GO:0010959	BP	p	regulation of metal ion transport	0/7	4/6920	1.0	6	0	1.0	
GO:0035652	BP	p	clathrin-coated vesicle cargo loading	0/7	3/6920	1.0	5	0	1.0	
GO:0044778	BP	p	meiotic DNA integrity checkpoint signaling	0/7	2/6920	1.0	10	0	1.0	
GO:0034631	BP	p	microtubule anchoring at spindle pole body	0/7	1/6920	1.0	9	0	1.0	
GO:0046487	BP	p	glyoxylate metabolic process	0/7	9/6920	1.0	8	0	1.0	
GO:0051410	BP	p	detoxification of nitrogen compound	0/7	1/6920	1.0	2	0	1.0	
GO:0015917	BP	p	aminophospholipid transport	0/7	10/6920	1.0	6	0	1.0	
GO:0044208	BP	p	'de novo' AMP biosynthetic process	0/7	2/6920	1.0	12	0	1.0	
GO:0019662	BP	p	non-glycolytic fermentation	0/7	3/6920	1.0	6	0	1.0	
GO:0006383	BP	p	transcription by RNA polymerase III	0/7	30/6920	1.0	9	0	1.0	
GO:0031536	BP	p	positive regulation of exit from mitosis	0/7	7/6920	1.0	9	0	1.0	
GO:1902533	BP	p	positive regulation of intracellular signal transduction	0/7	30/6920	1.0	7	0	1.0	
GO:0046083	BP	p	adenine metabolic process	0/7	5/6920	1.0	8	0	1.0	
GO:0031667	BP	p	response to nutrient levels	0/7	178/6920	1.0	2	0	1.0	
GO:0034763	BP	p	negative regulation of transmembrane transport	0/7	3/6920	1.0	6	0	1.0	
GO:0046898	BP	p	response to cycloheximide	0/7	3/6920	1.0	5	0	1.0	
GO:1990849	BP	p	vacuolar localization	0/7	2/6920	1.0	3	0	1.0	
GO:2000573	BP	p	positive regulation of DNA biosynthetic process	0/7	2/6920	1.0	9	0	1.0	
GO:0098863	BP	p	nuclear migration by microtubule mediated pushing forces	0/7	2/6920	1.0	6	0	1.0	
GO:0034965	BP	p	intronic box C/D snoRNA processing	0/7	10/6920	1.0	10	0	1.0	
GO:1903432	BP	p	regulation of TORC1 signaling	0/7	30/6920	1.0	8	0	1.0	
GO:0043603	BP	p	amide metabolic process	0/7	116/6920	1.0	3	0	1.0	
GO:0071562	BP	p	nucleus-vacuole junction assembly	0/7	2/6920	1.0	5	0	1.0	
GO:0046482	BP	p	para-aminobenzoic acid metabolic process	0/7	1/6920	1.0	8	0	1.0	
GO:0015940	BP	p	pantothenate biosynthetic process	0/7	10/6920	1.0	9	0	1.0	
GO:0042221	BP	p	response to chemical	0/7	403/6920	1.0	2	0	1.0	
GO:1901494	BP	p	regulation of cysteine metabolic process	0/7	1/6920	1.0	7	0	1.0	
GO:1901525	BP	p	negative regulation of mitophagy	0/7	5/6920	1.0	9	0	1.0	
GO:1904967	BP	p	regulation of spindle attachment to meiosis I kinetochore	0/7	1/6920	1.0	7	0	1.0	
GO:0019322	BP	p	pentose biosynthetic process	0/7	1/6920	1.0	7	0	1.0	
GO:0045861	BP	p	negative regulation of proteolysis	0/7	7/6920	1.0	8	0	1.0	
GO:0006434	BP	p	seryl-tRNA aminoacylation	0/7	2/6920	1.0	10	0	1.0	
GO:0000920	BP	p	septum digestion after cytokinesis	0/7	19/6920	1.0	2	0	1.0	
GO:0032412	BP	p	regulation of monoatomic ion transmembrane transporter activity	0/7	1/6920	1.0	7	0	1.0	
GO:0009165	BP	p	nucleotide biosynthetic process	0/7	105/6920	1.0	8	0	1.0	
GO:0006367	BP	p	transcription initiation at RNA polymerase II promoter	0/7	33/6920	1.0	9	0	1.0	
GO:0140469	BP	p	GCN2-mediated signaling	0/7	6/6920	1.0	8	0	1.0	
GO:0005993	BP	p	trehalose catabolic process	0/7	3/6920	1.0	8	0	1.0	
GO:0016042	BP	p	lipid catabolic process	0/7	63/6920	1.0	5	0	1.0	
GO:0006995	BP	p	cellular response to nitrogen starvation	0/7	50/6920	1.0	5	0	1.0	
GO:0042180	BP	p	ketone metabolic process	0/7	38/6920	1.0	3	0	1.0	
GO:1902498	BP	p	regulation of protein autoubiquitination	0/7	8/6920	1.0	11	0	1.0	
GO:0007264	BP	p	small GTPase-mediated signal transduction	0/7	49/6920	1.0	7	0	1.0	
GO:0006577	BP	p	amino-acid betaine metabolic process	0/7	4/6920	1.0	4	0	1.0	
GO:0045185	BP	p	maintenance of protein location	0/7	38/6920	1.0	3	0	1.0	
GO:1902969	BP	p	mitotic DNA replication	0/7	2/6920	1.0	11	0	1.0	
GO:0042183	BP	p	formate catabolic process	0/7	2/6920	1.0	9	0	1.0	
GO:0098530	BP	p	positive regulation of strand invasion	0/7	1/6920	1.0	9	0	1.0	
GO:0070316	BP	p	regulation of G0 to G1 transition	0/7	1/6920	1.0	6	0	1.0	
GO:0044539	BP	p	long-chain fatty acid import into cell	0/7	3/6920	1.0	9	0	1.0	
GO:0090033	BP	p	positive regulation of filamentous growth	0/7	25/6920	1.0	5	0	1.0	
GO:0045010	BP	p	actin nucleation	0/7	11/6920	1.0	6	0	1.0	
GO:0044848	BP	p	biological phase	0/7	1/6920	1.0	1	0	1.0	
GO:0009083	BP	p	branched-chain amino acid catabolic process	0/7	11/6920	1.0	8	0	1.0	
GO:0034727	BP	p	piecemeal microautophagy of the nucleus	0/7	42/6920	1.0	7	0	1.0	
GO:0044779	BP	p	meiotic spindle checkpoint signaling	0/7	2/6920	1.0	11	0	1.0	
GO:0009265	BP	p	2'-deoxyribonucleotide biosynthetic process	0/7	4/6920	1.0	10	0	1.0	
GO:0006399	BP	p	tRNA metabolic process	0/7	218/6920	1.0	7	0	1.0	
GO:0010794	BP	p	regulation of dolichol biosynthetic process	0/7	1/6920	1.0	8	0	1.0	
GO:0000965	BP	p	mitochondrial RNA 3'-end processing	0/7	2/6920	1.0	8	0	1.0	
GO:0072662	BP	p	protein localization to peroxisome	0/7	20/6920	1.0	6	0	1.0	
GO:1900421	BP	p	positive regulation of alcohol catabolic process	0/7	1/6920	1.0	7	0	1.0	
GO:0061615	BP	p	glycolytic process through fructose-6-phosphate	0/7	6/6920	1.0	13	0	1.0	
GO:0044572	BP	p	[4Fe-4S] cluster assembly	0/7	6/6920	1.0	7	0	1.0	
GO:0009144	BP	p	purine nucleoside triphosphate metabolic process	0/7	55/6920	1.0	8	0	1.0	
GO:0046502	BP	p	uroporphyrinogen III metabolic process	0/7	1/6920	1.0	7	0	1.0	
GO:0070301	BP	p	cellular response to hydrogen peroxide	0/7	7/6920	1.0	7	0	1.0	
GO:0042776	BP	p	proton motive force-driven mitochondrial ATP synthesis	0/7	4/6920	1.0	13	0	1.0	
GO:1990961	BP	p	xenobiotic detoxification by transmembrane export across the plasma membrane	0/7	9/6920	1.0	6	0	1.0	
GO:0018195	BP	p	peptidyl-arginine modification	0/7	3/6920	1.0	7	0	1.0	
GO:1904051	BP	p	regulation of protein targeting to vacuole involved in autophagy	0/7	1/6920	1.0	9	0	1.0	
GO:0072526	BP	p	pyridine-containing compound catabolic process	0/7	29/6920	1.0	4	0	1.0	
GO:1902751	BP	p	positive regulation of cell cycle G2/M phase transition	0/7	4/6920	1.0	8	0	1.0	
GO:1904824	BP	p	anaphase-promoting complex assembly	0/7	1/6920	1.0	6	0	1.0	
GO:0090233	BP	p	negative regulation of spindle checkpoint	0/7	3/6920	1.0	9	0	1.0	
GO:0018279	BP	p	protein N-linked glycosylation via asparagine	0/7	6/6920	1.0	8	0	1.0	
GO:0034368	BP	p	protein-lipid complex remodeling	0/7	1/6920	1.0	6	0	1.0	
GO:0055070	BP	p	copper ion homeostasis	0/7	20/6920	1.0	5	0	1.0	
GO:0044036	BP	p	cell wall macromolecule metabolic process	0/7	35/6920	1.0	4	0	1.0	
GO:0061015	BP	p	snRNA import into nucleus	0/7	2/6920	1.0	9	0	1.0	
GO:0006335	BP	p	DNA replication-dependent chromatin assembly	0/7	7/6920	1.0	5	0	1.0	
GO:0045785	BP	p	positive regulation of cell adhesion	0/7	3/6920	1.0	5	0	1.0	
GO:0034508	BP	p	centromere complex assembly	0/7	3/6920	1.0	7	0	1.0	
GO:0000390	BP	p	spliceosomal complex disassembly	0/7	7/6920	1.0	7	0	1.0	
GO:0090317	BP	p	negative regulation of intracellular protein transport	0/7	3/6920	1.0	9	0	1.0	
GO:0006289	BP	p	nucleotide-excision repair	0/7	56/6920	1.0	8	0	1.0	
GO:2001033	BP	p	negative regulation of double-strand break repair via nonhomologous end joining	0/7	1/6920	1.0	11	0	1.0	
GO:0032435	BP	p	negative regulation of proteasomal ubiquitin-dependent protein catabolic process	0/7	2/6920	1.0	11	0	1.0	
GO:0051093	BP	p	negative regulation of developmental process	0/7	5/6920	1.0	4	0	1.0	
GO:0015867	BP	p	ATP transport	0/7	27/6920	1.0	9	0	1.0	
GO:0051205	BP	p	protein insertion into membrane	0/7	16/6920	1.0	7	0	1.0	
GO:1990542	BP	p	mitochondrial transmembrane transport	0/7	12/6920	1.0	6	0	1.0	
GO:0005975	BP	p	carbohydrate metabolic process	0/7	252/6920	1.0	4	0	1.0	
GO:0015741	BP	p	fumarate transport	0/7	1/6920	1.0	8	0	1.0	
GO:2000284	BP	p	positive regulation of amino acid biosynthetic process	0/7	3/6920	1.0	8	0	1.0	
GO:0070898	BP	p	RNA polymerase III preinitiation complex assembly	0/7	6/6920	1.0	8	0	1.0	
GO:0009163	BP	p	nucleoside biosynthetic process	0/7	12/6920	1.0	7	0	1.0	
GO:0071423	BP	p	malate transmembrane transport	0/7	1/6920	1.0	9	0	1.0	
GO:0015846	BP	p	polyamine transport	0/7	13/6920	1.0	5	0	1.0	
GO:0006511	BP	p	ubiquitin-dependent protein catabolic process	0/7	182/6920	1.0	8	0	1.0	
GO:0071940	BP	p	fungal-type cell wall assembly	0/7	49/6920	1.0	7	0	1.0	
GO:0071456	BP	p	cellular response to hypoxia	0/7	4/6920	1.0	6	0	1.0	
GO:0046321	BP	p	positive regulation of fatty acid oxidation	0/7	3/6920	1.0	9	0	1.0	
GO:0046890	BP	p	regulation of lipid biosynthetic process	0/7	42/6920	1.0	7	0	1.0	
GO:0050826	BP	p	response to freezing	0/7	3/6920	1.0	5	0	1.0	
GO:1902850	BP	p	microtubule cytoskeleton organization involved in mitosis	0/7	40/6920	1.0	7	0	1.0	
GO:0000266	BP	p	mitochondrial fission	0/7	9/6920	1.0	6	0	1.0	
GO:0090611	BP	p	ubiquitin-independent protein catabolic process via the multivesicular body sorting pathway	0/7	1/6920	1.0	7	0	1.0	
GO:0015700	BP	p	arsenite transport	0/7	4/6920	1.0	4	0	1.0	
GO:0015936	BP	p	coenzyme A metabolic process	0/7	10/6920	1.0	7	0	1.0	
GO:0000712	BP	p	resolution of meiotic recombination intermediates	0/7	8/6920	1.0	5	0	1.0	
GO:0019588	BP	p	anaerobic glycerol catabolic process	0/7	2/6920	1.0	9	0	1.0	
GO:1902270	BP	p	(R)-carnitine transmembrane transport	0/7	1/6920	1.0	9	0	1.0	
GO:0015768	BP	p	maltose transport	0/7	6/6920	1.0	7	0	1.0	
GO:0019493	BP	p	L-arginine catabolic process to L-proline	0/7	1/6920	1.0	12	0	1.0	
GO:1903272	BP	p	positive regulation of cytoplasmic translational elongation through polyproline stretches	0/7	1/6920	1.0	13	0	1.0	
GO:0000915	BP	p	actomyosin contractile ring assembly	0/7	14/6920	1.0	9	0	1.0	
GO:0042762	BP	p	regulation of sulfur metabolic process	0/7	13/6920	1.0	5	0	1.0	
GO:1901880	BP	p	negative regulation of protein depolymerization	0/7	12/6920	1.0	7	0	1.0	
GO:0061753	BP	p	substrate localization to autophagosome	0/7	5/6920	1.0	4	0	1.0	
GO:0009176	BP	p	pyrimidine deoxyribonucleoside monophosphate metabolic process	0/7	3/6920	1.0	9	0	1.0	
GO:0010697	BP	p	negative regulation of mitotic spindle pole body separation	0/7	2/6920	1.0	7	0	1.0	
GO:1900461	BP	p	positive regulation of pseudohyphal growth by positive regulation of transcription from RNA polymerase II promoter	0/7	1/6920	1.0	12	0	1.0	
GO:0006829	BP	p	zinc ion transport	0/7	10/6920	1.0	8	0	1.0	
GO:0006882	BP	p	intracellular zinc ion homeostasis	0/7	11/6920	1.0	6	0	1.0	
GO:0061709	BP	p	reticulophagy	0/7	27/6920	1.0	6	0	1.0	
GO:0006778	BP	p	porphyrin-containing compound metabolic process	0/7	18/6920	1.0	4	0	1.0	
GO:0031382	BP	p	mating projection formation	0/7	1/6920	1.0	7	0	1.0	
GO:0006427	BP	p	histidyl-tRNA aminoacylation	0/7	1/6920	1.0	10	0	1.0	
GO:1902298	BP	p	cell cycle DNA replication maintenance of fidelity	0/7	1/6920	1.0	8	0	1.0	
GO:1903314	BP	p	regulation of nitrogen cycle metabolic process	0/7	1/6920	1.0	5	0	1.0	
GO:0007107	BP	p	membrane addition at site of cytokinesis	0/7	2/6920	1.0	5	0	1.0	
GO:0051656	BP	p	establishment of organelle localization	0/7	110/6920	1.0	3	0	1.0	
GO:0048280	BP	p	vesicle fusion with Golgi apparatus	0/7	10/6920	1.0	8	0	1.0	
GO:1990735	BP	p	gamma-tubulin complex localization to mitotic spindle pole body	0/7	2/6920	1.0	4	0	1.0	
GO:0032297	BP	p	negative regulation of DNA-templated DNA replication initiation	0/7	2/6920	1.0	11	0	1.0	
GO:0043038	BP	p	amino acid activation	0/7	43/6920	1.0	5	0	1.0	
GO:0071788	BP	p	endoplasmic reticulum tubular network maintenance	0/7	2/6920	1.0	7	0	1.0	
GO:0009110	BP	p	vitamin biosynthetic process	0/7	57/6920	1.0	5	0	1.0	
GO:1990383	BP	p	cellular response to biotin starvation	0/7	1/6920	1.0	5	0	1.0	
GO:1904595	BP	p	positive regulation of termination of RNA polymerase II transcription	0/7	1/6920	1.0	12	0	1.0	
GO:0072721	BP	p	cellular response to dithiothreitol	0/7	1/6920	1.0	5	0	1.0	
GO:0001192	BP	p	maintenance of transcriptional fidelity during transcription elongation	0/7	4/6920	1.0	8	0	1.0	
GO:0009411	BP	p	response to UV	0/7	4/6920	1.0	5	0	1.0	
GO:0019654	BP	p	acetate fermentation	0/7	1/6920	1.0	9	0	1.0	
GO:0017003	BP	p	protein-heme linkage	0/7	3/6920	1.0	7	0	1.0	
GO:1905725	BP	p	protein localization to microtubule end	0/7	1/6920	1.0	9	0	1.0	
GO:0000271	BP	p	polysaccharide biosynthetic process	0/7	40/6920	1.0	6	0	1.0	
GO:0045818	BP	p	negative regulation of glycogen catabolic process	0/7	1/6920	1.0	10	0	1.0	
GO:0170033	BP	p	L-amino acid metabolic process	0/7	146/6920	1.0	8	0	1.0	
GO:1901856	BP	p	negative regulation of cellular respiration	0/7	1/6920	1.0	7	0	1.0	
GO:0090559	BP	p	regulation of membrane permeability	0/7	1/6920	1.0	3	0	1.0	
GO:0006501	BP	p	C-terminal protein lipidation	0/7	5/6920	1.0	8	0	1.0	
GO:1902903	BP	p	regulation of supramolecular fiber organization	0/7	63/6920	1.0	5	0	1.0	
GO:0097292	BP	p	XMP metabolic process	0/7	2/6920	1.0	10	0	1.0	
GO:0097305	BP	p	response to alcohol	0/7	11/6920	1.0	4	0	1.0	
GO:0000393	BP	p	spliceosomal conformational changes to generate catalytic conformation	0/7	3/6920	1.0	7	0	1.0	
GO:0000354	BP	p	cis assembly of pre-catalytic spliceosome	0/7	1/6920	1.0	7	0	1.0	
GO:1902315	BP	p	nuclear cell cycle DNA replication initiation	0/7	6/6920	1.0	9	0	1.0	
GO:0033611	BP	p	oxalate catabolic process	0/7	1/6920	1.0	9	0	1.0	
GO:0043270	BP	p	positive regulation of monoatomic ion transport	0/7	3/6920	1.0	6	0	1.0	
GO:0006415	BP	p	translational termination	0/7	19/6920	1.0	6	0	1.0	
GO:0097695	BP	p	establishment of protein-containing complex localization to telomere	0/7	5/6920	1.0	3	0	1.0	
GO:1902558	BP	p	5'-adenylyl sulfate transmembrane transport	0/7	1/6920	1.0	9	0	1.0	
GO:0009637	BP	p	response to blue light	0/7	1/6920	1.0	5	0	1.0	
GO:0019367	BP	p	fatty acid elongation, saturated fatty acid	0/7	3/6920	1.0	11	0	1.0	
GO:0061025	BP	p	membrane fusion	0/7	58/6920	1.0	5	0	1.0	
GO:0006290	BP	p	pyrimidine dimer repair	0/7	1/6920	1.0	8	0	1.0	
GO:0036092	BP	p	phosphatidylinositol-3-phosphate biosynthetic process	0/7	6/6920	1.0	10	0	1.0	
GO:0070127	BP	p	tRNA aminoacylation for mitochondrial protein translation	0/7	13/6920	1.0	10	0	1.0	
GO:0051050	BP	p	positive regulation of transport	0/7	45/6920	1.0	5	0	1.0	
GO:0046032	BP	p	ADP catabolic process	0/7	25/6920	1.0	11	0	1.0	
GO:0030866	BP	p	cortical actin cytoskeleton organization	0/7	34/6920	1.0	7	0	1.0	
GO:0072671	BP	p	mitochondria-associated ubiquitin-dependent protein catabolic process	0/7	13/6920	1.0	10	0	1.0	
GO:0051754	BP	p	meiotic sister chromatid cohesion, centromeric	0/7	4/6920	1.0	8	0	1.0	
GO:0046830	BP	p	positive regulation of RNA import into nucleus	0/7	1/6920	1.0	8	0	1.0	
GO:0015847	BP	p	putrescine transport	0/7	5/6920	1.0	6	0	1.0	
GO:0042538	BP	p	hyperosmotic salinity response	0/7	6/6920	1.0	5	0	1.0	
GO:0090087	BP	p	regulation of peptide transport	0/7	5/6920	1.0	5	0	1.0	
GO:0070726	BP	p	cell wall assembly	0/7	50/6920	1.0	6	0	1.0	
GO:2000431	BP	p	regulation of cytokinesis, actomyosin contractile ring assembly	0/7	7/6920	1.0	9	0	1.0	
GO:0070481	BP	p	nuclear-transcribed mRNA catabolic process, non-stop decay	0/7	14/6920	1.0	11	0	1.0	
GO:0032239	BP	p	regulation of nucleobase-containing compound transport	0/7	6/6920	1.0	5	0	1.0	
GO:0032220	BP	p	plasma membrane fusion involved in cytogamy	0/7	1/6920	1.0	7	0	1.0	
GO:0032233	BP	p	positive regulation of actin filament bundle assembly	0/7	7/6920	1.0	10	0	1.0	
GO:0015709	BP	p	thiosulfate transport	0/7	1/6920	1.0	5	0	1.0	
GO:1904262	BP	p	negative regulation of TORC1 signaling	0/7	10/6920	1.0	9	0	1.0	
GO:0072583	BP	p	clathrin-dependent endocytosis	0/7	7/6920	1.0	7	0	1.0	
GO:0045723	BP	p	positive regulation of fatty acid biosynthetic process	0/7	3/6920	1.0	9	0	1.0	
GO:0006545	BP	p	glycine biosynthetic process	0/7	4/6920	1.0	10	0	1.0	
GO:0043153	BP	p	entrainment of circadian clock by photoperiod	0/7	1/6920	1.0	6	0	1.0	
GO:0034247	BP	p	snoRNA splicing	0/7	4/6920	1.0	9	0	1.0	
GO:0046323	BP	p	D-glucose import	0/7	3/6920	1.0	9	0	1.0	
GO:0006101	BP	p	citrate metabolic process	0/7	2/6920	1.0	8	0	1.0	
GO:0006901	BP	p	vesicle coating	0/7	4/6920	1.0	6	0	1.0	
GO:0035384	BP	p	thioester biosynthetic process	0/7	8/6920	1.0	5	0	1.0	
GO:0033212	BP	p	iron import into cell	0/7	9/6920	1.0	9	0	1.0	
GO:0043577	BP	p	chemotropism	0/7	4/6920	1.0	4	0	1.0	
GO:0051316	BP	p	attachment of meiotic spindle microtubules to kinetochore	0/7	6/6920	1.0	4	0	1.0	
GO:0071985	BP	p	multivesicular body sorting pathway	0/7	57/6920	1.0	5	0	1.0	
GO:0034406	BP	p	cell wall beta-glucan metabolic process	0/7	11/6920	1.0	8	0	1.0	
GO:0090063	BP	p	positive regulation of microtubule nucleation	0/7	1/6920	1.0	11	0	1.0	
GO:1903504	BP	p	regulation of mitotic spindle checkpoint	0/7	7/6920	1.0	9	0	1.0	
GO:1902022	BP	p	L-lysine transport	0/7	4/6920	1.0	7	0	1.0	
GO:0051260	BP	p	protein homooligomerization	0/7	1/6920	1.0	7	0	1.0	
GO:1905819	BP	p	negative regulation of chromosome separation	0/7	26/6920	1.0	8	0	1.0	
GO:0140039	BP	p	cell-cell adhesion in response to extracellular stimulus	0/7	5/6920	1.0	4	0	1.0	
GO:0010737	BP	p	protein kinase A signaling	0/7	3/6920	1.0	6	0	1.0	
GO:1900152	BP	p	negative regulation of nuclear-transcribed mRNA catabolic process, deadenylation-dependent decay	0/7	3/6920	1.0	12	0	1.0	
GO:1905261	BP	p	regulation of meiotic DNA double-strand break formation involved in reciprocal meiotic recombination	0/7	3/6920	1.0	9	0	1.0	
GO:0140278	BP	p	mitotic division septum assembly	0/7	1/6920	1.0	7	0	1.0	
GO:0043111	BP	p	replication fork arrest	0/7	6/6920	1.0	11	0	1.0	
GO:1901657	BP	p	glycosyl compound metabolic process	0/7	26/6920	1.0	4	0	1.0	
GO:0006784	BP	p	heme A biosynthetic process	0/7	3/6920	1.0	7	0	1.0	
GO:0010845	BP	p	positive regulation of reciprocal meiotic recombination	0/7	2/6920	1.0	10	0	1.0	
GO:0015937	BP	p	coenzyme A biosynthetic process	0/7	7/6920	1.0	8	0	1.0	
GO:2000059	BP	p	negative regulation of ubiquitin-dependent protein catabolic process	0/7	4/6920	1.0	10	0	1.0	
GO:0032262	BP	p	pyrimidine nucleotide salvage	0/7	4/6920	1.0	10	0	1.0	
GO:0036293	BP	p	response to decreased oxygen levels	0/7	7/6920	1.0	4	0	1.0	
GO:0030968	BP	p	endoplasmic reticulum unfolded protein response	0/7	21/6920	1.0	6	0	1.0	
GO:0090316	BP	p	positive regulation of intracellular protein transport	0/7	6/6920	1.0	9	0	1.0	
GO:1904902	BP	p	ESCRT III complex assembly	0/7	1/6920	1.0	7	0	1.0	
GO:0009260	BP	p	ribonucleotide biosynthetic process	0/7	62/6920	1.0	9	0	1.0	
GO:0036295	BP	p	cellular response to increased oxygen levels	0/7	1/6920	1.0	5	0	1.0	
GO:0010810	BP	p	regulation of cell-substrate adhesion	0/7	2/6920	1.0	5	0	1.0	
GO:0141156	BP	p	cAMP/PKA signal transduction	0/7	2/6920	1.0	7	0	1.0	
GO:0045836	BP	p	positive regulation of meiotic nuclear division	0/7	5/6920	1.0	8	0	1.0	
GO:0006269	BP	p	DNA replication, synthesis of primer	0/7	3/6920	1.0	8	0	1.0	
GO:0043244	BP	p	regulation of protein-containing complex disassembly	0/7	31/6920	1.0	5	0	1.0	
GO:2001140	BP	p	positive regulation of phospholipid transport	0/7	1/6920	1.0	7	0	1.0	
GO:0032240	BP	p	negative regulation of nucleobase-containing compound transport	0/7	1/6920	1.0	6	0	1.0	
GO:0043207	BP	p	response to external biotic stimulus	0/7	6/6920	1.0	3	0	1.0	
GO:0031503	BP	p	protein-containing complex localization	0/7	110/6920	1.0	2	0	1.0	
GO:0034975	BP	p	protein folding in endoplasmic reticulum	0/7	14/6920	1.0	3	0	1.0	
GO:0005987	BP	p	sucrose catabolic process	0/7	13/6920	1.0	8	0	1.0	
GO:0090156	BP	p	intracellular sphingolipid homeostasis	0/7	9/6920	1.0	4	0	1.0	
GO:0009299	BP	p	mRNA transcription	0/7	4/6920	1.0	9	0	1.0	
GO:0006382	BP	p	adenosine to inosine editing	0/7	3/6920	1.0	9	0	1.0	
GO:0001919	BP	p	regulation of receptor recycling	0/7	1/6920	1.0	6	0	1.0	
GO:0010636	BP	p	positive regulation of mitochondrial fusion	0/7	4/6920	1.0	8	0	1.0	
GO:0090337	BP	p	regulation of formin-nucleated actin cable assembly	0/7	12/6920	1.0	10	0	1.0	
GO:0048025	BP	p	negative regulation of mRNA splicing, via spliceosome	0/7	1/6920	1.0	11	0	1.0	
GO:0031571	BP	p	mitotic G1 DNA damage checkpoint signaling	0/7	6/6920	1.0	12	0	1.0	
GO:0097054	BP	p	L-glutamate biosynthetic process	0/7	1/6920	1.0	12	0	1.0	
GO:0044721	BP	p	protein import into peroxisome matrix, substrate release	0/7	4/6920	1.0	6	0	1.0	
GO:0033243	BP	p	positive regulation of amine catabolic process	0/7	1/6920	1.0	7	0	1.0	
GO:0006904	BP	p	vesicle docking involved in exocytosis	0/7	8/6920	1.0	5	0	1.0	
GO:0006276	BP	p	plasmid maintenance	0/7	12/6920	1.0	2	0	1.0	
GO:0042168	BP	p	heme metabolic process	0/7	18/6920	1.0	5	0	1.0	
GO:0090481	BP	p	pyrimidine nucleotide-sugar transmembrane transport	0/7	3/6920	1.0	7	0	1.0	
GO:0071970	BP	p	fungal-type cell wall (1->3)-beta-D-glucan biosynthetic process	0/7	5/6920	1.0	11	0	1.0	
GO:0090735	BP	p	DNA repair complex assembly	0/7	11/6920	1.0	6	0	1.0	
GO:0002939	BP	p	tRNA N1-guanine methylation	0/7	2/6920	1.0	11	0	1.0	
GO:0034058	BP	p	endosomal vesicle fusion	0/7	4/6920	1.0	8	0	1.0	
GO:0010639	BP	p	negative regulation of organelle organization	0/7	88/6920	1.0	6	0	1.0	
GO:0048284	BP	p	organelle fusion	0/7	100/6920	1.0	5	0	1.0	
GO:0070458	BP	p	cellular detoxification of nitrogen compound	0/7	1/6920	1.0	3	0	1.0	
GO:0006620	BP	p	post-translational protein targeting to endoplasmic reticulum membrane	0/7	6/6920	1.0	9	0	1.0	
GO:0050685	BP	p	positive regulation of mRNA processing	0/7	3/6920	1.0	10	0	1.0	
GO:0000958	BP	p	mitochondrial mRNA catabolic process	0/7	1/6920	1.0	10	0	1.0	
GO:0032958	BP	p	inositol phosphate biosynthetic process	0/7	6/6920	1.0	7	0	1.0	
GO:0140568	BP	p	extraction of mislocalized protein from membrane	0/7	1/6920	1.0	7	0	1.0	
GO:0051654	BP	p	establishment of mitochondrion localization	0/7	5/6920	1.0	4	0	1.0	
GO:2000237	BP	p	positive regulation of tRNA processing	0/7	1/6920	1.0	10	0	1.0	
GO:0050849	BP	p	negative regulation of calcium-mediated signaling	0/7	2/6920	1.0	8	0	1.0	
GO:1901701	BP	p	cellular response to oxygen-containing compound	0/7	38/6920	1.0	4	0	1.0	
GO:0090089	BP	p	regulation of dipeptide transport	0/7	5/6920	1.0	7	0	1.0	
GO:0007120	BP	p	axial cellular bud site selection	0/7	15/6920	1.0	5	0	1.0	
GO:1990417	BP	p	snoRNA release from pre-rRNA	0/7	1/6920	1.0	9	0	1.0	
GO:0043102	BP	p	amino acid salvage	0/7	10/6920	1.0	6	0	1.0	
GO:0031055	BP	p	chromatin remodeling at centromere	0/7	4/6920	1.0	6	0	1.0	
GO:0090068	BP	p	positive regulation of cell cycle process	0/7	84/6920	1.0	6	0	1.0	
GO:0008033	BP	p	tRNA processing	0/7	141/6920	1.0	8	0	1.0	
GO:0006404	BP	p	RNA import into nucleus	0/7	6/6920	1.0	8	0	1.0	
GO:1901068	BP	p	guanosine-containing compound metabolic process	0/7	2/6920	1.0	9	0	1.0	
GO:1904828	BP	p	positive regulation of hydrogen sulfide biosynthetic process	0/7	2/6920	1.0	7	0	1.0	
GO:0070651	BP	p	nonfunctional rRNA decay	0/7	22/6920	1.0	9	0	1.0	
GO:0019677	BP	p	NAD+ catabolic process	0/7	2/6920	1.0	11	0	1.0	
GO:0033123	BP	p	positive regulation of purine nucleotide catabolic process	0/7	1/6920	1.0	10	0	1.0	
GO:1900428	BP	p	regulation of filamentous growth of a population of unicellular organisms	0/7	45/6920	1.0	5	0	1.0	
GO:0120031	BP	p	plasma membrane bounded cell projection assembly	0/7	1/6920	1.0	6	0	1.0	
GO:0060258	BP	p	negative regulation of filamentous growth	0/7	15/6920	1.0	5	0	1.0	
GO:0034087	BP	p	establishment of mitotic sister chromatid cohesion	0/7	17/6920	1.0	4	0	1.0	
GO:0051784	BP	p	negative regulation of nuclear division	0/7	44/6920	1.0	7	0	1.0	
GO:0010920	BP	p	negative regulation of inositol phosphate biosynthetic process	0/7	1/6920	1.0	9	0	1.0	
GO:0009262	BP	p	deoxyribonucleotide metabolic process	0/7	11/6920	1.0	8	0	1.0	
GO:1905342	BP	p	positive regulation of protein localization to kinetochore	0/7	1/6920	1.0	7	0	1.0	
GO:1902416	BP	p	positive regulation of mRNA binding	0/7	1/6920	1.0	6	0	1.0	
GO:0046900	BP	p	tetrahydrofolylpolyglutamate metabolic process	0/7	3/6920	1.0	5	0	1.0	
GO:0009895	BP	p	negative regulation of catabolic process	0/7	38/6920	1.0	6	0	1.0	
GO:0042843	BP	p	D-xylose catabolic process	0/7	4/6920	1.0	8	0	1.0	
GO:2000780	BP	p	negative regulation of double-strand break repair	0/7	2/6920	1.0	10	0	1.0	
GO:2001057	BP	p	reactive nitrogen species metabolic process	0/7	6/6920	1.0	3	0	1.0	
GO:0106005	BP	p	RNA 5'-cap (guanine-N7)-methylation	0/7	1/6920	1.0	10	0	1.0	
GO:0090646	BP	p	mitochondrial tRNA processing	0/7	12/6920	1.0	9	0	1.0	
GO:0019805	BP	p	quinolinate biosynthetic process	0/7	3/6920	1.0	9	0	1.0	
GO:0036151	BP	p	phosphatidylcholine acyl-chain remodeling	0/7	3/6920	1.0	8	0	1.0	
GO:0045016	BP	p	mitochondrial magnesium ion transmembrane transport	0/7	3/6920	1.0	9	0	1.0	
GO:0017183	BP	p	protein histidyl modification to diphthamide	0/7	10/6920	1.0	8	0	1.0	
GO:0090549	BP	p	response to carbon starvation	0/7	1/6920	1.0	4	0	1.0	
GO:0140588	BP	p	chromatin looping	0/7	4/6920	1.0	5	0	1.0	
GO:1902296	BP	p	DNA strand elongation involved in cell cycle DNA replication	0/7	1/6920	1.0	9	0	1.0	
GO:0042306	BP	p	regulation of protein import into nucleus	0/7	5/6920	1.0	9	0	1.0	
GO:0009304	BP	p	tRNA transcription	0/7	18/6920	1.0	9	0	1.0	
GO:0090606	BP	p	single-species surface biofilm formation	0/7	3/6920	1.0	6	0	1.0	
GO:0010795	BP	p	regulation of ubiquinone biosynthetic process	0/7	2/6920	1.0	7	0	1.0	
GO:1904152	BP	p	regulation of retrograde protein transport, ER to cytosol	0/7	1/6920	1.0	10	0	1.0	
GO:0016239	BP	p	positive regulation of macroautophagy	0/7	22/6920	1.0	8	0	1.0	
GO:0045821	BP	p	positive regulation of glycolytic process	0/7	1/6920	1.0	11	0	1.0	
GO:0006567	BP	p	L-threonine catabolic process	0/7	3/6920	1.0	11	0	1.0	
GO:2001279	BP	p	regulation of unsaturated fatty acid biosynthetic process	0/7	2/6920	1.0	9	0	1.0	
GO:0018016	BP	p	N-terminal peptidyl-proline dimethylation	0/7	1/6920	1.0	10	0	1.0	
GO:0010981	BP	p	regulation of cell wall macromolecule metabolic process	0/7	3/6920	1.0	6	0	1.0	
GO:1904749	BP	p	regulation of protein localization to nucleolus	0/7	8/6920	1.0	7	0	1.0	
GO:0000379	BP	p	tRNA-type intron splice site recognition and cleavage	0/7	5/6920	1.0	5	0	1.0	
GO:2000220	BP	p	regulation of pseudohyphal growth	0/7	26/6920	1.0	7	0	1.0	
GO:2000143	BP	p	negative regulation of DNA-templated transcription initiation	0/7	2/6920	1.0	11	0	1.0	
GO:0050793	BP	p	regulation of developmental process	0/7	43/6920	1.0	3	0	1.0	
GO:0043085	BP	p	positive regulation of catalytic activity	0/7	10/6920	1.0	4	0	1.0	
GO:0010034	BP	p	response to acetate	0/7	1/6920	1.0	4	0	1.0	
GO:0046129	BP	p	purine ribonucleoside biosynthetic process	0/7	9/6920	1.0	9	0	1.0	
GO:0016255	BP	p	attachment of GPI anchor to protein	0/7	5/6920	1.0	6	0	1.0	
GO:0030242	BP	p	autophagy of peroxisome	0/7	31/6920	1.0	5	0	1.0	
GO:1903424	BP	p	fluoride transmembrane transport	0/7	2/6920	1.0	7	0	1.0	
GO:0000025	BP	p	maltose catabolic process	0/7	12/6920	1.0	8	0	1.0	
GO:0071589	BP	p	pyridine nucleoside biosynthetic process	0/7	2/6920	1.0	8	0	1.0	
GO:1901292	BP	p	nucleoside phosphate catabolic process	0/7	42/6920	1.0	7	0	1.0	
GO:0031578	BP	p	mitotic spindle orientation checkpoint signaling	0/7	17/6920	1.0	11	0	1.0	
GO:0042307	BP	p	positive regulation of protein import into nucleus	0/7	3/6920	1.0	10	0	1.0	
GO:0098739	BP	p	import across plasma membrane	0/7	21/6920	1.0	5	0	1.0	
GO:0006750	BP	p	glutathione biosynthetic process	0/7	2/6920	1.0	6	0	1.0	
GO:1905133	BP	p	negative regulation of meiotic chromosome separation	0/7	2/6920	1.0	9	0	1.0	
GO:0010628	BP	p	positive regulation of gene expression	0/7	88/6920	1.0	8	0	1.0	
GO:0031442	BP	p	positive regulation of mRNA 3'-end processing	0/7	1/6920	1.0	11	0	1.0	
GO:0045990	BP	p	carbon catabolite regulation of transcription	0/7	9/6920	1.0	10	0	1.0	
GO:0006265	BP	p	DNA topological change	0/7	12/6920	1.0	7	0	1.0	
GO:0009847	BP	p	spore germination	0/7	1/6920	1.0	3	0	1.0	
GO:2001210	BP	p	regulation of isopentenyl diphosphate biosynthetic process, mevalonate pathway	0/7	1/6920	1.0	9	0	1.0	
GO:0006208	BP	p	pyrimidine nucleobase catabolic process	0/7	1/6920	1.0	8	0	1.0	
GO:0070982	BP	p	L-asparagine metabolic process	0/7	7/6920	1.0	11	0	1.0	
GO:0019543	BP	p	propionate catabolic process	0/7	2/6920	1.0	11	0	1.0	
GO:0060195	BP	p	negative regulation of antisense RNA transcription	0/7	4/6920	1.0	11	0	1.0	
GO:1903337	BP	p	positive regulation of vacuolar transport	0/7	1/6920	1.0	7	0	1.0	
GO:0051348	BP	p	negative regulation of transferase activity	0/7	1/6920	1.0	5	0	1.0	
GO:0007117	BP	p	budding cell bud growth	0/7	26/6920	1.0	2	0	1.0	
GO:0001579	BP	p	medium-chain fatty acid transport	0/7	1/6920	1.0	8	0	1.0	
GO:0071969	BP	p	fungal-type cell wall (1->3)-beta-D-glucan metabolic process	0/7	5/6920	1.0	10	0	1.0	
GO:0015837	BP	p	amine transport	0/7	2/6920	1.0	5	0	1.0	
GO:0010927	BP	p	cellular component assembly involved in morphogenesis	0/7	67/6920	1.0	5	0	1.0	
GO:0070452	BP	p	positive regulation of ergosterol biosynthetic process	0/7	3/6920	1.0	11	0	1.0	
GO:0006562	BP	p	L-proline catabolic process	0/7	3/6920	1.0	11	0	1.0	
GO:0070475	BP	p	rRNA base methylation	0/7	7/6920	1.0	11	0	1.0	
GO:0035351	BP	p	heme transmembrane transport	0/7	1/6920	1.0	11	0	1.0	
GO:0072593	BP	p	reactive oxygen species metabolic process	0/7	20/6920	1.0	3	0	1.0	
GO:0018193	BP	p	peptidyl-amino acid modification	0/7	58/6920	1.0	6	0	1.0	
GO:1903499	BP	p	regulation of mitotic actomyosin contractile ring assembly	0/7	7/6920	1.0	10	0	1.0	
GO:0000715	BP	p	nucleotide-excision repair, DNA damage recognition	0/7	4/6920	1.0	6	0	1.0	
GO:0062012	BP	p	regulation of small molecule metabolic process	0/7	76/6920	1.0	5	0	1.0	
GO:1903873	BP	p	negative regulation of DNA recombinase mediator complex assembly	0/7	1/6920	1.0	7	0	1.0	
GO:0000967	BP	p	rRNA 5'-end processing	0/7	40/6920	1.0	9	0	1.0	
GO:0009078	BP	p	pyruvate family amino acid metabolic process	0/7	17/6920	1.0	9	0	1.0	
GO:2000214	BP	p	regulation of proline metabolic process	0/7	3/6920	1.0	8	0	1.0	
GO:0006797	BP	p	polyphosphate metabolic process	0/7	16/6920	1.0	6	0	1.0	
GO:0015699	BP	p	antimonite transmembrane transport	0/7	1/6920	1.0	7	0	1.0	
GO:0006285	BP	p	base-excision repair, AP site formation	0/7	5/6920	1.0	7	0	1.0	
GO:0034220	BP	p	monoatomic ion transmembrane transport	0/7	184/6920	1.0	5	0	1.0	
GO:0035459	BP	p	vesicle cargo loading	0/7	11/6920	1.0	4	0	1.0	
GO:0048250	BP	p	iron import into the mitochondrion	0/7	2/6920	1.0	10	0	1.0	
GO:0044839	BP	p	cell cycle G2/M phase transition	0/7	42/6920	1.0	4	0	1.0	
GO:2000910	BP	p	negative regulation of sterol import	0/7	3/6920	1.0	8	0	1.0	
GO:0098813	BP	p	nuclear chromosome segregation	0/7	47/6920	1.0	4	0	1.0	
GO:1903395	BP	p	regulation of secondary cell septum biogenesis	0/7	1/6920	1.0	9	0	1.0	
GO:0010992	BP	p	ubiquitin recycling	0/7	5/6920	1.0	3	0	1.0	
GO:0006152	BP	p	purine nucleoside catabolic process	0/7	3/6920	1.0	8	0	1.0	
GO:0070637	BP	p	pyridine nucleoside metabolic process	0/7	3/6920	1.0	7	0	1.0	
GO:0043708	BP	p	cell adhesion involved in biofilm formation	0/7	4/6920	1.0	4	0	1.0	
GO:0034198	BP	p	cellular response to amino acid starvation	0/7	18/6920	1.0	5	0	1.0	
GO:0043934	BP	p	sporulation	0/7	152/6920	1.0	2	0	1.0	
GO:0048261	BP	p	negative regulation of receptor-mediated endocytosis	0/7	2/6920	1.0	8	0	1.0	
GO:0006826	BP	p	iron ion transport	0/7	43/6920	1.0	8	0	1.0	
GO:0050810	BP	p	regulation of steroid biosynthetic process	0/7	7/6920	1.0	8	0	1.0	
GO:1905786	BP	p	positive regulation of anaphase-promoting complex-dependent catabolic process	0/7	3/6920	1.0	12	0	1.0	
GO:0031582	BP	p	replication fork arrest at rDNA repeats	0/7	1/6920	1.0	12	0	1.0	
GO:0042791	BP	p	5S class rRNA transcription by RNA polymerase III	0/7	7/6920	1.0	10	0	1.0	
GO:0055078	BP	p	sodium ion homeostasis	0/7	3/6920	1.0	5	0	1.0	
GO:0052652	BP	p	cyclic purine nucleotide metabolic process	0/7	2/6920	1.0	9	0	1.0	
GO:0035927	BP	p	RNA import into mitochondrion	0/7	1/6920	1.0	8	0	1.0	
GO:0045761	BP	p	regulation of adenylate cyclase activity	0/7	1/6920	1.0	4	0	1.0	
GO:0000052	BP	p	citrulline metabolic process	0/7	2/6920	1.0	8	0	1.0	
GO:0010833	BP	p	telomere maintenance via telomere lengthening	0/7	18/6920	1.0	8	0	1.0	
GO:0070646	BP	p	protein modification by small protein removal	0/7	31/6920	1.0	8	0	1.0	
GO:0046081	BP	p	dUTP catabolic process	0/7	1/6920	1.0	12	0	1.0	
GO:1900102	BP	p	negative regulation of endoplasmic reticulum unfolded protein response	0/7	3/6920	1.0	8	0	1.0	
GO:0030259	BP	p	lipid glycosylation	0/7	1/6920	1.0	6	0	1.0	
GO:1905039	BP	p	carboxylic acid transmembrane transport	0/7	48/6920	1.0	6	0	1.0	
GO:0061640	BP	p	cytoskeleton-dependent cytokinesis	0/7	19/6920	1.0	4	0	1.0	
GO:0034306	BP	p	regulation of sexual sporulation	0/7	7/6920	1.0	6	0	1.0	
GO:0010511	BP	p	regulation of phosphatidylinositol biosynthetic process	0/7	5/6920	1.0	9	0	1.0	
GO:0060631	BP	p	regulation of meiosis I	0/7	3/6920	1.0	8	0	1.0	
GO:0009187	BP	p	cyclic nucleotide metabolic process	0/7	3/6920	1.0	8	0	1.0	
GO:0009593	BP	p	detection of chemical stimulus	0/7	2/6920	1.0	3	0	1.0	
GO:0051255	BP	p	spindle midzone assembly	0/7	1/6920	1.0	5	0	1.0	
GO:0071918	BP	p	urea transmembrane transport	0/7	1/6920	1.0	7	0	1.0	
GO:0016243	BP	p	regulation of autophagosome size	0/7	1/6920	1.0	7	0	1.0	
GO:1902341	BP	p	xylitol transmembrane transport	0/7	2/6920	1.0	6	0	1.0	
GO:0032369	BP	p	negative regulation of lipid transport	0/7	5/6920	1.0	6	0	1.0	
GO:0031125	BP	p	rRNA 3'-end processing	0/7	23/6920	1.0	9	0	1.0	
GO:0034316	BP	p	negative regulation of Arp2/3 complex-mediated actin nucleation	0/7	7/6920	1.0	11	0	1.0	
GO:0006108	BP	p	malate metabolic process	0/7	5/6920	1.0	8	0	1.0	
GO:1901379	BP	p	regulation of potassium ion transmembrane transport	0/7	2/6920	1.0	8	0	1.0	
GO:0007121	BP	p	bipolar cellular bud site selection	0/7	16/6920	1.0	5	0	1.0	
GO:0140013	BP	p	meiotic nuclear division	0/7	12/6920	1.0	7	0	1.0	
GO:0071951	BP	p	conversion of methionyl-tRNA to N-formyl-methionyl-tRNA	0/7	1/6920	1.0	11	0	1.0	
GO:0030447	BP	p	filamentous growth	0/7	84/6920	1.0	2	0	1.0	
GO:0019569	BP	p	L-arabinose catabolic process to D-xylulose 5-phosphate	0/7	1/6920	1.0	10	0	1.0	
GO:0051125	BP	p	regulation of actin nucleation	0/7	17/6920	1.0	9	0	1.0	
GO:2001172	BP	p	positive regulation of glycolytic fermentation to ethanol	0/7	1/6920	1.0	9	0	1.0	
GO:0006621	BP	p	protein retention in ER lumen	0/7	10/6920	1.0	7	0	1.0	
GO:0090522	BP	p	vesicle tethering involved in exocytosis	0/7	2/6920	1.0	5	0	1.0	
GO:0001677	BP	p	formation of translation initiation ternary complex	0/7	1/6920	1.0	7	0	1.0	
GO:0140466	BP	p	iron-sulfur cluster export from the mitochondrion	0/7	1/6920	1.0	11	0	1.0	
GO:0044281	BP	p	small molecule metabolic process	0/7	706/6920	1.0	3	0	1.0	
GO:0061186	BP	p	negative regulation of silent mating-type cassette heterochromatin formation	0/7	11/6920	1.0	10	0	1.0	
GO:2000114	BP	p	regulation of establishment of cell polarity	0/7	2/6920	1.0	5	0	1.0	
GO:2000060	BP	p	positive regulation of ubiquitin-dependent protein catabolic process	0/7	4/6920	1.0	10	0	1.0	
GO:0032955	BP	p	regulation of division septum assembly	0/7	6/6920	1.0	8	0	1.0	
GO:0051047	BP	p	positive regulation of secretion	0/7	4/6920	1.0	6	0	1.0	
GO:0010212	BP	p	response to ionizing radiation	0/7	1/6920	1.0	4	0	1.0	
GO:0032790	BP	p	ribosome disassembly	0/7	16/6920	1.0	6	0	1.0	
GO:0009138	BP	p	pyrimidine nucleoside diphosphate metabolic process	0/7	3/6920	1.0	8	0	1.0	
GO:1901705	BP	p	L-isoleucine biosynthetic process	0/7	1/6920	1.0	11	0	1.0	
GO:0006097	BP	p	glyoxylate cycle	0/7	8/6920	1.0	9	0	1.0	
GO:0070585	BP	p	protein localization to mitochondrion	0/7	72/6920	1.0	6	0	1.0	
GO:0000320	BP	p	re-entry into mitotic cell cycle	0/7	10/6920	1.0	3	0	1.0	
GO:0042845	BP	p	glycol biosynthetic process	0/7	2/6920	1.0	8	0	1.0	
GO:0032466	BP	p	negative regulation of cytokinesis	0/7	5/6920	1.0	7	0	1.0	
GO:0010526	BP	p	transposable element silencing	0/7	8/6920	1.0	10	0	1.0	
GO:0006523	BP	p	alanine biosynthetic process	0/7	1/6920	1.0	9	0	1.0	
GO:0006457	BP	p	protein folding	0/7	138/6920	1.0	2	0	1.0	
GO:0110156	BP	p	mRNA methylguanosine-cap decapping	0/7	19/6920	1.0	8	0	1.0	
GO:0006235	BP	p	dTTP biosynthetic process	0/7	2/6920	1.0	12	0	1.0	
GO:0006864	BP	p	pyrimidine nucleotide transport	0/7	1/6920	1.0	7	0	1.0	
GO:0032025	BP	p	response to cobalt ion	0/7	1/6920	1.0	4	0	1.0	
GO:0051259	BP	p	protein complex oligomerization	0/7	3/6920	1.0	6	0	1.0	
GO:0071244	BP	p	cellular response to carbon dioxide	0/7	2/6920	1.0	5	0	1.0	
GO:1901135	BP	p	carbohydrate derivative metabolic process	0/7	290/6920	1.0	3	0	1.0	
GO:0051653	BP	p	spindle localization	0/7	19/6920	1.0	3	0	1.0	
GO:0017004	BP	p	cytochrome complex assembly	0/7	43/6920	1.0	6	0	1.0	
GO:0061764	BP	p	late endosome to lysosome transport via multivesicular body sorting pathway	0/7	1/6920	1.0	9	0	1.0	
GO:0042144	BP	p	vacuole fusion, non-autophagic	0/7	33/6920	1.0	7	0	1.0	
GO:0009396	BP	p	folic acid-containing compound biosynthetic process	0/7	12/6920	1.0	5	0	1.0	
GO:0000389	BP	p	mRNA 3'-splice site recognition	0/7	5/6920	1.0	8	0	1.0	
GO:1990544	BP	p	mitochondrial ATP transmembrane transport	0/7	5/6920	1.0	10	0	1.0	
GO:0010106	BP	p	cellular response to iron ion starvation	0/7	6/6920	1.0	5	0	1.0	
GO:0015825	BP	p	L-serine transport	0/7	4/6920	1.0	7	0	1.0	
GO:0019388	BP	p	galactose catabolic process	0/7	8/6920	1.0	8	0	1.0	
GO:1903479	BP	p	mitotic actomyosin contractile ring assembly actin filament organization	0/7	1/6920	1.0	7	0	1.0	
GO:0034410	BP	p	cell wall beta-glucan biosynthetic process	0/7	11/6920	1.0	9	0	1.0	
GO:0048511	BP	p	rhythmic process	0/7	1/6920	1.0	1	0	1.0	
GO:0046713	BP	p	borate transport	0/7	3/6920	1.0	5	0	1.0	
GO:0006780	BP	p	uroporphyrinogen III biosynthetic process	0/7	1/6920	1.0	8	0	1.0	
GO:2001293	BP	p	malonyl-CoA metabolic process	0/7	2/6920	1.0	8	0	1.0	
GO:0035268	BP	p	protein mannosylation	0/7	15/6920	1.0	7	0	1.0	
GO:0019953	BP	p	sexual reproduction	0/7	29/6920	1.0	2	0	1.0	
GO:0009215	BP	p	purine deoxyribonucleoside triphosphate metabolic process	0/7	2/6920	1.0	9	0	1.0	
GO:0042128	BP	p	nitrate assimilation	0/7	3/6920	1.0	7	0	1.0	
GO:0008608	BP	p	attachment of spindle microtubules to kinetochore	0/7	35/6920	1.0	3	0	1.0	
GO:0007124	BP	p	pseudohyphal growth	0/7	53/6920	1.0	5	0	1.0	
GO:0009228	BP	p	thiamine biosynthetic process	0/7	12/6920	1.0	8	0	1.0	
GO:0019354	BP	p	siroheme biosynthetic process	0/7	2/6920	1.0	7	0	1.0	
GO:0048584	BP	p	positive regulation of response to stimulus	0/7	52/6920	1.0	4	0	1.0	
GO:0032372	BP	p	negative regulation of sterol transport	0/7	3/6920	1.0	7	0	1.0	
GO:0046365	BP	p	monosaccharide catabolic process	0/7	23/6920	1.0	6	0	1.0	
GO:0051409	BP	p	response to nitrosative stress	0/7	4/6920	1.0	3	0	1.0	
GO:0034284	BP	p	response to monosaccharide	0/7	7/6920	1.0	5	0	1.0	
GO:0032042	BP	p	mitochondrial DNA metabolic process	0/7	10/6920	1.0	7	0	1.0	
GO:0034472	BP	p	snRNA 3'-end processing	0/7	20/6920	1.0	9	0	1.0	
GO:1903023	BP	p	regulation of ascospore-type prospore membrane formation	0/7	4/6920	1.0	6	0	1.0	
GO:0006013	BP	p	mannose metabolic process	0/7	6/6920	1.0	7	0	1.0	
GO:0042401	BP	p	biogenic amine biosynthetic process	0/7	10/6920	1.0	5	0	1.0	
GO:0010948	BP	p	negative regulation of cell cycle process	0/7	135/6920	1.0	6	0	1.0	
GO:0051503	BP	p	adenine nucleotide transport	0/7	30/6920	1.0	8	0	1.0	
GO:0032263	BP	p	GMP salvage	0/7	2/6920	1.0	12	0	1.0	
GO:0051598	BP	p	meiotic recombination checkpoint signaling	0/7	10/6920	1.0	10	0	1.0	
GO:0033313	BP	p	meiotic cell cycle checkpoint signaling	0/7	14/6920	1.0	9	0	1.0	
GO:0051604	BP	p	protein maturation	0/7	94/6920	1.0	5	0	1.0	
GO:0006888	BP	p	endoplasmic reticulum to Golgi vesicle-mediated transport	0/7	97/6920	1.0	6	0	1.0	
GO:0010509	BP	p	intracellular polyamine homeostasis	0/7	1/6920	1.0	4	0	1.0	
GO:0032988	BP	p	protein-RNA complex disassembly	0/7	12/6920	1.0	6	0	1.0	
GO:1904382	BP	p	mannose trimming involved in glycoprotein ERAD pathway	0/7	3/6920	1.0	9	0	1.0	
GO:1901976	BP	p	regulation of cell cycle checkpoint	0/7	16/6920	1.0	7	0	1.0	
GO:1990748	BP	p	cellular detoxification	0/7	46/6920	1.0	2	0	1.0	
GO:0000086	BP	p	G2/M transition of mitotic cell cycle	0/7	42/6920	1.0	5	0	1.0	
GO:0072348	BP	p	sulfur compound transport	0/7	25/6920	1.0	4	0	1.0	
GO:1900089	BP	p	negative regulation of inositol biosynthetic process	0/7	2/6920	1.0	8	0	1.0	
GO:0070132	BP	p	regulation of mitochondrial translational initiation	0/7	1/6920	1.0	11	0	1.0	
GO:0018342	BP	p	protein prenylation	0/7	8/6920	1.0	6	0	1.0	
GO:0016024	BP	p	CDP-diacylglycerol biosynthetic process	0/7	5/6920	1.0	8	0	1.0	
GO:0030474	BP	p	spindle pole body duplication	0/7	18/6920	1.0	6	0	1.0	
GO:0048254	BP	p	snoRNA localization	0/7	1/6920	1.0	4	0	1.0	
GO:0051256	BP	p	mitotic spindle midzone assembly	0/7	1/6920	1.0	6	0	1.0	
GO:0034255	BP	p	regulation of urea metabolic process	0/7	1/6920	1.0	6	0	1.0	
GO:0006418	BP	p	tRNA aminoacylation for protein translation	0/7	38/6920	1.0	9	0	1.0	
GO:0070525	BP	p	tRNA threonylcarbamoyladenosine metabolic process	0/7	11/6920	1.0	8	0	1.0	
GO:0034963	BP	p	box C/D sno(s)RNA processing	0/7	15/6920	1.0	9	0	1.0	
GO:0007166	BP	p	cell surface receptor signaling pathway	0/7	1/6920	1.0	5	0	1.0	
GO:0090268	BP	p	activation of mitotic cell cycle spindle assembly checkpoint	0/7	1/6920	1.0	12	0	1.0	
GO:0015693	BP	p	magnesium ion transport	0/7	6/6920	1.0	7	0	1.0	
GO:0008535	BP	p	respiratory chain complex IV assembly	0/7	29/6920	1.0	7	0	1.0	
GO:0009636	BP	p	response to toxic substance	0/7	7/6920	1.0	3	0	1.0	
GO:0005994	BP	p	melibiose metabolic process	0/7	10/6920	1.0	7	0	1.0	
GO:0051792	BP	p	medium-chain fatty acid biosynthetic process	0/7	3/6920	1.0	10	0	1.0	
GO:0000280	BP	p	nuclear division	0/7	18/6920	1.0	6	0	1.0	
GO:0035753	BP	p	maintenance of DNA trinucleotide repeats	0/7	11/6920	1.0	8	0	1.0	
GO:0009100	BP	p	glycoprotein metabolic process	0/7	33/6920	1.0	5	0	1.0	
GO:0070146	BP	p	mitochondrial aspartyl-tRNA aminoacylation	0/7	1/6920	1.0	11	0	1.0	
GO:0034767	BP	p	positive regulation of monoatomic ion transmembrane transport	0/7	1/6920	1.0	7	0	1.0	
GO:0032000	BP	p	positive regulation of fatty acid beta-oxidation	0/7	3/6920	1.0	10	0	1.0	
GO:0055071	BP	p	manganese ion homeostasis	0/7	10/6920	1.0	5	0	1.0	
GO:1904063	BP	p	negative regulation of cation transmembrane transport	0/7	1/6920	1.0	8	0	1.0	
GO:0070681	BP	p	glutaminyl-tRNAGln biosynthesis via transamidation	0/7	4/6920	1.0	9	0	1.0	
GO:0000821	BP	p	regulation of arginine metabolic process	0/7	4/6920	1.0	7	0	1.0	
GO:1901860	BP	p	positive regulation of mitochondrial DNA metabolic process	0/7	3/6920	1.0	9	0	1.0	
GO:0008654	BP	p	phospholipid biosynthetic process	0/7	111/6920	1.0	6	0	1.0	
GO:0006047	BP	p	UDP-N-acetylglucosamine metabolic process	0/7	7/6920	1.0	8	0	1.0	
GO:1903087	BP	p	mitotic spindle pole body duplication	0/7	1/6920	1.0	7	0	1.0	
GO:0034315	BP	p	regulation of Arp2/3 complex-mediated actin nucleation	0/7	15/6920	1.0	10	0	1.0	
GO:1902914	BP	p	regulation of protein polyubiquitination	0/7	1/6920	1.0	11	0	1.0	
GO:0071255	BP	p	Cvt vesicle assembly	0/7	3/6920	1.0	6	0	1.0	
GO:0010630	BP	p	regulation of transcription, start site selection	0/7	2/6920	1.0	7	0	1.0	
GO:0070407	BP	p	oxidation-dependent protein catabolic process	0/7	1/6920	1.0	8	0	1.0	
GO:0006606	BP	p	protein import into nucleus	0/7	65/6920	1.0	8	0	1.0	
GO:1990414	BP	p	replication-born double-strand break repair via sister chromatid exchange	0/7	14/6920	1.0	10	0	1.0	
GO:0046306	BP	p	alkanesulfonate catabolic process	0/7	1/6920	1.0	6	0	1.0	
GO:0046113	BP	p	nucleobase catabolic process	0/7	4/6920	1.0	7	0	1.0	
GO:0030951	BP	p	establishment or maintenance of microtubule cytoskeleton polarity	0/7	1/6920	1.0	7	0	1.0	
GO:0090615	BP	p	mitochondrial mRNA processing	0/7	7/6920	1.0	9	0	1.0	
GO:0090231	BP	p	regulation of spindle checkpoint	0/7	7/6920	1.0	8	0	1.0	
GO:0007231	BP	p	osmosensory signaling pathway	0/7	16/6920	1.0	6	0	1.0	
GO:0106120	BP	p	positive regulation of sterol biosynthetic process	0/7	3/6920	1.0	10	0	1.0	
GO:0006874	BP	p	intracellular calcium ion homeostasis	0/7	20/6920	1.0	6	0	1.0	
GO:1990536	BP	p	phosphoenolpyruvate transmembrane import into Golgi lumen	0/7	2/6920	1.0	9	0	1.0	
GO:0032881	BP	p	regulation of polysaccharide metabolic process	0/7	23/6920	1.0	7	0	1.0	
GO:0019448	BP	p	L-cysteine catabolic process	0/7	1/6920	1.0	10	0	1.0	
GO:0098869	BP	p	cellular oxidant detoxification	0/7	35/6920	1.0	3	0	1.0	
GO:0060238	BP	p	regulation of signal transduction involved in conjugation with cellular fusion	0/7	4/6920	1.0	6	0	1.0	
GO:0034614	BP	p	cellular response to reactive oxygen species	0/7	7/6920	1.0	6	0	1.0	
GO:0043132	BP	p	NAD transport	0/7	2/6920	1.0	9	0	1.0	
GO:0072659	BP	p	protein localization to plasma membrane	0/7	27/6920	1.0	6	0	1.0	
GO:0034503	BP	p	protein localization to nucleolar rDNA repeats	0/7	5/6920	1.0	7	0	1.0	
GO:0005999	BP	p	xylulose biosynthetic process	0/7	1/6920	1.0	8	0	1.0	
GO:0090140	BP	p	regulation of mitochondrial fission	0/7	2/6920	1.0	7	0	1.0	
GO:1990505	BP	p	mitotic DNA replication maintenance of fidelity	0/7	1/6920	1.0	9	0	1.0	
GO:1905143	BP	p	eukaryotic translation initiation factor 2 complex assembly	0/7	1/6920	1.0	6	0	1.0	
GO:0006310	BP	p	DNA recombination	0/7	247/6920	1.0	7	0	1.0	
GO:0015871	BP	p	choline transport	0/7	1/6920	1.0	5	0	1.0	
GO:1904358	BP	p	positive regulation of telomere maintenance via telomere lengthening	0/7	2/6920	1.0	10	0	1.0	
GO:0001174	BP	p	transcriptional start site selection at RNA polymerase II promoter	0/7	7/6920	1.0	9	0	1.0	
GO:0046087	BP	p	cytidine metabolic process	0/7	3/6920	1.0	9	0	1.0	
GO:0071900	BP	p	regulation of protein serine/threonine kinase activity	0/7	3/6920	1.0	10	0	1.0	
GO:0000755	BP	p	cytogamy	0/7	11/6920	1.0	3	0	1.0	
GO:0045835	BP	p	negative regulation of meiotic nuclear division	0/7	19/6920	1.0	8	0	1.0	
GO:1903352	BP	p	L-ornithine transmembrane transport	0/7	3/6920	1.0	8	0	1.0	
GO:0007266	BP	p	Rho protein signal transduction	0/7	9/6920	1.0	8	0	1.0	
GO:0018027	BP	p	peptidyl-lysine dimethylation	0/7	1/6920	1.0	9	0	1.0	
GO:0046503	BP	p	glycerolipid catabolic process	0/7	16/6920	1.0	6	0	1.0	
GO:1900249	BP	p	positive regulation of cytoplasmic translational elongation	0/7	1/6920	1.0	12	0	1.0	
GO:0019878	BP	p	lysine biosynthetic process via aminoadipic acid	0/7	11/6920	1.0	12	0	1.0	
GO:0015074	BP	p	DNA integration	0/7	47/6920	1.0	7	0	1.0	
GO:1903574	BP	p	negative regulation of cellular response to amino acid starvation	0/7	1/6920	1.0	7	0	1.0	
GO:0090208	BP	p	positive regulation of triglyceride metabolic process	0/7	1/6920	1.0	8	0	1.0	
GO:0045721	BP	p	negative regulation of gluconeogenesis	0/7	11/6920	1.0	9	0	1.0	
GO:0110002	BP	p	regulation of tRNA methylation	0/7	1/6920	1.0	10	0	1.0	
GO:0006486	BP	p	protein glycosylation	0/7	80/6920	1.0	6	0	1.0	
GO:2000677	BP	p	regulation of transcription regulatory region DNA binding	0/7	4/6920	1.0	5	0	1.0	
GO:0006595	BP	p	polyamine metabolic process	0/7	9/6920	1.0	5	0	1.0	
GO:1901995	BP	p	positive regulation of meiotic cell cycle phase transition	0/7	2/6920	1.0	8	0	1.0	
GO:0010606	BP	p	positive regulation of cytoplasmic mRNA processing body assembly	0/7	4/6920	1.0	8	0	1.0	
GO:0006298	BP	p	mismatch repair	0/7	23/6920	1.0	8	0	1.0	
GO:0006083	BP	p	acetate metabolic process	0/7	9/6920	1.0	8	0	1.0	
GO:0071072	BP	p	negative regulation of phospholipid biosynthetic process	0/7	10/6920	1.0	9	0	1.0	
GO:0045117	BP	p	azole transmembrane transport	0/7	9/6920	1.0	5	0	1.0	
GO:0032885	BP	p	regulation of polysaccharide biosynthetic process	0/7	15/6920	1.0	8	0	1.0	
GO:0032206	BP	p	positive regulation of telomere maintenance	0/7	2/6920	1.0	9	0	1.0	
GO:0009712	BP	p	catechol-containing compound metabolic process	0/7	1/6920	1.0	4	0	1.0	
GO:0015761	BP	p	mannose transmembrane transport	0/7	16/6920	1.0	8	0	1.0	
GO:0070507	BP	p	regulation of microtubule cytoskeleton organization	0/7	25/6920	1.0	7	0	1.0	
GO:0051229	BP	p	meiotic spindle disassembly	0/7	3/6920	1.0	9	0	1.0	
GO:0042761	BP	p	very long-chain fatty acid biosynthetic process	0/7	7/6920	1.0	10	0	1.0	
GO:0042981	BP	p	regulation of apoptotic process	0/7	12/6920	1.0	5	0	1.0	
GO:0010821	BP	p	regulation of mitochondrion organization	0/7	11/6920	1.0	6	0	1.0	
GO:1901962	BP	p	S-adenosyl-L-methionine transmembrane transport	0/7	2/6920	1.0	6	0	1.0	
GO:2000203	BP	p	regulation of ribosomal large subunit export from nucleus	0/7	1/6920	1.0	8	0	1.0	
GO:2000200	BP	p	regulation of ribosomal subunit export from nucleus	0/7	3/6920	1.0	7	0	1.0	
GO:0010568	BP	p	regulation of budding cell apical bud growth	0/7	1/6920	1.0	4	0	1.0	
GO:0070676	BP	p	intralumenal vesicle formation	0/7	7/6920	1.0	7	0	1.0	
GO:0015813	BP	p	L-glutamate transmembrane transport	0/7	6/6920	1.0	8	0	1.0	
GO:1905475	BP	p	regulation of protein localization to membrane	0/7	1/6920	1.0	6	0	1.0	
GO:0090141	BP	p	positive regulation of mitochondrial fission	0/7	2/6920	1.0	8	0	1.0	
GO:1901655	BP	p	cellular response to ketone	0/7	1/6920	1.0	5	0	1.0	
GO:0006450	BP	p	regulation of translational fidelity	0/7	32/6920	1.0	3	0	1.0	
GO:0009205	BP	p	purine ribonucleoside triphosphate metabolic process	0/7	53/6920	1.0	9	0	1.0	
GO:0009217	BP	p	purine deoxyribonucleoside triphosphate catabolic process	0/7	2/6920	1.0	10	0	1.0	
GO:0097035	BP	p	regulation of membrane lipid distribution	0/7	24/6920	1.0	5	0	1.0	
GO:1903461	BP	p	Okazaki fragment processing involved in mitotic DNA replication	0/7	1/6920	1.0	8	0	1.0	
GO:0090173	BP	p	regulation of synaptonemal complex assembly	0/7	1/6920	1.0	7	0	1.0	
GO:0000103	BP	p	sulfate assimilation	0/7	10/6920	1.0	4	0	1.0	
GO:1900429	BP	p	negative regulation of filamentous growth of a population of unicellular organisms	0/7	13/6920	1.0	6	0	1.0	
GO:2000904	BP	p	regulation of starch metabolic process	0/7	3/6920	1.0	8	0	1.0	
GO:0061644	BP	p	protein localization to CENP-A containing chromatin	0/7	1/6920	1.0	8	0	1.0	
GO:0043504	BP	p	mitochondrial DNA repair	0/7	4/6920	1.0	8	0	1.0	
GO:0006896	BP	p	Golgi to vacuole transport	0/7	28/6920	1.0	7	0	1.0	
GO:0070189	BP	p	kynurenine metabolic process	0/7	6/6920	1.0	8	0	1.0	
GO:0032204	BP	p	regulation of telomere maintenance	0/7	15/6920	1.0	8	0	1.0	
GO:0007021	BP	p	tubulin complex assembly	0/7	10/6920	1.0	6	0	1.0	
GO:0034093	BP	p	positive regulation of maintenance of sister chromatid cohesion	0/7	2/6920	1.0	9	0	1.0	
GO:0006190	BP	p	inosine salvage	0/7	1/6920	1.0	11	0	1.0	
GO:0045229	BP	p	external encapsulating structure organization	0/7	224/6920	1.0	4	0	1.0	
GO:0006561	BP	p	proline biosynthetic process	0/7	5/6920	1.0	11	0	1.0	
GO:0009698	BP	p	phenylpropanoid metabolic process	0/7	2/6920	1.0	4	0	1.0	
GO:0099116	BP	p	tRNA 5'-end processing	0/7	14/6920	1.0	9	0	1.0	
GO:0009605	BP	p	response to external stimulus	0/7	11/6920	1.0	2	0	1.0	
GO:0031030	BP	p	negative regulation of septation initiation signaling	0/7	1/6920	1.0	10	0	1.0	
GO:0006164	BP	p	purine nucleotide biosynthetic process	0/7	72/6920	1.0	9	0	1.0	
GO:0015864	BP	p	pyrimidine nucleoside transport	0/7	2/6920	1.0	7	0	1.0	
GO:0008215	BP	p	spermine metabolic process	0/7	3/6920	1.0	6	0	1.0	
GO:0060172	BP	p	astral microtubule depolymerization	0/7	1/6920	1.0	9	0	1.0	
GO:0006527	BP	p	L-arginine catabolic process	0/7	2/6920	1.0	11	0	1.0	
GO:0044571	BP	p	[2Fe-2S] cluster assembly	0/7	4/6920	1.0	7	0	1.0	
GO:0005977	BP	p	glycogen metabolic process	0/7	34/6920	1.0	7	0	1.0	
GO:1903110	BP	p	regulation of single-strand break repair via homologous recombination	0/7	1/6920	1.0	10	0	1.0	
GO:0006900	BP	p	vesicle budding from membrane	0/7	18/6920	1.0	6	0	1.0	
GO:0042365	BP	p	water-soluble vitamin catabolic process	0/7	2/6920	1.0	6	0	1.0	
GO:0006400	BP	p	tRNA modification	0/7	85/6920	1.0	9	0	1.0	
GO:0051083	BP	p	'de novo' cotranslational protein folding	0/7	8/6920	1.0	4	0	1.0	
GO:0046484	BP	p	oxazole or thiazole metabolic process	0/7	1/6920	1.0	3	0	1.0	
GO:0006638	BP	p	neutral lipid metabolic process	0/7	19/6920	1.0	5	0	1.0	
GO:0043393	BP	p	regulation of protein binding	0/7	2/6920	1.0	4	0	1.0	
GO:0031954	BP	p	positive regulation of protein autophosphorylation	0/7	1/6920	1.0	10	0	1.0	
GO:0016075	BP	p	rRNA catabolic process	0/7	29/6920	1.0	8	0	1.0	
GO:0008153	BP	p	4-aminobenzoate biosynthetic process	0/7	1/6920	1.0	9	0	1.0	
GO:1901710	BP	p	regulation of homoserine biosynthetic process	0/7	1/6920	1.0	8	0	1.0	
GO:0046579	BP	p	positive regulation of Ras protein signal transduction	0/7	2/6920	1.0	9	0	1.0	
GO:1900829	BP	p	D-tyrosine catabolic process	0/7	1/6920	1.0	10	0	1.0	
GO:0097306	BP	p	cellular response to alcohol	0/7	5/6920	1.0	5	0	1.0	
GO:0043271	BP	p	negative regulation of monoatomic ion transport	0/7	1/6920	1.0	6	0	1.0	
GO:0007129	BP	p	homologous chromosome pairing at meiosis	0/7	14/6920	1.0	7	0	1.0	
GO:0046854	BP	p	phosphatidylinositol phosphate biosynthetic process	0/7	16/6920	1.0	9	0	1.0	
GO:1902317	BP	p	nuclear DNA replication termination	0/7	2/6920	1.0	9	0	1.0	
GO:0070303	BP	p	negative regulation of stress-activated protein kinase signaling cascade	0/7	4/6920	1.0	8	0	1.0	
GO:0006080	BP	p	substituted mannan metabolic process	0/7	1/6920	1.0	6	0	1.0	
GO:0140467	BP	p	integrated stress response signaling	0/7	6/6920	1.0	7	0	1.0	
GO:0070873	BP	p	regulation of glycogen metabolic process	0/7	17/6920	1.0	8	0	1.0	
GO:0010828	BP	p	positive regulation of D-glucose transmembrane transport	0/7	1/6920	1.0	7	0	1.0	
GO:0051596	BP	p	methylglyoxal catabolic process	0/7	7/6920	1.0	6	0	1.0	
GO:0097080	BP	p	plasma membrane selenite transport	0/7	3/6920	1.0	5	0	1.0	
GO:0006821	BP	p	chloride transport	0/7	7/6920	1.0	6	0	1.0	
GO:0019240	BP	p	citrulline biosynthetic process	0/7	2/6920	1.0	9	0	1.0	
GO:1905634	BP	p	regulation of protein localization to chromatin	0/7	2/6920	1.0	6	0	1.0	
GO:0046395	BP	p	carboxylic acid catabolic process	0/7	81/6920	1.0	7	0	1.0	
GO:0006891	BP	p	intra-Golgi vesicle-mediated transport	0/7	33/6920	1.0	6	0	1.0	
GO:0009147	BP	p	pyrimidine nucleoside triphosphate metabolic process	0/7	10/6920	1.0	8	0	1.0	
GO:2001159	BP	p	regulation of protein localization by the Cvt pathway	0/7	1/6920	1.0	9	0	1.0	
GO:0042727	BP	p	flavin-containing compound biosynthetic process	0/7	8/6920	1.0	4	0	1.0	
GO:0045937	BP	p	positive regulation of phosphate metabolic process	0/7	22/6920	1.0	7	0	1.0	
GO:1902117	BP	p	positive regulation of organelle assembly	0/7	14/6920	1.0	7	0	1.0	
GO:0031507	BP	p	heterochromatin formation	0/7	118/6920	1.0	10	0	1.0	
GO:0046049	BP	p	UMP metabolic process	0/7	10/6920	1.0	10	0	1.0	
GO:0045040	BP	p	protein insertion into mitochondrial outer membrane	0/7	12/6920	1.0	9	0	1.0	
GO:0090114	BP	p	COPII-coated vesicle budding	0/7	5/6920	1.0	7	0	1.0	
GO:1902775	BP	p	mitochondrial large ribosomal subunit assembly	0/7	5/6920	1.0	8	0	1.0	
GO:0060567	BP	p	negative regulation of termination of DNA-templated transcription	0/7	5/6920	1.0	11	0	1.0	
GO:1903778	BP	p	protein localization to vacuolar membrane	0/7	10/6920	1.0	7	0	1.0	
GO:2001025	BP	p	positive regulation of response to drug	0/7	3/6920	1.0	5	0	1.0	
GO:0048194	BP	p	Golgi vesicle budding	0/7	3/6920	1.0	7	0	1.0	
GO:2000909	BP	p	regulation of sterol import	0/7	7/6920	1.0	7	0	1.0	
GO:0016310	BP	p	phosphorylation	0/7	38/6920	1.0	5	0	1.0	
GO:0019407	BP	p	hexitol catabolic process	0/7	3/6920	1.0	8	0	1.0	
GO:0006282	BP	p	regulation of DNA repair	0/7	20/6920	1.0	8	0	1.0	
GO:0018209	BP	p	peptidyl-serine modification	0/7	7/6920	1.0	7	0	1.0	
GO:0070482	BP	p	response to oxygen levels	0/7	8/6920	1.0	3	0	1.0	
GO:0005979	BP	p	regulation of glycogen biosynthetic process	0/7	12/6920	1.0	10	0	1.0	
GO:0035719	BP	p	tRNA import into nucleus	0/7	4/6920	1.0	9	0	1.0	
GO:1901700	BP	p	response to oxygen-containing compound	0/7	65/6920	1.0	3	0	1.0	
GO:0099587	BP	p	inorganic ion import across plasma membrane	0/7	8/6920	1.0	6	0	1.0	
GO:0030154	BP	p	cell differentiation	0/7	7/6920	1.0	3	0	1.0	
GO:0000082	BP	p	G1/S transition of mitotic cell cycle	0/7	61/6920	1.0	5	0	1.0	
GO:0006433	BP	p	prolyl-tRNA aminoacylation	0/7	2/6920	1.0	10	0	1.0	
GO:0044770	BP	p	cell cycle phase transition	0/7	94/6920	1.0	3	0	1.0	
GO:0015910	BP	p	long-chain fatty acid import into peroxisome	0/7	3/6920	1.0	9	0	1.0	
GO:1901910	BP	p	adenosine 5'-(hexahydrogen pentaphosphate) metabolic process	0/7	1/6920	1.0	10	0	1.0	
GO:0098661	BP	p	inorganic anion transmembrane transport	0/7	21/6920	1.0	6	0	1.0	
GO:1902647	BP	p	negative regulation of 1-phosphatidyl-1D-myo-inositol 4,5-bisphosphate biosynthetic process	0/7	1/6920	1.0	11	0	1.0	
GO:0006146	BP	p	adenine catabolic process	0/7	1/6920	1.0	9	0	1.0	
GO:0032200	BP	p	telomere organization	0/7	85/6920	1.0	6	0	1.0	
GO:0010565	BP	p	regulation of ketone metabolic process	0/7	15/6920	1.0	5	0	1.0	
GO:0046824	BP	p	positive regulation of nucleocytoplasmic transport	0/7	5/6920	1.0	7	0	1.0	
GO:0097501	BP	p	stress response to metal ion	0/7	1/6920	1.0	4	0	1.0	
GO:1990577	BP	p	C-terminal protein demethylation	0/7	1/6920	1.0	8	0	1.0	
GO:0010972	BP	p	negative regulation of G2/M transition of mitotic cell cycle	0/7	21/6920	1.0	9	0	1.0	
GO:0008219	BP	p	cell death	0/7	27/6920	1.0	2	0	1.0	
GO:0070314	BP	p	G1 to G0 transition	0/7	4/6920	1.0	3	0	1.0	
GO:0018198	BP	p	peptidyl-cysteine modification	0/7	1/6920	1.0	7	0	1.0	
GO:0034762	BP	p	regulation of transmembrane transport	0/7	16/6920	1.0	5	0	1.0	
GO:0030071	BP	p	regulation of mitotic metaphase/anaphase transition	0/7	39/6920	1.0	9	0	1.0	
GO:0097053	BP	p	L-kynurenine catabolic process	0/7	3/6920	1.0	10	0	1.0	
GO:0150174	BP	p	negative regulation of phosphatidylcholine metabolic process	0/7	3/6920	1.0	9	0	1.0	
GO:1903270	BP	p	regulation of cytoplasmic translational elongation through polyproline stretches	0/7	1/6920	1.0	12	0	1.0	
GO:1903311	BP	p	regulation of mRNA metabolic process	0/7	60/6920	1.0	8	0	1.0	
GO:0050684	BP	p	regulation of mRNA processing	0/7	9/6920	1.0	9	0	1.0	
GO:0045876	BP	p	positive regulation of sister chromatid cohesion	0/7	3/6920	1.0	8	0	1.0	
GO:0001558	BP	p	regulation of cell growth	0/7	37/6920	1.0	5	0	1.0	
GO:0071705	BP	p	nitrogen compound transport	0/7	755/6920	1.0	4	0	1.0	
GO:0032241	BP	p	positive regulation of nucleobase-containing compound transport	0/7	1/6920	1.0	6	0	1.0	
GO:0045292	BP	p	mRNA cis splicing, via spliceosome	0/7	9/6920	1.0	10	0	1.0	
GO:0097238	BP	p	cellular response to methylglyoxal	0/7	1/6920	1.0	6	0	1.0	
GO:0009142	BP	p	nucleoside triphosphate biosynthetic process	0/7	32/6920	1.0	8	0	1.0	
GO:0006865	BP	p	amino acid transport	0/7	60/6920	1.0	4	0	1.0	
GO:0042325	BP	p	regulation of phosphorylation	0/7	28/6920	1.0	7	0	1.0	
GO:0051349	BP	p	positive regulation of lyase activity	0/7	1/6920	1.0	5	0	1.0	
GO:0015838	BP	p	amino-acid betaine transport	0/7	2/6920	1.0	6	0	1.0	
GO:0034254	BP	p	regulation of urea catabolic process	0/7	1/6920	1.0	7	0	1.0	
GO:0046827	BP	p	positive regulation of protein export from nucleus	0/7	1/6920	1.0	10	0	1.0	
GO:0016139	BP	p	glycoside catabolic process	0/7	1/6920	1.0	6	0	1.0	
GO:0009451	BP	p	RNA modification	0/7	188/6920	1.0	7	0	1.0	
GO:0046940	BP	p	nucleoside monophosphate phosphorylation	0/7	6/6920	1.0	9	0	1.0	
GO:0033047	BP	p	regulation of mitotic sister chromatid segregation	0/7	33/6920	1.0	8	0	1.0	
GO:0006216	BP	p	cytidine catabolic process	0/7	2/6920	1.0	10	0	1.0	
GO:0046464	BP	p	acylglycerol catabolic process	0/7	8/6920	1.0	7	0	1.0	
GO:0071361	BP	p	cellular response to ethanol	0/7	5/6920	1.0	6	0	1.0	
GO:0042946	BP	p	glucoside transport	0/7	1/6920	1.0	6	0	1.0	
GO:0006573	BP	p	valine metabolic process	0/7	9/6920	1.0	8	0	1.0	
GO:0000719	BP	p	photoreactive repair	0/7	1/6920	1.0	9	0	1.0	
GO:0048311	BP	p	mitochondrion distribution	0/7	26/6920	1.0	4	0	1.0	
GO:1901137	BP	p	carbohydrate derivative biosynthetic process	0/7	182/6920	1.0	4	0	1.0	
GO:0030808	BP	p	regulation of nucleotide biosynthetic process	0/7	1/6920	1.0	8	0	1.0	
GO:0000154	BP	p	rRNA modification	0/7	101/6920	1.0	9	0	1.0	
GO:0007018	BP	p	microtubule-based movement	0/7	22/6920	1.0	3	0	1.0	
GO:0051988	BP	p	regulation of attachment of spindle microtubules to kinetochore	0/7	12/6920	1.0	6	0	1.0	
GO:0051783	BP	p	regulation of nuclear division	0/7	69/6920	1.0	6	0	1.0	
GO:0031453	BP	p	positive regulation of heterochromatin formation	0/7	3/6920	1.0	9	0	1.0	
GO:0010962	BP	p	regulation of glucan biosynthetic process	0/7	15/6920	1.0	9	0	1.0	
GO:0010647	BP	p	positive regulation of cell communication	0/7	31/6920	1.0	5	0	1.0	
GO:0000272	BP	p	polysaccharide catabolic process	0/7	27/6920	1.0	6	0	1.0	
GO:0051984	BP	p	positive regulation of chromosome segregation	0/7	14/6920	1.0	7	0	1.0	
GO:0015719	BP	p	allantoate transport	0/7	2/6920	1.0	7	0	1.0	
GO:0010499	BP	p	proteasomal ubiquitin-independent protein catabolic process	0/7	17/6920	1.0	8	0	1.0	
GO:0015855	BP	p	pyrimidine nucleobase transport	0/7	4/6920	1.0	6	0	1.0	
GO:0051649	BP	p	establishment of localization in cell	0/7	686/6920	1.0	3	0	1.0	
GO:0010510	BP	p	regulation of pyruvate decarboxylation to acetyl-CoA	0/7	2/6920	1.0	9	0	1.0	
GO:0009191	BP	p	ribonucleoside diphosphate catabolic process	0/7	26/6920	1.0	9	0	1.0	
GO:0044772	BP	p	mitotic cell cycle phase transition	0/7	94/6920	1.0	4	0	1.0	
GO:0044091	BP	p	membrane biogenesis	0/7	1/6920	1.0	4	0	1.0	
GO:0042244	BP	p	spore wall assembly	0/7	48/6920	1.0	7	0	1.0	
GO:0001934	BP	p	positive regulation of protein phosphorylation	0/7	8/6920	1.0	9	0	1.0	
GO:0042752	BP	p	regulation of circadian rhythm	0/7	1/6920	1.0	3	0	1.0	
GO:0031400	BP	p	negative regulation of protein modification process	0/7	14/6920	1.0	8	0	1.0	
GO:0016237	BP	p	microautophagy	0/7	57/6920	1.0	5	0	1.0	
GO:0015961	BP	p	diadenosine polyphosphate catabolic process	0/7	1/6920	1.0	9	0	1.0	
GO:0031112	BP	p	positive regulation of microtubule polymerization or depolymerization	0/7	13/6920	1.0	9	0	1.0	
GO:0023058	BP	p	adaptation of signaling pathway	0/7	9/6920	1.0	6	0	1.0	
GO:0006301	BP	p	postreplication repair	0/7	32/6920	1.0	8	0	1.0	
GO:0017006	BP	p	protein-tetrapyrrole linkage	0/7	3/6920	1.0	6	0	1.0	
GO:0006898	BP	p	receptor-mediated endocytosis	0/7	12/6920	1.0	6	0	1.0	
GO:0042759	BP	p	long-chain fatty acid biosynthetic process	0/7	4/6920	1.0	10	0	1.0	
GO:0019255	BP	p	glucose 1-phosphate metabolic process	0/7	2/6920	1.0	5	0	1.0	
GO:0046292	BP	p	formaldehyde metabolic process	0/7	2/6920	1.0	4	0	1.0	
GO:0051012	BP	p	microtubule sliding	0/7	1/6920	1.0	4	0	1.0	
GO:0016561	BP	p	protein import into peroxisome matrix, translocation	0/7	4/6920	1.0	9	0	1.0	
GO:0048639	BP	p	positive regulation of developmental growth	0/7	1/6920	1.0	5	0	1.0	
GO:0046710	BP	p	GDP metabolic process	0/7	1/6920	1.0	10	0	1.0	
GO:0034203	BP	p	glycolipid translocation	0/7	1/6920	1.0	7	0	1.0	
GO:0000162	BP	p	L-tryptophan biosynthetic process	0/7	6/6920	1.0	11	0	1.0	
GO:0032954	BP	p	regulation of cytokinetic process	0/7	18/6920	1.0	6	0	1.0	
GO:0006297	BP	p	nucleotide-excision repair, DNA gap filling	0/7	3/6920	1.0	7	0	1.0	
GO:0007130	BP	p	synaptonemal complex assembly	0/7	16/6920	1.0	7	0	1.0	
GO:0018205	BP	p	peptidyl-lysine modification	0/7	30/6920	1.0	7	0	1.0	
GO:0019405	BP	p	alditol catabolic process	0/7	9/6920	1.0	7	0	1.0	
GO:0009267	BP	p	cellular response to starvation	0/7	143/6920	1.0	4	0	1.0	
GO:0006553	BP	p	lysine metabolic process	0/7	13/6920	1.0	8	0	1.0	
GO:0051293	BP	p	establishment of spindle localization	0/7	19/6920	1.0	7	0	1.0	
GO:0043491	BP	p	phosphatidylinositol 3-kinase/protein kinase B signal transduction	0/7	1/6920	1.0	7	0	1.0	
GO:0006386	BP	p	termination of RNA polymerase III transcription	0/7	4/6920	1.0	9	0	1.0	
GO:0000132	BP	p	establishment of mitotic spindle orientation	0/7	13/6920	1.0	9	0	1.0	
GO:0043068	BP	p	positive regulation of programmed cell death	0/7	7/6920	1.0	5	0	1.0	
GO:0031570	BP	p	DNA integrity checkpoint signaling	0/7	52/6920	1.0	9	0	1.0	
GO:0051512	BP	p	positive regulation of unidimensional cell growth	0/7	1/6920	1.0	8	0	1.0	
GO:0030091	BP	p	protein repair	0/7	1/6920	1.0	5	0	1.0	
GO:0062033	BP	p	positive regulation of mitotic sister chromatid segregation	0/7	3/6920	1.0	9	0	1.0	
GO:0071941	BP	p	nitrogen cycle metabolic process	0/7	6/6920	1.0	3	0	1.0	
GO:0099039	BP	p	sphingolipid translocation	0/7	2/6920	1.0	7	0	1.0	
GO:0010811	BP	p	positive regulation of cell-substrate adhesion	0/7	2/6920	1.0	6	0	1.0	
GO:2000002	BP	p	negative regulation of DNA damage checkpoint	0/7	3/6920	1.0	9	0	1.0	
GO:0051014	BP	p	actin filament severing	0/7	4/6920	1.0	3	0	1.0	
GO:0032007	BP	p	negative regulation of TOR signaling	0/7	10/6920	1.0	8	0	1.0	
GO:0006227	BP	p	dUDP biosynthetic process	0/7	1/6920	1.0	12	0	1.0	
GO:1902906	BP	p	proteasome storage granule assembly	0/7	4/6920	1.0	7	0	1.0	
GO:0035494	BP	p	SNARE complex disassembly	0/7	3/6920	1.0	6	0	1.0	
GO:0010720	BP	p	positive regulation of cell development	0/7	5/6920	1.0	6	0	1.0	
GO:1902750	BP	p	negative regulation of cell cycle G2/M phase transition	0/7	21/6920	1.0	8	0	1.0	
GO:0072527	BP	p	pyrimidine-containing compound metabolic process	0/7	45/6920	1.0	3	0	1.0	
GO:0032368	BP	p	regulation of lipid transport	0/7	14/6920	1.0	5	0	1.0	
GO:0035543	BP	p	positive regulation of SNARE complex assembly	0/7	2/6920	1.0	8	0	1.0	
GO:0072523	BP	p	purine-containing compound catabolic process	0/7	40/6920	1.0	4	0	1.0	
GO:0070129	BP	p	regulation of mitochondrial translation	0/7	16/6920	1.0	10	0	1.0	
GO:0009719	BP	p	response to endogenous stimulus	0/7	7/6920	1.0	2	0	1.0	
GO:0090372	BP	p	positive regulation of glycerol transport	0/7	2/6920	1.0	7	0	1.0	
GO:0007005	BP	p	mitochondrion organization	0/7	144/6920	1.0	5	0	1.0	
GO:0030476	BP	p	ascospore wall assembly	0/7	48/6920	1.0	8	0	1.0	
GO:0015811	BP	p	L-cystine transport	0/7	1/6920	1.0	7	0	1.0	
GO:0009691	BP	p	cytokinin biosynthetic process	0/7	1/6920	1.0	6	0	1.0	
GO:0034201	BP	p	response to oleic acid	0/7	6/6920	1.0	5	0	1.0	
GO:0034275	BP	p	kynurenic acid metabolic process	0/7	1/6920	1.0	8	0	1.0	
GO:0034337	BP	p	RNA folding	0/7	5/6920	1.0	2	0	1.0	
GO:0016052	BP	p	carbohydrate catabolic process	0/7	109/6920	1.0	5	0	1.0	
GO:0071468	BP	p	cellular response to acidic pH	0/7	8/6920	1.0	6	0	1.0	
GO:0051648	BP	p	vesicle localization	0/7	2/6920	1.0	3	0	1.0	
GO:0034085	BP	p	establishment of sister chromatid cohesion	0/7	19/6920	1.0	3	0	1.0	
GO:1902930	BP	p	regulation of alcohol biosynthetic process	0/7	15/6920	1.0	6	0	1.0	
GO:0006666	BP	p	3-keto-sphinganine metabolic process	0/7	2/6920	1.0	8	0	1.0	
GO:0009064	BP	p	glutamine family amino acid metabolic process	0/7	37/6920	1.0	9	0	1.0	
GO:0071475	BP	p	cellular hyperosmotic salinity response	0/7	4/6920	1.0	7	0	1.0	
GO:0010467	BP	p	gene expression	0/7	36/6920	1.0	5	0	1.0	
GO:0032986	BP	p	protein-DNA complex disassembly	0/7	22/6920	1.0	6	0	1.0	
GO:1990559	BP	p	mitochondrial coenzyme A transmembrane transport	0/7	1/6920	1.0	8	0	1.0	
GO:0019541	BP	p	propionate metabolic process	0/7	3/6920	1.0	10	0	1.0	
GO:0000388	BP	p	spliceosome conformational change to release U4 (or U4atac) and U1 (or U11)	0/7	4/6920	1.0	7	0	1.0	
GO:0010571	BP	p	positive regulation of nuclear cell cycle DNA replication	0/7	4/6920	1.0	11	0	1.0	
GO:0031116	BP	p	positive regulation of microtubule polymerization	0/7	13/6920	1.0	10	0	1.0	
GO:0031113	BP	p	regulation of microtubule polymerization	0/7	15/6920	1.0	9	0	1.0	
GO:2000906	BP	p	positive regulation of starch metabolic process	0/7	3/6920	1.0	9	0	1.0	
GO:0000736	BP	p	double-strand break repair via single-strand annealing, removal of nonhomologous ends	0/7	4/6920	1.0	8	0	1.0	
GO:0031919	BP	p	vitamin B6 transport	0/7	1/6920	1.0	5	0	1.0	
GO:1902749	BP	p	regulation of cell cycle G2/M phase transition	0/7	26/6920	1.0	7	0	1.0	
GO:0009129	BP	p	pyrimidine nucleoside monophosphate metabolic process	0/7	13/6920	1.0	8	0	1.0	
GO:0006421	BP	p	asparaginyl-tRNA aminoacylation	0/7	2/6920	1.0	10	0	1.0	
GO:0016125	BP	p	sterol metabolic process	0/7	47/6920	1.0	6	0	1.0	
GO:0044070	BP	p	regulation of monoatomic anion transport	0/7	1/6920	1.0	6	0	1.0	
GO:1900469	BP	p	negative regulation of phosphatidylserine biosynthetic process	0/7	1/6920	1.0	10	0	1.0	
GO:0009395	BP	p	phospholipid catabolic process	0/7	13/6920	1.0	6	0	1.0	
GO:0046822	BP	p	regulation of nucleocytoplasmic transport	0/7	20/6920	1.0	6	0	1.0	
GO:2000781	BP	p	positive regulation of double-strand break repair	0/7	4/6920	1.0	10	0	1.0	
GO:0001178	BP	p	regulation of transcriptional start site selection at RNA polymerase II promoter	0/7	2/6920	1.0	12	0	1.0	
GO:0035973	BP	p	aggrephagy	0/7	3/6920	1.0	6	0	1.0	
GO:0009134	BP	p	nucleoside diphosphate catabolic process	0/7	27/6920	1.0	8	0	1.0	
GO:0000963	BP	p	mitochondrial RNA processing	0/7	24/6920	1.0	7	0	1.0	
GO:2000218	BP	p	negative regulation of invasive growth in response to glucose limitation	0/7	6/6920	1.0	8	0	1.0	
GO:1900151	BP	p	regulation of nuclear-transcribed mRNA catabolic process, deadenylation-dependent decay	0/7	7/6920	1.0	11	0	1.0	
GO:0006849	BP	p	plasma membrane pyruvate transport	0/7	1/6920	1.0	9	0	1.0	
GO:0042908	BP	p	xenobiotic transport	0/7	14/6920	1.0	4	0	1.0	
GO:1902808	BP	p	positive regulation of cell cycle G1/S phase transition	0/7	17/6920	1.0	8	0	1.0	
GO:0006233	BP	p	dTDP biosynthetic process	0/7	1/6920	1.0	12	0	1.0	
GO:0034229	BP	p	ethanolamine transport	0/7	1/6920	1.0	6	0	1.0	
GO:0019521	BP	p	D-gluconate metabolic process	0/7	3/6920	1.0	9	0	1.0	
GO:0019483	BP	p	beta-alanine biosynthetic process	0/7	2/6920	1.0	9	0	1.0	
GO:0006552	BP	p	L-leucine catabolic process	0/7	2/6920	1.0	11	0	1.0	
GO:0046373	BP	p	L-arabinose metabolic process	0/7	1/6920	1.0	8	0	1.0	
GO:0060213	BP	p	positive regulation of nuclear-transcribed mRNA poly(A) tail shortening	0/7	1/6920	1.0	11	0	1.0	
GO:0031577	BP	p	spindle checkpoint signaling	0/7	43/6920	1.0	9	0	1.0	
GO:0006142	BP	p	regulation of pyrimidine nucleobase metabolic process	0/7	1/6920	1.0	7	0	1.0	
GO:0009088	BP	p	threonine biosynthetic process	0/7	5/6920	1.0	11	0	1.0	
GO:1900399	BP	p	positive regulation of pyrimidine nucleotide biosynthetic process	0/7	1/6920	1.0	10	0	1.0	
GO:0072350	BP	p	tricarboxylic acid metabolic process	0/7	8/6920	1.0	7	0	1.0	
GO:0009306	BP	p	protein secretion	0/7	14/6920	1.0	7	0	1.0	
GO:0005995	BP	p	melibiose catabolic process	0/7	10/6920	1.0	8	0	1.0	
GO:0006033	BP	p	chitin localization	0/7	2/6920	1.0	4	0	1.0	
GO:1990608	BP	p	mitotic spindle pole body localization	0/7	1/6920	1.0	4	0	1.0	
GO:0006148	BP	p	inosine catabolic process	0/7	2/6920	1.0	10	0	1.0	
GO:0045739	BP	p	positive regulation of DNA repair	0/7	6/6920	1.0	9	0	1.0	
GO:0009311	BP	p	oligosaccharide metabolic process	0/7	49/6920	1.0	5	0	1.0	
GO:0034728	BP	p	nucleosome organization	0/7	38/6920	1.0	6	0	1.0	
GO:0120235	BP	p	regulation of post-translational protein targeting to membrane, translocation	0/7	2/6920	1.0	9	0	1.0	
GO:0140570	BP	p	extraction of mislocalized protein from mitochondrial outer membrane	0/7	1/6920	1.0	8	0	1.0	
GO:0034355	BP	p	NAD+ biosynthetic process via the salvage pathway	0/7	5/6920	1.0	12	0	1.0	
GO:0019482	BP	p	beta-alanine metabolic process	0/7	2/6920	1.0	8	0	1.0	
GO:0048033	BP	p	heme O metabolic process	0/7	1/6920	1.0	6	0	1.0	
GO:0001403	BP	p	invasive growth in response to glucose limitation	0/7	43/6920	1.0	6	0	1.0	
GO:0031107	BP	p	septin ring disassembly	0/7	2/6920	1.0	8	0	1.0	
GO:0009746	BP	p	response to hexose	0/7	7/6920	1.0	6	0	1.0	
GO:1903514	BP	p	release of sequestered calcium ion into cytosol by endoplasmic reticulum	0/7	1/6920	1.0	11	0	1.0	
GO:1901351	BP	p	regulation of phosphatidylglycerol biosynthetic process	0/7	3/6920	1.0	9	0	1.0	
GO:0050779	BP	p	RNA destabilization	0/7	29/6920	1.0	10	0	1.0	
GO:0036297	BP	p	interstrand cross-link repair	0/7	9/6920	1.0	8	0	1.0	
GO:0045947	BP	p	negative regulation of translational initiation	0/7	7/6920	1.0	11	0	1.0	
GO:0051983	BP	p	regulation of chromosome segregation	0/7	56/6920	1.0	6	0	1.0	
GO:1903533	BP	p	regulation of protein targeting	0/7	2/6920	1.0	7	0	1.0	
GO:0098703	BP	p	calcium ion import across plasma membrane	0/7	3/6920	1.0	10	0	1.0	
GO:0000705	BP	p	achiasmate meiosis I	0/7	1/6920	1.0	9	0	1.0	
GO:0010590	BP	p	regulation of septum digestion after cytokinesis	0/7	2/6920	1.0	4	0	1.0	
GO:1905153	BP	p	regulation of membrane invagination	0/7	1/6920	1.0	5	0	1.0	
GO:0072529	BP	p	pyrimidine-containing compound catabolic process	0/7	6/6920	1.0	4	0	1.0	
GO:0071469	BP	p	cellular response to alkaline pH	0/7	8/6920	1.0	6	0	1.0	
GO:0006082	BP	p	organic acid metabolic process	0/7	362/6920	1.0	4	0	1.0	
GO:0034473	BP	p	U1 snRNA 3'-end processing	0/7	6/6920	1.0	10	0	1.0	
GO:0032371	BP	p	regulation of sterol transport	0/7	7/6920	1.0	6	0	1.0	
GO:0015695	BP	p	organic cation transport	0/7	39/6920	1.0	4	0	1.0	
GO:1905560	BP	p	negative regulation of kinetochore assembly	0/7	1/6920	1.0	9	0	1.0	
GO:0016192	BP	p	vesicle-mediated transport	0/7	433/6920	1.0	4	0	1.0	
GO:0033386	BP	p	geranylgeranyl diphosphate biosynthetic process	0/7	1/6920	1.0	8	0	1.0	
GO:2001295	BP	p	malonyl-CoA biosynthetic process	0/7	2/6920	1.0	9	0	1.0	
GO:0010520	BP	p	regulation of reciprocal meiotic recombination	0/7	10/6920	1.0	9	0	1.0	
GO:0009127	BP	p	purine nucleoside monophosphate biosynthetic process	0/7	24/6920	1.0	9	0	1.0	
GO:0006488	BP	p	dolichol-linked oligosaccharide biosynthetic process	0/7	17/6920	1.0	5	0	1.0	
GO:0065009	BP	p	regulation of molecular function	0/7	35/6920	1.0	2	0	1.0	
GO:0006094	BP	p	gluconeogenesis	0/7	15/6920	1.0	8	0	1.0	
GO:2000804	BP	p	regulation of termination of RNA polymerase II transcription, poly(A)-coupled	0/7	1/6920	1.0	11	0	1.0	
GO:0120236	BP	p	negative regulation of post-translational protein targeting to membrane, translocation	0/7	2/6920	1.0	10	0	1.0	
GO:0032502	BP	p	developmental process	0/7	219/6920	1.0	1	0	1.0	
GO:0001408	BP	p	guanine nucleotide transport	0/7	1/6920	1.0	8	0	1.0	
GO:0000373	BP	p	Group II intron splicing	0/7	1/6920	1.0	8	0	1.0	
GO:0070199	BP	p	establishment of protein localization to chromosome	0/7	6/6920	1.0	7	0	1.0	
GO:1990928	BP	p	response to amino acid starvation	0/7	18/6920	1.0	4	0	1.0	
GO:0006688	BP	p	glycosphingolipid biosynthetic process	0/7	3/6920	1.0	8	0	1.0	
GO:0006526	BP	p	L-arginine biosynthetic process	0/7	13/6920	1.0	11	0	1.0	
GO:0061687	BP	p	detoxification of inorganic compound	0/7	4/6920	1.0	2	0	1.0	
GO:2001247	BP	p	positive regulation of phosphatidylcholine biosynthetic process	0/7	5/6920	1.0	10	0	1.0	
GO:0006664	BP	p	glycolipid metabolic process	0/7	40/6920	1.0	6	0	1.0	
GO:1990918	BP	p	double-strand break repair involved in meiotic recombination	0/7	1/6920	1.0	9	0	1.0	
GO:0006696	BP	p	ergosterol biosynthetic process	0/7	28/6920	1.0	8	0	1.0	
GO:0046520	BP	p	sphingoid biosynthetic process	0/7	4/6920	1.0	8	0	1.0	
GO:0034227	BP	p	tRNA thio-modification	0/7	7/6920	1.0	10	0	1.0	
GO:0007007	BP	p	inner mitochondrial membrane organization	0/7	41/6920	1.0	7	0	1.0	
GO:0046889	BP	p	positive regulation of lipid biosynthetic process	0/7	19/6920	1.0	8	0	1.0	
GO:0006497	BP	p	protein lipidation	0/7	19/6920	1.0	6	0	1.0	
GO:0046351	BP	p	disaccharide biosynthetic process	0/7	7/6920	1.0	7	0	1.0	
GO:0016074	BP	p	sno(s)RNA metabolic process	0/7	53/6920	1.0	7	0	1.0	
GO:0007534	BP	p	gene conversion at mating-type locus	0/7	5/6920	1.0	10	0	1.0	
GO:0015908	BP	p	fatty acid transport	0/7	12/6920	1.0	7	0	1.0	
GO:0045149	BP	p	acetoin metabolic process	0/7	4/6920	1.0	6	0	1.0	
GO:0009051	BP	p	pentose-phosphate shunt, oxidative branch	0/7	7/6920	1.0	12	0	1.0	
GO:0051051	BP	p	negative regulation of transport	0/7	18/6920	1.0	5	0	1.0	
GO:1902626	BP	p	assembly of large subunit precursor of preribosome	0/7	8/6920	1.0	7	0	1.0	
GO:1904547	BP	p	regulation of cellular response to glucose starvation	0/7	2/6920	1.0	6	0	1.0	
GO:0051646	BP	p	mitochondrion localization	0/7	31/6920	1.0	3	0	1.0	
GO:0000951	BP	p	L-methionine catabolic process to 3-methylthiopropanol	0/7	1/6920	1.0	12	0	1.0	
GO:0051640	BP	p	organelle localization	0/7	193/6920	1.0	2	0	1.0	
GO:0031120	BP	p	snRNA pseudouridine synthesis	0/7	7/6920	1.0	10	0	1.0	
GO:0043556	BP	p	regulation of translation in response to oxidative stress	0/7	1/6920	1.0	12	0	1.0	
GO:1903260	BP	p	protein localization to mating projection tip	0/7	2/6920	1.0	6	0	1.0	
GO:0002107	BP	p	generation of mature 3'-end of 5S rRNA generated by RNA polymerase III	0/7	1/6920	1.0	10	0	1.0	
GO:0072663	BP	p	establishment of protein localization to peroxisome	0/7	20/6920	1.0	7	0	1.0	
GO:0006568	BP	p	L-tryptophan metabolic process	0/7	17/6920	1.0	10	0	1.0	
GO:0042275	BP	p	error-free postreplication DNA repair	0/7	5/6920	1.0	9	0	1.0	
GO:0010695	BP	p	regulation of mitotic spindle pole body separation	0/7	9/6920	1.0	6	0	1.0	
GO:1900186	BP	p	negative regulation of clathrin-dependent endocytosis	0/7	2/6920	1.0	9	0	1.0	
GO:0009174	BP	p	pyrimidine ribonucleoside monophosphate biosynthetic process	0/7	10/6920	1.0	10	0	1.0	
GO:1990180	BP	p	mitochondrial tRNA 3'-end processing	0/7	1/6920	1.0	10	0	1.0	
GO:0035519	BP	p	protein K29-linked ubiquitination	0/7	1/6920	1.0	11	0	1.0	
GO:0035024	BP	p	negative regulation of Rho protein signal transduction	0/7	5/6920	1.0	9	0	1.0	
GO:1990758	BP	p	mitotic sister chromatid biorientation	0/7	4/6920	1.0	5	0	1.0	
GO:0046356	BP	p	acetyl-CoA catabolic process	0/7	1/6920	1.0	9	0	1.0	
GO:0009407	BP	p	toxin catabolic process	0/7	1/6920	1.0	5	0	1.0	
GO:0018364	BP	p	peptidyl-glutamine methylation	0/7	2/6920	1.0	8	0	1.0	
GO:0042939	BP	p	tripeptide transport	0/7	4/6920	1.0	8	0	1.0	
GO:1903576	BP	p	response to L-arginine	0/7	2/6920	1.0	5	0	1.0	
GO:0007029	BP	p	endoplasmic reticulum organization	0/7	25/6920	1.0	5	0	1.0	
GO:0006413	BP	p	translational initiation	0/7	71/6920	1.0	3	0	1.0	
GO:2000622	BP	p	regulation of nuclear-transcribed mRNA catabolic process, nonsense-mediated decay	0/7	1/6920	1.0	10	0	1.0	
GO:0062125	BP	p	regulation of mitochondrial gene expression	0/7	18/6920	1.0	8	0	1.0	
GO:0061431	BP	p	cellular response to methionine	0/7	1/6920	1.0	6	0	1.0	
GO:1902475	BP	p	L-alpha-amino acid transmembrane transport	0/7	19/6920	1.0	7	0	1.0	
GO:1900752	BP	p	malonic acid transport	0/7	1/6920	1.0	7	0	1.0	
GO:0051685	BP	p	maintenance of ER location	0/7	2/6920	1.0	5	0	1.0	
GO:0110082	BP	p	regulation of protein localization to cell division site involved in mitotic actomyosin contractile ring assembly	0/7	1/6920	1.0	7	0	1.0	
GO:0006217	BP	p	deoxycytidine catabolic process	0/7	1/6920	1.0	10	0	1.0	
GO:1901069	BP	p	guanosine-containing compound catabolic process	0/7	2/6920	1.0	10	0	1.0	
GO:0043335	BP	p	protein unfolding	0/7	12/6920	1.0	2	0	1.0	
GO:0055082	BP	p	intracellular chemical homeostasis	0/7	194/6920	1.0	3	0	1.0	
GO:0052646	BP	p	alditol phosphate metabolic process	0/7	5/6920	1.0	5	0	1.0	
GO:0071483	BP	p	cellular response to blue light	0/7	1/6920	1.0	7	0	1.0	
GO:2000303	BP	p	regulation of ceramide biosynthetic process	0/7	1/6920	1.0	9	0	1.0	
GO:0106300	BP	p	protein-DNA covalent cross-linking repair	0/7	1/6920	1.0	8	0	1.0	
GO:0000770	BP	p	peptide pheromone export	0/7	1/6920	1.0	6	0	1.0	
GO:0001932	BP	p	regulation of protein phosphorylation	0/7	24/6920	1.0	8	0	1.0	
GO:0046475	BP	p	glycerophospholipid catabolic process	0/7	8/6920	1.0	7	0	1.0	
GO:0019450	BP	p	L-cysteine catabolic process to pyruvate	0/7	1/6920	1.0	11	0	1.0	
GO:0000160	BP	p	phosphorelay signal transduction system	0/7	6/6920	1.0	6	0	1.0	
GO:0009896	BP	p	positive regulation of catabolic process	0/7	87/6920	1.0	6	0	1.0	
GO:1905906	BP	p	regulation of amyloid fibril formation	0/7	1/6920	1.0	7	0	1.0	
GO:0009206	BP	p	purine ribonucleoside triphosphate biosynthetic process	0/7	24/6920	1.0	10	0	1.0	
GO:0071027	BP	p	nuclear RNA surveillance	0/7	33/6920	1.0	9	0	1.0	
GO:0097510	BP	p	base-excision repair, AP site formation via deaminated base removal	0/7	1/6920	1.0	8	0	1.0	
GO:0033615	BP	p	mitochondrial proton-transporting ATP synthase complex assembly	0/7	12/6920	1.0	8	0	1.0	
GO:0045338	BP	p	farnesyl diphosphate metabolic process	0/7	8/6920	1.0	7	0	1.0	
GO:0009062	BP	p	fatty acid catabolic process	0/7	23/6920	1.0	9	0	1.0	
GO:1990344	BP	p	secondary cell septum biogenesis	0/7	3/6920	1.0	5	0	1.0	
GO:0006212	BP	p	uracil catabolic process	0/7	1/6920	1.0	9	0	1.0	
GO:0036507	BP	p	protein demannosylation	0/7	3/6920	1.0	7	0	1.0	
GO:0006188	BP	p	IMP biosynthetic process	0/7	12/6920	1.0	11	0	1.0	
GO:0006452	BP	p	translational frameshifting	0/7	6/6920	1.0	6	0	1.0	
GO:0070478	BP	p	nuclear-transcribed mRNA catabolic process, 3'-5' exonucleolytic nonsense-mediated decay	0/7	8/6920	1.0	12	0	1.0	
GO:0042445	BP	p	hormone metabolic process	0/7	1/6920	1.0	4	0	1.0	
GO:0006636	BP	p	unsaturated fatty acid biosynthetic process	0/7	1/6920	1.0	10	0	1.0	
GO:0060963	BP	p	positive regulation of ribosomal protein gene transcription by RNA polymerase II	0/7	9/6920	1.0	12	0	1.0	
GO:0046115	BP	p	guanosine catabolic process	0/7	2/6920	1.0	11	0	1.0	
GO:0051090	BP	p	regulation of DNA-binding transcription factor activity	0/7	1/6920	1.0	10	0	1.0	
GO:0006607	BP	p	NLS-bearing protein import into nucleus	0/7	17/6920	1.0	9	0	1.0	
GO:0006071	BP	p	glycerol metabolic process	0/7	14/6920	1.0	7	0	1.0	
GO:0031334	BP	p	positive regulation of protein-containing complex assembly	0/7	36/6920	1.0	6	0	1.0	
GO:0032298	BP	p	positive regulation of DNA-templated DNA replication initiation	0/7	5/6920	1.0	11	0	1.0	
GO:0001666	BP	p	response to hypoxia	0/7	4/6920	1.0	5	0	1.0	
GO:0046294	BP	p	formaldehyde catabolic process	0/7	2/6920	1.0	5	0	1.0	
GO:0080134	BP	p	regulation of response to stress	0/7	70/6920	1.0	4	0	1.0	
GO:1902882	BP	p	regulation of response to oxidative stress	0/7	1/6920	1.0	5	0	1.0	
GO:0160203	BP	p	mitochondrial disulfide relay system	0/7	1/6920	1.0	3	0	1.0	
GO:0044090	BP	p	positive regulation of vacuole organization	0/7	11/6920	1.0	7	0	1.0	
GO:0045041	BP	p	protein import into mitochondrial intermembrane space	0/7	8/6920	1.0	8	0	1.0	
GO:1903833	BP	p	positive regulation of cellular response to amino acid starvation	0/7	6/6920	1.0	7	0	1.0	
GO:0032780	BP	p	negative regulation of ATP-dependent activity	0/7	3/6920	1.0	4	0	1.0	
GO:0006014	BP	p	D-ribose metabolic process	0/7	2/6920	1.0	7	0	1.0	
GO:1900181	BP	p	negative regulation of protein localization to nucleus	0/7	8/6920	1.0	7	0	1.0	
GO:1903501	BP	p	positive regulation of mitotic actomyosin contractile ring assembly	0/7	6/6920	1.0	11	0	1.0	
GO:0090139	BP	p	mitochondrial chromosome packaging	0/7	1/6920	1.0	6	0	1.0	
GO:0035352	BP	p	NAD transmembrane transport	0/7	2/6920	1.0	10	0	1.0	
GO:0032232	BP	p	negative regulation of actin filament bundle assembly	0/7	3/6920	1.0	10	0	1.0	
GO:0006474	BP	p	N-terminal protein amino acid acetylation	0/7	11/6920	1.0	8	0	1.0	
GO:1990547	BP	p	mitochondrial phosphate ion transmembrane transport	0/7	2/6920	1.0	8	0	1.0	
GO:0120133	BP	p	negative regulation of actin cortical patch assembly	0/7	1/6920	1.0	8	0	1.0	
GO:0031032	BP	p	actomyosin structure organization	0/7	15/6920	1.0	7	0	1.0	
GO:0000754	BP	p	adaptation of signaling pathway by response to pheromone involved in conjugation with cellular fusion	0/7	9/6920	1.0	7	0	1.0	
GO:0051321	BP	p	meiotic cell cycle	0/7	142/6920	1.0	3	0	1.0	
GO:0030811	BP	p	regulation of nucleotide catabolic process	0/7	7/6920	1.0	8	0	1.0	
GO:0098927	BP	p	vesicle-mediated transport between endosomal compartments	0/7	1/6920	1.0	6	0	1.0	
GO:0015772	BP	p	oligosaccharide transport	0/7	7/6920	1.0	5	0	1.0	
GO:0043162	BP	p	ubiquitin-dependent protein catabolic process via the multivesicular body sorting pathway	0/7	14/6920	1.0	9	0	1.0	
GO:0006424	BP	p	glutamyl-tRNA aminoacylation	0/7	2/6920	1.0	10	0	1.0	
GO:0008295	BP	p	spermidine biosynthetic process	0/7	3/6920	1.0	7	0	1.0	
GO:1904461	BP	p	ergosteryl 3-beta-D-glucoside metabolic process	0/7	1/6920	1.0	7	0	1.0	
GO:0032467	BP	p	positive regulation of cytokinesis	0/7	11/6920	1.0	7	0	1.0	
GO:0019343	BP	p	cysteine biosynthetic process via cystathionine	0/7	2/6920	1.0	11	0	1.0	
GO:0006272	BP	p	leading strand elongation	0/7	12/6920	1.0	9	0	1.0	
GO:0034089	BP	p	establishment of meiotic sister chromatid cohesion	0/7	3/6920	1.0	4	0	1.0	
GO:1900036	BP	p	positive regulation of cellular response to heat	0/7	2/6920	1.0	7	0	1.0	
GO:0065002	BP	p	intracellular protein transmembrane transport	0/7	42/6920	1.0	8	0	1.0	
GO:0046364	BP	p	monosaccharide biosynthetic process	0/7	16/6920	1.0	6	0	1.0	
GO:0051782	BP	p	negative regulation of cell division	0/7	5/6920	1.0	5	0	1.0	
GO:1900430	BP	p	positive regulation of filamentous growth of a population of unicellular organisms	0/7	24/6920	1.0	6	0	1.0	
GO:0019464	BP	p	glycine decarboxylation via glycine cleavage system	0/7	2/6920	1.0	11	0	1.0	
GO:0019985	BP	p	translesion synthesis	0/7	20/6920	1.0	9	0	1.0	
GO:0042038	BP	p	peptidyl-histidine methylation, to form tele-methylhistidine	0/7	1/6920	1.0	9	0	1.0	
GO:0019637	BP	p	organophosphate metabolic process	0/7	414/6920	1.0	4	0	1.0	
GO:0034276	BP	p	kynurenic acid biosynthetic process	0/7	1/6920	1.0	9	0	1.0	
GO:0051447	BP	p	negative regulation of meiotic cell cycle	0/7	26/6920	1.0	6	0	1.0	
GO:0061163	BP	p	endoplasmic reticulum polarization	0/7	3/6920	1.0	6	0	1.0	
GO:0097720	BP	p	calcineurin-mediated signaling	0/7	4/6920	1.0	8	0	1.0	
GO:1901673	BP	p	regulation of mitotic spindle assembly	0/7	5/6920	1.0	10	0	1.0	
GO:0098656	BP	p	monoatomic anion transmembrane transport	0/7	10/6920	1.0	6	0	1.0	
GO:0009193	BP	p	pyrimidine ribonucleoside diphosphate metabolic process	0/7	2/6920	1.0	9	0	1.0	
GO:0016076	BP	p	snRNA catabolic process	0/7	5/6920	1.0	8	0	1.0	
GO:0019365	BP	p	pyridine nucleotide salvage	0/7	6/6920	1.0	10	0	1.0	
GO:0006168	BP	p	adenine salvage	0/7	2/6920	1.0	10	0	1.0	
GO:0000226	BP	p	microtubule cytoskeleton organization	0/7	68/6920	1.0	6	0	1.0	
GO:0000709	BP	p	meiotic joint molecule formation	0/7	5/6920	1.0	4	0	1.0	
GO:2001032	BP	p	regulation of double-strand break repair via nonhomologous end joining	0/7	4/6920	1.0	10	0	1.0	
GO:1901352	BP	p	negative regulation of phosphatidylglycerol biosynthetic process	0/7	3/6920	1.0	10	0	1.0	
GO:0097354	BP	p	prenylation	0/7	8/6920	1.0	3	0	1.0	
GO:0110026	BP	p	regulation of DNA strand resection involved in replication fork processing	0/7	1/6920	1.0	8	0	1.0	
GO:1902774	BP	p	late endosome to lysosome transport	0/7	1/6920	1.0	7	0	1.0	
GO:1902543	BP	p	negative regulation of protein localization to mitotic spindle pole body	0/7	1/6920	1.0	8	0	1.0	
GO:0046078	BP	p	dUMP metabolic process	0/7	2/6920	1.0	11	0	1.0	
GO:0044210	BP	p	'de novo' CTP biosynthetic process	0/7	2/6920	1.0	12	0	1.0	
GO:0070156	BP	p	mitochondrial phenylalanyl-tRNA aminoacylation	0/7	1/6920	1.0	11	0	1.0	
GO:0010038	BP	p	response to metal ion	0/7	23/6920	1.0	3	0	1.0	
GO:0141164	BP	p	mitochondrial protein quality control	0/7	5/6920	1.0	8	0	1.0	
GO:0006747	BP	p	FAD biosynthetic process	0/7	1/6920	1.0	10	0	1.0	
GO:0010635	BP	p	regulation of mitochondrial fusion	0/7	5/6920	1.0	7	0	1.0	
GO:0007091	BP	p	metaphase/anaphase transition of mitotic cell cycle	0/7	3/6920	1.0	9	0	1.0	
GO:0048869	BP	p	cellular developmental process	0/7	65/6920	1.0	2	0	1.0	
GO:0019408	BP	p	dolichol biosynthetic process	0/7	6/6920	1.0	8	0	1.0	
GO:1903112	BP	p	positive regulation of single-strand break repair via homologous recombination	0/7	1/6920	1.0	11	0	1.0	
GO:2000241	BP	p	regulation of reproductive process	0/7	101/6920	1.0	3	0	1.0	
GO:0090066	BP	p	regulation of anatomical structure size	0/7	48/6920	1.0	3	0	1.0	
GO:0016126	BP	p	sterol biosynthetic process	0/7	35/6920	1.0	7	0	1.0	
GO:0030011	BP	p	maintenance of cell polarity	0/7	10/6920	1.0	3	0	1.0	
GO:1902597	BP	p	positive regulation of DNA replication origin binding	0/7	1/6920	1.0	6	0	1.0	
GO:0006225	BP	p	UDP biosynthetic process	0/7	1/6920	1.0	11	0	1.0	
GO:0016054	BP	p	organic acid catabolic process	0/7	82/6920	1.0	5	0	1.0	
GO:0062014	BP	p	negative regulation of small molecule metabolic process	0/7	20/6920	1.0	6	0	1.0	
GO:0009067	BP	p	aspartate family amino acid biosynthetic process	0/7	49/6920	1.0	10	0	1.0	
GO:1905047	BP	p	mitotic spindle pole body organization	0/7	1/6920	1.0	6	0	1.0	
GO:1904802	BP	p	RITS complex assembly	0/7	1/6920	1.0	7	0	1.0	
GO:0071591	BP	p	nicotinic acid riboside metabolic process	0/7	2/6920	1.0	8	0	1.0	
GO:0009606	BP	p	tropism	0/7	4/6920	1.0	3	0	1.0	
GO:0090204	BP	p	protein localization to nuclear pore	0/7	1/6920	1.0	8	0	1.0	
GO:2001278	BP	p	positive regulation of L-leucine biosynthetic process	0/7	1/6920	1.0	9	0	1.0	
GO:0010765	BP	p	positive regulation of sodium ion transport	0/7	1/6920	1.0	8	0	1.0	
GO:0071545	BP	p	inositol phosphate catabolic process	0/7	2/6920	1.0	7	0	1.0	
GO:0120213	BP	p	regulation of histidine biosynthetic process	0/7	1/6920	1.0	8	0	1.0	
GO:0019679	BP	p	propionate metabolic process, methylcitrate cycle	0/7	1/6920	1.0	11	0	1.0	
GO:0090151	BP	p	establishment of protein localization to mitochondrial membrane	0/7	36/6920	1.0	8	0	1.0	
GO:0043087	BP	p	regulation of GTPase activity	0/7	5/6920	1.0	5	0	1.0	
GO:0060304	BP	p	regulation of phosphatidylinositol dephosphorylation	0/7	7/6920	1.0	8	0	1.0	
GO:0009090	BP	p	homoserine biosynthetic process	0/7	3/6920	1.0	10	0	1.0	
GO:0009094	BP	p	L-phenylalanine biosynthetic process	0/7	4/6920	1.0	11	0	1.0	
GO:1905907	BP	p	negative regulation of amyloid fibril formation	0/7	1/6920	1.0	8	0	1.0	
GO:0006122	BP	p	mitochondrial electron transport, ubiquinol to cytochrome c	0/7	16/6920	1.0	8	0	1.0	
GO:0035627	BP	p	ceramide transport	0/7	10/6920	1.0	6	0	1.0	
GO:0015876	BP	p	acetyl-CoA transport	0/7	2/6920	1.0	7	0	1.0	
GO:0045895	BP	p	positive regulation of mating-type specific transcription, DNA-templated	0/7	2/6920	1.0	11	0	1.0	
GO:0046160	BP	p	heme a metabolic process	0/7	3/6920	1.0	6	0	1.0	
GO:0009189	BP	p	deoxyribonucleoside diphosphate biosynthetic process	0/7	1/6920	1.0	9	0	1.0	
GO:0018230	BP	p	peptidyl-L-cysteine S-palmitoylation	0/7	1/6920	1.0	9	0	1.0	
GO:1902101	BP	p	positive regulation of metaphase/anaphase transition of cell cycle	0/7	9/6920	1.0	9	0	1.0	
GO:0019321	BP	p	pentose metabolic process	0/7	11/6920	1.0	6	0	1.0	
GO:0006596	BP	p	polyamine biosynthetic process	0/7	4/6920	1.0	6	0	1.0	
GO:0030473	BP	p	nuclear migration along microtubule	0/7	19/6920	1.0	8	0	1.0	
GO:0052803	BP	p	imidazole-containing compound metabolic process	0/7	8/6920	1.0	3	0	1.0	
GO:0010994	BP	p	free ubiquitin chain polymerization	0/7	6/6920	1.0	7	0	1.0	
GO:0030953	BP	p	astral microtubule organization	0/7	4/6920	1.0	8	0	1.0	
GO:0006749	BP	p	glutathione metabolic process	0/7	20/6920	1.0	4	0	1.0	
GO:0045939	BP	p	negative regulation of steroid metabolic process	0/7	1/6920	1.0	8	0	1.0	
GO:0032091	BP	p	negative regulation of protein binding	0/7	1/6920	1.0	5	0	1.0	
GO:0036001	BP	p	'de novo' pyridoxal 5'-phosphate biosynthetic process	0/7	1/6920	1.0	9	0	1.0	
GO:0044419	BP	p	biological process involved in interspecies interaction between organisms	0/7	6/6920	1.0	1	0	1.0	
GO:0051513	BP	p	regulation of monopolar cell growth	0/7	1/6920	1.0	7	0	1.0	
GO:0051225	BP	p	spindle assembly	0/7	13/6920	1.0	8	0	1.0	
GO:0019658	BP	p	glucose fermentation to lactate and acetate	0/7	1/6920	1.0	10	0	1.0	
GO:0038203	BP	p	TORC2 signaling	0/7	4/6920	1.0	7	0	1.0	
GO:0006535	BP	p	cysteine biosynthetic process from serine	0/7	2/6920	1.0	11	0	1.0	
GO:0090062	BP	p	regulation of trehalose metabolic process	0/7	1/6920	1.0	7	0	1.0	
GO:1902365	BP	p	positive regulation of protein localization to spindle pole body	0/7	1/6920	1.0	7	0	1.0	
GO:1901607	BP	p	alpha-amino acid biosynthetic process	0/7	116/6920	1.0	8	0	1.0	
GO:2000819	BP	p	regulation of nucleotide-excision repair	0/7	8/6920	1.0	9	0	1.0	
GO:0051365	BP	p	cellular response to potassium ion starvation	0/7	7/6920	1.0	5	0	1.0	
GO:0034440	BP	p	lipid oxidation	0/7	16/6920	1.0	6	0	1.0	
GO:1903051	BP	p	negative regulation of proteolysis involved in protein catabolic process	0/7	5/6920	1.0	9	0	1.0	
GO:0002097	BP	p	tRNA wobble base modification	0/7	35/6920	1.0	10	0	1.0	
GO:0030036	BP	p	actin cytoskeleton organization	0/7	78/6920	1.0	6	0	1.0	
GO:0120010	BP	p	intermembrane phospholipid transfer	0/7	1/6920	1.0	6	0	1.0	
GO:0071470	BP	p	cellular response to osmotic stress	0/7	53/6920	1.0	5	0	1.0	
GO:0006218	BP	p	uridine catabolic process	0/7	1/6920	1.0	10	0	1.0	
GO:0072384	BP	p	organelle transport along microtubule	0/7	19/6920	1.0	7	0	1.0	
GO:1990575	BP	p	mitochondrial L-ornithine transmembrane transport	0/7	3/6920	1.0	9	0	1.0	
GO:0070059	BP	p	intrinsic apoptotic signaling pathway in response to endoplasmic reticulum stress	0/7	1/6920	1.0	7	0	1.0	
GO:0008643	BP	p	carbohydrate transport	0/7	40/6920	1.0	4	0	1.0	
GO:0016320	BP	p	endoplasmic reticulum membrane fusion	0/7	3/6920	1.0	7	0	1.0	
GO:0030865	BP	p	cortical cytoskeleton organization	0/7	35/6920	1.0	6	0	1.0	
GO:0006537	BP	p	glutamate biosynthetic process	0/7	8/6920	1.0	11	0	1.0	
GO:0009199	BP	p	ribonucleoside triphosphate metabolic process	0/7	58/6920	1.0	8	0	1.0	
GO:2000767	BP	p	positive regulation of cytoplasmic translation	0/7	2/6920	1.0	11	0	1.0	
GO:0045814	BP	p	negative regulation of gene expression, epigenetic	0/7	124/6920	1.0	9	0	1.0	
GO:0032952	BP	p	regulation of (1->3)-beta-D-glucan metabolic process	0/7	3/6920	1.0	9	0	1.0	
GO:0030031	BP	p	cell projection assembly	0/7	1/6920	1.0	5	0	1.0	
GO:0043570	BP	p	maintenance of DNA repeat elements	0/7	28/6920	1.0	7	0	1.0	
GO:0160217	BP	p	negative regulation of transcription initiation-coupled chromatin remodeling	0/7	1/6920	1.0	8	0	1.0	
GO:0150180	BP	p	negative regulation of phosphatidylserine metabolic process	0/7	1/6920	1.0	9	0	1.0	
GO:1903525	BP	p	regulation of membrane tubulation	0/7	1/6920	1.0	6	0	1.0	
GO:1901893	BP	p	positive regulation of cell septum assembly	0/7	4/6920	1.0	8	0	1.0	
GO:0006114	BP	p	glycerol biosynthetic process	0/7	3/6920	1.0	8	0	1.0	
GO:0007026	BP	p	negative regulation of microtubule depolymerization	0/7	3/6920	1.0	10	0	1.0	
GO:0031589	BP	p	cell-substrate adhesion	0/7	6/6920	1.0	3	0	1.0	
GO:0032259	BP	p	methylation	0/7	139/6920	1.0	3	0	1.0	
GO:0000455	BP	p	enzyme-directed rRNA pseudouridine synthesis	0/7	6/6920	1.0	11	0	1.0	
GO:0032785	BP	p	negative regulation of DNA-templated transcription, elongation	0/7	4/6920	1.0	11	0	1.0	
GO:0000916	BP	p	actomyosin contractile ring contraction	0/7	6/6920	1.0	5	0	1.0	
GO:0042558	BP	p	pteridine-containing compound metabolic process	0/7	19/6920	1.0	3	0	1.0	
GO:0015826	BP	p	threonine transport	0/7	3/6920	1.0	6	0	1.0	
GO:0051231	BP	p	spindle elongation	0/7	13/6920	1.0	3	0	1.0	
GO:0030030	BP	p	cell projection organization	0/7	1/6920	1.0	4	0	1.0	
GO:0060188	BP	p	regulation of protein desumoylation	0/7	4/6920	1.0	10	0	1.0	
GO:0015856	BP	p	cytosine transport	0/7	3/6920	1.0	7	0	1.0	
GO:0010898	BP	p	positive regulation of triglyceride catabolic process	0/7	1/6920	1.0	9	0	1.0	
GO:0045736	BP	p	negative regulation of cyclin-dependent protein serine/threonine kinase activity	0/7	1/6920	1.0	12	0	1.0	
GO:0000075	BP	p	cell cycle checkpoint signaling	0/7	104/6920	1.0	8	0	1.0	
GO:0030001	BP	p	metal ion transport	0/7	108/6920	1.0	6	0	1.0	
GO:0000001	BP	p	mitochondrion inheritance	0/7	25/6920	1.0	6	0	1.0	
GO:0036152	BP	p	phosphatidylethanolamine acyl-chain remodeling	0/7	2/6920	1.0	8	0	1.0	
GO:0090207	BP	p	regulation of triglyceride metabolic process	0/7	2/6920	1.0	7	0	1.0	
GO:0051757	BP	p	meiotic sister chromatid separation	0/7	1/6920	1.0	5	0	1.0	
GO:0140708	BP	p	CAT tailing	0/7	2/6920	1.0	7	0	1.0	
GO:0010827	BP	p	regulation of D-glucose transmembrane transport	0/7	2/6920	1.0	6	0	1.0	
GO:0060917	BP	p	regulation of (1->6)-beta-D-glucan biosynthetic process	0/7	2/6920	1.0	11	0	1.0	
GO:0061982	BP	p	meiosis I cell cycle process	0/7	52/6920	1.0	4	0	1.0	
GO:0018008	BP	p	N-terminal peptidyl-glycine N-myristoylation	0/7	1/6920	1.0	9	0	1.0	
GO:0043634	BP	p	polyadenylation-dependent ncRNA catabolic process	0/7	2/6920	1.0	9	0	1.0	
GO:0000296	BP	p	spermine transport	0/7	6/6920	1.0	6	0	1.0	
GO:0009074	BP	p	aromatic amino acid family catabolic process	0/7	14/6920	1.0	8	0	1.0	
GO:1900407	BP	p	regulation of cellular response to oxidative stress	0/7	1/6920	1.0	6	0	1.0	
GO:1901881	BP	p	positive regulation of protein depolymerization	0/7	3/6920	1.0	7	0	1.0	
GO:0006110	BP	p	regulation of glycolytic process	0/7	7/6920	1.0	10	0	1.0	
GO:1902413	BP	p	negative regulation of mitotic cytokinesis	0/7	3/6920	1.0	8	0	1.0	
GO:0160031	BP	p	endoplasmic reticulum membrane biogenesis	0/7	1/6920	1.0	5	0	1.0	
GO:0034394	BP	p	protein localization to cell surface	0/7	1/6920	1.0	5	0	1.0	
GO:0002183	BP	p	cytoplasmic translational initiation	0/7	15/6920	1.0	4	0	1.0	
GO:0019660	BP	p	glycolytic fermentation	0/7	6/6920	1.0	6	0	1.0	
GO:0035617	BP	p	stress granule disassembly	0/7	5/6920	1.0	7	0	1.0	
GO:0018206	BP	p	peptidyl-methionine modification	0/7	3/6920	1.0	7	0	1.0	
GO:0070875	BP	p	positive regulation of glycogen metabolic process	0/7	1/6920	1.0	9	0	1.0	
GO:0015878	BP	p	biotin transport	0/7	1/6920	1.0	7	0	1.0	
GO:0032434	BP	p	regulation of proteasomal ubiquitin-dependent protein catabolic process	0/7	6/6920	1.0	10	0	1.0	
GO:0042182	BP	p	ketone catabolic process	0/7	10/6920	1.0	5	0	1.0	
GO:0050708	BP	p	regulation of protein secretion	0/7	1/6920	1.0	8	0	1.0	
GO:0006814	BP	p	sodium ion transport	0/7	9/6920	1.0	7	0	1.0	
GO:0043413	BP	p	macromolecule glycosylation	0/7	80/6920	1.0	5	0	1.0	
GO:1901799	BP	p	negative regulation of proteasomal protein catabolic process	0/7	3/6920	1.0	10	0	1.0	
GO:0003400	BP	p	regulation of COPII vesicle coating	0/7	5/6920	1.0	6	0	1.0	
GO:0003006	BP	p	developmental process involved in reproduction	0/7	134/6920	1.0	2	0	1.0	
GO:2001139	BP	p	negative regulation of phospholipid transport	0/7	2/6920	1.0	7	0	1.0	
GO:0051391	BP	p	tRNA acetylation	0/7	1/6920	1.0	10	0	1.0	
GO:0001111	BP	p	RNA polymerase II promoter clearance	0/7	1/6920	1.0	9	0	1.0	
GO:1900542	BP	p	regulation of purine nucleotide metabolic process	0/7	7/6920	1.0	8	0	1.0	
GO:0006842	BP	p	tricarboxylic acid transport	0/7	3/6920	1.0	6	0	1.0	
GO:0043094	BP	p	metabolic compound salvage	0/7	37/6920	1.0	4	0	1.0	
GO:0030042	BP	p	actin filament depolymerization	0/7	4/6920	1.0	7	0	1.0	
GO:1901684	BP	p	arsenate ion transmembrane transport	0/7	2/6920	1.0	5	0	1.0	
GO:0106004	BP	p	tRNA (guanine-N7)-methylation	0/7	2/6920	1.0	11	0	1.0	
GO:0006546	BP	p	glycine catabolic process	0/7	4/6920	1.0	10	0	1.0	
GO:0015939	BP	p	pantothenate metabolic process	0/7	10/6920	1.0	8	0	1.0	
GO:0045898	BP	p	regulation of RNA polymerase II transcription preinitiation complex assembly	0/7	14/6920	1.0	12	0	1.0	
GO:0051094	BP	p	positive regulation of developmental process	0/7	15/6920	1.0	4	0	1.0	
GO:0044042	BP	p	glucan metabolic process	0/7	62/6920	1.0	6	0	1.0	
GO:1901800	BP	p	positive regulation of proteasomal protein catabolic process	0/7	10/6920	1.0	10	0	1.0	
GO:0031108	BP	p	holo-[acyl-carrier-protein] biosynthetic process	0/7	1/6920	1.0	5	0	1.0	
GO:0043941	BP	p	positive regulation of sexual sporulation resulting in formation of a cellular spore	0/7	4/6920	1.0	8	0	1.0	
GO:0098655	BP	p	monoatomic cation transmembrane transport	0/7	174/6920	1.0	6	0	1.0	
GO:0046098	BP	p	guanine metabolic process	0/7	2/6920	1.0	8	0	1.0	
GO:0090155	BP	p	negative regulation of sphingolipid biosynthetic process	0/7	6/6920	1.0	9	0	1.0	
GO:0061983	BP	p	meiosis II cell cycle process	0/7	2/6920	1.0	4	0	1.0	
GO:0009180	BP	p	purine ribonucleoside diphosphate biosynthetic process	0/7	3/6920	1.0	10	0	1.0	
GO:0000054	BP	p	ribosomal subunit export from nucleus	0/7	68/6920	1.0	8	0	1.0	
GO:0030488	BP	p	tRNA methylation	0/7	26/6920	1.0	10	0	1.0	
GO:0032264	BP	p	IMP salvage	0/7	3/6920	1.0	12	0	1.0	
GO:0006801	BP	p	superoxide metabolic process	0/7	10/6920	1.0	4	0	1.0	
GO:0032388	BP	p	positive regulation of intracellular transport	0/7	7/6920	1.0	6	0	1.0	
GO:0000038	BP	p	very long-chain fatty acid metabolic process	0/7	11/6920	1.0	9	0	1.0	
GO:0046075	BP	p	dTTP metabolic process	0/7	2/6920	1.0	11	0	1.0	
GO:0000017	BP	p	alpha-glucoside transport	0/7	1/6920	1.0	7	0	1.0	
GO:0046348	BP	p	amino sugar catabolic process	0/7	5/6920	1.0	5	0	1.0	
GO:2000221	BP	p	negative regulation of pseudohyphal growth	0/7	10/6920	1.0	8	0	1.0	
GO:0019309	BP	p	mannose catabolic process	0/7	1/6920	1.0	8	0	1.0	
GO:0001113	BP	p	transcription open complex formation at RNA polymerase II promoter	0/7	5/6920	1.0	8	0	1.0	
GO:0051347	BP	p	positive regulation of transferase activity	0/7	2/6920	1.0	5	0	1.0	
GO:0015888	BP	p	thiamine transport	0/7	4/6920	1.0	5	0	1.0	
GO:0005998	BP	p	xylulose catabolic process	0/7	2/6920	1.0	8	0	1.0	
GO:1902025	BP	p	nitrate import	0/7	1/6920	1.0	5	0	1.0	
GO:0044771	BP	p	meiotic cell cycle phase transition	0/7	1/6920	1.0	4	0	1.0	
GO:0046073	BP	p	dTMP metabolic process	0/7	2/6920	1.0	11	0	1.0	
GO:0140820	BP	p	cytosol to Golgi apparatus transport	0/7	1/6920	1.0	5	0	1.0	
GO:0070262	BP	p	peptidyl-serine dephosphorylation	0/7	2/6920	1.0	7	0	1.0	
GO:1903452	BP	p	positive regulation of G1 to G0 transition	0/7	4/6920	1.0	7	0	1.0	
GO:0110053	BP	p	regulation of actin filament organization	0/7	45/6920	1.0	8	0	1.0	
GO:0019572	BP	p	L-arabinose catabolic process	0/7	1/6920	1.0	9	0	1.0	
GO:0015988	BP	p	energy coupled proton transmembrane transport, against electrochemical gradient	0/7	1/6920	1.0	8	0	1.0	
GO:0006277	BP	p	DNA amplification	0/7	5/6920	1.0	8	0	1.0	
GO:0071032	BP	p	nuclear mRNA surveillance of mRNP export	0/7	1/6920	1.0	12	0	1.0	
GO:0043385	BP	p	mycotoxin metabolic process	0/7	1/6920	1.0	5	0	1.0	
GO:0010447	BP	p	response to acidic pH	0/7	13/6920	1.0	4	0	1.0	
GO:0006528	BP	p	asparagine metabolic process	0/7	9/6920	1.0	10	0	1.0	
GO:0009101	BP	p	glycoprotein biosynthetic process	0/7	19/6920	1.0	6	0	1.0	
GO:0034398	BP	p	telomere tethering at nuclear periphery	0/7	20/6920	1.0	5	0	1.0	
GO:0140041	BP	p	cellular detoxification of methylglyoxal	0/7	7/6920	1.0	4	0	1.0	
GO:0035592	BP	p	establishment of protein localization to extracellular region	0/7	14/6920	1.0	6	0	1.0	
GO:0006614	BP	p	SRP-dependent cotranslational protein targeting to membrane	0/7	11/6920	1.0	9	0	1.0	
GO:1902294	BP	p	cell cycle DNA replication termination	0/7	2/6920	1.0	8	0	1.0	
GO:0031509	BP	p	subtelomeric heterochromatin formation	0/7	66/6920	1.0	12	0	1.0	
GO:0015850	BP	p	organic hydroxy compound transport	0/7	48/6920	1.0	4	0	1.0	
GO:0048193	BP	p	Golgi vesicle transport	0/7	208/6920	1.0	5	0	1.0	
GO:0051599	BP	p	response to hydrostatic pressure	0/7	4/6920	1.0	5	0	1.0	
GO:0071243	BP	p	cellular response to arsenic-containing substance	0/7	6/6920	1.0	4	0	1.0	
GO:0016129	BP	p	phytosteroid biosynthetic process	0/7	28/6920	1.0	7	0	1.0	
GO:0046385	BP	p	deoxyribose phosphate biosynthetic process	0/7	4/6920	1.0	6	0	1.0	
GO:0044784	BP	p	metaphase/anaphase transition of cell cycle	0/7	3/6920	1.0	8	0	1.0	
GO:0090220	BP	p	chromosome localization to nuclear envelope involved in homologous chromosome segregation	0/7	5/6920	1.0	5	0	1.0	
GO:0043632	BP	p	modification-dependent macromolecule catabolic process	0/7	193/6920	1.0	5	0	1.0	
GO:0043007	BP	p	maintenance of rDNA	0/7	14/6920	1.0	8	0	1.0	
GO:0051493	BP	p	regulation of cytoskeleton organization	0/7	93/6920	1.0	6	0	1.0	
GO:0140694	BP	p	membraneless organelle assembly	0/7	79/6920	1.0	6	0	1.0	
GO:1900237	BP	p	positive regulation of induction of conjugation with cellular fusion	0/7	2/6920	1.0	6	0	1.0	
GO:0055091	BP	p	phospholipid homeostasis	0/7	10/6920	1.0	4	0	1.0	
GO:0060988	BP	p	lipid tube assembly	0/7	4/6920	1.0	7	0	1.0	
GO:0150179	BP	p	positive regulation of phosphatidylserine metabolic process	0/7	2/6920	1.0	9	0	1.0	
GO:0009139	BP	p	pyrimidine nucleoside diphosphate biosynthetic process	0/7	2/6920	1.0	9	0	1.0	
GO:0019747	BP	p	regulation of isoprenoid metabolic process	0/7	2/6920	1.0	7	0	1.0	
GO:2000238	BP	p	regulation of tRNA export from nucleus	0/7	2/6920	1.0	8	0	1.0	
GO:0006730	BP	p	one-carbon metabolic process	0/7	19/6920	1.0	4	0	1.0	
GO:0009126	BP	p	purine nucleoside monophosphate metabolic process	0/7	27/6920	1.0	8	0	1.0	
GO:0072344	BP	p	rescue of stalled ribosome	0/7	11/6920	1.0	7	0	1.0	
GO:0051445	BP	p	regulation of meiotic cell cycle	0/7	43/6920	1.0	5	0	1.0	
GO:0030388	BP	p	fructose 1,6-bisphosphate metabolic process	0/7	3/6920	1.0	5	0	1.0	
GO:0045732	BP	p	positive regulation of protein catabolic process	0/7	11/6920	1.0	8	0	1.0	
GO:0009445	BP	p	putrescine metabolic process	0/7	1/6920	1.0	6	0	1.0	
GO:0097466	BP	p	ubiquitin-dependent glycoprotein ERAD pathway	0/7	4/6920	1.0	9	0	1.0	
GO:0000472	BP	p	endonucleolytic cleavage to generate mature 5'-end of SSU-rRNA from (SSU-rRNA, 5.8S rRNA, LSU-rRNA)	0/7	37/6920	1.0	10	0	1.0	
GO:0006783	BP	p	heme biosynthetic process	0/7	17/6920	1.0	6	0	1.0	
GO:0046470	BP	p	phosphatidylcholine metabolic process	0/7	17/6920	1.0	7	0	1.0	
GO:0071398	BP	p	cellular response to fatty acid	0/7	6/6920	1.0	5	0	1.0	
GO:0048199	BP	p	vesicle targeting, to, from or within Golgi	0/7	1/6920	1.0	3	0	1.0	
GO:0032970	BP	p	regulation of actin filament-based process	0/7	66/6920	1.0	4	0	1.0	
GO:0003333	BP	p	amino acid transmembrane transport	0/7	50/6920	1.0	5	0	1.0	
GO:0097552	BP	p	mitochondrial double-strand break repair via homologous recombination	0/7	4/6920	1.0	10	0	1.0	
GO:0045841	BP	p	negative regulation of mitotic metaphase/anaphase transition	0/7	25/6920	1.0	11	0	1.0	
GO:0070901	BP	p	mitochondrial tRNA methylation	0/7	1/6920	1.0	11	0	1.0	
GO:0015804	BP	p	neutral amino acid transport	0/7	20/6920	1.0	5	0	1.0	
GO:0018909	BP	p	dodecyl sulfate metabolic process	0/7	1/6920	1.0	6	0	1.0	
GO:0015868	BP	p	purine ribonucleotide transport	0/7	28/6920	1.0	8	0	1.0	
GO:0034243	BP	p	regulation of transcription elongation by RNA polymerase II	0/7	51/6920	1.0	11	0	1.0	
GO:0071554	BP	p	cell wall organization or biogenesis	0/7	243/6920	1.0	2	0	1.0	
GO:0090266	BP	p	regulation of mitotic cell cycle spindle assembly checkpoint	0/7	7/6920	1.0	10	0	1.0	
GO:0071500	BP	p	cellular response to nitrosative stress	0/7	4/6920	1.0	5	0	1.0	
GO:0046085	BP	p	adenosine metabolic process	0/7	2/6920	1.0	9	0	1.0	
GO:0051283	BP	p	negative regulation of sequestering of calcium ion	0/7	1/6920	1.0	5	0	1.0	
GO:0070150	BP	p	mitochondrial glycyl-tRNA aminoacylation	0/7	2/6920	1.0	11	0	1.0	
GO:1903326	BP	p	regulation of tRNA metabolic process	0/7	2/6920	1.0	8	0	1.0	
GO:0006167	BP	p	AMP biosynthetic process	0/7	5/6920	1.0	11	0	1.0	
GO:0007155	BP	p	cell adhesion	0/7	19/6920	1.0	2	0	1.0	
GO:0071528	BP	p	tRNA re-export from nucleus	0/7	5/6920	1.0	10	0	1.0	
GO:0044209	BP	p	AMP salvage	0/7	3/6920	1.0	12	0	1.0	
GO:0015980	BP	p	energy derivation by oxidation of organic compounds	0/7	133/6920	1.0	4	0	1.0	
GO:0009690	BP	p	cytokinin metabolic process	0/7	1/6920	1.0	5	0	1.0	
GO:0050790	BP	p	regulation of catalytic activity	0/7	13/6920	1.0	3	0	1.0	
GO:0048309	BP	p	endoplasmic reticulum inheritance	0/7	12/6920	1.0	6	0	1.0	
GO:0009404	BP	p	toxin metabolic process	0/7	1/6920	1.0	4	0	1.0	
GO:0033383	BP	p	geranyl diphosphate metabolic process	0/7	2/6920	1.0	7	0	1.0	
GO:0000316	BP	p	sulfite transmembrane transport	0/7	2/6920	1.0	7	0	1.0	
GO:0006532	BP	p	aspartate biosynthetic process	0/7	1/6920	1.0	11	0	1.0	
GO:0006644	BP	p	phospholipid metabolic process	0/7	149/6920	1.0	5	0	1.0	
GO:0072524	BP	p	pyridine-containing compound metabolic process	0/7	87/6920	1.0	3	0	1.0	
GO:0034496	BP	p	multivesicular body membrane disassembly	0/7	1/6920	1.0	6	0	1.0	
GO:0009195	BP	p	pyrimidine ribonucleoside diphosphate catabolic process	0/7	1/6920	1.0	10	0	1.0	
GO:0000479	BP	p	endonucleolytic cleavage of tricistronic rRNA transcript (SSU-rRNA, 5.8S rRNA, LSU-rRNA)	0/7	61/6920	1.0	9	0	1.0	
GO:0000422	BP	p	autophagy of mitochondrion	0/7	48/6920	1.0	5	0	1.0	
GO:0040020	BP	p	regulation of meiotic nuclear division	0/7	31/6920	1.0	7	0	1.0	
GO:0120029	BP	p	proton export across plasma membrane	0/7	3/6920	1.0	8	0	1.0	
GO:0070911	BP	p	global genome nucleotide-excision repair	0/7	7/6920	1.0	9	0	1.0	
GO:0043254	BP	p	regulation of protein-containing complex assembly	0/7	89/6920	1.0	5	0	1.0	
GO:0006086	BP	p	pyruvate decarboxylation to acetyl-CoA	0/7	4/6920	1.0	10	0	1.0	
GO:0010507	BP	p	negative regulation of autophagy	0/7	23/6920	1.0	7	0	1.0	
GO:0071805	BP	p	potassium ion transmembrane transport	0/7	16/6920	1.0	8	0	1.0	
GO:0006273	BP	p	lagging strand elongation	0/7	6/6920	1.0	9	0	1.0	
GO:0034497	BP	p	protein localization to phagophore assembly site	0/7	19/6920	1.0	5	0	1.0	
GO:0007032	BP	p	endosome organization	0/7	23/6920	1.0	6	0	1.0	
GO:0042593	BP	p	glucose homeostasis	0/7	9/6920	1.0	4	0	1.0	
GO:0042167	BP	p	heme catabolic process	0/7	1/6920	1.0	6	0	1.0	
GO:0010774	BP	p	meiotic strand invasion involved in reciprocal meiotic recombination	0/7	2/6920	1.0	9	0	1.0	
GO:0031098	BP	p	stress-activated protein kinase signaling cascade	0/7	13/6920	1.0	6	0	1.0	
GO:0046184	BP	p	aldehyde biosynthetic process	0/7	12/6920	1.0	4	0	1.0	
GO:0006970	BP	p	response to osmotic stress	0/7	91/6920	1.0	3	0	1.0	
GO:0032077	BP	p	positive regulation of deoxyribonuclease activity	0/7	1/6920	1.0	9	0	1.0	
GO:0007010	BP	p	cytoskeleton organization	0/7	183/6920	1.0	5	0	1.0	
GO:0046386	BP	p	deoxyribose phosphate catabolic process	0/7	1/6920	1.0	6	0	1.0	
GO:0034478	BP	p	phosphatidylglycerol catabolic process	0/7	1/6920	1.0	8	0	1.0	
GO:0006877	BP	p	intracellular cobalt ion homeostasis	0/7	1/6920	1.0	6	0	1.0	
GO:0072525	BP	p	pyridine-containing compound biosynthetic process	0/7	32/6920	1.0	4	0	1.0	
GO:0042851	BP	p	L-alanine metabolic process	0/7	2/6920	1.0	10	0	1.0	
GO:0016053	BP	p	organic acid biosynthetic process	0/7	191/6920	1.0	5	0	1.0	
GO:0019216	BP	p	regulation of lipid metabolic process	0/7	59/6920	1.0	6	0	1.0	
GO:0008156	BP	p	negative regulation of DNA replication	0/7	13/6920	1.0	9	0	1.0	
GO:0006040	BP	p	amino sugar metabolic process	0/7	32/6920	1.0	4	0	1.0	
GO:1901717	BP	p	positive regulation of gamma-aminobutyric acid catabolic process	0/7	1/6920	1.0	8	0	1.0	
GO:1902653	BP	p	secondary alcohol biosynthetic process	0/7	31/6920	1.0	6	0	1.0	
GO:0098754	BP	p	detoxification	0/7	49/6920	1.0	1	0	1.0	
GO:0009111	BP	p	vitamin catabolic process	0/7	2/6920	1.0	5	0	1.0	
GO:0010182	BP	p	sugar mediated signaling pathway	0/7	8/6920	1.0	6	0	1.0	
GO:0080129	BP	p	proteasome core complex assembly	0/7	4/6920	1.0	7	0	1.0	
GO:0036265	BP	p	RNA (guanine-N7)-methylation	0/7	5/6920	1.0	9	0	1.0	
GO:2000883	BP	p	positive regulation of starch catabolic process	0/7	3/6920	1.0	10	0	1.0	
GO:0016031	BP	p	tRNA import into mitochondrion	0/7	1/6920	1.0	9	0	1.0	
GO:0031339	BP	p	negative regulation of vesicle fusion	0/7	1/6920	1.0	7	0	1.0	
GO:0051645	BP	p	Golgi localization	0/7	2/6920	1.0	3	0	1.0	
GO:0001731	BP	p	formation of translation preinitiation complex	0/7	15/6920	1.0	7	0	1.0	
GO:0015861	BP	p	cytidine transport	0/7	1/6920	1.0	8	0	1.0	
GO:0070096	BP	p	mitochondrial outer membrane translocase complex assembly	0/7	11/6920	1.0	6	0	1.0	
GO:0060623	BP	p	regulation of chromosome condensation	0/7	2/6920	1.0	7	0	1.0	
GO:1902001	BP	p	fatty acid transmembrane transport	0/7	3/6920	1.0	8	0	1.0	
GO:1903139	BP	p	positive regulation of cell integrity MAPK cascade	0/7	1/6920	1.0	10	0	1.0	
GO:1903003	BP	p	positive regulation of protein deubiquitination	0/7	1/6920	1.0	11	0	1.0	
GO:0042149	BP	p	cellular response to glucose starvation	0/7	32/6920	1.0	5	0	1.0	
GO:0006431	BP	p	methionyl-tRNA aminoacylation	0/7	2/6920	1.0	10	0	1.0	
GO:0090374	BP	p	oligopeptide export from mitochondrion	0/7	3/6920	1.0	9	0	1.0	
GO:0120254	BP	p	olefinic compound metabolic process	0/7	2/6920	1.0	3	0	1.0	
GO:0006598	BP	p	polyamine catabolic process	0/7	3/6920	1.0	6	0	1.0	
GO:0006084	BP	p	acetyl-CoA metabolic process	0/7	13/6920	1.0	8	0	1.0	
GO:0031110	BP	p	regulation of microtubule polymerization or depolymerization	0/7	17/6920	1.0	8	0	1.0	
GO:0009061	BP	p	anaerobic respiration	0/7	2/6920	1.0	6	0	1.0	
GO:0006267	BP	p	pre-replicative complex assembly involved in nuclear cell cycle DNA replication	0/7	19/6920	1.0	9	0	1.0	
GO:0097359	BP	p	UDP-glucosylation	0/7	1/6920	1.0	9	0	1.0	
GO:0051237	BP	p	maintenance of RNA location	0/7	3/6920	1.0	3	0	1.0	
GO:0070841	BP	p	inclusion body assembly	0/7	1/6920	1.0	5	0	1.0	
GO:0000480	BP	p	endonucleolytic cleavage in 5'-ETS of tricistronic rRNA transcript (SSU-rRNA, 5.8S rRNA, LSU-rRNA)	0/7	34/6920	1.0	10	0	1.0	
GO:0045013	BP	p	carbon catabolite repression of transcription	0/7	1/6920	1.0	11	0	1.0	
GO:0031138	BP	p	negative regulation of conjugation with cellular fusion	0/7	2/6920	1.0	5	0	1.0	
GO:0006222	BP	p	UMP biosynthetic process	0/7	10/6920	1.0	11	0	1.0	
GO:0072710	BP	p	response to hydroxyurea	0/7	1/6920	1.0	4	0	1.0	
GO:0006767	BP	p	water-soluble vitamin metabolic process	0/7	62/6920	1.0	5	0	1.0	
GO:0006370	BP	p	7-methylguanosine mRNA capping	0/7	9/6920	1.0	9	0	1.0	
GO:0006531	BP	p	aspartate metabolic process	0/7	2/6920	1.0	10	0	1.0	
GO:0006414	BP	p	translational elongation	0/7	340/6920	1.0	5	0	1.0	
GO:0180060	BP	p	siderophore-dependent iron import pathway	0/7	6/6920	1.0	10	0	1.0	
GO:0045862	BP	p	positive regulation of proteolysis	0/7	11/6920	1.0	8	0	1.0	
GO:0046656	BP	p	folic acid biosynthetic process	0/7	7/6920	1.0	9	0	1.0	
GO:0006887	BP	p	exocytosis	0/7	41/6920	1.0	6	0	1.0	
GO:0034644	BP	p	cellular response to UV	0/7	3/6920	1.0	7	0	1.0	
GO:0072698	BP	p	protein localization to microtubule cytoskeleton	0/7	10/6920	1.0	7	0	1.0	
GO:0009313	BP	p	oligosaccharide catabolic process	0/7	33/6920	1.0	6	0	1.0	
GO:0045910	BP	p	negative regulation of DNA recombination	0/7	13/6920	1.0	9	0	1.0	
GO:0032460	BP	p	negative regulation of protein oligomerization	0/7	1/6920	1.0	7	0	1.0	
GO:1900436	BP	p	positive regulation of filamentous growth of a population of unicellular organisms in response to starvation	0/7	6/6920	1.0	7	0	1.0	
GO:1901970	BP	p	positive regulation of mitotic sister chromatid separation	0/7	8/6920	1.0	9	0	1.0	
GO:0042770	BP	p	signal transduction in response to DNA damage	0/7	34/6920	1.0	6	0	1.0	
GO:0097446	BP	p	protein localization to eisosome filament	0/7	3/6920	1.0	7	0	1.0	
GO:0010721	BP	p	negative regulation of cell development	0/7	2/6920	1.0	6	0	1.0	
GO:0034204	BP	p	lipid translocation	0/7	18/6920	1.0	6	0	1.0	
GO:0042819	BP	p	vitamin B6 biosynthetic process	0/7	12/6920	1.0	7	0	1.0	
GO:0019627	BP	p	urea metabolic process	0/7	3/6920	1.0	4	0	1.0	
GO:0060003	BP	p	copper ion export	0/7	2/6920	1.0	10	0	1.0	
GO:1902103	BP	p	negative regulation of metaphase/anaphase transition of meiotic cell cycle	0/7	2/6920	1.0	10	0	1.0	
GO:0008334	BP	p	histone mRNA metabolic process	0/7	3/6920	1.0	8	0	1.0	
GO:1901892	BP	p	negative regulation of cell septum assembly	0/7	1/6920	1.0	8	0	1.0	
GO:1900832	BP	p	D-leucine catabolic process	0/7	1/6920	1.0	10	0	1.0	
GO:2001252	BP	p	positive regulation of chromosome organization	0/7	12/6920	1.0	7	0	1.0	
GO:0018188	BP	p	peptidyl-proline di-hydroxylation	0/7	1/6920	1.0	9	0	1.0	
GO:0051668	BP	p	localization within membrane	0/7	174/6920	1.0	3	0	1.0	
GO:0000245	BP	p	spliceosomal complex assembly	0/7	18/6920	1.0	7	0	1.0	
GO:1902931	BP	p	negative regulation of alcohol biosynthetic process	0/7	4/6920	1.0	7	0	1.0	
GO:0042451	BP	p	purine nucleoside biosynthetic process	0/7	9/6920	1.0	8	0	1.0	
GO:1902905	BP	p	positive regulation of supramolecular fiber organization	0/7	30/6920	1.0	6	0	1.0	
GO:0042126	BP	p	nitrate metabolic process	0/7	3/6920	1.0	6	0	1.0	
GO:0046460	BP	p	neutral lipid biosynthetic process	0/7	5/6920	1.0	6	0	1.0	
GO:0007186	BP	p	G protein-coupled receptor signaling pathway	0/7	19/6920	1.0	5	0	1.0	
GO:0140354	BP	p	lipid import into cell	0/7	3/6920	1.0	5	0	1.0	
GO:0015819	BP	p	lysine transport	0/7	1/6920	1.0	8	0	1.0	
GO:0071825	BP	p	protein-lipid complex organization	0/7	5/6920	1.0	5	0	1.0	
GO:0110076	BP	p	negative regulation of ferroptosis	0/7	1/6920	1.0	6	0	1.0	
GO:0019626	BP	p	short-chain fatty acid catabolic process	0/7	2/6920	1.0	10	0	1.0	
GO:0006952	BP	p	defense response	0/7	5/6920	1.0	3	0	1.0	
GO:0033539	BP	p	fatty acid beta-oxidation using acyl-CoA dehydrogenase	0/7	2/6920	1.0	11	0	1.0	
GO:0061191	BP	p	positive regulation of vacuole fusion, non-autophagic	0/7	1/6920	1.0	8	0	1.0	
GO:0006284	BP	p	base-excision repair	0/7	19/6920	1.0	8	0	1.0	
GO:0032079	BP	p	positive regulation of endodeoxyribonuclease activity	0/7	1/6920	1.0	10	0	1.0	
GO:0061013	BP	p	regulation of mRNA catabolic process	0/7	51/6920	1.0	9	0	1.0	
GO:0008053	BP	p	mitochondrial fusion	0/7	4/6920	1.0	6	0	1.0	
GO:0051338	BP	p	regulation of transferase activity	0/7	4/6920	1.0	4	0	1.0	
GO:0044273	BP	p	sulfur compound catabolic process	0/7	15/6920	1.0	4	0	1.0	
GO:0005981	BP	p	regulation of glycogen catabolic process	0/7	4/6920	1.0	9	0	1.0	
GO:0019748	BP	p	secondary metabolic process	0/7	4/6920	1.0	3	0	1.0	
GO:0090435	BP	p	protein localization to nuclear envelope	0/7	8/6920	1.0	7	0	1.0	
GO:0010995	BP	p	free ubiquitin chain depolymerization	0/7	3/6920	1.0	7	0	1.0	
GO:0016128	BP	p	phytosteroid metabolic process	0/7	32/6920	1.0	6	0	1.0	
GO:0043609	BP	p	regulation of carbon utilization	0/7	1/6920	1.0	5	0	1.0	
GO:0006850	BP	p	pyruvate import into mitochondria	0/7	6/6920	1.0	9	0	1.0	
GO:0009202	BP	p	deoxyribonucleoside triphosphate biosynthetic process	0/7	1/6920	1.0	9	0	1.0	
GO:0007532	BP	p	regulation of mating-type specific transcription, DNA-templated	0/7	6/6920	1.0	10	0	1.0	
GO:0010919	BP	p	regulation of inositol phosphate biosynthetic process	0/7	2/6920	1.0	8	0	1.0	
GO:0050801	BP	p	monoatomic ion homeostasis	0/7	168/6920	1.0	3	0	1.0	
GO:0071478	BP	p	cellular response to radiation	0/7	5/6920	1.0	5	0	1.0	
GO:0090296	BP	p	regulation of mitochondrial DNA replication	0/7	3/6920	1.0	10	0	1.0	
GO:0071173	BP	p	spindle assembly checkpoint signaling	0/7	26/6920	1.0	10	0	1.0	
GO:1903726	BP	p	negative regulation of phospholipid metabolic process	0/7	10/6920	1.0	8	0	1.0	
GO:0090234	BP	p	regulation of kinetochore assembly	0/7	2/6920	1.0	8	0	1.0	
GO:0008645	BP	p	hexose transmembrane transport	0/7	25/6920	1.0	7	0	1.0	
GO:0009166	BP	p	nucleotide catabolic process	0/7	34/6920	1.0	8	0	1.0	
GO:1901136	BP	p	carbohydrate derivative catabolic process	0/7	53/6920	1.0	4	0	1.0	
GO:0070370	BP	p	cellular heat acclimation	0/7	1/6920	1.0	6	0	1.0	
GO:1901193	BP	p	regulation of formation of translation preinitiation complex	0/7	6/6920	1.0	12	0	1.0	
GO:0010696	BP	p	positive regulation of mitotic spindle pole body separation	0/7	7/6920	1.0	7	0	1.0	
GO:0019264	BP	p	glycine biosynthetic process from serine	0/7	2/6920	1.0	11	0	1.0	
GO:1905082	BP	p	regulation of mitochondrial translational elongation	0/7	1/6920	1.0	11	0	1.0	
GO:1990145	BP	p	maintenance of translational fidelity	0/7	11/6920	1.0	5	0	1.0	
GO:0032265	BP	p	XMP salvage	0/7	2/6920	1.0	12	0	1.0	
GO:0015739	BP	p	sialic acid transport	0/7	1/6920	1.0	6	0	1.0	
GO:0045922	BP	p	negative regulation of fatty acid metabolic process	0/7	2/6920	1.0	8	0	1.0	
GO:0061984	BP	p	catabolite repression	0/7	3/6920	1.0	5	0	1.0	
GO:0009617	BP	p	response to bacterium	0/7	1/6920	1.0	5	0	1.0	
GO:0120036	BP	p	plasma membrane bounded cell projection organization	0/7	1/6920	1.0	5	0	1.0	
GO:0019284	BP	p	L-methionine salvage from S-adenosylmethionine	0/7	1/6920	1.0	14	0	1.0	
GO:1902170	BP	p	cellular response to reactive nitrogen species	0/7	1/6920	1.0	5	0	1.0	
GO:0006805	BP	p	xenobiotic metabolic process	0/7	6/6920	1.0	3	0	1.0	
GO:0019629	BP	p	propionate catabolic process, 2-methylcitrate cycle	0/7	2/6920	1.0	12	0	1.0	
GO:0016094	BP	p	polyprenol biosynthetic process	0/7	6/6920	1.0	7	0	1.0	
GO:1904406	BP	p	negative regulation of nitric oxide metabolic process	0/7	1/6920	1.0	6	0	1.0	
GO:1900619	BP	p	acetate ester metabolic process	0/7	2/6920	1.0	3	0	1.0	
GO:0180047	BP	p	dolichol phosphate mannose biosynthetic process	0/7	1/6920	1.0	4	0	1.0	
GO:1901900	BP	p	regulation of protein localization to cell division site	0/7	7/6920	1.0	6	0	1.0	
GO:0071585	BP	p	detoxification of cadmium ion	0/7	2/6920	1.0	3	0	1.0	
GO:1901925	BP	p	negative regulation of protein import into nucleus during spindle assembly checkpoint	0/7	4/6920	1.0	8	0	1.0	
GO:0006141	BP	p	regulation of purine nucleobase metabolic process	0/7	1/6920	1.0	7	0	1.0	
GO:0017055	BP	p	negative regulation of RNA polymerase II transcription preinitiation complex assembly	0/7	1/6920	1.0	13	0	1.0	
GO:0009132	BP	p	nucleoside diphosphate metabolic process	0/7	33/6920	1.0	7	0	1.0	
GO:0071482	BP	p	cellular response to light stimulus	0/7	4/6920	1.0	6	0	1.0	
GO:0031122	BP	p	cytoplasmic microtubule organization	0/7	9/6920	1.0	7	0	1.0	
GO:0014074	BP	p	response to purine-containing compound	0/7	1/6920	1.0	4	0	1.0	
GO:0006429	BP	p	leucyl-tRNA aminoacylation	0/7	2/6920	1.0	10	0	1.0	
GO:0032202	BP	p	telomere assembly	0/7	1/6920	1.0	7	0	1.0	
GO:2000766	BP	p	negative regulation of cytoplasmic translation	0/7	5/6920	1.0	11	0	1.0	
GO:1903321	BP	p	negative regulation of protein modification by small protein conjugation or removal	0/7	9/6920	1.0	10	0	1.0	
GO:1903500	BP	p	negative regulation of mitotic actomyosin contractile ring assembly	0/7	1/6920	1.0	11	0	1.0	
GO:0006597	BP	p	spermine biosynthetic process	0/7	2/6920	1.0	7	0	1.0	
GO:0034553	BP	p	mitochondrial respiratory chain complex II assembly	0/7	5/6920	1.0	7	0	1.0	
GO:0048026	BP	p	positive regulation of mRNA splicing, via spliceosome	0/7	2/6920	1.0	11	0	1.0	
GO:1900063	BP	p	regulation of peroxisome organization	0/7	4/6920	1.0	6	0	1.0	
GO:1903358	BP	p	regulation of Golgi organization	0/7	2/6920	1.0	6	0	1.0	
GO:2000709	BP	p	regulation of maintenance of meiotic sister chromatid cohesion, centromeric	0/7	1/6920	1.0	10	0	1.0	
GO:0000741	BP	p	karyogamy	0/7	22/6920	1.0	6	0	1.0	
GO:0006493	BP	p	protein O-linked glycosylation	0/7	25/6920	1.0	7	0	1.0	
GO:0006892	BP	p	post-Golgi vesicle-mediated transport	0/7	82/6920	1.0	6	0	1.0	
GO:0070583	BP	p	spore membrane bending pathway	0/7	3/6920	1.0	5	0	1.0	
GO:0043065	BP	p	positive regulation of apoptotic process	0/7	4/6920	1.0	6	0	1.0	
GO:1903437	BP	p	negative regulation of mitotic cytokinetic process	0/7	1/6920	1.0	9	0	1.0	
GO:1903766	BP	p	positive regulation of potassium ion export across plasma membrane	0/7	1/6920	1.0	10	0	1.0	
GO:0006564	BP	p	L-serine biosynthetic process	0/7	6/6920	1.0	10	0	1.0	
GO:0000949	BP	p	aromatic amino acid family catabolic process to alcohol via Ehrlich pathway	0/7	4/6920	1.0	9	0	1.0	
GO:0051224	BP	p	negative regulation of protein transport	0/7	3/6920	1.0	8	0	1.0	
GO:0098841	BP	p	protein localization to cell division site after cytokinesis	0/7	2/6920	1.0	6	0	1.0	
GO:2000279	BP	p	negative regulation of DNA biosynthetic process	0/7	6/6920	1.0	9	0	1.0	
GO:0043462	BP	p	regulation of ATP-dependent activity	0/7	7/6920	1.0	3	0	1.0	
GO:0006189	BP	p	'de novo' IMP biosynthetic process	0/7	9/6920	1.0	12	0	1.0	
GO:0006338	BP	p	chromatin remodeling	0/7	259/6920	1.0	5	0	1.0	
GO:0110083	BP	p	positive regulation of protein localization to cell division site involved in mitotic actomyosin contractile ring assembly	0/7	1/6920	1.0	8	0	1.0	
GO:0034354	BP	p	'de novo' NAD+ biosynthetic process from L-tryptophan	0/7	6/6920	1.0	12	0	1.0	
GO:0000957	BP	p	mitochondrial RNA catabolic process	0/7	4/6920	1.0	8	0	1.0	
GO:0090480	BP	p	purine nucleotide-sugar transmembrane transport	0/7	2/6920	1.0	7	0	1.0	
GO:2000432	BP	p	negative regulation of cytokinesis, actomyosin contractile ring assembly	0/7	1/6920	1.0	10	0	1.0	
GO:0000751	BP	p	mitotic cell cycle G1 arrest in response to pheromone	0/7	3/6920	1.0	7	0	1.0	
GO:0006574	BP	p	L-valine catabolic process	0/7	2/6920	1.0	11	0	1.0	
GO:0001402	BP	p	signal transduction involved in filamentous growth	0/7	13/6920	1.0	5	0	1.0	
GO:0098743	BP	p	cell aggregation	0/7	3/6920	1.0	2	0	1.0	
GO:0043001	BP	p	Golgi to plasma membrane protein transport	0/7	12/6920	1.0	8	0	1.0	
GO:0042446	BP	p	hormone biosynthetic process	0/7	1/6920	1.0	5	0	1.0	
GO:1903894	BP	p	regulation of IRE1-mediated unfolded protein response	0/7	3/6920	1.0	8	0	1.0	
GO:0046086	BP	p	adenosine biosynthetic process	0/7	2/6920	1.0	10	0	1.0	
GO:0051345	BP	p	positive regulation of hydrolase activity	0/7	4/6920	1.0	5	0	1.0	
GO:0006986	BP	p	response to unfolded protein	0/7	21/6920	1.0	4	0	1.0	
GO:0002946	BP	p	tRNA C5-cytosine methylation	0/7	1/6920	1.0	11	0	1.0	
GO:0010846	BP	p	activation of reciprocal meiotic recombination	0/7	1/6920	1.0	11	0	1.0	
GO:0071902	BP	p	positive regulation of protein serine/threonine kinase activity	0/7	1/6920	1.0	11	0	1.0	
GO:0015677	BP	p	copper ion import	0/7	11/6920	1.0	9	0	1.0	
GO:0072599	BP	p	establishment of protein localization to endoplasmic reticulum	0/7	28/6920	1.0	7	0	1.0	
GO:0046963	BP	p	3'-phosphoadenosine 5'-phosphosulfate transport	0/7	1/6920	1.0	9	0	1.0	
GO:0097553	BP	p	calcium ion transmembrane import into cytosol	0/7	4/6920	1.0	9	0	1.0	
GO:0048585	BP	p	negative regulation of response to stimulus	0/7	57/6920	1.0	4	0	1.0	
GO:0032786	BP	p	positive regulation of DNA-templated transcription, elongation	0/7	55/6920	1.0	11	0	1.0	
GO:0048024	BP	p	regulation of mRNA splicing, via spliceosome	0/7	4/6920	1.0	10	0	1.0	
GO:0140352	BP	p	export from cell	0/7	70/6920	1.0	4	0	1.0	
GO:0070623	BP	p	regulation of thiamine biosynthetic process	0/7	3/6920	1.0	7	0	1.0	
GO:0009249	BP	p	protein lipoylation	0/7	5/6920	1.0	8	0	1.0	
GO:0043247	BP	p	telomere maintenance in response to DNA damage	0/7	2/6920	1.0	8	0	1.0	
GO:0051318	BP	p	G1 phase	0/7	1/6920	1.0	3	0	1.0	
GO:0046874	BP	p	quinolinate metabolic process	0/7	4/6920	1.0	8	0	1.0	
GO:0097010	BP	p	eukaryotic translation initiation factor 4F complex assembly	0/7	3/6920	1.0	6	0	1.0	
GO:0009186	BP	p	deoxyribonucleoside diphosphate metabolic process	0/7	1/6920	1.0	8	0	1.0	
GO:0010688	BP	p	negative regulation of ribosomal protein gene transcription by RNA polymerase II	0/7	4/6920	1.0	12	0	1.0	
GO:0031930	BP	p	mitochondria-nucleus signaling pathway	0/7	8/6920	1.0	6	0	1.0	
GO:0006468	BP	p	protein phosphorylation	0/7	21/6920	1.0	6	0	1.0	
GO:0006895	BP	p	Golgi to endosome transport	0/7	24/6920	1.0	7	0	1.0	
GO:0046686	BP	p	response to cadmium ion	0/7	9/6920	1.0	4	0	1.0	
GO:1902269	BP	p	positive regulation of polyamine transmembrane transport	0/7	1/6920	1.0	7	0	1.0	
GO:0000032	BP	p	cell wall mannoprotein biosynthetic process	0/7	19/6920	1.0	8	0	1.0	
GO:0010570	BP	p	regulation of filamentous growth	0/7	49/6920	1.0	4	0	1.0	
GO:0051641	BP	p	cellular localization	1/7	1003/6920	1.0	2	1	1.0	BSP1
GO:0006611	BP	p	protein export from nucleus	0/7	12/6920	1.0	8	0	1.0	
GO:0006515	BP	p	protein quality control for misfolded or incompletely synthesized proteins	0/7	31/6920	1.0	7	0	1.0	
GO:0022900	BP	p	electron transport chain	0/7	48/6920	1.0	4	0	1.0	
GO:1900247	BP	p	regulation of cytoplasmic translational elongation	0/7	1/6920	1.0	11	0	1.0	
GO:0048200	BP	p	Golgi transport vesicle coating	0/7	2/6920	1.0	7	0	1.0	
GO:0007131	BP	p	reciprocal meiotic recombination	0/7	51/6920	1.0	10	0	1.0	
GO:0006658	BP	p	phosphatidylserine metabolic process	0/7	6/6920	1.0	7	0	1.0	
GO:0009231	BP	p	riboflavin biosynthetic process	0/7	7/6920	1.0	7	0	1.0	
GO:0033619	BP	p	membrane protein proteolysis	0/7	2/6920	1.0	6	0	1.0	
GO:0061723	BP	p	glycophagy	0/7	8/6920	1.0	9	0	1.0	
GO:0036228	BP	p	protein localization to nuclear inner membrane	0/7	7/6920	1.0	8	0	1.0	
GO:0046208	BP	p	spermine catabolic process	0/7	1/6920	1.0	7	0	1.0	
GO:0045787	BP	p	positive regulation of cell cycle	0/7	86/6920	1.0	5	0	1.0	
GO:0044206	BP	p	UMP salvage	0/7	4/6920	1.0	12	0	1.0	
GO:0097752	BP	p	regulation of DNA stability	0/7	2/6920	1.0	3	0	1.0	
GO:0000212	BP	p	meiotic spindle organization	0/7	5/6920	1.0	8	0	1.0	
GO:0009966	BP	p	regulation of signal transduction	0/7	132/6920	1.0	5	0	1.0	
GO:0006078	BP	p	(1->6)-beta-D-glucan biosynthetic process	0/7	7/6920	1.0	9	0	1.0	
GO:0010255	BP	p	glucose mediated signaling pathway	0/7	8/6920	1.0	8	0	1.0	
GO:0006391	BP	p	transcription initiation at mitochondrial promoter	0/7	1/6920	1.0	9	0	1.0	
GO:0070914	BP	p	UV-damage excision repair	0/7	2/6920	1.0	8	0	1.0	
GO:0070979	BP	p	protein K11-linked ubiquitination	0/7	5/6920	1.0	11	0	1.0	
GO:0010947	BP	p	negative regulation of meiotic joint molecule formation	0/7	1/6920	1.0	7	0	1.0	
GO:0000917	BP	p	division septum assembly	0/7	10/6920	1.0	6	0	1.0	
GO:0010513	BP	p	positive regulation of phosphatidylinositol biosynthetic process	0/7	3/6920	1.0	10	0	1.0	
GO:0006661	BP	p	phosphatidylinositol biosynthetic process	0/7	52/6920	1.0	8	0	1.0	
GO:0006448	BP	p	regulation of translational elongation	0/7	10/6920	1.0	10	0	1.0	
GO:0097293	BP	p	XMP biosynthetic process	0/7	2/6920	1.0	11	0	1.0	
GO:0034453	BP	p	microtubule anchoring	0/7	2/6920	1.0	7	0	1.0	
GO:0008614	BP	p	pyridoxine metabolic process	0/7	8/6920	1.0	7	0	1.0	
GO:0032012	BP	p	regulation of ARF protein signal transduction	0/7	6/6920	1.0	8	0	1.0	
GO:0000973	BP	p	post-transcriptional tethering of RNA polymerase II gene DNA at nuclear periphery	0/7	18/6920	1.0	7	0	1.0	
GO:0050658	BP	p	RNA transport	0/7	113/6920	1.0	7	0	1.0	
GO:1903313	BP	p	positive regulation of mRNA metabolic process	0/7	37/6920	1.0	9	0	1.0	
GO:0030466	BP	p	silent mating-type cassette heterochromatin formation	0/7	43/6920	1.0	12	0	1.0	
GO:0046452	BP	p	dihydrofolate metabolic process	0/7	3/6920	1.0	8	0	1.0	
GO:0010609	BP	p	mRNA localization resulting in post-transcriptional regulation of gene expression	0/7	2/6920	1.0	9	0	1.0	
GO:0015812	BP	p	gamma-aminobutyric acid transport	0/7	5/6920	1.0	6	0	1.0	
GO:0051204	BP	p	protein insertion into mitochondrial membrane	0/7	9/6920	1.0	9	0	1.0	
GO:0098653	BP	p	centromere clustering	0/7	4/6920	1.0	4	0	1.0	
GO:0031111	BP	p	negative regulation of microtubule polymerization or depolymerization	0/7	5/6920	1.0	9	0	1.0	
GO:0046501	BP	p	protoporphyrinogen IX metabolic process	0/7	7/6920	1.0	5	0	1.0	
GO:1990394	BP	p	cellular response to cell wall damage	0/7	2/6920	1.0	3	0	1.0	
GO:0019673	BP	p	GDP-mannose metabolic process	0/7	3/6920	1.0	8	0	1.0	
GO:1900864	BP	p	mitochondrial RNA modification	0/7	6/6920	1.0	8	0	1.0	
GO:0051651	BP	p	maintenance of location in cell	0/7	37/6920	1.0	3	0	1.0	
GO:0006761	BP	p	dihydrofolate biosynthetic process	0/7	2/6920	1.0	9	0	1.0	
GO:0045834	BP	p	positive regulation of lipid metabolic process	0/7	23/6920	1.0	7	0	1.0	
GO:0009263	BP	p	deoxyribonucleotide biosynthetic process	0/7	11/6920	1.0	9	0	1.0	
GO:0018107	BP	p	peptidyl-threonine phosphorylation	0/7	1/6920	1.0	8	0	1.0	
GO:0006559	BP	p	L-phenylalanine catabolic process	0/7	5/6920	1.0	11	0	1.0	
GO:0018021	BP	p	peptidyl-histidine methylation	0/7	1/6920	1.0	8	0	1.0	
GO:0046354	BP	p	mannan biosynthetic process	0/7	2/6920	1.0	8	0	1.0	
GO:0051592	BP	p	response to calcium ion	0/7	1/6920	1.0	4	0	1.0	
GO:0046099	BP	p	guanine biosynthetic process	0/7	1/6920	1.0	9	0	1.0	
GO:0006735	BP	p	NADH regeneration	0/7	1/6920	1.0	11	0	1.0	
GO:1902292	BP	p	cell cycle DNA replication initiation	0/7	6/6920	1.0	8	0	1.0	
GO:1904524	BP	p	negative regulation of DNA amplification	0/7	2/6920	1.0	10	0	1.0	
GO:0034620	BP	p	cellular response to unfolded protein	0/7	6/6920	1.0	5	0	1.0	
GO:0031335	BP	p	regulation of sulfur amino acid metabolic process	0/7	5/6920	1.0	6	0	1.0	
GO:0042440	BP	p	pigment metabolic process	0/7	18/6920	1.0	3	0	1.0	
GO:0009162	BP	p	deoxyribonucleoside monophosphate metabolic process	0/7	5/6920	1.0	8	0	1.0	
GO:0009268	BP	p	response to pH	0/7	22/6920	1.0	3	0	1.0	
GO:0015797	BP	p	mannitol transmembrane transport	0/7	4/6920	1.0	6	0	1.0	
GO:1903436	BP	p	regulation of mitotic cytokinetic process	0/7	13/6920	1.0	8	0	1.0	
GO:1901606	BP	p	alpha-amino acid catabolic process	0/7	41/6920	1.0	8	0	1.0	
GO:1903008	BP	p	organelle disassembly	0/7	30/6920	1.0	5	0	1.0	
GO:1901071	BP	p	glucosamine-containing compound metabolic process	0/7	30/6920	1.0	5	0	1.0	
GO:0006307	BP	p	DNA alkylation repair	0/7	2/6920	1.0	8	0	1.0	
GO:0030007	BP	p	intracellular potassium ion homeostasis	0/7	6/6920	1.0	6	0	1.0	
GO:0080120	BP	p	CAAX-box protein maturation	0/7	1/6920	1.0	6	0	1.0	
GO:0046127	BP	p	pyrimidine deoxyribonucleoside catabolic process	0/7	1/6920	1.0	9	0	1.0	
GO:0034067	BP	p	protein localization to Golgi apparatus	0/7	7/6920	1.0	6	0	1.0	
GO:0051303	BP	p	establishment of chromosome localization	0/7	5/6920	1.0	4	0	1.0	
GO:1901380	BP	p	negative regulation of potassium ion transmembrane transport	0/7	1/6920	1.0	9	0	1.0	
GO:0032886	BP	p	regulation of microtubule-based process	0/7	27/6920	1.0	4	0	1.0	
GO:0006812	BP	p	monoatomic cation transport	0/7	213/6920	1.0	5	0	1.0	
GO:0033241	BP	p	regulation of amine catabolic process	0/7	3/6920	1.0	6	0	1.0	
GO:0009157	BP	p	deoxyribonucleoside monophosphate biosynthetic process	0/7	3/6920	1.0	9	0	1.0	
GO:0009409	BP	p	response to cold	0/7	5/6920	1.0	4	0	1.0	
GO:0051026	BP	p	chiasma assembly	0/7	1/6920	1.0	5	0	1.0	
GO:0033239	BP	p	negative regulation of amine metabolic process	0/7	1/6920	1.0	6	0	1.0	
GO:0061620	BP	p	glycolytic process through glucose-6-phosphate	0/7	6/6920	1.0	14	0	1.0	
GO:1902600	BP	p	proton transmembrane transport	0/7	107/6920	1.0	7	0	1.0	
GO:0015707	BP	p	nitrite transport	0/7	1/6920	1.0	5	0	1.0	
GO:0006670	BP	p	sphingosine metabolic process	0/7	4/6920	1.0	8	0	1.0	
GO:0035822	BP	p	gene conversion	0/7	9/6920	1.0	9	0	1.0	
GO:0031505	BP	p	fungal-type cell wall organization	0/7	170/6920	1.0	6	0	1.0	
GO:1902356	BP	p	oxaloacetate(2-) transmembrane transport	0/7	2/6920	1.0	9	0	1.0	
GO:0010791	BP	p	DNA double-strand break processing involved in repair via synthesis-dependent strand annealing	0/7	2/6920	1.0	8	0	1.0	
GO:2000235	BP	p	regulation of tRNA processing	0/7	2/6920	1.0	9	0	1.0	
GO:0044396	BP	p	actin cortical patch organization	0/7	23/6920	1.0	4	0	1.0	
GO:0170044	BP	p	non-proteinogenic amino acid catabolic process	0/7	9/6920	1.0	8	0	1.0	
GO:0006081	BP	p	aldehyde metabolic process	0/7	42/6920	1.0	3	0	1.0	
GO:0034462	BP	p	small-subunit processome assembly	0/7	2/6920	1.0	7	0	1.0	
GO:1903342	BP	p	negative regulation of meiotic DNA double-strand break formation	0/7	4/6920	1.0	9	0	1.0	
GO:1903320	BP	p	regulation of protein modification by small protein conjugation or removal	0/7	29/6920	1.0	9	0	1.0	
GO:0006825	BP	p	copper ion transport	0/7	20/6920	1.0	8	0	1.0	
GO:0009446	BP	p	putrescine biosynthetic process	0/7	1/6920	1.0	7	0	1.0	
GO:1903322	BP	p	positive regulation of protein modification by small protein conjugation or removal	0/7	16/6920	1.0	10	0	1.0	
GO:0071331	BP	p	cellular response to hexose stimulus	0/7	4/6920	1.0	7	0	1.0	
GO:0009133	BP	p	nucleoside diphosphate biosynthetic process	0/7	5/6920	1.0	8	0	1.0	
GO:1902373	BP	p	negative regulation of mRNA catabolic process	0/7	8/6920	1.0	10	0	1.0	
GO:0000411	BP	p	positive regulation of transcription by galactose	0/7	6/6920	1.0	12	0	1.0	
GO:0005984	BP	p	disaccharide metabolic process	0/7	46/6920	1.0	6	0	1.0	
GO:0031297	BP	p	replication fork processing	0/7	16/6920	1.0	8	0	1.0	
GO:0043709	BP	p	cell adhesion involved in single-species biofilm formation	0/7	4/6920	1.0	5	0	1.0	
GO:0043414	BP	p	macromolecule methylation	0/7	106/6920	1.0	5	0	1.0	
GO:0015807	BP	p	L-amino acid transport	0/7	23/6920	1.0	6	0	1.0	
GO:0070649	BP	p	formin-nucleated actin cable assembly	0/7	6/6920	1.0	9	0	1.0	
GO:0048208	BP	p	COPII vesicle coating	0/7	1/6920	1.0	7	0	1.0	
GO:0045104	BP	p	intermediate filament cytoskeleton organization	0/7	1/6920	1.0	6	0	1.0	
GO:0000256	BP	p	allantoin catabolic process	0/7	7/6920	1.0	5	0	1.0	
GO:0042391	BP	p	regulation of membrane potential	0/7	4/6920	1.0	3	0	1.0	
GO:0009222	BP	p	pyrimidine ribonucleotide catabolic process	0/7	1/6920	1.0	10	0	1.0	
GO:0006675	BP	p	mannosyl-inositol phosphorylceramide metabolic process	0/7	3/6920	1.0	8	0	1.0	
GO:0031590	BP	p	wybutosine metabolic process	0/7	4/6920	1.0	5	0	1.0	
GO:0032006	BP	p	regulation of TOR signaling	0/7	32/6920	1.0	7	0	1.0	
GO:0032049	BP	p	cardiolipin biosynthetic process	0/7	4/6920	1.0	9	0	1.0	
GO:0006624	BP	p	vacuolar protein processing	0/7	7/6920	1.0	7	0	1.0	
GO:1902806	BP	p	regulation of cell cycle G1/S phase transition	0/7	24/6920	1.0	7	0	1.0	
GO:0015706	BP	p	nitrate transmembrane transport	0/7	1/6920	1.0	7	0	1.0	
GO:0022413	BP	p	reproductive process in single-celled organism	0/7	97/6920	1.0	2	0	1.0	
GO:0006030	BP	p	chitin metabolic process	0/7	29/6920	1.0	6	0	1.0	
GO:0010039	BP	p	response to iron ion	0/7	3/6920	1.0	4	0	1.0	
GO:1900735	BP	p	positive regulation of flocculation	0/7	2/6920	1.0	7	0	1.0	
GO:1903775	BP	p	regulation of DNA double-strand break processing	0/7	4/6920	1.0	8	0	1.0	
GO:0005996	BP	p	monosaccharide metabolic process	0/7	72/6920	1.0	5	0	1.0	
GO:0071043	BP	p	CUT metabolic process	0/7	14/6920	1.0	7	0	1.0	
GO:0006302	BP	p	double-strand break repair	0/7	137/6920	1.0	8	0	1.0	
GO:0016480	BP	p	negative regulation of transcription by RNA polymerase III	0/7	5/6920	1.0	11	0	1.0	
GO:0032889	BP	p	regulation of vacuole fusion, non-autophagic	0/7	10/6920	1.0	7	0	1.0	
GO:1903050	BP	p	regulation of proteolysis involved in protein catabolic process	0/7	17/6920	1.0	8	0	1.0	
GO:0030148	BP	p	sphingolipid biosynthetic process	0/7	37/6920	1.0	7	0	1.0	
GO:1903475	BP	p	mitotic actomyosin contractile ring assembly	0/7	12/6920	1.0	10	0	1.0	
GO:0032212	BP	p	positive regulation of telomere maintenance via telomerase	0/7	2/6920	1.0	11	0	1.0	
GO:0042255	BP	p	ribosome assembly	0/7	13/6920	1.0	7	0	1.0	
GO:0018377	BP	p	protein myristoylation	0/7	1/6920	1.0	7	0	1.0	
GO:0019933	BP	p	cAMP-mediated signaling	0/7	1/6920	1.0	7	0	1.0	
GO:0048589	BP	p	developmental growth	0/7	1/6920	1.0	2	0	1.0	
GO:1905898	BP	p	positive regulation of response to endoplasmic reticulum stress	0/7	3/6920	1.0	7	0	1.0	
GO:0045772	BP	p	positive regulation of autophagosome size	0/7	1/6920	1.0	8	0	1.0	
GO:0046473	BP	p	phosphatidic acid metabolic process	0/7	8/6920	1.0	7	0	1.0	
GO:0015851	BP	p	nucleobase transport	0/7	10/6920	1.0	5	0	1.0	
GO:0006518	BP	p	peptide metabolic process	0/7	11/6920	1.0	3	0	1.0	
GO:0031123	BP	p	RNA 3'-end processing	0/7	65/6920	1.0	5	0	1.0	
GO:0060903	BP	p	positive regulation of meiosis I	0/7	2/6920	1.0	9	0	1.0	
GO:0140014	BP	p	mitotic nuclear division	0/7	1/6920	1.0	7	0	1.0	
GO:0006419	BP	p	alanyl-tRNA aminoacylation	0/7	1/6920	1.0	10	0	1.0	
GO:1903664	BP	p	regulation of asexual reproduction	0/7	1/6920	1.0	4	0	1.0	
GO:0032205	BP	p	negative regulation of telomere maintenance	0/7	6/6920	1.0	9	0	1.0	
GO:0046015	BP	p	regulation of transcription by glucose	0/7	1/6920	1.0	10	0	1.0	
GO:0007030	BP	p	Golgi organization	0/7	33/6920	1.0	5	0	1.0	
GO:1904688	BP	p	regulation of cytoplasmic translational initiation	0/7	8/6920	1.0	11	0	1.0	
GO:0031281	BP	p	positive regulation of cyclase activity	0/7	1/6920	1.0	5	0	1.0	
GO:0017126	BP	p	nucleologenesis	0/7	1/6920	1.0	7	0	1.0	
GO:0008612	BP	p	peptidyl-lysine modification to peptidyl-hypusine	0/7	2/6920	1.0	8	0	1.0	
GO:0009194	BP	p	pyrimidine ribonucleoside diphosphate biosynthetic process	0/7	1/6920	1.0	10	0	1.0	
GO:0070786	BP	p	positive regulation of growth of unicellular organism as a thread of attached cells	0/7	18/6920	1.0	7	0	1.0	
GO:0030833	BP	p	regulation of actin filament polymerization	0/7	20/6920	1.0	10	0	1.0	
GO:0051597	BP	p	response to methylmercury	0/7	4/6920	1.0	3	0	1.0	
GO:0006627	BP	p	protein processing involved in protein targeting to mitochondrion	0/7	7/6920	1.0	8	0	1.0	
GO:0034063	BP	p	stress granule assembly	0/7	13/6920	1.0	7	0	1.0	
GO:0019441	BP	p	L-tryptophan catabolic process to kynurenine	0/7	3/6920	1.0	12	0	1.0	
GO:0035303	BP	p	regulation of dephosphorylation	0/7	8/6920	1.0	7	0	1.0	
GO:0036388	BP	p	pre-replicative complex assembly	0/7	20/6920	1.0	7	0	1.0	
GO:0006897	BP	p	endocytosis	0/7	119/6920	1.0	5	0	1.0	
GO:0044182	BP	p	filamentous growth of a population of unicellular organisms	0/7	75/6920	1.0	3	0	1.0	
GO:0015986	BP	p	proton motive force-driven ATP synthesis	0/7	20/6920	1.0	12	0	1.0	
GO:0019740	BP	p	nitrogen utilization	0/7	8/6920	1.0	5	0	1.0	
GO:0110020	BP	p	regulation of actomyosin structure organization	0/7	7/6920	1.0	8	0	1.0	
GO:0043387	BP	p	mycotoxin catabolic process	0/7	1/6920	1.0	6	0	1.0	
GO:1990734	BP	p	astral microtubule anchoring at mitotic spindle pole body	0/7	1/6920	1.0	10	0	1.0	
GO:0042789	BP	p	mRNA transcription by RNA polymerase II	0/7	2/6920	1.0	10	0	1.0	
GO:2001043	BP	p	positive regulation of septum digestion after cytokinesis	0/7	1/6920	1.0	5	0	1.0	
GO:0046080	BP	p	dUTP metabolic process	0/7	1/6920	1.0	11	0	1.0	
GO:0097164	BP	p	ammonium ion metabolic process	0/7	5/6920	1.0	3	0	1.0	
GO:0006057	BP	p	mannoprotein biosynthetic process	0/7	19/6920	1.0	7	0	1.0	
GO:0006843	BP	p	mitochondrial citrate transmembrane transport	0/7	3/6920	1.0	9	0	1.0	
GO:0044283	BP	p	small molecule biosynthetic process	0/7	325/6920	1.0	4	0	1.0	
GO:0032261	BP	p	purine nucleotide salvage	0/7	11/6920	1.0	10	0	1.0	
GO:0044703	BP	p	multi-organism reproductive process	0/7	3/6920	1.0	2	0	1.0	
GO:0042773	BP	p	ATP synthesis coupled electron transport	0/7	2/6920	1.0	6	0	1.0	
GO:0009070	BP	p	serine family amino acid biosynthetic process	0/7	23/6920	1.0	9	0	1.0	
GO:0015795	BP	p	sorbitol transmembrane transport	0/7	4/6920	1.0	6	0	1.0	
GO:0045026	BP	p	plasma membrane fusion	0/7	1/6920	1.0	6	0	1.0	
GO:0000724	BP	p	double-strand break repair via homologous recombination	0/7	77/6920	1.0	9	0	1.0	
GO:1905216	BP	p	positive regulation of RNA binding	0/7	2/6920	1.0	5	0	1.0	
GO:0061842	BP	p	microtubule organizing center localization	0/7	3/6920	1.0	2	0	1.0	
GO:0001109	BP	p	promoter clearance during DNA-templated transcription	0/7	1/6920	1.0	8	0	1.0	
GO:0043328	BP	p	protein transport to vacuole involved in ubiquitin-dependent protein catabolic process via the multivesicular body sorting pathway	0/7	27/6920	1.0	8	0	1.0	
GO:0009065	BP	p	glutamine family amino acid catabolic process	0/7	8/6920	1.0	10	0	1.0	
GO:0044819	BP	p	mitotic G1/S transition checkpoint signaling	0/7	6/6920	1.0	10	0	1.0	
GO:1990114	BP	p	RNA polymerase II core complex assembly	0/7	2/6920	1.0	6	0	1.0	
GO:0006833	BP	p	water transport	0/7	5/6920	1.0	5	0	1.0	
GO:1904895	BP	p	ESCRT complex assembly	0/7	1/6920	1.0	6	0	1.0	
GO:0033363	BP	p	secretory granule organization	0/7	1/6920	1.0	6	0	1.0	
GO:0015793	BP	p	glycerol transmembrane transport	0/7	5/6920	1.0	6	0	1.0	
GO:0097185	BP	p	cellular response to azide	0/7	2/6920	1.0	5	0	1.0	
GO:0030437	BP	p	ascospore formation	0/7	53/6920	1.0	5	0	1.0	
GO:0030950	BP	p	establishment or maintenance of actin cytoskeleton polarity	0/7	16/6920	1.0	7	0	1.0	
GO:0006740	BP	p	NADPH regeneration	0/7	16/6920	1.0	11	0	1.0	
GO:0010648	BP	p	negative regulation of cell communication	0/7	53/6920	1.0	5	0	1.0	
GO:0036376	BP	p	sodium ion export across plasma membrane	0/7	1/6920	1.0	9	0	1.0	
GO:0034307	BP	p	regulation of ascospore formation	0/7	6/6920	1.0	8	0	1.0	
GO:0018410	BP	p	C-terminal protein amino acid modification	0/7	7/6920	1.0	7	0	1.0	
GO:0140530	BP	p	MCM complex loading	0/7	1/6920	1.0	7	0	1.0	
GO:0008637	BP	p	apoptotic mitochondrial changes	0/7	1/6920	1.0	6	0	1.0	
GO:0009086	BP	p	methionine biosynthetic process	0/7	32/6920	1.0	11	0	1.0	
GO:1903832	BP	p	regulation of cellular response to amino acid starvation	0/7	7/6920	1.0	6	0	1.0	
GO:1901568	BP	p	fatty acid derivative metabolic process	0/7	5/6920	1.0	5	0	1.0	
GO:0019509	BP	p	L-methionine salvage from methylthioadenosine	0/7	9/6920	1.0	14	0	1.0	
GO:0036294	BP	p	cellular response to decreased oxygen levels	0/7	7/6920	1.0	5	0	1.0	
GO:0051999	BP	p	mannosyl-inositol phosphorylceramide biosynthetic process	0/7	2/6920	1.0	9	0	1.0	
GO:0006044	BP	p	N-acetylglucosamine metabolic process	0/7	1/6920	1.0	6	0	1.0	
GO:0071034	BP	p	CUT catabolic process	0/7	14/6920	1.0	8	0	1.0	
GO:1901089	BP	p	acetate ester metabolic process involved in fermentation	0/7	2/6920	1.0	4	0	1.0	
GO:0009167	BP	p	purine ribonucleoside monophosphate metabolic process	0/7	27/6920	1.0	9	0	1.0	
GO:0019395	BP	p	fatty acid oxidation	0/7	16/6920	1.0	9	0	1.0	
GO:0046131	BP	p	pyrimidine ribonucleoside metabolic process	0/7	5/6920	1.0	8	0	1.0	
GO:0006544	BP	p	glycine metabolic process	0/7	8/6920	1.0	9	0	1.0	
GO:1902223	BP	p	erythrose 4-phosphate/phosphoenolpyruvate family amino acid biosynthetic process	0/7	11/6920	1.0	10	0	1.0	
GO:0010970	BP	p	transport along microtubule	0/7	19/6920	1.0	6	0	1.0	
GO:0042326	BP	p	negative regulation of phosphorylation	0/7	8/6920	1.0	8	0	1.0	
GO:1900182	BP	p	positive regulation of protein localization to nucleus	0/7	9/6920	1.0	7	0	1.0	
GO:0060543	BP	p	negative regulation of strand invasion	0/7	1/6920	1.0	10	0	1.0	
GO:0006890	BP	p	retrograde vesicle-mediated transport, Golgi to endoplasmic reticulum	0/7	37/6920	1.0	6	0	1.0	
GO:0031506	BP	p	cell wall glycoprotein biosynthetic process	0/7	19/6920	1.0	7	0	1.0	
GO:0000910	BP	p	cytokinesis	0/7	20/6920	1.0	3	0	1.0	
GO:0070198	BP	p	protein localization to chromosome, telomeric region	0/7	2/6920	1.0	7	0	1.0	
GO:0019249	BP	p	lactate biosynthetic process	0/7	5/6920	1.0	9	0	1.0	
GO:0009653	BP	p	anatomical structure morphogenesis	0/7	19/6920	1.0	2	0	1.0	
GO:0046077	BP	p	dUDP metabolic process	0/7	1/6920	1.0	11	0	1.0	
GO:0072711	BP	p	cellular response to hydroxyurea	0/7	1/6920	1.0	5	0	1.0	
GO:0045719	BP	p	negative regulation of glycogen biosynthetic process	0/7	5/6920	1.0	11	0	1.0	
GO:0030029	BP	p	actin filament-based process	0/7	87/6920	1.0	2	0	1.0	
GO:1904289	BP	p	regulation of mitotic DNA damage checkpoint	0/7	3/6920	1.0	9	0	1.0	
GO:0015743	BP	p	malate transport	0/7	1/6920	1.0	8	0	1.0	
GO:0030908	BP	p	protein splicing	0/7	2/6920	1.0	7	0	1.0	
GO:0006406	BP	p	mRNA export from nucleus	0/7	63/6920	1.0	9	0	1.0	
GO:1903044	BP	p	protein localization to membrane raft	0/7	2/6920	1.0	6	0	1.0	
GO:0009212	BP	p	pyrimidine deoxyribonucleoside triphosphate biosynthetic process	0/7	2/6920	1.0	10	0	1.0	
GO:0006309	BP	p	apoptotic DNA fragmentation	0/7	2/6920	1.0	8	0	1.0	
GO:0035434	BP	p	copper ion transmembrane transport	0/7	7/6920	1.0	9	0	1.0	
GO:0030155	BP	p	regulation of cell adhesion	0/7	5/6920	1.0	4	0	1.0	
GO:0048203	BP	p	vesicle targeting, trans-Golgi to endosome	0/7	1/6920	1.0	4	0	1.0	
GO:0033240	BP	p	positive regulation of amine metabolic process	0/7	1/6920	1.0	6	0	1.0	
GO:0060284	BP	p	regulation of cell development	0/7	7/6920	1.0	5	0	1.0	
GO:0031047	BP	p	regulatory ncRNA-mediated gene silencing	0/7	2/6920	1.0	9	0	1.0	
GO:0032387	BP	p	negative regulation of intracellular transport	0/7	4/6920	1.0	6	0	1.0	
GO:0006782	BP	p	protoporphyrinogen IX biosynthetic process	0/7	7/6920	1.0	6	0	1.0	
GO:0015931	BP	p	nucleobase-containing compound transport	0/7	164/6920	1.0	5	0	1.0	
GO:0046497	BP	p	nicotinate nucleotide metabolic process	0/7	4/6920	1.0	9	0	1.0	
GO:0043954	BP	p	cellular component maintenance	0/7	2/6920	1.0	4	0	1.0	
GO:0032057	BP	p	negative regulation of translational initiation in response to stress	0/7	2/6920	1.0	12	0	1.0	
GO:0071211	BP	p	protein targeting to vacuole involved in autophagy	0/7	3/6920	1.0	9	0	1.0	
GO:0071763	BP	p	nuclear membrane organization	0/7	6/6920	1.0	5	0	1.0	
GO:0035966	BP	p	response to topologically incorrect protein	0/7	26/6920	1.0	3	0	1.0	
GO:1905132	BP	p	regulation of meiotic chromosome separation	0/7	3/6920	1.0	8	0	1.0	
GO:0022411	BP	p	cellular component disassembly	0/7	108/6920	1.0	4	0	1.0	
GO:0006428	BP	p	isoleucyl-tRNA aminoacylation	0/7	2/6920	1.0	10	0	1.0	
GO:1901642	BP	p	nucleoside transmembrane transport	0/7	2/6920	1.0	7	0	1.0	
GO:0072530	BP	p	purine-containing compound transmembrane transport	0/7	15/6920	1.0	5	0	1.0	
GO:2000142	BP	p	regulation of DNA-templated transcription initiation	0/7	26/6920	1.0	10	0	1.0	
GO:0002236	BP	p	detection of misfolded protein	0/7	1/6920	1.0	5	0	1.0	
GO:0015833	BP	p	peptide transport	0/7	11/6920	1.0	6	0	1.0	
GO:0045048	BP	p	protein insertion into ER membrane	0/7	7/6920	1.0	8	0	1.0	
GO:0046390	BP	p	ribose phosphate biosynthetic process	0/7	68/6920	1.0	6	0	1.0	
GO:0009159	BP	p	deoxyribonucleoside monophosphate catabolic process	0/7	2/6920	1.0	9	0	1.0	
GO:1990611	BP	p	regulation of cytoplasmic translational initiation in response to stress	0/7	1/6920	1.0	12	0	1.0	
GO:0006743	BP	p	ubiquinone metabolic process	0/7	14/6920	1.0	5	0	1.0	
GO:2001233	BP	p	regulation of apoptotic signaling pathway	0/7	1/6920	1.0	6	0	1.0	
GO:0099614	BP	p	protein localization to spore cell wall	0/7	1/6920	1.0	6	0	1.0	
GO:0090232	BP	p	positive regulation of spindle checkpoint	0/7	1/6920	1.0	9	0	1.0	
GO:0042822	BP	p	pyridoxal phosphate metabolic process	0/7	11/6920	1.0	7	0	1.0	
GO:0032386	BP	p	regulation of intracellular transport	0/7	31/6920	1.0	5	0	1.0	
GO:2000877	BP	p	negative regulation of oligopeptide transport	0/7	3/6920	1.0	7	0	1.0	
GO:0070479	BP	p	nuclear-transcribed mRNA catabolic process, 5'-3' exonucleolytic nonsense-mediated decay	0/7	1/6920	1.0	12	0	1.0	
GO:0006650	BP	p	glycerophospholipid metabolic process	0/7	116/6920	1.0	6	0	1.0	
GO:1901804	BP	p	beta-glucoside metabolic process	0/7	1/6920	1.0	6	0	1.0	
GO:0051248	BP	p	negative regulation of protein metabolic process	0/7	55/6920	1.0	7	0	1.0	
GO:2000397	BP	p	positive regulation of ubiquitin-dependent endocytosis	0/7	2/6920	1.0	9	0	1.0	
GO:0006811	BP	p	monoatomic ion transport	0/7	234/6920	1.0	4	0	1.0	
GO:0043938	BP	p	positive regulation of sporulation	0/7	4/6920	1.0	5	0	1.0	
GO:2000370	BP	p	positive regulation of clathrin-dependent endocytosis	0/7	4/6920	1.0	9	0	1.0	
GO:0046128	BP	p	purine ribonucleoside metabolic process	0/7	10/6920	1.0	8	0	1.0	
GO:0030026	BP	p	intracellular manganese ion homeostasis	0/7	10/6920	1.0	6	0	1.0	
GO:0019619	BP	p	3,4-dihydroxybenzoate catabolic process	0/7	1/6920	1.0	9	0	1.0	
GO:1903319	BP	p	positive regulation of protein maturation	0/7	1/6920	1.0	9	0	1.0	
GO:0010133	BP	p	L-proline catabolic process to L-glutamate	0/7	2/6920	1.0	12	0	1.0	
GO:0051403	BP	p	stress-activated MAPK cascade	0/7	13/6920	1.0	8	0	1.0	
GO:0070588	BP	p	calcium ion transmembrane transport	0/7	10/6920	1.0	8	0	1.0	
GO:0019682	BP	p	glyceraldehyde-3-phosphate metabolic process	0/7	5/6920	1.0	5	0	1.0	
GO:0009143	BP	p	nucleoside triphosphate catabolic process	0/7	2/6920	1.0	8	0	1.0	
GO:1902440	BP	p	protein localization to mitotic spindle pole body	0/7	2/6920	1.0	10	0	1.0	
GO:0061909	BP	p	autophagosome-lysosome fusion	0/7	4/6920	1.0	8	0	1.0	
GO:0051278	BP	p	fungal-type cell wall polysaccharide biosynthetic process	0/7	14/6920	1.0	8	0	1.0	
GO:0034213	BP	p	quinolinate catabolic process	0/7	1/6920	1.0	9	0	1.0	
GO:0010037	BP	p	response to carbon dioxide	0/7	2/6920	1.0	4	0	1.0	
GO:0043112	BP	p	receptor metabolic process	0/7	14/6920	1.0	4	0	1.0	
GO:0009204	BP	p	deoxyribonucleoside triphosphate catabolic process	0/7	2/6920	1.0	9	0	1.0	
GO:1905329	BP	p	sphingoid long-chain base transport	0/7	3/6920	1.0	5	0	1.0	
GO:0099098	BP	p	microtubule polymerization based movement	0/7	2/6920	1.0	4	0	1.0	
GO:0110031	BP	p	negative regulation of G2/MI transition of meiotic cell cycle	0/7	1/6920	1.0	9	0	1.0	
GO:0019318	BP	p	hexose metabolic process	0/7	62/6920	1.0	6	0	1.0	
GO:0019646	BP	p	aerobic electron transport chain	0/7	40/6920	1.0	7	0	1.0	
GO:0010965	BP	p	regulation of mitotic sister chromatid separation	0/7	35/6920	1.0	8	0	1.0	
GO:0071507	BP	p	pheromone response MAPK cascade	0/7	6/6920	1.0	8	0	1.0	
GO:0036149	BP	p	phosphatidylinositol acyl-chain remodeling	0/7	3/6920	1.0	8	0	1.0	
GO:1902358	BP	p	sulfate transmembrane transport	0/7	6/6920	1.0	7	0	1.0	
GO:1903842	BP	p	response to arsenite ion	0/7	1/6920	1.0	4	0	1.0	
GO:0006420	BP	p	arginyl-tRNA aminoacylation	0/7	2/6920	1.0	10	0	1.0	
GO:0045005	BP	p	DNA-templated DNA replication maintenance of fidelity	0/7	24/6920	1.0	7	0	1.0	
GO:1902983	BP	p	DNA strand elongation involved in mitotic DNA replication	0/7	1/6920	1.0	11	0	1.0	
GO:0051228	BP	p	mitotic spindle disassembly	0/7	4/6920	1.0	9	0	1.0	
GO:0006022	BP	p	aminoglycan metabolic process	0/7	29/6920	1.0	4	0	1.0	
GO:0051027	BP	p	DNA transport	0/7	2/6920	1.0	7	0	1.0	
GO:0045103	BP	p	intermediate filament-based process	0/7	1/6920	1.0	2	0	1.0	
GO:0070935	BP	p	3'-UTR-mediated mRNA stabilization	0/7	2/6920	1.0	12	0	1.0	
GO:0045595	BP	p	regulation of cell differentiation	0/7	7/6920	1.0	4	0	1.0	
GO:0031554	BP	p	regulation of termination of DNA-templated transcription	0/7	6/6920	1.0	9	0	1.0	
GO:0012501	BP	p	programmed cell death	0/7	27/6920	1.0	3	0	1.0	
GO:0006364	BP	p	rRNA processing	0/7	368/6920	1.0	8	0	1.0	
GO:0000018	BP	p	regulation of DNA recombination	0/7	30/6920	1.0	8	0	1.0	
GO:0034079	BP	p	butanediol biosynthetic process	0/7	2/6920	1.0	9	0	1.0	
GO:0070197	BP	p	meiotic attachment of telomere to nuclear envelope	0/7	1/6920	1.0	5	0	1.0	
GO:0006392	BP	p	transcription elongation by mitochondrial RNA polymerase	0/7	1/6920	1.0	9	0	1.0	
GO:0051643	BP	p	endoplasmic reticulum localization	0/7	7/6920	1.0	3	0	1.0	
GO:0031399	BP	p	regulation of protein modification process	0/7	54/6920	1.0	7	0	1.0	
GO:0070193	BP	p	synaptonemal complex organization	0/7	20/6920	1.0	6	0	1.0	
GO:0006563	BP	p	L-serine metabolic process	0/7	11/6920	1.0	9	0	1.0	
GO:0000080	BP	p	mitotic G1 phase	0/7	1/6920	1.0	4	0	1.0	
GO:0110121	BP	p	gamma-tubulin complex localization to cytoplasmic side of mitotic spindle pole body	0/7	1/6920	1.0	5	0	1.0	
GO:0015801	BP	p	aromatic amino acid transport	0/7	10/6920	1.0	6	0	1.0	
GO:0031670	BP	p	cellular response to nutrient	0/7	14/6920	1.0	4	0	1.0	
GO:1990641	BP	p	response to iron ion starvation	0/7	1/6920	1.0	5	0	1.0	
GO:0101018	BP	p	negative regulation of mitotic DNA replication initiation from late origin	0/7	1/6920	1.0	14	0	1.0	
GO:0019478	BP	p	D-amino acid catabolic process	0/7	2/6920	1.0	9	0	1.0	
GO:0032509	BP	p	endosome transport via multivesicular body sorting pathway	0/7	57/6920	1.0	6	0	1.0	
GO:0034308	BP	p	primary alcohol metabolic process	0/7	32/6920	1.0	5	0	1.0	
GO:0071472	BP	p	cellular response to salt stress	0/7	9/6920	1.0	6	0	1.0	
GO:0033673	BP	p	negative regulation of kinase activity	0/7	1/6920	1.0	9	0	1.0	
GO:0009081	BP	p	branched-chain amino acid metabolic process	0/7	24/6920	1.0	7	0	1.0	
GO:0007618	BP	p	mating	0/7	3/6920	1.0	3	0	1.0	
GO:0007531	BP	p	mating type determination	0/7	14/6920	1.0	4	0	1.0	
GO:0035350	BP	p	FAD transmembrane transport	0/7	4/6920	1.0	8	0	1.0	
GO:0043465	BP	p	regulation of fermentation	0/7	1/6920	1.0	6	0	1.0	
GO:0009749	BP	p	response to glucose	0/7	7/6920	1.0	7	0	1.0	
GO:1902074	BP	p	response to salt	0/7	2/6920	1.0	3	0	1.0	
GO:0045039	BP	p	protein insertion into mitochondrial inner membrane	0/7	16/6920	1.0	9	0	1.0	
GO:0022904	BP	p	respiratory electron transport chain	0/7	47/6920	1.0	5	0	1.0	
GO:0006721	BP	p	terpenoid metabolic process	0/7	10/6920	1.0	6	0	1.0	
GO:2000601	BP	p	positive regulation of Arp2/3 complex-mediated actin nucleation	0/7	8/6920	1.0	11	0	1.0	
GO:0034463	BP	p	90S preribosome assembly	0/7	3/6920	1.0	7	0	1.0	
GO:0045807	BP	p	positive regulation of endocytosis	0/7	19/6920	1.0	7	0	1.0	
GO:0007033	BP	p	vacuole organization	0/7	84/6920	1.0	5	0	1.0	
GO:1904750	BP	p	negative regulation of protein localization to nucleolus	0/7	7/6920	1.0	8	0	1.0	
GO:0000147	BP	p	actin cortical patch assembly	0/7	14/6920	1.0	8	0	1.0	
GO:0045337	BP	p	farnesyl diphosphate biosynthetic process	0/7	7/6920	1.0	8	0	1.0	
GO:0018231	BP	p	peptidyl-S-diacylglycerol-L-cysteine biosynthetic process from peptidyl-cysteine	0/7	1/6920	1.0	8	0	1.0	
GO:0006771	BP	p	riboflavin metabolic process	0/7	7/6920	1.0	6	0	1.0	
GO:0045429	BP	p	positive regulation of nitric oxide biosynthetic process	0/7	1/6920	1.0	7	0	1.0	
GO:0045981	BP	p	positive regulation of nucleotide metabolic process	0/7	2/6920	1.0	8	0	1.0	
GO:0032447	BP	p	protein urmylation	0/7	7/6920	1.0	9	0	1.0	
GO:0006068	BP	p	ethanol catabolic process	0/7	4/6920	1.0	7	0	1.0	
GO:0031991	BP	p	regulation of actomyosin contractile ring contraction	0/7	6/6920	1.0	7	0	1.0	
GO:0001188	BP	p	RNA polymerase I preinitiation complex assembly	0/7	4/6920	1.0	8	0	1.0	
GO:0051510	BP	p	regulation of unidimensional cell growth	0/7	2/6920	1.0	6	0	1.0	
GO:0019915	BP	p	lipid storage	0/7	5/6920	1.0	3	0	1.0	
GO:0009651	BP	p	response to salt stress	0/7	24/6920	1.0	4	0	1.0	
GO:1901714	BP	p	positive regulation of urea catabolic process	0/7	1/6920	1.0	8	0	1.0	
GO:0007127	BP	p	meiosis I	0/7	9/6920	1.0	8	0	1.0	
GO:0090167	BP	p	Golgi distribution to daughter cells	0/7	2/6920	1.0	6	0	1.0	
GO:0006075	BP	p	(1->3)-beta-D-glucan biosynthetic process	0/7	11/6920	1.0	9	0	1.0	
GO:0006857	BP	p	oligopeptide transport	0/7	11/6920	1.0	7	0	1.0	
GO:0035653	BP	p	clathrin-coated vesicle cargo loading, AP-1-mediated	0/7	2/6920	1.0	6	0	1.0	
GO:0072334	BP	p	UDP-galactose transmembrane transport	0/7	1/6920	1.0	8	0	1.0	
GO:0031440	BP	p	regulation of mRNA 3'-end processing	0/7	4/6920	1.0	10	0	1.0	
GO:0045333	BP	p	cellular respiration	0/7	85/6920	1.0	5	0	1.0	
GO:0030258	BP	p	lipid modification	0/7	30/6920	1.0	5	0	1.0	
GO:1902646	BP	p	regulation of 1-phosphatidyl-1D-myo-inositol 4,5-bisphosphate biosynthetic process	0/7	1/6920	1.0	10	0	1.0	
GO:0072765	BP	p	centromere localization	0/7	4/6920	1.0	3	0	1.0	
GO:0097240	BP	p	chromosome attachment to the nuclear envelope	0/7	6/6920	1.0	4	0	1.0	
GO:0001172	BP	p	RNA-templated transcription	0/7	12/6920	1.0	8	0	1.0	
GO:0042760	BP	p	very long-chain fatty acid catabolic process	0/7	2/6920	1.0	10	0	1.0	
GO:0045324	BP	p	late endosome to vacuole transport	0/7	64/6920	1.0	6	0	1.0	
GO:0045597	BP	p	positive regulation of cell differentiation	0/7	5/6920	1.0	5	0	1.0	
GO:0045940	BP	p	positive regulation of steroid metabolic process	0/7	3/6920	1.0	8	0	1.0	
GO:0010895	BP	p	negative regulation of ergosterol biosynthetic process	0/7	1/6920	1.0	11	0	1.0	
GO:1904983	BP	p	glycine import into mitochondrion	0/7	2/6920	1.0	8	0	1.0	
GO:1902100	BP	p	negative regulation of metaphase/anaphase transition of cell cycle	0/7	26/6920	1.0	9	0	1.0	
GO:0006283	BP	p	transcription-coupled nucleotide-excision repair	0/7	12/6920	1.0	9	0	1.0	
GO:0016539	BP	p	intein-mediated protein splicing	0/7	2/6920	1.0	8	0	1.0	
GO:0006657	BP	p	CDP-choline pathway	0/7	5/6920	1.0	9	0	1.0	
GO:0009414	BP	p	response to water deprivation	0/7	6/6920	1.0	5	0	1.0	
GO:0000045	BP	p	autophagosome assembly	0/7	25/6920	1.0	7	0	1.0	
GO:1905340	BP	p	regulation of protein localization to kinetochore	0/7	1/6920	1.0	6	0	1.0	
GO:1900208	BP	p	regulation of cardiolipin metabolic process	0/7	1/6920	1.0	8	0	1.0	
GO:0006878	BP	p	intracellular copper ion homeostasis	0/7	18/6920	1.0	6	0	1.0	
GO:0007116	BP	p	regulation of cell budding	0/7	1/6920	1.0	5	0	1.0	
GO:0000436	BP	p	carbon catabolite activation of transcription from RNA polymerase II promoter	0/7	1/6920	1.0	12	0	1.0	
GO:0015697	BP	p	quaternary ammonium group transport	0/7	3/6920	1.0	5	0	1.0	
GO:0043649	BP	p	dicarboxylic acid catabolic process	0/7	6/6920	1.0	8	0	1.0	
GO:0006706	BP	p	steroid catabolic process	0/7	1/6920	1.0	6	0	1.0	
GO:0031860	BP	p	telomeric 3' overhang formation	0/7	3/6920	1.0	8	0	1.0	
GO:0016137	BP	p	glycoside metabolic process	0/7	1/6920	1.0	5	0	1.0	
GO:0046521	BP	p	sphingoid catabolic process	0/7	1/6920	1.0	8	0	1.0	
GO:0006178	BP	p	guanine salvage	0/7	1/6920	1.0	10	0	1.0	
GO:0070070	BP	p	proton-transporting V-type ATPase complex assembly	0/7	7/6920	1.0	7	0	1.0	
GO:0090148	BP	p	membrane fission	0/7	3/6920	1.0	5	0	1.0	
GO:0016925	BP	p	protein sumoylation	0/7	12/6920	1.0	9	0	1.0	
GO:0061919	BP	p	process utilizing autophagic mechanism	0/7	207/6920	1.0	2	0	1.0	
GO:0010637	BP	p	negative regulation of mitochondrial fusion	0/7	1/6920	1.0	8	0	1.0	
GO:0019184	BP	p	nonribosomal peptide biosynthetic process	0/7	2/6920	1.0	5	0	1.0	
GO:0072655	BP	p	establishment of protein localization to mitochondrion	0/7	72/6920	1.0	7	0	1.0	
GO:0006221	BP	p	pyrimidine nucleotide biosynthetic process	0/7	20/6920	1.0	9	0	1.0	
GO:0051130	BP	p	positive regulation of cellular component organization	0/7	132/6920	1.0	5	0	1.0	
GO:0042868	BP	p	antisense RNA metabolic process	0/7	5/6920	1.0	7	0	1.0	
GO:0090306	BP	p	meiotic spindle assembly	0/7	1/6920	1.0	9	0	1.0	
GO:0044087	BP	p	regulation of cellular component biogenesis	0/7	168/6920	1.0	4	0	1.0	
GO:0098732	BP	p	macromolecule deacylation	0/7	3/6920	1.0	5	0	1.0	
GO:0035568	BP	p	N-terminal peptidyl-proline methylation	0/7	1/6920	1.0	9	0	1.0	
GO:0006085	BP	p	acetyl-CoA biosynthetic process	0/7	6/6920	1.0	9	0	1.0	
GO:0044010	BP	p	single-species biofilm formation	0/7	3/6920	1.0	5	0	1.0	
GO:0006633	BP	p	fatty acid biosynthetic process	0/7	26/6920	1.0	9	0	1.0	
GO:0032008	BP	p	positive regulation of TOR signaling	0/7	13/6920	1.0	8	0	1.0	
GO:0008315	BP	p	G2/MI transition of meiotic cell cycle	0/7	1/6920	1.0	5	0	1.0	
GO:0140455	BP	p	cytoplasm protein quality control	0/7	10/6920	1.0	8	0	1.0	
GO:0051453	BP	p	regulation of intracellular pH	0/7	33/6920	1.0	7	0	1.0	
GO:0050657	BP	p	nucleic acid transport	0/7	115/6920	1.0	6	0	1.0	
GO:0046901	BP	p	tetrahydrofolylpolyglutamate biosynthetic process	0/7	3/6920	1.0	6	0	1.0	
GO:0019752	BP	p	carboxylic acid metabolic process	0/7	340/6920	1.0	6	0	1.0	
GO:0015806	BP	p	S-methylmethionine transport	0/7	1/6920	1.0	6	0	1.0	
GO:0043174	BP	p	nucleoside salvage	0/7	7/6920	1.0	8	0	1.0	
GO:0006742	BP	p	NADP+ catabolic process	0/7	1/6920	1.0	11	0	1.0	
GO:1903825	BP	p	organic acid transmembrane transport	0/7	50/6920	1.0	5	0	1.0	
GO:0000278	BP	p	mitotic cell cycle	0/7	42/6920	1.0	3	0	1.0	
GO:0031365	BP	p	N-terminal protein amino acid modification	0/7	14/6920	1.0	6	0	1.0	
GO:0000281	BP	p	mitotic cytokinesis	0/7	16/6920	1.0	5	0	1.0	
GO:0009188	BP	p	ribonucleoside diphosphate biosynthetic process	0/7	4/6920	1.0	9	0	1.0	
GO:0071846	BP	p	actin filament debranching	0/7	1/6920	1.0	4	0	1.0	
GO:0045923	BP	p	positive regulation of fatty acid metabolic process	0/7	6/6920	1.0	8	0	1.0	
GO:0032056	BP	p	positive regulation of translation in response to stress	0/7	3/6920	1.0	11	0	1.0	
GO:0070200	BP	p	establishment of protein localization to telomere	0/7	1/6920	1.0	8	0	1.0	
GO:0046832	BP	p	negative regulation of RNA export from nucleus	0/7	1/6920	1.0	8	0	1.0	
GO:0070194	BP	p	synaptonemal complex disassembly	0/7	1/6920	1.0	7	0	1.0	
GO:0007076	BP	p	mitotic chromosome condensation	0/7	12/6920	1.0	7	0	1.0	
GO:0043633	BP	p	polyadenylation-dependent RNA catabolic process	0/7	5/6920	1.0	8	0	1.0	
GO:0051485	BP	p	terpenoid biosynthetic process, mevalonate-dependent	0/7	1/6920	1.0	8	0	1.0	
GO:0006127	BP	p	glycerol-3-phosphate shuttle	0/7	1/6920	1.0	11	0	1.0	
GO:1901659	BP	p	glycosyl compound biosynthetic process	0/7	16/6920	1.0	5	0	1.0	
GO:0140053	BP	p	mitochondrial gene expression	0/7	25/6920	1.0	6	0	1.0	
GO:0035336	BP	p	long-chain fatty-acyl-CoA metabolic process	0/7	3/6920	1.0	9	0	1.0	
GO:0051179	BP	p	localization	1/7	1575/6920	1.0	1	1	1.0	BSP1
GO:0032272	BP	p	negative regulation of protein polymerization	0/7	14/6920	1.0	7	0	1.0	
GO:0001510	BP	p	RNA methylation	0/7	87/6920	1.0	8	0	1.0	
GO:0006409	BP	p	tRNA export from nucleus	0/7	20/6920	1.0	9	0	1.0	
GO:0170036	BP	p	import into the mitochondrion	0/7	9/6920	1.0	7	0	1.0	
GO:1902497	BP	p	iron-sulfur cluster transmembrane transport	0/7	1/6920	1.0	10	0	1.0	
GO:1902977	BP	p	mitotic DNA replication preinitiation complex assembly	0/7	3/6920	1.0	8	0	1.0	
GO:0019320	BP	p	hexose catabolic process	0/7	16/6920	1.0	7	0	1.0	
GO:0034476	BP	p	U5 snRNA 3'-end processing	0/7	11/6920	1.0	10	0	1.0	
GO:0006417	BP	p	regulation of translation	0/7	178/6920	1.0	9	0	1.0	
GO:0040001	BP	p	establishment of mitotic spindle localization	0/7	17/6920	1.0	8	0	1.0	
GO:0032506	BP	p	cytokinetic process	0/7	32/6920	1.0	3	0	1.0	
GO:0000707	BP	p	meiotic DNA recombinase assembly	0/7	4/6920	1.0	8	0	1.0	
GO:0070987	BP	p	error-free translesion synthesis	0/7	11/6920	1.0	10	0	1.0	
GO:2000222	BP	p	positive regulation of pseudohyphal growth	0/7	10/6920	1.0	8	0	1.0	
GO:0051697	BP	p	protein delipidation	0/7	1/6920	1.0	6	0	1.0	
GO:0031204	BP	p	post-translational protein targeting to membrane, translocation	0/7	16/6920	1.0	9	0	1.0	
GO:0000964	BP	p	mitochondrial RNA 5'-end processing	0/7	6/6920	1.0	8	0	1.0	
GO:0001927	BP	p	exocyst assembly	0/7	4/6920	1.0	6	0	1.0	
GO:0016311	BP	p	dephosphorylation	0/7	25/6920	1.0	5	0	1.0	
GO:0033046	BP	p	negative regulation of sister chromatid segregation	0/7	25/6920	1.0	8	0	1.0	
GO:0044818	BP	p	mitotic G2/M transition checkpoint	0/7	19/6920	1.0	10	0	1.0	
GO:0009179	BP	p	purine ribonucleoside diphosphate metabolic process	0/7	28/6920	1.0	9	0	1.0	
GO:0000481	BP	p	maturation of 5S rRNA	0/7	2/6920	1.0	9	0	1.0	
GO:0051788	BP	p	response to misfolded protein	0/7	5/6920	1.0	4	0	1.0	
GO:0009416	BP	p	response to light stimulus	0/7	6/6920	1.0	4	0	1.0	
GO:0043457	BP	p	regulation of cellular respiration	0/7	8/6920	1.0	6	0	1.0	
GO:0048205	BP	p	COPI coating of Golgi vesicle	0/7	2/6920	1.0	8	0	1.0	
GO:0098717	BP	p	pantothenate import across plasma membrane	0/7	1/6920	1.0	8	0	1.0	
GO:0090293	BP	p	nitrogen catabolite regulation of transcription	0/7	2/6920	1.0	10	0	1.0	
GO:1900072	BP	p	positive regulation of sulfite transmembrane transport	0/7	1/6920	1.0	8	0	1.0	
GO:0016233	BP	p	telomere capping	0/7	6/6920	1.0	8	0	1.0	
GO:0009135	BP	p	purine nucleoside diphosphate metabolic process	0/7	28/6920	1.0	8	0	1.0	
GO:0009607	BP	p	response to biotic stimulus	0/7	13/6920	1.0	2	0	1.0	
GO:0006060	BP	p	sorbitol metabolic process	0/7	3/6920	1.0	8	0	1.0	
GO:0015805	BP	p	S-adenosyl-L-methionine transport	0/7	2/6920	1.0	5	0	1.0	
GO:0007051	BP	p	spindle organization	0/7	37/6920	1.0	7	0	1.0	
GO:1904751	BP	p	positive regulation of protein localization to nucleolus	0/7	1/6920	1.0	8	0	1.0	
GO:0018890	BP	p	cyanamide metabolic process	0/7	3/6920	1.0	4	0	1.0	
GO:0007265	BP	p	Ras protein signal transduction	0/7	13/6920	1.0	8	0	1.0	
GO:0090329	BP	p	regulation of DNA-templated DNA replication	0/7	43/6920	1.0	9	0	1.0	
GO:0141137	BP	p	positive regulation of gene expression, epigenetic	0/7	7/6920	1.0	9	0	1.0	
GO:0016598	BP	p	protein arginylation	0/7	1/6920	1.0	6	0	1.0	
GO:0006754	BP	p	ATP biosynthetic process	0/7	20/6920	1.0	11	0	1.0	
GO:0045842	BP	p	positive regulation of mitotic metaphase/anaphase transition	0/7	8/6920	1.0	10	0	1.0	
GO:0032878	BP	p	regulation of establishment or maintenance of cell polarity	0/7	6/6920	1.0	4	0	1.0	
GO:0042398	BP	p	modified amino acid biosynthetic process	0/7	26/6920	1.0	4	0	1.0	
GO:0110136	BP	p	protein-RNA complex remodeling	0/7	3/6920	1.0	6	0	1.0	
GO:0007163	BP	p	establishment or maintenance of cell polarity	0/7	95/6920	1.0	2	0	1.0	
GO:0022414	BP	p	reproductive process	0/7	405/6920	1.0	1	0	1.0	
GO:0006356	BP	p	regulation of transcription by RNA polymerase I	0/7	39/6920	1.0	10	0	1.0	
GO:0000460	BP	p	maturation of 5.8S rRNA	0/7	23/6920	1.0	9	0	1.0	
GO:0061245	BP	p	establishment or maintenance of bipolar cell polarity	0/7	2/6920	1.0	3	0	1.0	
GO:0000820	BP	p	regulation of glutamine family amino acid metabolic process	0/7	5/6920	1.0	7	0	1.0	
GO:0006635	BP	p	fatty acid beta-oxidation	0/7	13/6920	1.0	10	0	1.0	
GO:0051261	BP	p	protein depolymerization	0/7	14/6920	1.0	6	0	1.0	
GO:1903083	BP	p	protein localization to condensed chromosome	0/7	11/6920	1.0	7	0	1.0	
GO:0071277	BP	p	cellular response to calcium ion	0/7	1/6920	1.0	5	0	1.0	
GO:0007034	BP	p	vacuolar transport	0/7	174/6920	1.0	5	0	1.0	
GO:0031573	BP	p	mitotic intra-S DNA damage checkpoint signaling	0/7	13/6920	1.0	12	0	1.0	
GO:0051693	BP	p	actin filament capping	0/7	9/6920	1.0	12	0	1.0	
GO:1904030	BP	p	negative regulation of cyclin-dependent protein kinase activity	0/7	1/6920	1.0	11	0	1.0	
GO:0097036	BP	p	regulation of plasma membrane sterol distribution	0/7	1/6920	1.0	6	0	1.0	
GO:0030838	BP	p	positive regulation of actin filament polymerization	0/7	1/6920	1.0	11	0	1.0	
GO:0032488	BP	p	Cdc42 protein signal transduction	0/7	2/6920	1.0	9	0	1.0	
GO:0046134	BP	p	pyrimidine nucleoside biosynthetic process	0/7	2/6920	1.0	8	0	1.0	
GO:0051336	BP	p	regulation of hydrolase activity	0/7	5/6920	1.0	4	0	1.0	
GO:0045945	BP	p	positive regulation of transcription by RNA polymerase III	0/7	3/6920	1.0	11	0	1.0	
GO:0060236	BP	p	regulation of mitotic spindle organization	0/7	7/6920	1.0	9	0	1.0	
GO:0051664	BP	p	nuclear pore localization	0/7	10/6920	1.0	6	0	1.0	
GO:0071901	BP	p	negative regulation of protein serine/threonine kinase activity	0/7	1/6920	1.0	11	0	1.0	
GO:0045722	BP	p	positive regulation of gluconeogenesis	0/7	6/6920	1.0	9	0	1.0	
GO:0035442	BP	p	dipeptide transmembrane transport	0/7	2/6920	1.0	9	0	1.0	
GO:0061136	BP	p	regulation of proteasomal protein catabolic process	0/7	15/6920	1.0	9	0	1.0	
GO:2001038	BP	p	regulation of cellular response to drug	0/7	3/6920	1.0	5	0	1.0	
GO:0051307	BP	p	meiotic chromosome separation	0/7	4/6920	1.0	4	0	1.0	
GO:0010446	BP	p	response to alkaline pH	0/7	8/6920	1.0	4	0	1.0	
GO:0009136	BP	p	purine nucleoside diphosphate biosynthetic process	0/7	3/6920	1.0	9	0	1.0	
GO:1900034	BP	p	regulation of cellular response to heat	0/7	3/6920	1.0	6	0	1.0	
GO:0042725	BP	p	thiamine-containing compound catabolic process	0/7	1/6920	1.0	7	0	1.0	
GO:1905262	BP	p	negative regulation of meiotic DNA double-strand break formation involved in reciprocal meiotic recombination	0/7	1/6920	1.0	10	0	1.0	
GO:0000461	BP	p	endonucleolytic cleavage to generate mature 3'-end of SSU-rRNA from (SSU-rRNA, 5.8S rRNA, LSU-rRNA)	0/7	5/6920	1.0	10	0	1.0	
GO:0006487	BP	p	protein N-linked glycosylation	0/7	46/6920	1.0	7	0	1.0	
GO:0016077	BP	p	sno(s)RNA catabolic process	0/7	5/6920	1.0	8	0	1.0	
GO:0016559	BP	p	peroxisome fission	0/7	10/6920	1.0	6	0	1.0	
GO:0019538	BP	p	protein metabolic process	1/7	1267/6920	1.0	4	1	1.0	MRPL1
GO:0051177	BP	p	meiotic sister chromatid cohesion	0/7	8/6920	1.0	7	0	1.0	
GO:0061610	BP	p	glycerol to glycerone phosphate metabolic process	0/7	3/6920	1.0	8	0	1.0	
GO:0006542	BP	p	glutamine biosynthetic process	0/7	1/6920	1.0	11	0	1.0	
GO:1990854	BP	p	vacuole-ER tethering	0/7	2/6920	1.0	6	0	1.0	
GO:0030970	BP	p	retrograde protein transport, ER to cytosol	0/7	9/6920	1.0	9	0	1.0	
GO:0005997	BP	p	xylulose metabolic process	0/7	3/6920	1.0	7	0	1.0	
GO:0009071	BP	p	serine family amino acid catabolic process	0/7	6/6920	1.0	9	0	1.0	
GO:0071042	BP	p	nuclear polyadenylation-dependent mRNA catabolic process	0/7	7/6920	1.0	13	0	1.0	
GO:2000879	BP	p	negative regulation of dipeptide transport	0/7	3/6920	1.0	8	0	1.0	
GO:0000380	BP	p	alternative mRNA splicing, via spliceosome	0/7	1/6920	1.0	10	0	1.0	
GO:1905784	BP	p	regulation of anaphase-promoting complex-dependent catabolic process	0/7	4/6920	1.0	11	0	1.0	
GO:0032872	BP	p	regulation of stress-activated MAPK cascade	0/7	8/6920	1.0	8	0	1.0	
GO:0033540	BP	p	fatty acid beta-oxidation using acyl-CoA oxidase	0/7	1/6920	1.0	11	0	1.0	
GO:1903530	BP	p	regulation of secretion by cell	0/7	8/6920	1.0	6	0	1.0	
GO:0072319	BP	p	vesicle uncoating	0/7	2/6920	1.0	7	0	1.0	
GO:0033194	BP	p	response to hydroperoxide	0/7	1/6920	1.0	4	0	1.0	
GO:0034309	BP	p	primary alcohol biosynthetic process	0/7	12/6920	1.0	6	0	1.0	
GO:0031134	BP	p	sister chromatid biorientation	0/7	11/6920	1.0	4	0	1.0	
GO:0000743	BP	p	nuclear migration involved in conjugation with cellular fusion	0/7	6/6920	1.0	9	0	1.0	
GO:0006751	BP	p	glutathione catabolic process	0/7	6/6920	1.0	5	0	1.0	
GO:0007052	BP	p	mitotic spindle organization	0/7	26/6920	1.0	8	0	1.0	
GO:0007234	BP	p	osmosensory signaling via phosphorelay pathway	0/7	4/6920	1.0	7	0	1.0	
GO:0070130	BP	p	negative regulation of mitochondrial translation	0/7	2/6920	1.0	11	0	1.0	
GO:0042631	BP	p	cellular response to water deprivation	0/7	6/6920	1.0	6	0	1.0	
GO:1900101	BP	p	regulation of endoplasmic reticulum unfolded protein response	0/7	12/6920	1.0	7	0	1.0	
GO:0002098	BP	p	tRNA wobble uridine modification	0/7	30/6920	1.0	11	0	1.0	
GO:0070476	BP	p	rRNA (guanine-N7)-methylation	0/7	2/6920	1.0	12	0	1.0	
GO:0006979	BP	p	response to oxidative stress	0/7	114/6920	1.0	3	0	1.0	
GO:1902657	BP	p	protein localization to prospore membrane	0/7	1/6920	1.0	6	0	1.0	
GO:0043470	BP	p	regulation of carbohydrate catabolic process	0/7	15/6920	1.0	7	0	1.0	
GO:0035443	BP	p	tripeptide transmembrane transport	0/7	2/6920	1.0	9	0	1.0	
GO:1990261	BP	p	pre-mRNA catabolic process	0/7	1/6920	1.0	8	0	1.0	
GO:0070058	BP	p	tRNA gene clustering	0/7	7/6920	1.0	6	0	1.0	
GO:0046495	BP	p	nicotinamide riboside metabolic process	0/7	3/6920	1.0	8	0	1.0	
GO:0031671	BP	p	primary cell septum biogenesis	0/7	2/6920	1.0	5	0	1.0	
GO:0031139	BP	p	positive regulation of conjugation with cellular fusion	0/7	28/6920	1.0	5	0	1.0	
GO:0045132	BP	p	meiotic chromosome segregation	0/7	24/6920	1.0	5	0	1.0	
GO:0009200	BP	p	deoxyribonucleoside triphosphate metabolic process	0/7	4/6920	1.0	8	0	1.0	
GO:0070973	BP	p	protein localization to endoplasmic reticulum exit site	0/7	4/6920	1.0	7	0	1.0	
GO:0071406	BP	p	cellular response to methylmercury	0/7	4/6920	1.0	4	0	1.0	
GO:0042732	BP	p	D-xylose metabolic process	0/7	6/6920	1.0	7	0	1.0	
GO:0009240	BP	p	isopentenyl diphosphate biosynthetic process	0/7	4/6920	1.0	7	0	1.0	
GO:0170038	BP	p	proteinogenic amino acid biosynthetic process	0/7	110/6920	1.0	8	0	1.0	
GO:0051129	BP	p	negative regulation of cellular component organization	0/7	120/6920	1.0	5	0	1.0	
GO:0010566	BP	p	regulation of ketone biosynthetic process	0/7	2/6920	1.0	6	0	1.0	
GO:0018117	BP	p	protein adenylylation	0/7	1/6920	1.0	7	0	1.0	
GO:0071422	BP	p	succinate transmembrane transport	0/7	2/6920	1.0	9	0	1.0	
GO:0046041	BP	p	ITP metabolic process	0/7	1/6920	1.0	10	0	1.0	
GO:0006808	BP	p	regulation of nitrogen utilization	0/7	6/6920	1.0	5	0	1.0	
GO:1903328	BP	p	positive regulation of tRNA metabolic process	0/7	1/6920	1.0	9	0	1.0	
GO:1990044	BP	p	protein localization to lipid droplet	0/7	1/6920	1.0	6	0	1.0	
GO:0043267	BP	p	negative regulation of potassium ion transport	0/7	1/6920	1.0	8	0	1.0	
GO:0006264	BP	p	mitochondrial DNA replication	0/7	3/6920	1.0	9	0	1.0	
GO:0045927	BP	p	positive regulation of growth	0/7	27/6920	1.0	4	0	1.0	
GO:0033108	BP	p	mitochondrial respiratory chain complex assembly	0/7	62/6920	1.0	6	0	1.0	
GO:0046031	BP	p	ADP metabolic process	0/7	27/6920	1.0	10	0	1.0	
GO:0046488	BP	p	phosphatidylinositol metabolic process	0/7	70/6920	1.0	7	0	1.0	
GO:0098659	BP	p	inorganic cation import across plasma membrane	0/7	8/6920	1.0	7	0	1.0	
GO:1905897	BP	p	regulation of response to endoplasmic reticulum stress	0/7	14/6920	1.0	6	0	1.0	
GO:0009146	BP	p	purine nucleoside triphosphate catabolic process	0/7	2/6920	1.0	9	0	1.0	
GO:0051247	BP	p	positive regulation of protein metabolic process	0/7	85/6920	1.0	7	0	1.0	
GO:1901988	BP	p	negative regulation of cell cycle phase transition	0/7	112/6920	1.0	7	0	1.0	
GO:0006790	BP	p	sulfur compound metabolic process	0/7	131/6920	1.0	3	0	1.0	
GO:0015828	BP	p	tyrosine transport	0/7	8/6920	1.0	7	0	1.0	
GO:1905785	BP	p	negative regulation of anaphase-promoting complex-dependent catabolic process	0/7	1/6920	1.0	12	0	1.0	
GO:0042150	BP	p	plasmid recombination	0/7	1/6920	1.0	8	0	1.0	
GO:0010608	BP	p	post-transcriptional regulation of gene expression	0/7	214/6920	1.0	8	0	1.0	
GO:0009068	BP	p	aspartate family amino acid catabolic process	0/7	12/6920	1.0	10	0	1.0	
GO:1904812	BP	p	rRNA acetylation involved in maturation of SSU-rRNA	0/7	1/6920	1.0	11	0	1.0	
GO:0071692	BP	p	protein localization to extracellular region	0/7	14/6920	1.0	5	0	1.0	
GO:0045913	BP	p	positive regulation of carbohydrate metabolic process	0/7	12/6920	1.0	7	0	1.0	
GO:0009438	BP	p	methylglyoxal metabolic process	0/7	7/6920	1.0	4	0	1.0	
GO:0046341	BP	p	CDP-diacylglycerol metabolic process	0/7	5/6920	1.0	7	0	1.0	
GO:0043547	BP	p	positive regulation of GTPase activity	0/7	4/6920	1.0	6	0	1.0	
GO:0018131	BP	p	oxazole or thiazole biosynthetic process	0/7	1/6920	1.0	4	0	1.0	
GO:1904293	BP	p	negative regulation of ERAD pathway	0/7	1/6920	1.0	11	0	1.0	
GO:1903335	BP	p	regulation of vacuolar transport	0/7	2/6920	1.0	6	0	1.0	
GO:0045950	BP	p	negative regulation of mitotic recombination	0/7	3/6920	1.0	10	0	1.0	
GO:0042173	BP	p	regulation of sporulation resulting in formation of a cellular spore	0/7	10/6920	1.0	5	0	1.0	
GO:0019359	BP	p	nicotinamide nucleotide biosynthetic process	0/7	17/6920	1.0	10	0	1.0	
GO:0006848	BP	p	pyruvate transport	0/7	7/6920	1.0	7	0	1.0	
GO:1905954	BP	p	positive regulation of lipid localization	0/7	5/6920	1.0	5	0	1.0	
GO:1901679	BP	p	nucleotide transmembrane transport	0/7	14/6920	1.0	7	0	1.0	
GO:0046337	BP	p	phosphatidylethanolamine metabolic process	0/7	11/6920	1.0	7	0	1.0	
GO:0033385	BP	p	geranylgeranyl diphosphate metabolic process	0/7	1/6920	1.0	7	0	1.0	
GO:0006021	BP	p	inositol biosynthetic process	0/7	3/6920	1.0	7	0	1.0	
GO:0031998	BP	p	regulation of fatty acid beta-oxidation	0/7	3/6920	1.0	9	0	1.0	
GO:1903712	BP	p	cysteine transmembrane transport	0/7	1/6920	1.0	8	0	1.0	
GO:0106387	BP	p	'de novo' GMP biosynthetic process	0/7	2/6920	1.0	12	0	1.0	
GO:0007062	BP	p	sister chromatid cohesion	0/7	47/6920	1.0	6	0	1.0	
GO:0000019	BP	p	regulation of mitotic recombination	0/7	7/6920	1.0	9	0	1.0	
GO:0010944	BP	p	negative regulation of transcription by competitive promoter binding	0/7	1/6920	1.0	11	0	1.0	
GO:1905038	BP	p	regulation of membrane lipid metabolic process	0/7	11/6920	1.0	7	0	1.0	
GO:0090364	BP	p	regulation of proteasome assembly	0/7	1/6920	1.0	6	0	1.0	
GO:0016241	BP	p	regulation of macroautophagy	0/7	43/6920	1.0	7	0	1.0	
GO:0015827	BP	p	tryptophan transport	0/7	2/6920	1.0	7	0	1.0	
GO:0051881	BP	p	regulation of mitochondrial membrane potential	0/7	1/6920	1.0	4	0	1.0	
GO:2000278	BP	p	regulation of DNA biosynthetic process	0/7	13/6920	1.0	8	0	1.0	
GO:0006772	BP	p	thiamine metabolic process	0/7	14/6920	1.0	7	0	1.0	
GO:0032185	BP	p	septin cytoskeleton organization	0/7	42/6920	1.0	6	0	1.0	
GO:1901907	BP	p	diadenosine pentaphosphate catabolic process	0/7	1/6920	1.0	10	0	1.0	
GO:0000302	BP	p	response to reactive oxygen species	0/7	16/6920	1.0	4	0	1.0	
GO:1900060	BP	p	negative regulation of ceramide biosynthetic process	0/7	1/6920	1.0	10	0	1.0	
GO:0061727	BP	p	methylglyoxal catabolic process to lactate	0/7	7/6920	1.0	9	0	1.0	
GO:0009452	BP	p	7-methylguanosine RNA capping	0/7	9/6920	1.0	7	0	1.0	
GO:0000372	BP	p	Group I intron splicing	0/7	12/6920	1.0	8	0	1.0	
GO:0140029	BP	p	exocytic process	0/7	15/6920	1.0	2	0	1.0	
GO:1902267	BP	p	regulation of polyamine transmembrane transport	0/7	1/6920	1.0	6	0	1.0	
GO:1903146	BP	p	regulation of autophagy of mitochondrion	0/7	11/6920	1.0	7	0	1.0	
GO:0060194	BP	p	regulation of antisense RNA transcription	0/7	6/6920	1.0	10	0	1.0	
GO:0140067	BP	p	peptidyl-lysine butyrylation	0/7	1/6920	1.0	7	0	1.0	
GO:0006491	BP	p	N-glycan processing	0/7	7/6920	1.0	6	0	1.0	
GO:0033316	BP	p	meiotic spindle assembly checkpoint signaling	0/7	1/6920	1.0	12	0	1.0	
GO:0043242	BP	p	negative regulation of protein-containing complex disassembly	0/7	17/6920	1.0	6	0	1.0	
GO:0000338	BP	p	protein deneddylation	0/7	6/6920	1.0	9	0	1.0	
GO:0090371	BP	p	regulation of glycerol transport	0/7	2/6920	1.0	6	0	1.0	
GO:0009155	BP	p	purine deoxyribonucleotide catabolic process	0/7	1/6920	1.0	11	0	1.0	
GO:0071786	BP	p	endoplasmic reticulum tubular network organization	0/7	7/6920	1.0	6	0	1.0	
GO:1901299	BP	p	negative regulation of hydrogen peroxide-mediated programmed cell death	0/7	1/6920	1.0	6	0	1.0	
GO:1990151	BP	p	protein localization to cell tip	0/7	2/6920	1.0	5	0	1.0	
GO:0000435	BP	p	positive regulation of transcription from RNA polymerase II promoter by galactose	0/7	1/6920	1.0	13	0	1.0	
GO:0006480	BP	p	N-terminal protein amino acid methylation	0/7	1/6920	1.0	8	0	1.0	
GO:0015891	BP	p	siderophore transport	0/7	8/6920	1.0	10	0	1.0	
GO:0031118	BP	p	rRNA pseudouridine synthesis	0/7	39/6920	1.0	10	0	1.0	
GO:0009423	BP	p	chorismate biosynthetic process	0/7	4/6920	1.0	9	0	1.0	
GO:0000966	BP	p	RNA 5'-end processing	0/7	67/6920	1.0	5	0	1.0	
GO:0034758	BP	p	positive regulation of iron ion transport	0/7	1/6920	1.0	8	0	1.0	
GO:0034310	BP	p	primary alcohol catabolic process	0/7	5/6920	1.0	6	0	1.0	
GO:0019594	BP	p	mannitol metabolic process	0/7	2/6920	1.0	8	0	1.0	
GO:0071218	BP	p	cellular response to misfolded protein	0/7	3/6920	1.0	5	0	1.0	
GO:1903795	BP	p	regulation of inorganic anion transmembrane transport	0/7	5/6920	1.0	6	0	1.0	
GO:0040008	BP	p	regulation of growth	0/7	60/6920	1.0	3	0	1.0	
GO:1905263	BP	p	positive regulation of meiotic DNA double-strand break formation involved in reciprocal meiotic recombination	0/7	1/6920	1.0	10	0	1.0	
GO:0015821	BP	p	methionine transport	0/7	2/6920	1.0	7	0	1.0	
GO:0006388	BP	p	tRNA splicing, via endonucleolytic cleavage and ligation	0/7	9/6920	1.0	9	0	1.0	
GO:0045899	BP	p	positive regulation of RNA polymerase II transcription preinitiation complex assembly	0/7	11/6920	1.0	13	0	1.0	
GO:0000098	BP	p	sulfur amino acid catabolic process	0/7	3/6920	1.0	8	0	1.0	
GO:0046902	BP	p	regulation of mitochondrial membrane permeability	0/7	1/6920	1.0	7	0	1.0	
GO:0061157	BP	p	mRNA destabilization	0/7	29/6920	1.0	11	0	1.0	
GO:1902807	BP	p	negative regulation of cell cycle G1/S phase transition	0/7	7/6920	1.0	8	0	1.0	
GO:0009744	BP	p	response to sucrose	0/7	1/6920	1.0	6	0	1.0	
GO:1990461	BP	p	detoxification of iron ion	0/7	1/6920	1.0	3	0	1.0	
GO:0006660	BP	p	phosphatidylserine catabolic process	0/7	2/6920	1.0	8	0	1.0	
GO:0099638	BP	p	endosome to plasma membrane protein transport	0/7	3/6920	1.0	8	0	1.0	
GO:0042820	BP	p	vitamin B6 catabolic process	0/7	1/6920	1.0	7	0	1.0	
GO:0070981	BP	p	L-asparagine biosynthetic process	0/7	2/6920	1.0	12	0	1.0	
GO:0051222	BP	p	positive regulation of protein transport	0/7	8/6920	1.0	8	0	1.0	
GO:0051230	BP	p	spindle disassembly	0/7	7/6920	1.0	8	0	1.0	
GO:0018958	BP	p	phenol-containing compound metabolic process	0/7	2/6920	1.0	3	0	1.0	
GO:2000433	BP	p	positive regulation of cytokinesis, actomyosin contractile ring assembly	0/7	6/6920	1.0	10	0	1.0	
GO:0051016	BP	p	barbed-end actin filament capping	0/7	9/6920	1.0	13	0	1.0	
GO:0015884	BP	p	folic acid transport	0/7	1/6920	1.0	7	0	1.0	
GO:0015786	BP	p	UDP-glucose transmembrane transport	0/7	3/6920	1.0	8	0	1.0	
GO:0002128	BP	p	tRNA nucleoside ribose methylation	0/7	6/6920	1.0	11	0	1.0	
GO:0046942	BP	p	carboxylic acid transport	0/7	79/6920	1.0	5	0	1.0	
GO:0016136	BP	p	saponin catabolic process	0/7	1/6920	1.0	7	0	1.0	
GO:0035556	BP	p	intracellular signal transduction	0/7	278/6920	1.0	5	0	1.0	
GO:0000348	BP	p	mRNA branch site recognition	0/7	4/6920	1.0	7	0	1.0	
GO:0071816	BP	p	tail-anchored membrane protein insertion into ER membrane	0/7	3/6920	1.0	9	0	1.0	
GO:0010498	BP	p	proteasomal protein catabolic process	0/7	175/6920	1.0	7	0	1.0	
GO:0015718	BP	p	monocarboxylic acid transport	0/7	33/6920	1.0	6	0	1.0	
GO:0170039	BP	p	proteinogenic amino acid metabolic process	0/7	149/6920	1.0	7	0	1.0	
GO:0031145	BP	p	anaphase-promoting complex-dependent catabolic process	0/7	16/6920	1.0	10	0	1.0	
GO:0002181	BP	p	cytoplasmic translation	0/7	141/6920	1.0	6	0	1.0	
GO:0009154	BP	p	purine ribonucleotide catabolic process	0/7	27/6920	1.0	10	0	1.0	
GO:0046463	BP	p	acylglycerol biosynthetic process	0/7	5/6920	1.0	7	0	1.0	
GO:0006213	BP	p	pyrimidine nucleoside metabolic process	0/7	5/6920	1.0	7	0	1.0	
GO:0032995	BP	p	regulation of fungal-type cell wall biogenesis	0/7	1/6920	1.0	5	0	1.0	
GO:0051031	BP	p	tRNA transport	0/7	25/6920	1.0	8	0	1.0	
GO:0042780	BP	p	tRNA 3'-end processing	0/7	5/6920	1.0	9	0	1.0	
GO:0006475	BP	p	internal protein amino acid acetylation	0/7	1/6920	1.0	8	0	1.0	
GO:1990884	BP	p	RNA acetylation	0/7	3/6920	1.0	8	0	1.0	
GO:0032210	BP	p	regulation of telomere maintenance via telomerase	0/7	10/6920	1.0	10	0	1.0	
GO:0016032	BP	p	viral process	0/7	90/6920	1.0	1	0	1.0	
GO:0098657	BP	p	import into cell	0/7	148/6920	1.0	4	0	1.0	
GO:0009443	BP	p	pyridoxal 5'-phosphate salvage	0/7	3/6920	1.0	9	0	1.0	
GO:0046156	BP	p	siroheme metabolic process	0/7	2/6920	1.0	6	0	1.0	
GO:1904064	BP	p	positive regulation of cation transmembrane transport	0/7	1/6920	1.0	8	0	1.0	
GO:0097623	BP	p	potassium ion export across plasma membrane	0/7	1/6920	1.0	9	0	1.0	
GO:0031396	BP	p	regulation of protein ubiquitination	0/7	19/6920	1.0	10	0	1.0	
GO:0006123	BP	p	mitochondrial electron transport, cytochrome c to oxygen	0/7	17/6920	1.0	8	0	1.0	
GO:1904594	BP	p	regulation of termination of RNA polymerase II transcription	0/7	2/6920	1.0	10	0	1.0	
GO:2000813	BP	p	negative regulation of barbed-end actin filament capping	0/7	1/6920	1.0	12	0	1.0	
GO:0000409	BP	p	regulation of transcription by galactose	0/7	7/6920	1.0	10	0	1.0	
GO:0042262	BP	p	DNA protection	0/7	2/6920	1.0	7	0	1.0	
GO:0019432	BP	p	triglyceride biosynthetic process	0/7	4/6920	1.0	8	0	1.0	
GO:0006665	BP	p	sphingolipid metabolic process	0/7	55/6920	1.0	6	0	1.0	
GO:0071596	BP	p	ubiquitin-dependent protein catabolic process via the N-end rule pathway	0/7	3/6920	1.0	10	0	1.0	
GO:0015740	BP	p	C4-dicarboxylate transport	0/7	7/6920	1.0	7	0	1.0	
GO:0120256	BP	p	olefinic compound catabolic process	0/7	2/6920	1.0	4	0	1.0	
GO:1990627	BP	p	mitochondrial inner membrane fusion	0/7	1/6920	1.0	8	0	1.0	
GO:0006744	BP	p	ubiquinone biosynthetic process	0/7	14/6920	1.0	7	0	1.0	
GO:1901072	BP	p	glucosamine-containing compound catabolic process	0/7	5/6920	1.0	6	0	1.0	
GO:0006438	BP	p	valyl-tRNA aminoacylation	0/7	1/6920	1.0	10	0	1.0	
GO:0006111	BP	p	regulation of gluconeogenesis	0/7	19/6920	1.0	8	0	1.0	
GO:0009967	BP	p	positive regulation of signal transduction	0/7	31/6920	1.0	6	0	1.0	
GO:1990519	BP	p	pyrimidine nucleotide import into mitochondrion	0/7	1/6920	1.0	8	0	1.0	
GO:0006612	BP	p	protein targeting to membrane	0/7	45/6920	1.0	7	0	1.0	
GO:0070125	BP	p	mitochondrial translational elongation	0/7	26/6920	1.0	6	0	1.0	
GO:1903471	BP	p	regulation of mitotic actomyosin contractile ring contraction	0/7	5/6920	1.0	9	0	1.0	
GO:0040029	BP	p	epigenetic regulation of gene expression	0/7	130/6920	1.0	8	0	1.0	
GO:0170040	BP	p	proteinogenic amino acid catabolic process	0/7	36/6920	1.0	8	0	1.0	
GO:0097320	BP	p	plasma membrane tubulation	0/7	4/6920	1.0	6	0	1.0	
GO:0000321	BP	p	re-entry into mitotic cell cycle after pheromone arrest	0/7	9/6920	1.0	8	0	1.0	
GO:1904062	BP	p	regulation of monoatomic cation transmembrane transport	0/7	4/6920	1.0	7	0	1.0	
GO:0006605	BP	p	protein targeting	0/7	161/6920	1.0	6	0	1.0	
GO:0007009	BP	p	plasma membrane organization	0/7	15/6920	1.0	5	0	1.0	
GO:0034755	BP	p	iron ion transmembrane transport	0/7	15/6920	1.0	9	0	1.0	
GO:0015729	BP	p	oxaloacetate transport	0/7	2/6920	1.0	8	0	1.0	
GO:1903464	BP	p	negative regulation of mitotic cell cycle DNA replication	0/7	1/6920	1.0	12	0	1.0	
GO:0043419	BP	p	urea catabolic process	0/7	1/6920	1.0	5	0	1.0	
GO:0000713	BP	p	meiotic heteroduplex formation	0/7	1/6920	1.0	5	0	1.0	
GO:0061621	BP	p	canonical glycolysis	0/7	5/6920	1.0	15	0	1.0	
GO:0000959	BP	p	mitochondrial RNA metabolic process	0/7	43/6920	1.0	7	0	1.0	
GO:0000056	BP	p	ribosomal small subunit export from nucleus	0/7	16/6920	1.0	9	0	1.0	
GO:0043490	BP	p	malate-aspartate shuttle	0/7	3/6920	1.0	11	0	1.0	
GO:0000465	BP	p	exonucleolytic trimming to generate mature 5'-end of 5.8S rRNA from tricistronic rRNA transcript (SSU-rRNA, 5.8S rRNA, LSU-rRNA)	0/7	2/6920	1.0	10	0	1.0	
GO:0046519	BP	p	sphingoid metabolic process	0/7	7/6920	1.0	7	0	1.0	
GO:0036211	BP	p	protein modification process	0/7	382/6920	1.0	5	0	1.0	
GO:0009229	BP	p	thiamine diphosphate biosynthetic process	0/7	8/6920	1.0	8	0	1.0	
GO:0009230	BP	p	thiamine catabolic process	0/7	1/6920	1.0	8	0	1.0	
GO:0032527	BP	p	protein exit from endoplasmic reticulum	0/7	14/6920	1.0	8	0	1.0	
GO:0019357	BP	p	nicotinate nucleotide biosynthetic process	0/7	4/6920	1.0	10	0	1.0	
GO:1905953	BP	p	negative regulation of lipid localization	0/7	5/6920	1.0	5	0	1.0	
GO:1902299	BP	p	pre-replicative complex assembly involved in cell cycle DNA replication	0/7	19/6920	1.0	8	0	1.0	
GO:0031848	BP	p	protection from non-homologous end joining at telomere	0/7	1/6920	1.0	9	0	1.0	
GO:0071444	BP	p	cellular response to pheromone	0/7	35/6920	1.0	4	0	1.0	
GO:0106118	BP	p	regulation of sterol biosynthetic process	0/7	7/6920	1.0	9	0	1.0	
GO:0010731	BP	p	protein glutathionylation	0/7	3/6920	1.0	6	0	1.0	
GO:1902499	BP	p	positive regulation of protein autoubiquitination	0/7	7/6920	1.0	12	0	1.0	
GO:2000779	BP	p	regulation of double-strand break repair	0/7	7/6920	1.0	9	0	1.0	
GO:0016556	BP	p	mRNA modification	0/7	9/6920	1.0	8	0	1.0	
GO:0006591	BP	p	ornithine metabolic process	0/7	6/6920	1.0	8	0	1.0	
GO:0005980	BP	p	glycogen catabolic process	0/7	11/6920	1.0	8	0	1.0	
GO:0036150	BP	p	phosphatidylserine acyl-chain remodeling	0/7	1/6920	1.0	8	0	1.0	
GO:0034183	BP	p	negative regulation of maintenance of mitotic sister chromatid cohesion	0/7	1/6920	1.0	10	0	1.0	
GO:0006576	BP	p	biogenic amine metabolic process	0/7	27/6920	1.0	4	0	1.0	
GO:0006171	BP	p	cAMP biosynthetic process	0/7	1/6920	1.0	11	0	1.0	
GO:0002940	BP	p	tRNA N2-guanine methylation	0/7	1/6920	1.0	11	0	1.0	
GO:0071174	BP	p	mitotic spindle checkpoint signaling	0/7	41/6920	1.0	10	0	1.0	
GO:0098706	BP	p	iron ion import across cell outer membrane	0/7	1/6920	1.0	10	0	1.0	
GO:0006572	BP	p	L-tyrosine catabolic process	0/7	2/6920	1.0	11	0	1.0	
GO:1903513	BP	p	endoplasmic reticulum to cytosol transport	0/7	9/6920	1.0	5	0	1.0	
GO:0015822	BP	p	ornithine transport	0/7	3/6920	1.0	6	0	1.0	
GO:0000101	BP	p	sulfur amino acid transport	0/7	4/6920	1.0	6	0	1.0	
GO:0070918	BP	p	regulatory ncRNA processing	0/7	2/6920	1.0	5	0	1.0	
GO:0180055	BP	p	response to metal ion starvation	0/7	6/6920	1.0	4	0	1.0	
GO:0019693	BP	p	ribose phosphate metabolic process	0/7	99/6920	1.0	5	0	1.0	
GO:0090153	BP	p	regulation of sphingolipid biosynthetic process	0/7	11/6920	1.0	8	0	1.0	
GO:0010629	BP	p	negative regulation of gene expression	0/7	287/6920	1.0	8	0	1.0	
GO:0051258	BP	p	protein polymerization	0/7	11/6920	1.0	6	0	1.0	
GO:0070417	BP	p	cellular response to cold	0/7	4/6920	1.0	5	0	1.0	
GO:0008064	BP	p	regulation of actin polymerization or depolymerization	0/7	20/6920	1.0	9	0	1.0	
GO:0016114	BP	p	terpenoid biosynthetic process	0/7	9/6920	1.0	7	0	1.0	
GO:0034086	BP	p	maintenance of sister chromatid cohesion	0/7	4/6920	1.0	3	0	1.0	
GO:0010155	BP	p	regulation of proton transport	0/7	2/6920	1.0	8	0	1.0	
GO:0070613	BP	p	regulation of protein processing	0/7	1/6920	1.0	9	0	1.0	
GO:0030834	BP	p	regulation of actin filament depolymerization	0/7	11/6920	1.0	10	0	1.0	
GO:1902075	BP	p	cellular response to salt	0/7	2/6920	1.0	4	0	1.0	
GO:0065008	BP	p	regulation of biological quality	0/7	233/6920	1.0	2	0	1.0	
GO:0046037	BP	p	GMP metabolic process	0/7	10/6920	1.0	10	0	1.0	
GO:0010286	BP	p	heat acclimation	0/7	1/6920	1.0	5	0	1.0	
GO:0090230	BP	p	regulation of centromere complex assembly	0/7	2/6920	1.0	7	0	1.0	
GO:0032108	BP	p	negative regulation of response to nutrient levels	0/7	1/6920	1.0	5	0	1.0	
GO:0006446	BP	p	regulation of translational initiation	0/7	30/6920	1.0	10	0	1.0	
GO:0051098	BP	p	regulation of binding	0/7	14/6920	1.0	3	0	1.0	
GO:0008615	BP	p	pyridoxine biosynthetic process	0/7	6/6920	1.0	8	0	1.0	
GO:1990497	BP	p	regulation of cytoplasmic translation in response to stress	0/7	1/6920	1.0	11	0	1.0	
GO:0034635	BP	p	glutathione transport	0/7	2/6920	1.0	9	0	1.0	
GO:0070145	BP	p	mitochondrial asparaginyl-tRNA aminoacylation	0/7	1/6920	1.0	11	0	1.0	
GO:1904357	BP	p	negative regulation of telomere maintenance via telomere lengthening	0/7	4/6920	1.0	10	0	1.0	
GO:0042308	BP	p	negative regulation of protein import into nucleus	0/7	1/6920	1.0	10	0	1.0	
GO:2000876	BP	p	positive regulation of glyoxylate cycle	0/7	1/6920	1.0	8	0	1.0	
GO:0045144	BP	p	meiotic sister chromatid segregation	0/7	9/6920	1.0	7	0	1.0	
GO:1903896	BP	p	positive regulation of IRE1-mediated unfolded protein response	0/7	2/6920	1.0	9	0	1.0	
GO:0035694	BP	p	mitochondrial protein catabolic process	0/7	1/6920	1.0	6	0	1.0	
GO:0009309	BP	p	amine biosynthetic process	0/7	10/6920	1.0	4	0	1.0	
GO:0009107	BP	p	lipoate biosynthetic process	0/7	2/6920	1.0	10	0	1.0	
GO:0031648	BP	p	protein destabilization	0/7	2/6920	1.0	4	0	1.0	
GO:0101017	BP	p	regulation of mitotic DNA replication initiation from late origin	0/7	1/6920	1.0	13	0	1.0	
GO:0061718	BP	p	glucose catabolic process to pyruvate	0/7	5/6920	1.0	9	0	1.0	
GO:0051607	BP	p	defense response to virus	0/7	5/6920	1.0	6	0	1.0	
GO:0075297	BP	p	negative regulation of ascospore formation	0/7	2/6920	1.0	9	0	1.0	
GO:0018216	BP	p	peptidyl-arginine methylation	0/7	3/6920	1.0	8	0	1.0	
GO:1903727	BP	p	positive regulation of phospholipid metabolic process	0/7	9/6920	1.0	8	0	1.0	
GO:0007119	BP	p	budding cell isotropic bud growth	0/7	2/6920	1.0	3	0	1.0	
GO:0051131	BP	p	chaperone-mediated protein complex assembly	0/7	10/6920	1.0	6	0	1.0	
GO:0046500	BP	p	S-adenosylmethionine metabolic process	0/7	5/6920	1.0	4	0	1.0	
GO:1904291	BP	p	positive regulation of mitotic DNA damage checkpoint	0/7	1/6920	1.0	10	0	1.0	
GO:0015757	BP	p	galactose transmembrane transport	0/7	6/6920	1.0	8	0	1.0	
GO:0006106	BP	p	fumarate metabolic process	0/7	1/6920	1.0	8	0	1.0	
GO:1903138	BP	p	negative regulation of cell integrity MAPK cascade	0/7	4/6920	1.0	10	0	1.0	
GO:0071248	BP	p	cellular response to metal ion	0/7	5/6920	1.0	4	0	1.0	
GO:0044837	BP	p	actomyosin contractile ring organization	0/7	14/6920	1.0	8	0	1.0	
GO:0010817	BP	p	regulation of hormone levels	0/7	1/6920	1.0	3	0	1.0	
GO:0015742	BP	p	alpha-ketoglutarate transport	0/7	1/6920	1.0	7	0	1.0	
GO:0019941	BP	p	modification-dependent protein catabolic process	0/7	188/6920	1.0	7	0	1.0	
GO:0097237	BP	p	cellular response to toxic substance	0/7	1/6920	1.0	4	0	1.0	
GO:0018126	BP	p	protein hydroxylation	0/7	1/6920	1.0	6	0	1.0	
GO:0042594	BP	p	response to starvation	0/7	147/6920	1.0	3	0	1.0	
GO:0006102	BP	p	isocitrate metabolic process	0/7	5/6920	1.0	8	0	1.0	
GO:2000219	BP	p	positive regulation of invasive growth in response to glucose limitation	0/7	11/6920	1.0	8	0	1.0	
GO:0140647	BP	p	P450-containing electron transport chain	0/7	1/6920	1.0	5	0	1.0	
GO:1902767	BP	p	isoprenoid biosynthetic process via mevalonate	0/7	4/6920	1.0	7	0	1.0	
GO:0046210	BP	p	nitric oxide catabolic process	0/7	2/6920	1.0	5	0	1.0	
GO:0006422	BP	p	aspartyl-tRNA aminoacylation	0/7	2/6920	1.0	10	0	1.0	
GO:0006244	BP	p	pyrimidine nucleotide catabolic process	0/7	2/6920	1.0	9	0	1.0	
GO:0046051	BP	p	UTP metabolic process	0/7	1/6920	1.0	10	0	1.0	
GO:0006449	BP	p	regulation of translational termination	0/7	11/6920	1.0	10	0	1.0	
GO:0006913	BP	p	nucleocytoplasmic transport	0/7	172/6920	1.0	6	0	1.0	
GO:1990616	BP	p	magnesium ion export from mitochondrion	0/7	1/6920	1.0	10	0	1.0	
GO:0009164	BP	p	nucleoside catabolic process	0/7	7/6920	1.0	7	0	1.0	
GO:0009116	BP	p	nucleoside metabolic process	0/7	21/6920	1.0	6	0	1.0	
GO:1900090	BP	p	positive regulation of inositol biosynthetic process	0/7	2/6920	1.0	8	0	1.0	
GO:0043392	BP	p	negative regulation of DNA binding	0/7	4/6920	1.0	5	0	1.0	
GO:0071919	BP	p	G-quadruplex DNA formation	0/7	2/6920	1.0	7	0	1.0	
GO:0006639	BP	p	acylglycerol metabolic process	0/7	18/6920	1.0	6	0	1.0	
GO:0034514	BP	p	mitochondrial unfolded protein response	0/7	3/6920	1.0	6	0	1.0	
GO:1904659	BP	p	D-glucose transmembrane transport	0/7	10/6920	1.0	8	0	1.0	
GO:1900397	BP	p	regulation of pyrimidine nucleotide biosynthetic process	0/7	1/6920	1.0	9	0	1.0	
GO:0071025	BP	p	RNA surveillance	0/7	35/6920	1.0	8	0	1.0	
GO:0035383	BP	p	thioester metabolic process	0/7	23/6920	1.0	4	0	1.0	
GO:0090604	BP	p	surface biofilm formation	0/7	3/6920	1.0	5	0	1.0	
GO:0033238	BP	p	regulation of amine metabolic process	0/7	3/6920	1.0	5	0	1.0	
GO:0009803	BP	p	cinnamic acid metabolic process	0/7	2/6920	1.0	8	0	1.0	
GO:0080090	BP	p	regulation of primary metabolic process	1/7	1011/6920	1.0	5	1	1.0	SIN4
GO:0051481	BP	p	negative regulation of cytosolic calcium ion concentration	0/7	1/6920	1.0	3	0	1.0	
GO:0070574	BP	p	cadmium ion transmembrane transport	0/7	4/6920	1.0	9	0	1.0	
GO:0019287	BP	p	isopentenyl diphosphate biosynthetic process, mevalonate pathway	0/7	3/6920	1.0	9	0	1.0	
GO:0042327	BP	p	positive regulation of phosphorylation	0/7	9/6920	1.0	8	0	1.0	
GO:0019568	BP	p	arabinose catabolic process	0/7	5/6920	1.0	8	0	1.0	
GO:0006498	BP	p	N-terminal protein lipidation	0/7	1/6920	1.0	7	0	1.0	
GO:0016242	BP	p	negative regulation of macroautophagy	0/7	14/6920	1.0	8	0	1.0	
GO:1901879	BP	p	regulation of protein depolymerization	0/7	14/6920	1.0	6	0	1.0	
GO:0016482	BP	p	cytosolic transport	0/7	67/6920	1.0	5	0	1.0	
GO:0009082	BP	p	branched-chain amino acid biosynthetic process	0/7	14/6920	1.0	8	0	1.0	
GO:0051603	BP	p	proteolysis involved in protein catabolic process	0/7	250/6920	1.0	6	0	1.0	
GO:0032218	BP	p	riboflavin transport	0/7	2/6920	1.0	5	0	1.0	
GO:0006655	BP	p	phosphatidylglycerol biosynthetic process	0/7	4/6920	1.0	8	0	1.0	
GO:0016134	BP	p	saponin metabolic process	0/7	1/6920	1.0	6	0	1.0	
GO:0006971	BP	p	hypotonic response	0/7	3/6920	1.0	4	0	1.0	
GO:0015816	BP	p	glycine transport	0/7	3/6920	1.0	6	0	1.0	
GO:0006613	BP	p	cotranslational protein targeting to membrane	0/7	14/6920	1.0	8	0	1.0	
GO:0090267	BP	p	positive regulation of mitotic cell cycle spindle assembly checkpoint	0/7	1/6920	1.0	11	0	1.0	
GO:0001933	BP	p	negative regulation of protein phosphorylation	0/7	5/6920	1.0	9	0	1.0	
GO:0071037	BP	p	nuclear polyadenylation-dependent snRNA catabolic process	0/7	5/6920	1.0	10	0	1.0	
GO:2000369	BP	p	regulation of clathrin-dependent endocytosis	0/7	7/6920	1.0	8	0	1.0	
GO:0051127	BP	p	positive regulation of actin nucleation	0/7	9/6920	1.0	10	0	1.0	
GO:1902410	BP	p	mitotic cytokinetic process	0/7	19/6920	1.0	4	0	1.0	
GO:0043935	BP	p	sexual sporulation resulting in formation of a cellular spore	0/7	56/6920	1.0	4	0	1.0	
GO:0030150	BP	p	protein import into mitochondrial matrix	0/7	26/6920	1.0	8	0	1.0	
GO:0016540	BP	p	protein autoprocessing	0/7	3/6920	1.0	7	0	1.0	
GO:0000097	BP	p	sulfur amino acid biosynthetic process	0/7	37/6920	1.0	8	0	1.0	
GO:0035601	BP	p	protein deacylation	0/7	1/6920	1.0	6	0	1.0	
GO:0072417	BP	p	response to spindle checkpoint signaling	0/7	5/6920	1.0	5	0	1.0	
GO:1904462	BP	p	ergosteryl 3-beta-D-glucoside catabolic process	0/7	1/6920	1.0	8	0	1.0	
GO:0070601	BP	p	centromeric sister chromatid cohesion	0/7	4/6920	1.0	7	0	1.0	
GO:0034765	BP	p	regulation of monoatomic ion transmembrane transport	0/7	4/6920	1.0	6	0	1.0	
GO:0046839	BP	p	phospholipid dephosphorylation	0/7	12/6920	1.0	6	0	1.0	
GO:0033500	BP	p	carbohydrate homeostasis	0/7	9/6920	1.0	3	0	1.0	
GO:0030641	BP	p	regulation of cellular pH	0/7	33/6920	1.0	6	0	1.0	
GO:0018022	BP	p	peptidyl-lysine methylation	0/7	8/6920	1.0	8	0	1.0	
GO:0034625	BP	p	fatty acid elongation, monounsaturated fatty acid	0/7	3/6920	1.0	12	0	1.0	
GO:0000077	BP	p	DNA damage checkpoint signaling	0/7	34/6920	1.0	10	0	1.0	
GO:0006883	BP	p	intracellular sodium ion homeostasis	0/7	3/6920	1.0	6	0	1.0	
GO:0051055	BP	p	negative regulation of lipid biosynthetic process	0/7	18/6920	1.0	8	0	1.0	
GO:0007232	BP	p	osmosensory signaling pathway via Sho1 osmosensor	0/7	9/6920	1.0	7	0	1.0	
GO:0051058	BP	p	negative regulation of small GTPase mediated signal transduction	0/7	13/6920	1.0	8	0	1.0	
GO:0140331	BP	p	aminophospholipid translocation	0/7	8/6920	1.0	8	0	1.0	
GO:1903465	BP	p	positive regulation of mitotic cell cycle DNA replication	0/7	3/6920	1.0	12	0	1.0	
GO:0050812	BP	p	regulation of acyl-CoA biosynthetic process	0/7	2/6920	1.0	8	0	1.0	
GO:0018208	BP	p	peptidyl-proline modification	0/7	2/6920	1.0	7	0	1.0	
GO:0000395	BP	p	mRNA 5'-splice site recognition	0/7	9/6920	1.0	8	0	1.0	
GO:0006473	BP	p	protein acetylation	0/7	14/6920	1.0	7	0	1.0	
GO:0034091	BP	p	regulation of maintenance of sister chromatid cohesion	0/7	3/6920	1.0	8	0	1.0	
GO:0043558	BP	p	regulation of translational initiation in response to stress	0/7	3/6920	1.0	11	0	1.0	
GO:0090070	BP	p	positive regulation of ribosome biogenesis	0/7	1/6920	1.0	6	0	1.0	
GO:0043043	BP	p	peptide biosynthetic process	0/7	3/6920	1.0	4	0	1.0	
GO:1903450	BP	p	regulation of G1 to G0 transition	0/7	7/6920	1.0	6	0	1.0	
GO:1903826	BP	p	L-arginine transmembrane transport	0/7	6/6920	1.0	8	0	1.0	
GO:0006074	BP	p	(1->3)-beta-D-glucan metabolic process	0/7	11/6920	1.0	8	0	1.0	
GO:0007118	BP	p	budding cell apical bud growth	0/7	17/6920	1.0	3	0	1.0	
GO:0016560	BP	p	protein import into peroxisome matrix, docking	0/7	7/6920	1.0	5	0	1.0	
GO:0055074	BP	p	calcium ion homeostasis	0/7	22/6920	1.0	5	0	1.0	
GO:0055088	BP	p	lipid homeostasis	0/7	39/6920	1.0	3	0	1.0	
GO:0070159	BP	p	mitochondrial threonyl-tRNA aminoacylation	0/7	1/6920	1.0	11	0	1.0	
GO:0000819	BP	p	sister chromatid segregation	0/7	33/6920	1.0	6	0	1.0	
GO:0043562	BP	p	cellular response to nitrogen levels	0/7	50/6920	1.0	4	0	1.0	
GO:0000209	BP	p	protein polyubiquitination	0/7	43/6920	1.0	10	0	1.0	
GO:1990683	BP	p	DNA double-strand break attachment to nuclear envelope	0/7	5/6920	1.0	5	0	1.0	
GO:0007188	BP	p	adenylate cyclase-modulating G protein-coupled receptor signaling pathway	0/7	13/6920	1.0	6	0	1.0	
GO:0030837	BP	p	negative regulation of actin filament polymerization	0/7	12/6920	1.0	11	0	1.0	
GO:0051495	BP	p	positive regulation of cytoskeleton organization	0/7	39/6920	1.0	7	0	1.0	
GO:1905820	BP	p	positive regulation of chromosome separation	0/7	9/6920	1.0	8	0	1.0	
GO:0010770	BP	p	positive regulation of cell morphogenesis	0/7	1/6920	1.0	7	0	1.0	
GO:1904523	BP	p	regulation of DNA amplification	0/7	2/6920	1.0	9	0	1.0	
GO:0006914	BP	p	autophagy	0/7	198/6920	1.0	4	0	1.0	
GO:0071267	BP	p	L-methionine salvage	0/7	10/6920	1.0	13	0	1.0	
GO:0036115	BP	p	fatty-acyl-CoA catabolic process	0/7	2/6920	1.0	9	0	1.0	
GO:0046034	BP	p	ATP metabolic process	0/7	48/6920	1.0	10	0	1.0	
GO:1903791	BP	p	uracil transmembrane transport	0/7	1/6920	1.0	8	0	1.0	
GO:0006541	BP	p	glutamine metabolic process	0/7	7/6920	1.0	10	0	1.0	
GO:0050992	BP	p	dimethylallyl diphosphate biosynthetic process	0/7	1/6920	1.0	7	0	1.0	
GO:0140205	BP	p	oligopeptide import across plasma membrane	0/7	1/6920	1.0	9	0	1.0	
GO:0120009	BP	p	intermembrane lipid transfer	0/7	14/6920	1.0	5	0	1.0	
GO:0060633	BP	p	negative regulation of transcription initiation by RNA polymerase II	0/7	2/6920	1.0	12	0	1.0	
GO:0090169	BP	p	regulation of spindle assembly	0/7	6/6920	1.0	9	0	1.0	
GO:0007019	BP	p	microtubule depolymerization	0/7	5/6920	1.0	8	0	1.0	
GO:0000454	BP	p	snoRNA guided rRNA pseudouridine synthesis	0/7	8/6920	1.0	11	0	1.0	
GO:0070814	BP	p	hydrogen sulfide biosynthetic process	0/7	6/6920	1.0	5	0	1.0	
GO:0000462	BP	p	maturation of SSU-rRNA from tricistronic rRNA transcript (SSU-rRNA, 5.8S rRNA, LSU-rRNA)	0/7	70/6920	1.0	10	0	1.0	
GO:2000216	BP	p	positive regulation of proline metabolic process	0/7	1/6920	1.0	9	0	1.0	
GO:0031468	BP	p	nuclear membrane reassembly	0/7	1/6920	1.0	6	0	1.0	
GO:0006077	BP	p	(1->6)-beta-D-glucan metabolic process	0/7	7/6920	1.0	8	0	1.0	
GO:0009130	BP	p	pyrimidine nucleoside monophosphate biosynthetic process	0/7	13/6920	1.0	9	0	1.0	
GO:0046101	BP	p	hypoxanthine biosynthetic process	0/7	1/6920	1.0	9	0	1.0	
GO:0017196	BP	p	N-terminal peptidyl-methionine acetylation	0/7	3/6920	1.0	9	0	1.0	
GO:0031401	BP	p	positive regulation of protein modification process	0/7	25/6920	1.0	8	0	1.0	
GO:0015903	BP	p	fluconazole transport	0/7	1/6920	1.0	5	0	1.0	
GO:0007093	BP	p	mitotic cell cycle checkpoint signaling	0/7	79/6920	1.0	9	0	1.0	
GO:0009123	BP	p	nucleoside monophosphate metabolic process	0/7	52/6920	1.0	7	0	1.0	
GO:0006538	BP	p	L-glutamate catabolic process	0/7	3/6920	1.0	11	0	1.0	
GO:1900153	BP	p	positive regulation of nuclear-transcribed mRNA catabolic process, deadenylation-dependent decay	0/7	4/6920	1.0	12	0	1.0	
GO:0010032	BP	p	meiotic chromosome condensation	0/7	2/6920	1.0	7	0	1.0	
GO:0045903	BP	p	positive regulation of translational fidelity	0/7	7/6920	1.0	11	0	1.0	
GO:0070631	BP	p	spindle pole body localization	0/7	3/6920	1.0	3	0	1.0	
GO:0097193	BP	p	intrinsic apoptotic signaling pathway	0/7	1/6920	1.0	6	0	1.0	
GO:0010621	BP	p	negative regulation of transcription by transcription factor localization	0/7	2/6920	1.0	11	0	1.0	
GO:0043161	BP	p	proteasome-mediated ubiquitin-dependent protein catabolic process	0/7	122/6920	1.0	9	0	1.0	
GO:1904951	BP	p	positive regulation of establishment of protein localization	0/7	8/6920	1.0	7	0	1.0	
GO:0031496	BP	p	positive regulation of mating type switching	0/7	5/6920	1.0	5	0	1.0	
GO:0060560	BP	p	developmental growth involved in morphogenesis	0/7	1/6920	1.0	3	0	1.0	
GO:0070861	BP	p	regulation of protein exit from endoplasmic reticulum	0/7	2/6920	1.0	9	0	1.0	
GO:0008652	BP	p	amino acid biosynthetic process	0/7	124/6920	1.0	5	0	1.0	
GO:0006261	BP	p	DNA-templated DNA replication	0/7	50/6920	1.0	8	0	1.0	
GO:0045936	BP	p	negative regulation of phosphate metabolic process	0/7	23/6920	1.0	7	0	1.0	
GO:0051056	BP	p	regulation of small GTPase mediated signal transduction	0/7	26/6920	1.0	7	0	1.0	
GO:0034248	BP	p	regulation of amide metabolic process	0/7	5/6920	1.0	5	0	1.0	
GO:0008298	BP	p	intracellular mRNA localization	0/7	20/6920	1.0	4	0	1.0	
GO:1901909	BP	p	diadenosine hexaphosphate catabolic process	0/7	1/6920	1.0	10	0	1.0	
GO:0006405	BP	p	RNA export from nucleus	0/7	76/6920	1.0	8	0	1.0	
GO:0006820	BP	p	monoatomic anion transport	0/7	12/6920	1.0	5	0	1.0	
GO:0018394	BP	p	peptidyl-lysine acetylation	0/7	1/6920	1.0	8	0	1.0	
GO:1902404	BP	p	mitotic actomyosin contractile ring contraction	0/7	6/6920	1.0	6	0	1.0	
GO:0009410	BP	p	response to xenobiotic stimulus	0/7	20/6920	1.0	3	0	1.0	
GO:1901908	BP	p	diadenosine hexaphosphate metabolic process	0/7	1/6920	1.0	9	0	1.0	
GO:0097184	BP	p	response to azide	0/7	2/6920	1.0	4	0	1.0	
GO:2000134	BP	p	negative regulation of G1/S transition of mitotic cell cycle	0/7	7/6920	1.0	9	0	1.0	
GO:0045951	BP	p	positive regulation of mitotic recombination	0/7	1/6920	1.0	10	0	1.0	
GO:0051052	BP	p	regulation of DNA metabolic process	0/7	122/6920	1.0	7	0	1.0	
GO:0000463	BP	p	maturation of LSU-rRNA from tricistronic rRNA transcript (SSU-rRNA, 5.8S rRNA, LSU-rRNA)	0/7	41/6920	1.0	10	0	1.0	
GO:2000197	BP	p	regulation of ribonucleoprotein complex localization	0/7	7/6920	1.0	5	0	1.0	
GO:0055062	BP	p	phosphate ion homeostasis	0/7	3/6920	1.0	4	0	1.0	
GO:0018063	BP	p	cytochrome c-heme linkage	0/7	3/6920	1.0	8	0	1.0	
GO:0051601	BP	p	exocyst localization	0/7	4/6920	1.0	3	0	1.0	
GO:0106279	BP	p	negative regulation of UDP-N-acetylglucosamine biosynthetic process	0/7	1/6920	1.0	8	0	1.0	
GO:0055080	BP	p	monoatomic cation homeostasis	0/7	155/6920	1.0	4	0	1.0	
GO:1901337	BP	p	thioester transport	0/7	2/6920	1.0	5	0	1.0	
GO:0043420	BP	p	anthranilate metabolic process	0/7	3/6920	1.0	8	0	1.0	
GO:0071590	BP	p	nicotinamide riboside biosynthetic process	0/7	2/6920	1.0	9	0	1.0	
GO:1903711	BP	p	spermidine transmembrane transport	0/7	4/6920	1.0	7	0	1.0	
GO:2000812	BP	p	regulation of barbed-end actin filament capping	0/7	1/6920	1.0	11	0	1.0	
GO:0019303	BP	p	D-ribose catabolic process	0/7	1/6920	1.0	8	0	1.0	
GO:0031028	BP	p	septation initiation signaling	0/7	2/6920	1.0	8	0	1.0	
GO:0032075	BP	p	positive regulation of nuclease activity	0/7	2/6920	1.0	8	0	1.0	
GO:0015916	BP	p	fatty-acyl-CoA transport	0/7	2/6920	1.0	6	0	1.0	
GO:0072531	BP	p	pyrimidine-containing compound transmembrane transport	0/7	5/6920	1.0	5	0	1.0	
GO:0019358	BP	p	nicotinate nucleotide salvage	0/7	4/6920	1.0	11	0	1.0	
GO:1990570	BP	p	GDP-mannose transmembrane transport	0/7	2/6920	1.0	8	0	1.0	
GO:0008202	BP	p	steroid metabolic process	0/7	49/6920	1.0	5	0	1.0	
GO:0023057	BP	p	negative regulation of signaling	0/7	53/6920	1.0	4	0	1.0	
GO:0031023	BP	p	microtubule organizing center organization	0/7	24/6920	1.0	4	0	1.0	
GO:0015883	BP	p	FAD transport	0/7	4/6920	1.0	7	0	1.0	
GO:0009208	BP	p	pyrimidine ribonucleoside triphosphate metabolic process	0/7	6/6920	1.0	9	0	1.0	
GO:0000349	BP	p	generation of catalytic spliceosome for first transesterification step	0/7	9/6920	1.0	7	0	1.0	
GO:0015858	BP	p	nucleoside transport	0/7	4/6920	1.0	6	0	1.0	
GO:0097051	BP	p	establishment of protein localization to endoplasmic reticulum membrane	0/7	3/6920	1.0	8	0	1.0	
GO:0042044	BP	p	fluid transport	0/7	5/6920	1.0	4	0	1.0	
GO:0032968	BP	p	positive regulation of transcription elongation by RNA polymerase II	0/7	47/6920	1.0	12	0	1.0	
GO:0032443	BP	p	regulation of ergosterol biosynthetic process	0/7	7/6920	1.0	10	0	1.0	
GO:0006314	BP	p	intron homing	0/7	8/6920	1.0	8	0	1.0	
GO:0035376	BP	p	sterol import	0/7	6/6920	1.0	6	0	1.0	
GO:0030541	BP	p	plasmid partitioning	0/7	8/6920	1.0	3	0	1.0	
GO:0006274	BP	p	DNA replication termination	0/7	4/6920	1.0	7	0	1.0	
GO:1902986	BP	p	regulation of lysine biosynthetic process via aminoadipic acid	0/7	2/6920	1.0	8	0	1.0	
GO:0044205	BP	p	'de novo' UMP biosynthetic process	0/7	6/6920	1.0	12	0	1.0	
GO:0071322	BP	p	cellular response to carbohydrate stimulus	0/7	5/6920	1.0	5	0	1.0	
GO:0034407	BP	p	cell wall (1->3)-beta-D-glucan metabolic process	0/7	5/6920	1.0	9	0	1.0	
GO:1902099	BP	p	regulation of metaphase/anaphase transition of cell cycle	0/7	40/6920	1.0	8	0	1.0	
GO:1900831	BP	p	D-leucine metabolic process	0/7	1/6920	1.0	9	0	1.0	
GO:0035433	BP	p	acetate transmembrane transport	0/7	3/6920	1.0	8	0	1.0	
GO:0044272	BP	p	sulfur compound biosynthetic process	0/7	85/6920	1.0	4	0	1.0	
GO:0090262	BP	p	regulation of transcription-coupled nucleotide-excision repair	0/7	7/6920	1.0	10	0	1.0	
GO:0106074	BP	p	aminoacyl-tRNA metabolism involved in translational fidelity	0/7	10/6920	1.0	8	0	1.0	
GO:1902476	BP	p	chloride transmembrane transport	0/7	6/6920	1.0	7	0	1.0	
GO:0007623	BP	p	circadian rhythm	0/7	1/6920	1.0	2	0	1.0	
GO:0000494	BP	p	box C/D sno(s)RNA 3'-end processing	0/7	4/6920	1.0	10	0	1.0	
GO:0051128	BP	p	regulation of cellular component organization	0/7	406/6920	1.0	4	0	1.0	
GO:0033157	BP	p	regulation of intracellular protein transport	0/7	12/6920	1.0	8	0	1.0	
GO:1901319	BP	p	positive regulation of trehalose catabolic process	0/7	1/6920	1.0	8	0	1.0	
GO:1901656	BP	p	glycoside transport	0/7	1/6920	1.0	5	0	1.0	
GO:0010477	BP	p	response to sulfur dioxide	0/7	1/6920	1.0	4	0	1.0	
GO:1900434	BP	p	regulation of filamentous growth of a population of unicellular organisms in response to starvation	0/7	6/6920	1.0	6	0	1.0	
GO:0034077	BP	p	butanediol metabolic process	0/7	2/6920	1.0	8	0	1.0	
GO:0030543	BP	p	2-micrometer plasmid partitioning	0/7	6/6920	1.0	4	0	1.0	
GO:0033262	BP	p	regulation of nuclear cell cycle DNA replication	0/7	9/6920	1.0	10	0	1.0	
GO:1903329	BP	p	regulation of iron-sulfur cluster assembly	0/7	1/6920	1.0	5	0	1.0	
GO:0032365	BP	p	intracellular lipid transport	0/7	19/6920	1.0	5	0	1.0	
GO:0006651	BP	p	diacylglycerol biosynthetic process	0/7	2/6920	1.0	8	0	1.0	
GO:1901293	BP	p	nucleoside phosphate biosynthetic process	0/7	131/6920	1.0	7	0	1.0	
GO:0006147	BP	p	guanine catabolic process	0/7	1/6920	1.0	9	0	1.0	
GO:0090180	BP	p	positive regulation of thiamine biosynthetic process	0/7	3/6920	1.0	8	0	1.0	
GO:0106214	BP	p	regulation of vesicle fusion with Golgi apparatus	0/7	1/6920	1.0	7	0	1.0	
GO:0006048	BP	p	UDP-N-acetylglucosamine biosynthetic process	0/7	6/6920	1.0	9	0	1.0	
GO:0046490	BP	p	isopentenyl diphosphate metabolic process	0/7	4/6920	1.0	6	0	1.0	
GO:0000290	BP	p	deadenylation-dependent decapping of nuclear-transcribed mRNA	0/7	16/6920	1.0	11	0	1.0	
GO:0015862	BP	p	uridine transmembrane transport	0/7	1/6920	1.0	8	0	1.0	
GO:0046339	BP	p	diacylglycerol metabolic process	0/7	3/6920	1.0	7	0	1.0	
GO:0033609	BP	p	oxalate metabolic process	0/7	1/6920	1.0	8	0	1.0	
GO:0046459	BP	p	short-chain fatty acid metabolic process	0/7	5/6920	1.0	9	0	1.0	
GO:0034490	BP	p	basic amino acid transmembrane import into vacuole	0/7	4/6920	1.0	7	0	1.0	
GO:1904530	BP	p	negative regulation of actin filament binding	0/7	1/6920	1.0	6	0	1.0	
GO:0030846	BP	p	termination of RNA polymerase II transcription, poly(A)-coupled	0/7	6/6920	1.0	10	0	1.0	
GO:0043555	BP	p	regulation of translation in response to stress	0/7	54/6920	1.0	10	0	1.0	
GO:0007193	BP	p	adenylate cyclase-inhibiting G protein-coupled receptor signaling pathway	0/7	2/6920	1.0	7	0	1.0	
GO:0034397	BP	p	telomere localization	0/7	23/6920	1.0	4	0	1.0	
GO:0034599	BP	p	cellular response to oxidative stress	0/7	101/6920	1.0	5	0	1.0	
GO:0000955	BP	p	amino acid catabolic process via Ehrlich pathway	0/7	11/6920	1.0	6	0	1.0	
GO:0090297	BP	p	positive regulation of mitochondrial DNA replication	0/7	3/6920	1.0	11	0	1.0	
GO:0006999	BP	p	nuclear pore organization	0/7	19/6920	1.0	6	0	1.0	
GO:0019694	BP	p	alkanesulfonate metabolic process	0/7	1/6920	1.0	5	0	1.0	
GO:0034250	BP	p	positive regulation of amide metabolic process	0/7	1/6920	1.0	6	0	1.0	
GO:0043410	BP	p	positive regulation of MAPK cascade	0/7	6/6920	1.0	8	0	1.0	
GO:0046166	BP	p	glyceraldehyde-3-phosphate biosynthetic process	0/7	1/6920	1.0	6	0	1.0	
GO:0009251	BP	p	glucan catabolic process	0/7	15/6920	1.0	7	0	1.0	
GO:1902659	BP	p	regulation of glucose mediated signaling pathway	0/7	4/6920	1.0	6	0	1.0	
GO:0001881	BP	p	receptor recycling	0/7	14/6920	1.0	5	0	1.0	
GO:0050994	BP	p	regulation of lipid catabolic process	0/7	4/6920	1.0	7	0	1.0	
GO:0043647	BP	p	inositol phosphate metabolic process	0/7	9/6920	1.0	6	0	1.0	
GO:0009218	BP	p	pyrimidine ribonucleotide metabolic process	0/7	15/6920	1.0	9	0	1.0	
GO:0000378	BP	p	RNA exon ligation	0/7	1/6920	1.0	7	0	1.0	
GO:0061093	BP	p	negative regulation of phospholipid translocation	0/7	2/6920	1.0	8	0	1.0	
GO:0072485	BP	p	response to spindle assembly checkpoint signaling	0/7	4/6920	1.0	6	0	1.0	
GO:0033014	BP	p	tetrapyrrole biosynthetic process	0/7	17/6920	1.0	4	0	1.0	
GO:0000710	BP	p	meiotic mismatch repair	0/7	9/6920	1.0	9	0	1.0	
GO:0002109	BP	p	maturation of SSU-rRNA from tricistronic rRNA transcript (SSU-rRNA, LSU-rRNA,5S)	0/7	1/6920	1.0	10	0	1.0	
GO:0009209	BP	p	pyrimidine ribonucleoside triphosphate biosynthetic process	0/7	5/6920	1.0	10	0	1.0	
GO:0006817	BP	p	phosphate ion transport	0/7	15/6920	1.0	5	0	1.0	
GO:0090339	BP	p	negative regulation of formin-nucleated actin cable assembly	0/7	2/6920	1.0	11	0	1.0	
GO:0009099	BP	p	L-valine biosynthetic process	0/7	7/6920	1.0	11	0	1.0	
GO:0032048	BP	p	cardiolipin metabolic process	0/7	11/6920	1.0	8	0	1.0	
GO:0070124	BP	p	mitochondrial translational initiation	0/7	11/6920	1.0	4	0	1.0	
GO:0007031	BP	p	peroxisome organization	0/7	55/6920	1.0	5	0	1.0	
GO:0032197	BP	p	retrotransposition	0/7	92/6920	1.0	3	0	1.0	
GO:2000874	BP	p	regulation of glyoxylate cycle	0/7	1/6920	1.0	7	0	1.0	
GO:0019614	BP	p	catechol-containing compound catabolic process	0/7	1/6920	1.0	5	0	1.0	
GO:0045471	BP	p	response to ethanol	0/7	8/6920	1.0	5	0	1.0	
GO:0046466	BP	p	membrane lipid catabolic process	0/7	5/6920	1.0	6	0	1.0	
GO:1903343	BP	p	positive regulation of meiotic DNA double-strand break formation	0/7	1/6920	1.0	9	0	1.0	
GO:0015919	BP	p	peroxisomal membrane transport	0/7	23/6920	1.0	6	0	1.0	
GO:0000464	BP	p	endonucleolytic cleavage in ITS1 upstream of 5.8S rRNA from tricistronic rRNA transcript (SSU-rRNA, 5.8S rRNA, LSU-rRNA)	0/7	4/6920	1.0	10	0	1.0	
GO:0032596	BP	p	protein transport into membrane raft	0/7	1/6920	1.0	9	0	1.0	
GO:0010793	BP	p	regulation of mRNA export from nucleus	0/7	3/6920	1.0	8	0	1.0	
GO:0007254	BP	p	JNK cascade	0/7	1/6920	1.0	8	0	1.0	
GO:0000752	BP	p	agglutination involved in conjugation with cellular fusion	0/7	5/6920	1.0	5	0	1.0	
GO:1903467	BP	p	negative regulation of mitotic DNA replication initiation	0/7	1/6920	1.0	13	0	1.0	
GO:0034766	BP	p	negative regulation of monoatomic ion transmembrane transport	0/7	1/6920	1.0	7	0	1.0	
GO:0015918	BP	p	sterol transport	0/7	28/6920	1.0	5	0	1.0	
GO:0001173	BP	p	DNA-templated transcriptional start site selection	0/7	7/6920	1.0	8	0	1.0	
GO:1901715	BP	p	regulation of gamma-aminobutyric acid catabolic process	0/7	1/6920	1.0	7	0	1.0	
GO:1902047	BP	p	polyamine transmembrane transport	0/7	10/6920	1.0	6	0	1.0	
GO:0016236	BP	p	macroautophagy	0/7	148/6920	1.0	5	0	1.0	
GO:1990115	BP	p	RNA polymerase III assembly	0/7	3/6920	1.0	6	0	1.0	
GO:0000491	BP	p	small nucleolar ribonucleoprotein complex assembly	0/7	12/6920	1.0	7	0	1.0	
GO:0001100	BP	p	negative regulation of exit from mitosis	0/7	26/6920	1.0	9	0	1.0	
GO:0071163	BP	p	DNA replication preinitiation complex assembly	0/7	3/6920	1.0	7	0	1.0	
GO:0007017	BP	p	microtubule-based process	0/7	102/6920	1.0	2	0	1.0	
GO:1903829	BP	p	positive regulation of protein localization	0/7	17/6920	1.0	6	0	1.0	
GO:0071578	BP	p	zinc ion import across plasma membrane	0/7	2/6920	1.0	10	0	1.0	
GO:0034411	BP	p	cell wall (1->3)-beta-D-glucan biosynthetic process	0/7	5/6920	1.0	10	0	1.0	
GO:0006012	BP	p	galactose metabolic process	0/7	15/6920	1.0	7	0	1.0	
GO:0055085	BP	p	transmembrane transport	0/7	484/6920	1.0	4	0	1.0	
GO:0000725	BP	p	recombinational repair	0/7	91/6920	1.0	8	0	1.0	
GO:0009156	BP	p	ribonucleoside monophosphate biosynthetic process	0/7	40/6920	1.0	9	0	1.0	
GO:0110096	BP	p	cellular response to aldehyde	0/7	1/6920	1.0	5	0	1.0	
GO:0045806	BP	p	negative regulation of endocytosis	0/7	3/6920	1.0	7	0	1.0	
GO:0006032	BP	p	chitin catabolic process	0/7	5/6920	1.0	7	0	1.0	
GO:0046444	BP	p	FMN metabolic process	0/7	1/6920	1.0	9	0	1.0	
GO:0010893	BP	p	positive regulation of steroid biosynthetic process	0/7	3/6920	1.0	9	0	1.0	
GO:0042743	BP	p	hydrogen peroxide metabolic process	0/7	7/6920	1.0	4	0	1.0	
GO:2001034	BP	p	positive regulation of double-strand break repair via nonhomologous end joining	0/7	2/6920	1.0	11	0	1.0	
GO:0071454	BP	p	cellular response to anoxia	0/7	3/6920	1.0	6	0	1.0	
GO:0034488	BP	p	basic amino acid transmembrane export from vacuole	0/7	3/6920	1.0	7	0	1.0	
GO:0042181	BP	p	ketone biosynthetic process	0/7	15/6920	1.0	5	0	1.0	
GO:0006228	BP	p	UTP biosynthetic process	0/7	1/6920	1.0	11	0	1.0	
GO:0035862	BP	p	dITP metabolic process	0/7	1/6920	1.0	11	0	1.0	
GO:2000881	BP	p	regulation of starch catabolic process	0/7	3/6920	1.0	9	0	1.0	
GO:0031087	BP	p	deadenylation-independent decapping of nuclear-transcribed mRNA	0/7	8/6920	1.0	9	0	1.0	
GO:0060240	BP	p	negative regulation of signal transduction involved in conjugation with cellular fusion	0/7	3/6920	1.0	7	0	1.0	
GO:2001042	BP	p	negative regulation of septum digestion after cytokinesis	0/7	1/6920	1.0	5	0	1.0	
GO:0046219	BP	p	indolalkylamine biosynthetic process	0/7	6/6920	1.0	6	0	1.0	
GO:0071432	BP	p	peptide mating pheromone maturation involved in positive regulation of conjugation with cellular fusion	0/7	5/6920	1.0	7	0	1.0	
GO:2000042	BP	p	negative regulation of double-strand break repair via homologous recombination	0/7	1/6920	1.0	11	0	1.0	
GO:0010412	BP	p	mannan metabolic process	0/7	2/6920	1.0	7	0	1.0	
GO:0001112	BP	p	DNA-templated transcription open complex formation	0/7	7/6920	1.0	7	0	1.0	
GO:0006426	BP	p	glycyl-tRNA aminoacylation	0/7	2/6920	1.0	10	0	1.0	
GO:0071400	BP	p	cellular response to oleic acid	0/7	6/6920	1.0	6	0	1.0	
GO:0071108	BP	p	protein K48-linked deubiquitination	0/7	1/6920	1.0	10	0	1.0	
GO:0000902	BP	p	cell morphogenesis	0/7	19/6920	1.0	3	0	1.0	
GO:0141124	BP	p	intracellular signaling cassette	0/7	99/6920	1.0	6	0	1.0	
GO:0019319	BP	p	hexose biosynthetic process	0/7	15/6920	1.0	7	0	1.0	
GO:0000304	BP	p	response to singlet oxygen	0/7	3/6920	1.0	5	0	1.0	
GO:0045901	BP	p	positive regulation of translational elongation	0/7	3/6920	1.0	11	0	1.0	
GO:0044879	BP	p	mitotic morphogenesis checkpoint signaling	0/7	7/6920	1.0	10	0	1.0	
GO:0046513	BP	p	ceramide biosynthetic process	0/7	9/6920	1.0	8	0	1.0	
GO:0035356	BP	p	intracellular triglyceride homeostasis	0/7	2/6920	1.0	6	0	1.0	
GO:0031338	BP	p	regulation of vesicle fusion	0/7	5/6920	1.0	6	0	1.0	
GO:0015866	BP	p	ADP transport	0/7	7/6920	1.0	9	0	1.0	
GO:0071543	BP	p	diphosphoinositol polyphosphate metabolic process	0/7	2/6920	1.0	7	0	1.0	
GO:0009214	BP	p	cyclic nucleotide catabolic process	0/7	1/6920	1.0	9	0	1.0	
GO:0032472	BP	p	Golgi calcium ion transport	0/7	1/6920	1.0	8	0	1.0	
GO:0043467	BP	p	regulation of generation of precursor metabolites and energy	0/7	33/6920	1.0	5	0	1.0	
GO:0006119	BP	p	oxidative phosphorylation	0/7	10/6920	1.0	7	0	1.0	
GO:1901978	BP	p	positive regulation of cell cycle checkpoint	0/7	2/6920	1.0	8	0	1.0	
GO:0009092	BP	p	homoserine metabolic process	0/7	14/6920	1.0	9	0	1.0	
GO:1900468	BP	p	regulation of phosphatidylserine biosynthetic process	0/7	2/6920	1.0	9	0	1.0	
GO:0030836	BP	p	positive regulation of actin filament depolymerization	0/7	3/6920	1.0	11	0	1.0	
GO:0032979	BP	p	protein insertion into mitochondrial inner membrane from matrix	0/7	9/6920	1.0	10	0	1.0	
GO:0006090	BP	p	pyruvate metabolic process	0/7	34/6920	1.0	8	0	1.0	
GO:0015823	BP	p	phenylalanine transport	0/7	3/6920	1.0	6	0	1.0	
GO:0035873	BP	p	lactate transmembrane transport	0/7	1/6920	1.0	8	0	1.0	
GO:0031952	BP	p	regulation of protein autophosphorylation	0/7	1/6920	1.0	9	0	1.0	
GO:0006571	BP	p	tyrosine biosynthetic process	0/7	4/6920	1.0	11	0	1.0	
GO:0000708	BP	p	meiotic strand invasion	0/7	2/6920	1.0	8	0	1.0	
GO:0045859	BP	p	regulation of protein kinase activity	0/7	4/6920	1.0	9	0	1.0	
GO:0042710	BP	p	biofilm formation	0/7	3/6920	1.0	4	0	1.0	
GO:0006915	BP	p	apoptotic process	0/7	27/6920	1.0	4	0	1.0	
GO:0071230	BP	p	cellular response to amino acid stimulus	0/7	15/6920	1.0	5	0	1.0	
GO:0006112	BP	p	energy reserve metabolic process	0/7	36/6920	1.0	5	0	1.0	
GO:0035967	BP	p	cellular response to topologically incorrect protein	0/7	9/6920	1.0	4	0	1.0	
GO:0097435	BP	p	supramolecular fiber organization	0/7	78/6920	1.0	4	0	1.0	
GO:2000395	BP	p	regulation of ubiquitin-dependent endocytosis	0/7	2/6920	1.0	8	0	1.0	
GO:0035977	BP	p	protein deglycosylation involved in glycoprotein catabolic process	0/7	5/6920	1.0	7	0	1.0	
GO:0006536	BP	p	glutamate metabolic process	0/7	13/6920	1.0	10	0	1.0	
GO:0034404	BP	p	nucleobase-containing small molecule biosynthetic process	0/7	12/6920	1.0	6	0	1.0	
GO:0033993	BP	p	response to lipid	0/7	6/6920	1.0	3	0	1.0	
GO:0048583	BP	p	regulation of response to stimulus	0/7	183/6920	1.0	3	0	1.0	
GO:1904257	BP	p	zinc ion import into Golgi lumen	0/7	1/6920	1.0	11	0	1.0	
GO:0046653	BP	p	tetrahydrofolate metabolic process	0/7	13/6920	1.0	5	0	1.0	
GO:0006145	BP	p	purine nucleobase catabolic process	0/7	3/6920	1.0	8	0	1.0	
GO:0051180	BP	p	vitamin transport	0/7	12/6920	1.0	4	0	1.0	
GO:0140624	BP	p	EGAD pathway	0/7	6/6920	1.0	8	0	1.0	
GO:0045717	BP	p	negative regulation of fatty acid biosynthetic process	0/7	1/6920	1.0	9	0	1.0	
GO:0006720	BP	p	isoprenoid metabolic process	0/7	20/6920	1.0	5	0	1.0	
GO:1903518	BP	p	positive regulation of single strand break repair	0/7	1/6920	1.0	10	0	1.0	
GO:0046121	BP	p	deoxyribonucleoside catabolic process	0/7	1/6920	1.0	8	0	1.0	
GO:0098704	BP	p	carbohydrate import across plasma membrane	0/7	2/6920	1.0	6	0	1.0	
GO:0015766	BP	p	disaccharide transport	0/7	7/6920	1.0	6	0	1.0	
GO:0006465	BP	p	signal peptide processing	0/7	10/6920	1.0	7	0	1.0	
GO:0006885	BP	p	regulation of pH	0/7	34/6920	1.0	5	0	1.0	
GO:1902412	BP	p	regulation of mitotic cytokinesis	0/7	16/6920	1.0	7	0	1.0	
GO:0006676	BP	p	mannosyl diphosphorylinositol ceramide metabolic process	0/7	6/6920	1.0	9	0	1.0	
GO:0010147	BP	p	fructan catabolic process	0/7	1/6920	1.0	7	0	1.0	
GO:0015698	BP	p	inorganic anion transport	0/7	32/6920	1.0	4	0	1.0	
GO:0051301	BP	p	cell division	0/7	224/6920	1.0	2	0	1.0	
GO:0006835	BP	p	dicarboxylic acid transport	0/7	13/6920	1.0	6	0	1.0	
GO:1904380	BP	p	endoplasmic reticulum mannose trimming	0/7	2/6920	1.0	9	0	1.0	
GO:0090083	BP	p	regulation of inclusion body assembly	0/7	2/6920	1.0	5	0	1.0	
GO:0019674	BP	p	NAD+ metabolic process	0/7	24/6920	1.0	10	0	1.0	
GO:0071039	BP	p	nuclear polyadenylation-dependent CUT catabolic process	0/7	10/6920	1.0	10	0	1.0	
GO:1903137	BP	p	regulation of cell integrity MAPK cascade	0/7	5/6920	1.0	9	0	1.0	
GO:0009394	BP	p	2'-deoxyribonucleotide metabolic process	0/7	4/6920	1.0	9	0	1.0	
GO:0034096	BP	p	positive regulation of maintenance of meiotic sister chromatid cohesion	0/7	2/6920	1.0	10	0	1.0	
GO:0061817	BP	p	endoplasmic reticulum-plasma membrane tethering	0/7	5/6920	1.0	4	0	1.0	
GO:0033353	BP	p	S-adenosylmethionine cycle	0/7	2/6920	1.0	5	0	1.0	
GO:0000028	BP	p	ribosomal small subunit assembly	0/7	19/6920	1.0	7	0	1.0	
GO:0033387	BP	p	putrescine biosynthetic process from arginine, via ornithine	0/7	1/6920	1.0	11	0	1.0	
GO:0030010	BP	p	establishment of cell polarity	0/7	61/6920	1.0	3	0	1.0	
GO:0010256	BP	p	endomembrane system organization	0/7	2/6920	1.0	4	0	1.0	
GO:0018345	BP	p	protein palmitoylation	0/7	9/6920	1.0	7	0	1.0	
GO:0016562	BP	p	protein import into peroxisome matrix, receptor recycling	0/7	12/6920	1.0	6	0	1.0	
GO:0007035	BP	p	vacuolar acidification	0/7	27/6920	1.0	9	0	1.0	
GO:0061771	BP	p	response to caloric restriction	0/7	1/6920	1.0	3	0	1.0	
GO:0000394	BP	p	RNA splicing, via endonucleolytic cleavage and ligation	0/7	9/6920	1.0	6	0	1.0	
GO:0060211	BP	p	regulation of nuclear-transcribed mRNA poly(A) tail shortening	0/7	5/6920	1.0	10	0	1.0	
GO:0045900	BP	p	negative regulation of translational elongation	0/7	3/6920	1.0	11	0	1.0	
GO:0051028	BP	p	mRNA transport	0/7	96/6920	1.0	8	0	1.0	
GO:0046677	BP	p	response to antibiotic	0/7	7/6920	1.0	3	0	1.0	
GO:0032975	BP	p	amino acid transmembrane import into vacuole	0/7	4/6920	1.0	6	0	1.0	
GO:0006998	BP	p	nuclear envelope organization	0/7	9/6920	1.0	5	0	1.0	
GO:0006556	BP	p	S-adenosylmethionine biosynthetic process	0/7	3/6920	1.0	5	0	1.0	
GO:0000022	BP	p	mitotic spindle elongation	0/7	12/6920	1.0	4	0	1.0	
GO:0051703	BP	p	biological process involved in intraspecies interaction between organisms	0/7	13/6920	1.0	1	0	1.0	
GO:2000144	BP	p	positive regulation of DNA-templated transcription initiation	0/7	19/6920	1.0	11	0	1.0	
GO:0097352	BP	p	autophagosome maturation	0/7	6/6920	1.0	6	0	1.0	
GO:0140056	BP	p	organelle localization by membrane tethering	0/7	40/6920	1.0	3	0	1.0	
GO:1903729	BP	p	regulation of plasma membrane organization	0/7	1/6920	1.0	5	0	1.0	
GO:0071592	BP	p	nicotinic acid riboside biosynthetic process	0/7	2/6920	1.0	9	0	1.0	
GO:1900419	BP	p	regulation of alcohol catabolic process	0/7	1/6920	1.0	6	0	1.0	
GO:1903830	BP	p	magnesium ion transmembrane transport	0/7	6/6920	1.0	8	0	1.0	
GO:0033384	BP	p	geranyl diphosphate biosynthetic process	0/7	2/6920	1.0	8	0	1.0	
GO:0019401	BP	p	alditol biosynthetic process	0/7	3/6920	1.0	7	0	1.0	
GO:1901699	BP	p	cellular response to nitrogen compound	0/7	7/6920	1.0	4	0	1.0	
GO:1903710	BP	p	spermine transmembrane transport	0/7	4/6920	1.0	7	0	1.0	
GO:0002182	BP	p	cytoplasmic translational elongation	0/7	7/6920	1.0	6	0	1.0	
GO:0045921	BP	p	positive regulation of exocytosis	0/7	4/6920	1.0	8	0	1.0	
GO:0009269	BP	p	response to desiccation	0/7	3/6920	1.0	6	0	1.0	
GO:0009196	BP	p	pyrimidine deoxyribonucleoside diphosphate metabolic process	0/7	1/6920	1.0	9	0	1.0	
GO:0062013	BP	p	positive regulation of small molecule metabolic process	0/7	28/6920	1.0	6	0	1.0	
GO:0000073	BP	p	initial mitotic spindle pole body separation	0/7	4/6920	1.0	4	0	1.0	
GO:2000621	BP	p	regulation of DNA replication termination	0/7	2/6920	1.0	10	0	1.0	
GO:0030435	BP	p	sporulation resulting in formation of a cellular spore	0/7	145/6920	1.0	3	0	1.0	
GO:0044092	BP	p	negative regulation of molecular function	0/7	10/6920	1.0	3	0	1.0	
GO:0031638	BP	p	zymogen activation	0/7	2/6920	1.0	7	0	1.0	
GO:0009213	BP	p	pyrimidine deoxyribonucleoside triphosphate catabolic process	0/7	2/6920	1.0	10	0	1.0	
GO:0051647	BP	p	nucleus localization	0/7	23/6920	1.0	3	0	1.0	
GO:0006104	BP	p	succinyl-CoA metabolic process	0/7	2/6920	1.0	8	0	1.0	
GO:0140281	BP	p	positive regulation of mitotic division septum assembly	0/7	1/6920	1.0	10	0	1.0	
GO:0051606	BP	p	detection of stimulus	0/7	2/6920	1.0	2	0	1.0	
GO:0045912	BP	p	negative regulation of carbohydrate metabolic process	0/7	18/6920	1.0	7	0	1.0	
GO:1901298	BP	p	regulation of hydrogen peroxide-mediated programmed cell death	0/7	1/6920	1.0	5	0	1.0	
GO:0006172	BP	p	ADP biosynthetic process	0/7	2/6920	1.0	11	0	1.0	
GO:0072657	BP	p	protein localization to membrane	0/7	135/6920	1.0	5	0	1.0	
GO:0001195	BP	p	maintenance of transcriptional fidelity during transcription elongation by RNA polymerase III	0/7	2/6920	1.0	9	0	1.0	
GO:1902363	BP	p	regulation of protein localization to spindle pole body	0/7	4/6920	1.0	6	0	1.0	
GO:0010145	BP	p	fructan metabolic process	0/7	1/6920	1.0	6	0	1.0	
GO:0051057	BP	p	positive regulation of small GTPase mediated signal transduction	0/7	6/6920	1.0	8	0	1.0	
GO:1903532	BP	p	positive regulation of secretion by cell	0/7	4/6920	1.0	7	0	1.0	
GO:0061091	BP	p	regulation of phospholipid translocation	0/7	6/6920	1.0	7	0	1.0	
GO:0019544	BP	p	L-arginine catabolic process to L-glutamate	0/7	1/6920	1.0	12	0	1.0	
GO:0106278	BP	p	regulation of UDP-N-acetylglucosamine biosynthetic process	0/7	1/6920	1.0	7	0	1.0	
GO:1902532	BP	p	negative regulation of intracellular signal transduction	0/7	43/6920	1.0	7	0	1.0	
GO:0035621	BP	p	ER to Golgi ceramide transport	0/7	8/6920	1.0	7	0	1.0	
GO:0007323	BP	p	peptide pheromone maturation	0/7	9/6920	1.0	6	0	1.0	
GO:0099500	BP	p	vesicle fusion to plasma membrane	0/7	2/6920	1.0	8	0	1.0	
GO:0009052	BP	p	pentose-phosphate shunt, non-oxidative branch	0/7	4/6920	1.0	6	0	1.0	
GO:0071051	BP	p	poly(A)-dependent snoRNA 3'-end processing	0/7	10/6920	1.0	10	0	1.0	
GO:0071396	BP	p	cellular response to lipid	0/7	6/6920	1.0	4	0	1.0	
GO:0106380	BP	p	purine ribonucleotide salvage	0/7	6/6920	1.0	11	0	1.0	
GO:0009098	BP	p	L-leucine biosynthetic process	0/7	7/6920	1.0	11	0	1.0	
GO:1902480	BP	p	protein localization to mitotic spindle	0/7	1/6920	1.0	8	0	1.0	
GO:0006308	BP	p	DNA catabolic process	0/7	5/6920	1.0	7	0	1.0	
GO:0065005	BP	p	protein-lipid complex assembly	0/7	4/6920	1.0	6	0	1.0	
GO:0046167	BP	p	glycerol-3-phosphate biosynthetic process	0/7	1/6920	1.0	7	0	1.0	
GO:0042455	BP	p	ribonucleoside biosynthetic process	0/7	11/6920	1.0	8	0	1.0	
GO:1900744	BP	p	regulation of p38MAPK cascade	0/7	3/6920	1.0	8	0	1.0	
GO:0140115	BP	p	export across plasma membrane	0/7	15/6920	1.0	5	0	1.0	
GO:0043248	BP	p	proteasome assembly	0/7	34/6920	1.0	6	0	1.0	
GO:0046149	BP	p	pigment catabolic process	0/7	1/6920	1.0	4	0	1.0	
GO:0032373	BP	p	positive regulation of sterol transport	0/7	4/6920	1.0	7	0	1.0	
GO:1901805	BP	p	beta-glucoside catabolic process	0/7	1/6920	1.0	7	0	1.0	
GO:0006560	BP	p	proline metabolic process	0/7	9/6920	1.0	10	0	1.0	
GO:1901255	BP	p	nucleotide-excision repair involved in interstrand cross-link repair	0/7	2/6920	1.0	9	0	1.0	
GO:0019860	BP	p	uracil metabolic process	0/7	1/6920	1.0	8	0	1.0	
GO:2001125	BP	p	negative regulation of translational frameshifting	0/7	2/6920	1.0	12	0	1.0	
GO:0070880	BP	p	fungal-type cell wall beta-glucan biosynthetic process	0/7	11/6920	1.0	10	0	1.0	
GO:0010968	BP	p	regulation of microtubule nucleation	0/7	1/6920	1.0	10	0	1.0	
GO:1900480	BP	p	regulation of diacylglycerol biosynthetic process	0/7	1/6920	1.0	8	0	1.0	
GO:0042147	BP	p	retrograde transport, endosome to Golgi	0/7	46/6920	1.0	6	0	1.0	
GO:0060255	BP	p	regulation of macromolecule metabolic process	1/7	1107/6920	1.0	5	1	1.0	SIN4
GO:0019379	BP	p	sulfate assimilation, phosphoadenylyl sulfate reduction by phosphoadenylyl-sulfate reductase (thioredoxin)	0/7	4/6920	1.0	5	0	1.0	
GO:0002101	BP	p	tRNA wobble cytosine modification	0/7	2/6920	1.0	11	0	1.0	
GO:0051292	BP	p	nuclear pore complex assembly	0/7	7/6920	1.0	7	0	1.0	
GO:2000243	BP	p	positive regulation of reproductive process	0/7	45/6920	1.0	4	0	1.0	
GO:0001682	BP	p	tRNA 5'-leader removal	0/7	9/6920	1.0	10	0	1.0	
GO:0045881	BP	p	positive regulation of sporulation resulting in formation of a cellular spore	0/7	4/6920	1.0	6	0	1.0	
GO:0046931	BP	p	pore complex assembly	0/7	7/6920	1.0	6	0	1.0	
GO:0070126	BP	p	mitochondrial translational termination	0/7	2/6920	1.0	7	0	1.0	
GO:0006361	BP	p	transcription initiation at RNA polymerase I promoter	0/7	8/6920	1.0	9	0	1.0	
GO:0006423	BP	p	cysteinyl-tRNA aminoacylation	0/7	1/6920	1.0	10	0	1.0	
GO:0006739	BP	p	NADP+ metabolic process	0/7	23/6920	1.0	10	0	1.0	
GO:0016579	BP	p	protein deubiquitination	0/7	23/6920	1.0	9	0	1.0	
GO:0008214	BP	p	protein dealkylation	0/7	1/6920	1.0	6	0	1.0	
GO:0043144	BP	p	sno(s)RNA processing	0/7	42/6920	1.0	8	0	1.0	
GO:0007533	BP	p	mating type switching	0/7	7/6920	1.0	5	0	1.0	
GO:0006482	BP	p	protein demethylation	0/7	1/6920	1.0	7	0	1.0	
GO:0043255	BP	p	regulation of carbohydrate biosynthetic process	0/7	35/6920	1.0	7	0	1.0	
GO:0009264	BP	p	deoxyribonucleotide catabolic process	0/7	1/6920	1.0	9	0	1.0	
GO:0045727	BP	p	positive regulation of translation	0/7	49/6920	1.0	10	0	1.0	
GO:0046439	BP	p	L-cysteine metabolic process	0/7	1/6920	1.0	9	0	1.0	
GO:0051657	BP	p	maintenance of organelle location	0/7	2/6920	1.0	4	0	1.0	
GO:0006436	BP	p	tryptophanyl-tRNA aminoacylation	0/7	2/6920	1.0	10	0	1.0	
GO:1903438	BP	p	positive regulation of mitotic cytokinetic process	0/7	10/6920	1.0	9	0	1.0	
GO:1990166	BP	p	protein localization to site of double-strand break	0/7	2/6920	1.0	7	0	1.0	
GO:0072414	BP	p	response to mitotic cell cycle checkpoint signaling	0/7	4/6920	1.0	5	0	1.0	
GO:1903473	BP	p	positive regulation of mitotic actomyosin contractile ring contraction	0/7	3/6920	1.0	10	0	1.0	
GO:1901977	BP	p	negative regulation of cell cycle checkpoint	0/7	6/6920	1.0	8	0	1.0	
GO:1904640	BP	p	response to methionine	0/7	1/6920	1.0	5	0	1.0	
GO:0022406	BP	p	membrane docking	0/7	40/6920	1.0	2	0	1.0	
GO:0006031	BP	p	chitin biosynthetic process	0/7	21/6920	1.0	7	0	1.0	
GO:2000185	BP	p	regulation of phosphate transmembrane transport	0/7	4/6920	1.0	7	0	1.0	
GO:0071047	BP	p	polyadenylation-dependent mRNA catabolic process	0/7	7/6920	1.0	12	0	1.0	
GO:0070192	BP	p	chromosome organization involved in meiotic cell cycle	0/7	37/6920	1.0	6	0	1.0	
GO:1904053	BP	p	positive regulation of protein targeting to vacuole involved in autophagy	0/7	1/6920	1.0	10	0	1.0	
GO:0051494	BP	p	negative regulation of cytoskeleton organization	0/7	29/6920	1.0	7	0	1.0	
GO:0018393	BP	p	internal peptidyl-lysine acetylation	0/7	1/6920	1.0	9	0	1.0	
GO:0032507	BP	p	maintenance of protein location in cell	0/7	35/6920	1.0	4	0	1.0	
GO:0048268	BP	p	clathrin coat assembly	0/7	3/6920	1.0	6	0	1.0	
GO:0006206	BP	p	pyrimidine nucleobase metabolic process	0/7	16/6920	1.0	7	0	1.0	
GO:1990882	BP	p	rRNA acetylation	0/7	3/6920	1.0	10	0	1.0	
GO:0019655	BP	p	glycolytic fermentation to ethanol	0/7	6/6920	1.0	8	0	1.0	
GO:0006376	BP	p	mRNA splice site recognition	0/7	14/6920	1.0	7	0	1.0	
GO:0010512	BP	p	negative regulation of phosphatidylinositol biosynthetic process	0/7	2/6920	1.0	10	0	1.0	
GO:0062030	BP	p	negative regulation of stress granule assembly	0/7	1/6920	1.0	8	0	1.0	
GO:0033499	BP	p	galactose catabolic process via UDP-galactose, Leloir pathway	0/7	5/6920	1.0	9	0	1.0	
GO:0000282	BP	p	cellular bud site selection	0/7	38/6920	1.0	4	0	1.0	
GO:0000722	BP	p	telomere maintenance via recombination	0/7	41/6920	1.0	9	0	1.0	
GO:0048878	BP	p	chemical homeostasis	0/7	227/6920	1.0	2	0	1.0	
GO:0006241	BP	p	CTP biosynthetic process	0/7	5/6920	1.0	11	0	1.0	
GO:0006107	BP	p	oxaloacetate metabolic process	0/7	1/6920	1.0	8	0	1.0	
GO:0070784	BP	p	regulation of growth of unicellular organism as a thread of attached cells	0/7	37/6920	1.0	6	0	1.0	
GO:0042276	BP	p	error-prone translesion synthesis	0/7	13/6920	1.0	10	0	1.0	
GO:0045948	BP	p	positive regulation of translational initiation	0/7	6/6920	1.0	11	0	1.0	
GO:0006000	BP	p	fructose metabolic process	0/7	7/6920	1.0	7	0	1.0	
GO:0006096	BP	p	glycolytic process	0/7	25/6920	1.0	12	0	1.0	
GO:1903024	BP	p	positive regulation of ascospore-type prospore membrane formation	0/7	4/6920	1.0	10	0	1.0	
GO:0046856	BP	p	phosphatidylinositol dephosphorylation	0/7	8/6920	1.0	8	0	1.0	
GO:0007006	BP	p	mitochondrial membrane organization	0/7	58/6920	1.0	6	0	1.0	
GO:0060261	BP	p	positive regulation of transcription initiation by RNA polymerase II	0/7	18/6920	1.0	12	0	1.0	
GO:0035348	BP	p	acetyl-CoA transmembrane transport	0/7	2/6920	1.0	8	0	1.0	
GO:0070158	BP	p	mitochondrial seryl-tRNA aminoacylation	0/7	1/6920	1.0	11	0	1.0	
GO:0044843	BP	p	cell cycle G1/S phase transition	0/7	61/6920	1.0	4	0	1.0	
GO:1900828	BP	p	D-tyrosine metabolic process	0/7	1/6920	1.0	9	0	1.0	
GO:0070086	BP	p	ubiquitin-dependent endocytosis	0/7	12/6920	1.0	7	0	1.0	
GO:0072318	BP	p	clathrin coat disassembly	0/7	2/6920	1.0	8	0	1.0	
GO:0060196	BP	p	positive regulation of antisense RNA transcription	0/7	2/6920	1.0	11	0	1.0	
GO:0110075	BP	p	regulation of ferroptosis	0/7	4/6920	1.0	5	0	1.0	
GO:0048313	BP	p	Golgi inheritance	0/7	4/6920	1.0	6	0	1.0	
GO:0045046	BP	p	protein import into peroxisome membrane	0/7	2/6920	1.0	8	0	1.0	
GO:0001522	BP	p	pseudouridine synthesis	0/7	44/6920	1.0	8	0	1.0	
GO:0006828	BP	p	manganese ion transport	0/7	9/6920	1.0	8	0	1.0	
GO:0010564	BP	p	regulation of cell cycle process	0/7	261/6920	1.0	5	0	1.0	
GO:0032581	BP	p	ER-dependent peroxisome organization	0/7	9/6920	1.0	6	0	1.0	
GO:0009073	BP	p	aromatic amino acid family biosynthetic process	0/7	24/6920	1.0	8	0	1.0	
GO:0098660	BP	p	inorganic ion transmembrane transport	0/7	189/6920	1.0	5	0	1.0	
GO:0046705	BP	p	CDP biosynthetic process	0/7	1/6920	1.0	11	0	1.0	
GO:0051223	BP	p	regulation of protein transport	0/7	15/6920	1.0	7	0	1.0	
GO:0070328	BP	p	triglyceride homeostasis	0/7	3/6920	1.0	5	0	1.0	
GO:0070154	BP	p	mitochondrial lysyl-tRNA aminoacylation	0/7	1/6920	1.0	11	0	1.0	
GO:0001193	BP	p	maintenance of transcriptional fidelity during transcription elongation by RNA polymerase II	0/7	2/6920	1.0	9	0	1.0	
GO:0006768	BP	p	biotin metabolic process	0/7	10/6920	1.0	8	0	1.0	
GO:1904679	BP	p	myo-inositol import across plasma membrane	0/7	4/6920	1.0	6	0	1.0	
GO:0015840	BP	p	urea transport	0/7	2/6920	1.0	6	0	1.0	
GO:0032781	BP	p	positive regulation of ATP-dependent activity	0/7	3/6920	1.0	4	0	1.0	
GO:0006793	BP	p	phosphorus metabolic process	0/7	477/6920	1.0	3	0	1.0	
GO:2001023	BP	p	regulation of response to drug	0/7	3/6920	1.0	4	0	1.0	
GO:0045002	BP	p	double-strand break repair via single-strand annealing	0/7	3/6920	1.0	9	0	1.0	
GO:0045047	BP	p	protein targeting to ER	0/7	25/6920	1.0	8	0	1.0	
GO:0034258	BP	p	nicotinamide riboside transport	0/7	2/6920	1.0	7	0	1.0	
GO:1902104	BP	p	positive regulation of metaphase/anaphase transition of meiotic cell cycle	0/7	1/6920	1.0	10	0	1.0	
GO:0000165	BP	p	MAPK cascade	0/7	29/6920	1.0	7	0	1.0	
GO:0016180	BP	p	snRNA processing	0/7	29/6920	1.0	8	0	1.0	
GO:0051985	BP	p	negative regulation of chromosome segregation	0/7	26/6920	1.0	7	0	1.0	
GO:2000234	BP	p	positive regulation of rRNA processing	0/7	4/6920	1.0	9	0	1.0	
GO:1905168	BP	p	positive regulation of double-strand break repair via homologous recombination	0/7	2/6920	1.0	11	0	1.0	
GO:0000730	BP	p	DNA recombinase assembly	0/7	11/6920	1.0	7	0	1.0	
GO:0009314	BP	p	response to radiation	0/7	8/6920	1.0	3	0	1.0	
GO:0051168	BP	p	nuclear export	0/7	131/6920	1.0	7	0	1.0	
GO:0033962	BP	p	P-body assembly	0/7	6/6920	1.0	7	0	1.0	
GO:0006543	BP	p	L-glutamine catabolic process	0/7	1/6920	1.0	11	0	1.0	
GO:0015691	BP	p	cadmium ion transport	0/7	5/6920	1.0	8	0	1.0	
GO:0051417	BP	p	microtubule nucleation by spindle pole body	0/7	1/6920	1.0	9	0	1.0	
GO:0045762	BP	p	positive regulation of adenylate cyclase activity	0/7	1/6920	1.0	6	0	1.0	
GO:0045815	BP	p	transcription initiation-coupled chromatin remodeling	0/7	7/6920	1.0	10	0	1.0	
GO:0071897	BP	p	DNA biosynthetic process	0/7	97/6920	1.0	7	0	1.0	
GO:0022409	BP	p	positive regulation of cell-cell adhesion	0/7	2/6920	1.0	6	0	1.0	
GO:0006617	BP	p	SRP-dependent cotranslational protein targeting to membrane, signal sequence recognition	0/7	2/6920	1.0	6	0	1.0	
GO:0016197	BP	p	endosomal transport	0/7	117/6920	1.0	5	0	1.0	
GO:0061504	BP	p	cyclic threonylcarbamoyladenosine biosynthetic process	0/7	2/6920	1.0	10	0	1.0	
GO:0019563	BP	p	glycerol catabolic process	0/7	6/6920	1.0	8	0	1.0	
GO:2001209	BP	p	positive regulation of transcription elongation by RNA polymerase I	0/7	10/6920	1.0	12	0	1.0	
GO:0106354	BP	p	tRNA surveillance	0/7	16/6920	1.0	9	0	1.0	
GO:0032978	BP	p	protein insertion into membrane from inner side	0/7	9/6920	1.0	8	0	1.0	
GO:0070925	BP	p	organelle assembly	0/7	108/6920	1.0	5	0	1.0	
GO:0009087	BP	p	L-methionine catabolic process	0/7	1/6920	1.0	11	0	1.0	
GO:0030952	BP	p	establishment or maintenance of cytoskeleton polarity	0/7	17/6920	1.0	6	0	1.0	
GO:0019511	BP	p	peptidyl-proline hydroxylation	0/7	1/6920	1.0	8	0	1.0	
GO:1902932	BP	p	positive regulation of alcohol biosynthetic process	0/7	8/6920	1.0	7	0	1.0	
GO:0060178	BP	p	regulation of exocyst localization	0/7	2/6920	1.0	4	0	1.0	
GO:0036008	BP	p	sucrose catabolic process to fructose-6-phosphate and glucose-6-phosphate	0/7	5/6920	1.0	9	0	1.0	
GO:0051382	BP	p	kinetochore assembly	0/7	11/6920	1.0	7	0	1.0	
GO:0045019	BP	p	negative regulation of nitric oxide biosynthetic process	0/7	1/6920	1.0	7	0	1.0	
GO:0045329	BP	p	carnitine biosynthetic process	0/7	1/6920	1.0	6	0	1.0	
GO:0017157	BP	p	regulation of exocytosis	0/7	7/6920	1.0	7	0	1.0	
GO:0000070	BP	p	mitotic sister chromatid segregation	0/7	25/6920	1.0	7	0	1.0	
GO:0009450	BP	p	gamma-aminobutyric acid catabolic process	0/7	3/6920	1.0	9	0	1.0	
GO:1900059	BP	p	positive regulation of sulfate assimilation	0/7	1/6920	1.0	7	0	1.0	
GO:0010138	BP	p	pyrimidine ribonucleotide salvage	0/7	4/6920	1.0	11	0	1.0	
GO:0070647	BP	p	protein modification by small protein conjugation or removal	0/7	171/6920	1.0	7	0	1.0	
GO:2000911	BP	p	positive regulation of sterol import	0/7	4/6920	1.0	8	0	1.0	
GO:0032953	BP	p	regulation of (1->3)-beta-D-glucan biosynthetic process	0/7	3/6920	1.0	11	0	1.0	
GO:0006623	BP	p	protein targeting to vacuole	0/7	102/6920	1.0	8	0	1.0	
GO:0099515	BP	p	actin filament-based transport	0/7	2/6920	1.0	6	0	1.0	
GO:0051865	BP	p	protein autoubiquitination	0/7	6/6920	1.0	10	0	1.0	
GO:0052837	BP	p	thiazole biosynthetic process	0/7	1/6920	1.0	5	0	1.0	
GO:0006547	BP	p	L-histidine metabolic process	0/7	8/6920	1.0	9	0	1.0	
GO:0090150	BP	p	establishment of protein localization to membrane	0/7	105/6920	1.0	6	0	1.0	
GO:0042439	BP	p	ethanolamine-containing compound metabolic process	0/7	1/6920	1.0	5	0	1.0	
GO:0043418	BP	p	homocysteine catabolic process	0/7	1/6920	1.0	9	0	1.0	
GO:0048034	BP	p	heme O biosynthetic process	0/7	1/6920	1.0	7	0	1.0	
GO:0009731	BP	p	detection of sucrose stimulus	0/7	1/6920	1.0	7	0	1.0	
GO:0009181	BP	p	purine ribonucleoside diphosphate catabolic process	0/7	25/6920	1.0	10	0	1.0	
GO:0070682	BP	p	proteasome regulatory particle assembly	0/7	11/6920	1.0	7	0	1.0	
GO:0045003	BP	p	double-strand break repair via synthesis-dependent strand annealing	0/7	3/6920	1.0	10	0	1.0	
GO:1990822	BP	p	basic amino acid transmembrane transport	0/7	16/6920	1.0	6	0	1.0	
GO:1902616	BP	p	O-acyl-L-carnitine transmembrane transport	0/7	1/6920	1.0	6	0	1.0	
GO:0018158	BP	p	protein oxidation	0/7	1/6920	1.0	6	0	1.0	
GO:1903147	BP	p	negative regulation of autophagy of mitochondrion	0/7	6/6920	1.0	8	0	1.0	
GO:0034244	BP	p	negative regulation of transcription elongation by RNA polymerase II	0/7	2/6920	1.0	12	0	1.0	
GO:0045004	BP	p	DNA replication proofreading	0/7	2/6920	1.0	8	0	1.0	
GO:1904287	BP	p	positive regulation of protein-pyridoxal-5-phosphate linkage	0/7	1/6920	1.0	9	0	1.0	
GO:0090088	BP	p	regulation of oligopeptide transport	0/7	5/6920	1.0	6	0	1.0	
GO:0071464	BP	p	cellular response to hydrostatic pressure	0/7	4/6920	1.0	6	0	1.0	
GO:0046704	BP	p	CDP metabolic process	0/7	1/6920	1.0	10	0	1.0	
GO:0009152	BP	p	purine ribonucleotide biosynthetic process	0/7	48/6920	1.0	10	0	1.0	
GO:0006616	BP	p	SRP-dependent cotranslational protein targeting to membrane, translocation	0/7	13/6920	1.0	9	0	1.0	
GO:0016485	BP	p	protein processing	0/7	46/6920	1.0	6	0	1.0	
GO:0045926	BP	p	negative regulation of growth	0/7	15/6920	1.0	4	0	1.0	
GO:0046125	BP	p	pyrimidine deoxyribonucleoside metabolic process	0/7	1/6920	1.0	8	0	1.0	
GO:0072522	BP	p	purine-containing compound biosynthetic process	0/7	92/6920	1.0	4	0	1.0	
GO:0017062	BP	p	respiratory chain complex III assembly	0/7	11/6920	1.0	7	0	1.0	
GO:0019427	BP	p	acetyl-CoA biosynthetic process from acetate	0/7	2/6920	1.0	10	0	1.0	
GO:0006869	BP	p	lipid transport	0/7	78/6920	1.0	4	0	1.0	
GO:0090085	BP	p	regulation of protein deubiquitination	0/7	1/6920	1.0	10	0	1.0	
GO:0036296	BP	p	response to increased oxygen levels	0/7	1/6920	1.0	4	0	1.0	
GO:0051176	BP	p	positive regulation of sulfur metabolic process	0/7	6/6920	1.0	6	0	1.0	
GO:0071466	BP	p	cellular response to xenobiotic stimulus	0/7	4/6920	1.0	4	0	1.0	
GO:0046281	BP	p	cinnamic acid catabolic process	0/7	2/6920	1.0	9	0	1.0	
GO:0005985	BP	p	sucrose metabolic process	0/7	13/6920	1.0	7	0	1.0	
GO:0034638	BP	p	phosphatidylcholine catabolic process	0/7	1/6920	1.0	8	0	1.0	
GO:0051452	BP	p	intracellular pH reduction	0/7	27/6920	1.0	8	0	1.0	
GO:0046711	BP	p	GDP biosynthetic process	0/7	1/6920	1.0	11	0	1.0	
GO:0019236	BP	p	response to pheromone	0/7	57/6920	1.0	3	0	1.0	
GO:0070134	BP	p	positive regulation of mitochondrial translational initiation	0/7	1/6920	1.0	12	0	1.0	
GO:0000750	BP	p	pheromone-dependent signal transduction involved in conjugation with cellular fusion	0/7	26/6920	1.0	7	0	1.0	
GO:0006629	BP	p	lipid metabolic process	0/7	326/6920	1.0	4	0	1.0	
GO:0034756	BP	p	regulation of iron ion transport	0/7	1/6920	1.0	7	0	1.0	
GO:0000289	BP	p	nuclear-transcribed mRNA poly(A) tail shortening	0/7	10/6920	1.0	11	0	1.0	
GO:0042273	BP	p	ribosomal large subunit biogenesis	0/7	63/6920	1.0	5	0	1.0	
GO:0002028	BP	p	regulation of sodium ion transport	0/7	1/6920	1.0	7	0	1.0	
GO:0048638	BP	p	regulation of developmental growth	0/7	2/6920	1.0	4	0	1.0	
GO:0044088	BP	p	regulation of vacuole organization	0/7	27/6920	1.0	6	0	1.0	
GO:0046907	BP	p	intracellular transport	0/7	652/6920	1.0	4	0	1.0	
GO:0009211	BP	p	pyrimidine deoxyribonucleoside triphosphate metabolic process	0/7	4/6920	1.0	9	0	1.0	
GO:0055086	BP	p	nucleobase-containing small molecule metabolic process	0/7	242/6920	1.0	5	0	1.0	
GO:1902221	BP	p	erythrose 4-phosphate/phosphoenolpyruvate family amino acid metabolic process	0/7	22/6920	1.0	9	0	1.0	
GO:0006824	BP	p	cobalt ion transport	0/7	2/6920	1.0	8	0	1.0	
GO:0006437	BP	p	tyrosyl-tRNA aminoacylation	0/7	2/6920	1.0	10	0	1.0	
GO:0070972	BP	p	protein localization to endoplasmic reticulum	0/7	33/6920	1.0	6	0	1.0	
GO:0018202	BP	p	peptidyl-histidine modification	0/7	11/6920	1.0	7	0	1.0	
GO:0052838	BP	p	thiazole metabolic process	0/7	1/6920	1.0	4	0	1.0	
GO:1904263	BP	p	positive regulation of TORC1 signaling	0/7	12/6920	1.0	9	0	1.0	
GO:0006659	BP	p	phosphatidylserine biosynthetic process	0/7	1/6920	1.0	8	0	1.0	
GO:0046136	BP	p	positive regulation of vitamin metabolic process	0/7	3/6920	1.0	7	0	1.0	
GO:1900058	BP	p	regulation of sulfate assimilation	0/7	1/6920	1.0	6	0	1.0	
GO:0006554	BP	p	lysine catabolic process	0/7	1/6920	1.0	9	0	1.0	
GO:0070509	BP	p	calcium ion import	0/7	3/6920	1.0	8	0	1.0	
GO:0031124	BP	p	mRNA 3'-end processing	0/7	29/6920	1.0	9	0	1.0	
GO:0042357	BP	p	thiamine diphosphate metabolic process	0/7	8/6920	1.0	7	0	1.0	
GO:0045128	BP	p	negative regulation of reciprocal meiotic recombination	0/7	3/6920	1.0	10	0	1.0	
GO:0009141	BP	p	nucleoside triphosphate metabolic process	0/7	66/6920	1.0	7	0	1.0	
GO:1901857	BP	p	positive regulation of cellular respiration	0/7	1/6920	1.0	7	0	1.0	
GO:0043650	BP	p	dicarboxylic acid biosynthetic process	0/7	25/6920	1.0	8	0	1.0	
GO:0061092	BP	p	positive regulation of phospholipid translocation	0/7	1/6920	1.0	8	0	1.0	
GO:0071497	BP	p	cellular response to freezing	0/7	3/6920	1.0	6	0	1.0	
GO:0035023	BP	p	regulation of Rho protein signal transduction	0/7	9/6920	1.0	8	0	1.0	
GO:0018023	BP	p	peptidyl-lysine trimethylation	0/7	3/6920	1.0	9	0	1.0	
GO:0034312	BP	p	diol biosynthetic process	0/7	8/6920	1.0	7	0	1.0	
GO:0009398	BP	p	FMN biosynthetic process	0/7	1/6920	1.0	10	0	1.0	
GO:2000765	BP	p	regulation of cytoplasmic translation	0/7	16/6920	1.0	10	0	1.0	
GO:1902979	BP	p	mitotic DNA replication termination	0/7	2/6920	1.0	10	0	1.0	
GO:0070592	BP	p	cell wall polysaccharide biosynthetic process	0/7	16/6920	1.0	7	0	1.0	
GO:0033559	BP	p	unsaturated fatty acid metabolic process	0/7	1/6920	1.0	9	0	1.0	
GO:0019659	BP	p	glucose catabolic process to lactate	0/7	1/6920	1.0	9	0	1.0	
GO:0006575	BP	p	modified amino acid metabolic process	0/7	60/6920	1.0	3	0	1.0	
GO:1903490	BP	p	positive regulation of mitotic cytokinesis	0/7	10/6920	1.0	8	0	1.0	
GO:0032271	BP	p	regulation of protein polymerization	0/7	35/6920	1.0	6	0	1.0	
GO:0006451	BP	p	translational readthrough	0/7	1/6920	1.0	10	0	1.0	
GO:0045930	BP	p	negative regulation of mitotic cell cycle	0/7	92/6920	1.0	6	0	1.0	
GO:0042816	BP	p	vitamin B6 metabolic process	0/7	14/6920	1.0	6	0	1.0	
GO:0015887	BP	p	pantothenate transmembrane transport	0/7	1/6920	1.0	7	0	1.0	
GO:1903765	BP	p	negative regulation of potassium ion export across plasma membrane	0/7	1/6920	1.0	10	0	1.0	
GO:0046580	BP	p	negative regulation of Ras protein signal transduction	0/7	5/6920	1.0	9	0	1.0	
GO:0000912	BP	p	assembly of actomyosin apparatus involved in cytokinesis	0/7	14/6920	1.0	5	0	1.0	
GO:0009730	BP	p	detection of carbohydrate stimulus	0/7	1/6920	1.0	5	0	1.0	
GO:1900065	BP	p	regulation of ethanol catabolic process	0/7	1/6920	1.0	7	0	1.0	
GO:0008617	BP	p	guanosine metabolic process	0/7	2/6920	1.0	10	0	1.0	
GO:0006694	BP	p	steroid biosynthetic process	0/7	36/6920	1.0	6	0	1.0	
GO:0000723	BP	p	telomere maintenance	0/7	83/6920	1.0	7	0	1.0	
GO:2000786	BP	p	positive regulation of autophagosome assembly	0/7	9/6920	1.0	9	0	1.0	
GO:0051455	BP	p	spindle attachment to meiosis I kinetochore	0/7	6/6920	1.0	5	0	1.0	
GO:0070988	BP	p	demethylation	0/7	1/6920	1.0	3	0	1.0	
GO:0051446	BP	p	positive regulation of meiotic cell cycle	0/7	12/6920	1.0	6	0	1.0	
GO:1990113	BP	p	RNA polymerase I assembly	0/7	2/6920	1.0	6	0	1.0	
GO:0071040	BP	p	nuclear polyadenylation-dependent antisense transcript catabolic process	0/7	2/6920	1.0	11	0	1.0	
GO:0140887	BP	p	positive regulation of nucleosome disassembly	0/7	1/6920	1.0	9	0	1.0	
GO:1901698	BP	p	response to nitrogen compound	0/7	79/6920	1.0	3	0	1.0	
GO:0051896	BP	p	regulation of phosphatidylinositol 3-kinase/protein kinase B signal transduction	0/7	1/6920	1.0	7	0	1.0	
GO:2000678	BP	p	negative regulation of transcription regulatory region DNA binding	0/7	2/6920	1.0	6	0	1.0	
GO:0044786	BP	p	cell cycle DNA replication	0/7	17/6920	1.0	9	0	1.0	
GO:0048468	BP	p	cell development	0/7	53/6920	1.0	3	0	1.0	
GO:0035349	BP	p	coenzyme A transmembrane transport	0/7	1/6920	1.0	7	0	1.0	
GO:0110095	BP	p	cellular detoxification of aldehyde	0/7	10/6920	1.0	3	0	1.0	
GO:0097502	BP	p	mannosylation	0/7	25/6920	1.0	4	0	1.0	
GO:1901524	BP	p	regulation of mitophagy	0/7	10/6920	1.0	8	0	1.0	
GO:0031340	BP	p	positive regulation of vesicle fusion	0/7	3/6920	1.0	7	0	1.0	
GO:0071476	BP	p	cellular hypotonic response	0/7	3/6920	1.0	6	0	1.0	
GO:0035493	BP	p	SNARE complex assembly	0/7	3/6920	1.0	6	0	1.0	
GO:0071268	BP	p	homocysteine biosynthetic process	0/7	1/6920	1.0	9	0	1.0	
GO:0010907	BP	p	positive regulation of glucose metabolic process	0/7	8/6920	1.0	8	0	1.0	
GO:0046135	BP	p	pyrimidine nucleoside catabolic process	0/7	2/6920	1.0	8	0	1.0	
GO:0007089	BP	p	traversing start control point of mitotic cell cycle	0/7	17/6920	1.0	10	0	1.0	
GO:0000448	BP	p	cleavage in ITS2 between 5.8S rRNA and LSU-rRNA of tricistronic rRNA transcript (SSU-rRNA, 5.8S rRNA, LSU-rRNA)	0/7	9/6920	1.0	10	0	1.0	
GO:0005978	BP	p	glycogen biosynthetic process	0/7	13/6920	1.0	8	0	1.0	
GO:0141161	BP	p	regulation of cAMP/PKA signal transduction	0/7	1/6920	1.0	7	0	1.0	
GO:0015771	BP	p	trehalose transport	0/7	2/6920	1.0	7	0	1.0	
GO:1900189	BP	p	positive regulation of cell adhesion involved in single-species biofilm formation	0/7	2/6920	1.0	7	0	1.0	
GO:0090334	BP	p	regulation of cell wall (1->3)-beta-D-glucan biosynthetic process	0/7	3/6920	1.0	12	0	1.0	
GO:0015744	BP	p	succinate transport	0/7	2/6920	1.0	8	0	1.0	
GO:0046417	BP	p	chorismate metabolic process	0/7	8/6920	1.0	8	0	1.0	
GO:0051013	BP	p	microtubule severing	0/7	2/6920	1.0	7	0	1.0	
GO:0006091	BP	p	generation of precursor metabolites and energy	0/7	177/6920	1.0	3	0	1.0	
GO:1903401	BP	p	L-lysine transmembrane transport	0/7	3/6920	1.0	8	0	1.0	
GO:0000492	BP	p	box C/D snoRNP assembly	0/7	9/6920	1.0	8	0	1.0	
GO:0019336	BP	p	phenol-containing compound catabolic process	0/7	1/6920	1.0	4	0	1.0	
GO:1905356	BP	p	regulation of snRNA pseudouridine synthesis	0/7	2/6920	1.0	8	0	1.0	
GO:2001154	BP	p	regulation of glycolytic fermentation to ethanol	0/7	1/6920	1.0	8	0	1.0	
GO:0030397	BP	p	membrane disassembly	0/7	1/6920	1.0	5	0	1.0	
GO:0072670	BP	p	mitochondrial tRNA threonylcarbamoyladenosine modification	0/7	1/6920	1.0	11	0	1.0	
GO:0097176	BP	p	epoxide metabolic process	0/7	1/6920	1.0	5	0	1.0	
GO:0042436	BP	p	indole-containing compound catabolic process	0/7	10/6920	1.0	4	0	1.0	
GO:0150172	BP	p	regulation of phosphatidylcholine metabolic process	0/7	7/6920	1.0	8	0	1.0	
GO:0089709	BP	p	L-histidine transmembrane transport	0/7	4/6920	1.0	8	0	1.0	
GO:0140504	BP	p	microlipophagy	0/7	3/6920	1.0	6	0	1.0	
GO:0071966	BP	p	fungal-type cell wall polysaccharide metabolic process	0/7	14/6920	1.0	7	0	1.0	
GO:2001276	BP	p	regulation of L-leucine biosynthetic process	0/7	1/6920	1.0	8	0	1.0	
GO:0009968	BP	p	negative regulation of signal transduction	0/7	53/6920	1.0	6	0	1.0	
GO:0046048	BP	p	UDP metabolic process	0/7	2/6920	1.0	10	0	1.0	
GO:0048259	BP	p	regulation of receptor-mediated endocytosis	0/7	11/6920	1.0	7	0	1.0	
GO:0032922	BP	p	circadian regulation of gene expression	0/7	1/6920	1.0	8	0	1.0	
GO:0072595	BP	p	maintenance of protein localization in organelle	0/7	15/6920	1.0	5	0	1.0	
GO:0007059	BP	p	chromosome segregation	0/7	113/6920	1.0	3	0	1.0	
GO:0048210	BP	p	Golgi vesicle fusion to target membrane	0/7	1/6920	1.0	8	0	1.0	
GO:0000467	BP	p	exonucleolytic trimming to generate mature 3'-end of 5.8S rRNA from tricistronic rRNA transcript (SSU-rRNA, 5.8S rRNA, LSU-rRNA)	0/7	18/6920	1.0	10	0	1.0	
GO:0030174	BP	p	regulation of DNA-templated DNA replication initiation	0/7	23/6920	1.0	10	0	1.0	
GO:0000729	BP	p	DNA double-strand break processing	0/7	11/6920	1.0	7	0	1.0	
GO:1990456	BP	p	mitochondrion-endoplasmic reticulum membrane tethering	0/7	6/6920	1.0	4	0	1.0	
GO:0030046	BP	p	parallel actin filament bundle assembly	0/7	6/6920	1.0	8	0	1.0	
GO:0071252	BP	p	cellular response to sulfur dioxide	0/7	1/6920	1.0	5	0	1.0	
GO:0009648	BP	p	photoperiodism	0/7	1/6920	1.0	5	0	1.0	
GO:0033037	BP	p	polysaccharide localization	0/7	2/6920	1.0	3	0	1.0	
GO:0000706	BP	p	meiotic DNA double-strand break processing	0/7	7/6920	1.0	8	0	1.0	
GO:1902272	BP	p	regulation of (R)-carnitine transmembrane transport	0/7	1/6920	1.0	6	0	1.0	
GO:0008333	BP	p	endosome to lysosome transport	0/7	1/6920	1.0	7	0	1.0	
GO:0006558	BP	p	L-phenylalanine metabolic process	0/7	9/6920	1.0	10	0	1.0	
GO:0034251	BP	p	regulation of amide catabolic process	0/7	1/6920	1.0	6	0	1.0	
GO:0070462	BP	p	plus-end specific microtubule depolymerization	0/7	1/6920	1.0	9	0	1.0	
GO:0034311	BP	p	diol metabolic process	0/7	8/6920	1.0	6	0	1.0	
GO:0019520	BP	p	aldonic acid metabolic process	0/7	3/6920	1.0	8	0	1.0	
GO:0006779	BP	p	porphyrin-containing compound biosynthetic process	0/7	17/6920	1.0	5	0	1.0	
GO:0051300	BP	p	spindle pole body organization	0/7	23/6920	1.0	5	0	1.0	
GO:0031591	BP	p	wybutosine biosynthetic process	0/7	4/6920	1.0	10	0	1.0	
GO:0006384	BP	p	transcription initiation at RNA polymerase III promoter	0/7	7/6920	1.0	9	0	1.0	
GO:0007097	BP	p	nuclear migration	0/7	23/6920	1.0	5	0	1.0	
GO:0009168	BP	p	purine ribonucleoside monophosphate biosynthetic process	0/7	24/6920	1.0	10	0	1.0	
GO:1990545	BP	p	mitochondrial thiamine pyrophosphate transmembrane transport	0/7	1/6920	1.0	8	0	1.0	
GO:0046823	BP	p	negative regulation of nucleocytoplasmic transport	0/7	2/6920	1.0	7	0	1.0	
GO:0006506	BP	p	GPI anchor biosynthetic process	0/7	32/6920	1.0	9	0	1.0	
GO:1900082	BP	p	negative regulation of arginine catabolic process	0/7	1/6920	1.0	9	0	1.0	
GO:0043086	BP	p	negative regulation of catalytic activity	0/7	1/6920	1.0	4	0	1.0	
GO:0042546	BP	p	cell wall biogenesis	0/7	21/6920	1.0	4	0	1.0	
GO:0000184	BP	p	nuclear-transcribed mRNA catabolic process, nonsense-mediated decay	0/7	30/6920	1.0	11	0	1.0	
GO:0071932	BP	p	replication fork reversal	0/7	3/6920	1.0	9	0	1.0	
GO:1900749	BP	p	(R)-carnitine transport	0/7	1/6920	1.0	8	0	1.0	
GO:0042797	BP	p	tRNA transcription by RNA polymerase III	0/7	18/6920	1.0	10	0	1.0	
GO:0032071	BP	p	regulation of endodeoxyribonuclease activity	0/7	1/6920	1.0	4	0	1.0	
GO:0006533	BP	p	L-aspartate catabolic process	0/7	1/6920	1.0	11	0	1.0	
GO:0042853	BP	p	L-alanine catabolic process	0/7	2/6920	1.0	11	0	1.0	
GO:0002188	BP	p	translation reinitiation	0/7	7/6920	1.0	5	0	1.0	
GO:2000689	BP	p	actomyosin contractile ring assembly actin filament organization	0/7	1/6920	1.0	6	0	1.0	
GO:0071071	BP	p	regulation of phospholipid biosynthetic process	0/7	19/6920	1.0	8	0	1.0	
GO:0045022	BP	p	early endosome to late endosome transport	0/7	1/6920	1.0	7	0	1.0	
GO:1902915	BP	p	negative regulation of protein polyubiquitination	0/7	1/6920	1.0	12	0	1.0	
GO:0009308	BP	p	amine metabolic process	0/7	28/6920	1.0	3	0	1.0	
GO:0007094	BP	p	mitotic spindle assembly checkpoint signaling	0/7	25/6920	1.0	12	0	1.0	
GO:0043487	BP	p	regulation of RNA stability	0/7	45/6920	1.0	9	0	1.0	
GO:0000425	BP	p	pexophagy	0/7	31/6920	1.0	6	0	1.0	
GO:0043069	BP	p	negative regulation of programmed cell death	0/7	10/6920	1.0	5	0	1.0	
GO:0009140	BP	p	pyrimidine nucleoside diphosphate catabolic process	0/7	1/6920	1.0	9	0	1.0	
GO:0038066	BP	p	p38MAPK cascade	0/7	6/6920	1.0	8	0	1.0	
GO:0006023	BP	p	aminoglycan biosynthetic process	0/7	21/6920	1.0	5	0	1.0	
GO:0035863	BP	p	dITP catabolic process	0/7	1/6920	1.0	12	0	1.0	
GO:0120174	BP	p	stress-induced homeostatically regulated protein degradation pathway	0/7	5/6920	1.0	10	0	1.0	
GO:0071169	BP	p	establishment of protein localization to chromatin	0/7	4/6920	1.0	8	0	1.0	
GO:0043103	BP	p	hypoxanthine salvage	0/7	1/6920	1.0	10	0	1.0	
GO:1902575	BP	p	protein localization to cell division site involved in cytokinesis, actomyosin contractile ring assembly	0/7	1/6920	1.0	6	0	1.0	
GO:0009120	BP	p	deoxyribonucleoside metabolic process	0/7	1/6920	1.0	7	0	1.0	
GO:0035674	BP	p	tricarboxylic acid transmembrane transport	0/7	3/6920	1.0	7	0	1.0	
GO:1903466	BP	p	regulation of mitotic DNA replication initiation	0/7	4/6920	1.0	12	0	1.0	
GO:0010124	BP	p	phenylacetate catabolic process	0/7	1/6920	1.0	9	0	1.0	
GO:0110120	BP	p	gamma-tubulin complex localization to nuclear side of mitotic spindle pole body	0/7	1/6920	1.0	5	0	1.0	
GO:2001158	BP	p	positive regulation of proline catabolic process to glutamate	0/7	1/6920	1.0	10	0	1.0	
GO:0006271	BP	p	DNA strand elongation involved in DNA replication	0/7	24/6920	1.0	8	0	1.0	
GO:0007584	BP	p	response to nutrient	0/7	16/6920	1.0	3	0	1.0	
GO:0043939	BP	p	negative regulation of sporulation	0/7	3/6920	1.0	5	0	1.0	
GO:0075523	BP	p	viral translational frameshifting	0/7	90/6920	1.0	2	0	1.0	
GO:0030149	BP	p	sphingolipid catabolic process	0/7	5/6920	1.0	7	0	1.0	
GO:0051170	BP	p	import into nucleus	0/7	70/6920	1.0	7	0	1.0	
GO:0006006	BP	p	glucose metabolic process	0/7	43/6920	1.0	7	0	1.0	
GO:1903872	BP	p	regulation of DNA recombinase mediator complex assembly	0/7	1/6920	1.0	6	0	1.0	
GO:0042938	BP	p	dipeptide transport	0/7	3/6920	1.0	8	0	1.0	
GO:0006430	BP	p	lysyl-tRNA aminoacylation	0/7	2/6920	1.0	10	0	1.0	
GO:0098876	BP	p	vesicle-mediated transport to the plasma membrane	0/7	45/6920	1.0	5	0	1.0	
GO:1901475	BP	p	pyruvate transmembrane transport	0/7	7/6920	1.0	8	0	1.0	
GO:0000429	BP	p	carbon catabolite regulation of transcription from RNA polymerase II promoter	0/7	2/6920	1.0	11	0	1.0	
GO:0110027	BP	p	negative regulation of DNA strand resection involved in replication fork processing	0/7	1/6920	1.0	11	0	1.0	
GO:1990549	BP	p	mitochondrial NAD transmembrane transport	0/7	2/6920	1.0	11	0	1.0	
GO:0045833	BP	p	negative regulation of lipid metabolic process	0/7	19/6920	1.0	7	0	1.0	
GO:2000211	BP	p	regulation of glutamate metabolic process	0/7	1/6920	1.0	8	0	1.0	
GO:0046937	BP	p	phytochelatin metabolic process	0/7	2/6920	1.0	4	0	1.0	
GO:0006787	BP	p	porphyrin-containing compound catabolic process	0/7	1/6920	1.0	5	0	1.0	
GO:0050996	BP	p	positive regulation of lipid catabolic process	0/7	4/6920	1.0	8	0	1.0	
GO:0015714	BP	p	phosphoenolpyruvate transport	0/7	2/6920	1.0	7	0	1.0	
GO:1902656	BP	p	calcium ion import into cytosol	0/7	3/6920	1.0	8	0	1.0	
GO:0034314	BP	p	Arp2/3 complex-mediated actin nucleation	0/7	7/6920	1.0	7	0	1.0	
GO:0015810	BP	p	aspartate transmembrane transport	0/7	4/6920	1.0	8	0	1.0	
GO:0002949	BP	p	tRNA threonylcarbamoyladenosine modification	0/7	4/6920	1.0	10	0	1.0	
GO:0022616	BP	p	DNA strand elongation	0/7	27/6920	1.0	7	0	1.0	
GO:0000079	BP	p	regulation of cyclin-dependent protein serine/threonine kinase activity	0/7	2/6920	1.0	11	0	1.0	
GO:0015794	BP	p	glycerol-3-phosphate transmembrane transport	0/7	2/6920	1.0	5	0	1.0	
GO:2001280	BP	p	positive regulation of unsaturated fatty acid biosynthetic process	0/7	2/6920	1.0	10	0	1.0	
GO:0031921	BP	p	pyridoxal phosphate transport	0/7	1/6920	1.0	6	0	1.0	
GO:1903516	BP	p	regulation of single strand break repair	0/7	1/6920	1.0	9	0	1.0	
GO:0019676	BP	p	ammonia assimilation cycle	0/7	1/6920	1.0	11	0	1.0	
GO:0043484	BP	p	regulation of RNA splicing	0/7	7/6920	1.0	8	0	1.0	
GO:0097046	BP	p	replication fork progression beyond termination site	0/7	2/6920	1.0	11	0	1.0	
GO:0000466	BP	p	maturation of 5.8S rRNA from tricistronic rRNA transcript (SSU-rRNA, 5.8S rRNA, LSU-rRNA)	0/7	18/6920	1.0	10	0	1.0	
GO:0048646	BP	p	anatomical structure formation involved in morphogenesis	0/7	168/6920	1.0	2	0	1.0	
GO:0051246	BP	p	regulation of protein metabolic process	0/7	259/6920	1.0	6	0	1.0	
GO:0009069	BP	p	serine family amino acid metabolic process	0/7	35/6920	1.0	8	0	1.0	
GO:0033674	BP	p	positive regulation of kinase activity	0/7	2/6920	1.0	9	0	1.0	
GO:0070813	BP	p	hydrogen sulfide metabolic process	0/7	6/6920	1.0	4	0	1.0	
GO:0051156	BP	p	glucose 6-phosphate metabolic process	0/7	26/6920	1.0	5	0	1.0	
GO:0000950	BP	p	branched-chain amino acid catabolic process to alcohol via Ehrlich pathway	0/7	1/6920	1.0	9	0	1.0	
GO:0046035	BP	p	CMP metabolic process	0/7	2/6920	1.0	10	0	1.0	
GO:0071035	BP	p	nuclear polyadenylation-dependent rRNA catabolic process	0/7	19/6920	1.0	10	0	1.0	
GO:0015914	BP	p	phospholipid transport	0/7	34/6920	1.0	5	0	1.0	
GO:0009113	BP	p	purine nucleobase biosynthetic process	0/7	10/6920	1.0	8	0	1.0	
GO:0060904	BP	p	regulation of protein folding in endoplasmic reticulum	0/7	1/6920	1.0	5	0	1.0	
GO:0046416	BP	p	D-amino acid metabolic process	0/7	3/6920	1.0	8	0	1.0	
GO:0018343	BP	p	protein farnesylation	0/7	3/6920	1.0	7	0	1.0	
GO:0071311	BP	p	cellular response to acetate	0/7	1/6920	1.0	5	0	1.0	
GO:0090174	BP	p	organelle membrane fusion	0/7	52/6920	1.0	6	0	1.0	
GO:0010906	BP	p	regulation of glucose metabolic process	0/7	23/6920	1.0	7	0	1.0	
GO:0009148	BP	p	pyrimidine nucleoside triphosphate biosynthetic process	0/7	7/6920	1.0	9	0	1.0	
GO:0046654	BP	p	tetrahydrofolate biosynthetic process	0/7	5/6920	1.0	6	0	1.0	
GO:0061985	BP	p	carbon catabolite repression	0/7	1/6920	1.0	6	0	1.0	
GO:0051294	BP	p	establishment of spindle orientation	0/7	13/6920	1.0	8	0	1.0	
GO:1905268	BP	p	negative regulation of chromatin organization	0/7	16/6920	1.0	6	0	1.0	
GO:0000477	BP	p	generation of mature 5'-end of LSU-rRNA from tricistronic rRNA transcript (SSU-rRNA, 5.8S rRNA, LSU-rRNA)	0/7	1/6920	1.0	10	0	1.0	
GO:0070072	BP	p	vacuolar proton-transporting V-type ATPase complex assembly	0/7	7/6920	1.0	8	0	1.0	
GO:0033048	BP	p	negative regulation of mitotic sister chromatid segregation	0/7	25/6920	1.0	9	0	1.0	
GO:0080058	BP	p	protein deglutathionylation	0/7	2/6920	1.0	6	0	1.0	
GO:0023056	BP	p	positive regulation of signaling	0/7	32/6920	1.0	4	0	1.0	
GO:0046103	BP	p	inosine biosynthetic process	0/7	1/6920	1.0	10	0	1.0	
GO:0006873	BP	p	intracellular monoatomic ion homeostasis	0/7	162/6920	1.0	4	0	1.0	
GO:0051793	BP	p	medium-chain fatty acid catabolic process	0/7	3/6920	1.0	10	0	1.0	
GO:1901663	BP	p	quinone biosynthetic process	0/7	14/6920	1.0	6	0	1.0	
GO:1902926	BP	p	inulin metabolic process	0/7	1/6920	1.0	7	0	1.0	
GO:0046130	BP	p	purine ribonucleoside catabolic process	0/7	2/6920	1.0	9	0	1.0	
GO:0016078	BP	p	tRNA decay	0/7	18/6920	1.0	8	0	1.0	
GO:0007088	BP	p	regulation of mitotic nuclear division	0/7	39/6920	1.0	7	0	1.0	
GO:0060542	BP	p	regulation of strand invasion	0/7	2/6920	1.0	8	0	1.0	
GO:0071168	BP	p	protein localization to chromatin	0/7	6/6920	1.0	7	0	1.0	
GO:0006140	BP	p	regulation of nucleotide metabolic process	0/7	8/6920	1.0	7	0	1.0	
GO:0000023	BP	p	maltose metabolic process	0/7	19/6920	1.0	7	0	1.0	
GO:1990569	BP	p	UDP-N-acetylglucosamine transmembrane transport	0/7	1/6920	1.0	8	0	1.0	
GO:0046173	BP	p	polyol biosynthetic process	0/7	20/6920	1.0	6	0	1.0	
GO:0009190	BP	p	cyclic nucleotide biosynthetic process	0/7	1/6920	1.0	9	0	1.0	
GO:0033121	BP	p	regulation of purine nucleotide catabolic process	0/7	7/6920	1.0	9	0	1.0	
GO:0045819	BP	p	positive regulation of glycogen catabolic process	0/7	1/6920	1.0	10	0	1.0	
GO:0009745	BP	p	sucrose mediated signaling	0/7	1/6920	1.0	7	0	1.0	
GO:0035725	BP	p	sodium ion transmembrane transport	0/7	9/6920	1.0	8	0	1.0	
GO:0006435	BP	p	threonyl-tRNA aminoacylation	0/7	2/6920	1.0	10	0	1.0	
GO:0031929	BP	p	TOR signaling	0/7	20/6920	1.0	6	0	1.0	
GO:0072393	BP	p	microtubule anchoring at microtubule organizing center	0/7	1/6920	1.0	8	0	1.0	
GO:0055081	BP	p	monoatomic anion homeostasis	0/7	1/6920	1.0	4	0	1.0	
GO:0034475	BP	p	U4 snRNA 3'-end processing	0/7	15/6920	1.0	10	0	1.0	
GO:0032273	BP	p	positive regulation of protein polymerization	0/7	14/6920	1.0	7	0	1.0	
GO:0090069	BP	p	regulation of ribosome biogenesis	0/7	2/6920	1.0	5	0	1.0	
GO:0010969	BP	p	regulation of pheromone-dependent signal transduction involved in conjugation with cellular fusion	0/7	4/6920	1.0	7	0	1.0	
GO:0006366	BP	p	transcription by RNA polymerase II	0/7	65/6920	1.0	9	0	1.0	
GO:0035879	BP	p	plasma membrane lactate transport	0/7	1/6920	1.0	9	0	1.0	
GO:1903317	BP	p	regulation of protein maturation	0/7	1/6920	1.0	8	0	1.0	
GO:0046185	BP	p	aldehyde catabolic process	0/7	11/6920	1.0	4	0	1.0	
GO:0006469	BP	p	negative regulation of protein kinase activity	0/7	1/6920	1.0	10	0	1.0	
GO:0046903	BP	p	secretion	0/7	55/6920	1.0	4	0	1.0	
GO:0042174	BP	p	negative regulation of sporulation resulting in formation of a cellular spore	0/7	3/6920	1.0	6	0	1.0	
GO:0030490	BP	p	maturation of SSU-rRNA	0/7	85/6920	1.0	9	0	1.0	
GO:0033043	BP	p	regulation of organelle organization	0/7	254/6920	1.0	5	0	1.0	
GO:0009145	BP	p	purine nucleoside triphosphate biosynthetic process	0/7	24/6920	1.0	9	0	1.0	
GO:1903108	BP	p	regulation of mitochondrial transcription	0/7	2/6920	1.0	10	0	1.0	
GO:0006886	BP	p	intracellular protein transport	0/7	349/6920	1.0	7	0	1.0	
GO:1903457	BP	p	lactate catabolic process	0/7	2/6920	1.0	9	0	1.0	
GO:1902927	BP	p	inulin catabolic process	0/7	1/6920	1.0	8	0	1.0	
GO:1900470	BP	p	positive regulation of phosphatidylserine biosynthetic process	0/7	2/6920	1.0	10	0	1.0	
GO:2000785	BP	p	regulation of autophagosome assembly	0/7	13/6920	1.0	7	0	1.0	
GO:0045984	BP	p	negative regulation of pyrimidine nucleobase metabolic process	0/7	1/6920	1.0	8	0	1.0	
GO:2001194	BP	p	regulation of lysine biosynthetic process via alpha-aminoadipate and saccharopine	0/7	1/6920	1.0	9	0	1.0	
GO:0032370	BP	p	positive regulation of lipid transport	0/7	5/6920	1.0	6	0	1.0	
GO:0019364	BP	p	pyridine nucleotide catabolic process	0/7	27/6920	1.0	9	0	1.0	
GO:0006198	BP	p	cAMP catabolic process	0/7	1/6920	1.0	11	0	1.0	
GO:0097271	BP	p	protein localization to bud neck	0/7	12/6920	1.0	5	0	1.0	
GO:0034285	BP	p	response to disaccharide	0/7	1/6920	1.0	5	0	1.0	
GO:0071465	BP	p	cellular response to desiccation	0/7	3/6920	1.0	7	0	1.0	
GO:0051046	BP	p	regulation of secretion	0/7	8/6920	1.0	5	0	1.0	
GO:0019858	BP	p	cytosine metabolic process	0/7	2/6920	1.0	8	0	1.0	
GO:0042744	BP	p	hydrogen peroxide catabolic process	0/7	6/6920	1.0	5	0	1.0	
GO:2000156	BP	p	regulation of retrograde vesicle-mediated transport, Golgi to ER	0/7	1/6920	1.0	6	0	1.0	
GO:1902660	BP	p	negative regulation of glucose mediated signaling pathway	0/7	4/6920	1.0	7	0	1.0	
GO:0015711	BP	p	organic anion transport	0/7	122/6920	1.0	4	0	1.0	
GO:0090149	BP	p	mitochondrial membrane fission	0/7	1/6920	1.0	6	0	1.0	
GO:0090055	BP	p	positive regulation of silent mating-type cassette heterochromatin formation	0/7	1/6920	1.0	10	0	1.0	
GO:0050686	BP	p	negative regulation of mRNA processing	0/7	2/6920	1.0	10	0	1.0	
GO:0071028	BP	p	nuclear mRNA surveillance	0/7	27/6920	1.0	11	0	1.0	
GO:0043067	BP	p	regulation of programmed cell death	0/7	17/6920	1.0	4	0	1.0	
GO:1990116	BP	p	ribosome-associated ubiquitin-dependent protein catabolic process	0/7	9/6920	1.0	10	0	1.0	
GO:0032258	BP	p	cytoplasm to vacuole targeting by the Cvt pathway	0/7	49/6920	1.0	9	0	1.0	
GO:0006195	BP	p	purine nucleotide catabolic process	0/7	30/6920	1.0	9	0	1.0	
GO:0071852	BP	p	fungal-type cell wall organization or biogenesis	0/7	191/6920	1.0	3	0	1.0	
GO:0042304	BP	p	regulation of fatty acid biosynthetic process	0/7	6/6920	1.0	8	0	1.0	
GO:0170034	BP	p	L-amino acid biosynthetic process	0/7	106/6920	1.0	9	0	1.0	
GO:0033260	BP	p	nuclear DNA replication	0/7	17/6920	1.0	10	0	1.0	
GO:2000282	BP	p	regulation of amino acid biosynthetic process	0/7	7/6920	1.0	7	0	1.0	
GO:0009225	BP	p	nucleotide-sugar metabolic process	0/7	15/6920	1.0	7	0	1.0	
GO:1901264	BP	p	carbohydrate derivative transport	0/7	43/6920	1.0	4	0	1.0	
GO:0006809	BP	p	nitric oxide biosynthetic process	0/7	1/6920	1.0	5	0	1.0	
GO:0006508	BP	p	proteolysis	0/7	394/6920	1.0	5	0	1.0	
GO:1903292	BP	p	protein localization to Golgi membrane	0/7	1/6920	1.0	7	0	1.0	
GO:0034288	BP	p	detection of disaccharide stimulus	0/7	1/6920	1.0	6	0	1.0	
GO:0015959	BP	p	diadenosine polyphosphate metabolic process	0/7	1/6920	1.0	8	0	1.0	
GO:0033215	BP	p	reductive iron assimilation	0/7	3/6920	1.0	10	0	1.0	
GO:0009185	BP	p	ribonucleoside diphosphate metabolic process	0/7	30/6920	1.0	8	0	1.0	
GO:0007114	BP	p	cell budding	0/7	30/6920	1.0	3	0	1.0	
GO:0009119	BP	p	ribonucleoside metabolic process	0/7	15/6920	1.0	7	0	1.0	
GO:0006402	BP	p	mRNA catabolic process	0/7	127/6920	1.0	9	0	1.0	
GO:0018904	BP	p	ether metabolic process	0/7	2/6920	1.0	4	0	1.0	
GO:0032951	BP	p	regulation of beta-glucan biosynthetic process	0/7	5/6920	1.0	10	0	1.0	
GO:0033750	BP	p	ribosome localization	0/7	69/6920	1.0	3	0	1.0	
GO:0015755	BP	p	fructose transmembrane transport	0/7	18/6920	1.0	8	0	1.0	
GO:0032107	BP	p	regulation of response to nutrient levels	0/7	22/6920	1.0	4	0	1.0	
GO:0043269	BP	p	regulation of monoatomic ion transport	0/7	7/6920	1.0	5	0	1.0	
GO:0050848	BP	p	regulation of calcium-mediated signaling	0/7	2/6920	1.0	7	0	1.0	
GO:0051101	BP	p	regulation of DNA binding	0/7	8/6920	1.0	4	0	1.0	
GO:0034253	BP	p	positive regulation of amide catabolic process	0/7	1/6920	1.0	7	0	1.0	
GO:0006002	BP	p	fructose 6-phosphate metabolic process	0/7	12/6920	1.0	5	0	1.0	
GO:0019265	BP	p	glycine biosynthetic process, by transamination of glyoxylate	0/7	1/6920	1.0	11	0	1.0	
GO:0071988	BP	p	protein localization to spindle pole body	0/7	7/6920	1.0	9	0	1.0	
GO:0170062	BP	p	nutrient storage	0/7	5/6920	1.0	2	0	1.0	
GO:0099022	BP	p	vesicle tethering	0/7	9/6920	1.0	4	0	1.0	
GO:0001120	BP	p	protein-DNA complex remodeling	0/7	7/6920	1.0	6	0	1.0	
GO:0051209	BP	p	release of sequestered calcium ion into cytosol	0/7	1/6920	1.0	10	0	1.0	
GO:0031495	BP	p	negative regulation of mating type switching	0/7	1/6920	1.0	5	0	1.0	
GO:0010142	BP	p	farnesyl diphosphate biosynthetic process, mevalonate pathway	0/7	4/6920	1.0	9	0	1.0	
GO:0010894	BP	p	negative regulation of steroid biosynthetic process	0/7	1/6920	1.0	9	0	1.0	
GO:0031146	BP	p	SCF-dependent proteasomal ubiquitin-dependent protein catabolic process	0/7	19/6920	1.0	10	0	1.0	
GO:0035025	BP	p	positive regulation of Rho protein signal transduction	0/7	3/6920	1.0	9	0	1.0	
GO:0031398	BP	p	positive regulation of protein ubiquitination	0/7	10/6920	1.0	11	0	1.0	
GO:2001138	BP	p	regulation of phospholipid transport	0/7	6/6920	1.0	6	0	1.0	
GO:0043137	BP	p	DNA replication, removal of RNA primer	0/7	6/6920	1.0	8	0	1.0	
GO:0035524	BP	p	proline transmembrane transport	0/7	4/6920	1.0	7	0	1.0	
GO:0017121	BP	p	plasma membrane phospholipid scrambling	0/7	4/6920	1.0	8	0	1.0	
GO:0000493	BP	p	box H/ACA snoRNP assembly	0/7	3/6920	1.0	8	0	1.0	
GO:0043173	BP	p	nucleotide salvage	0/7	16/6920	1.0	9	0	1.0	
GO:0042138	BP	p	meiotic DNA double-strand break formation	0/7	18/6920	1.0	7	0	1.0	
GO:0030497	BP	p	fatty acid elongation	0/7	5/6920	1.0	10	0	1.0	
GO:0044804	BP	p	nucleophagy	0/7	49/6920	1.0	6	0	1.0	
GO:1990546	BP	p	mitochondrial tricarboxylic acid transmembrane transport	0/7	3/6920	1.0	8	0	1.0	
GO:0015942	BP	p	formate metabolic process	0/7	2/6920	1.0	8	0	1.0	
GO:0071044	BP	p	histone mRNA catabolic process	0/7	3/6920	1.0	11	0	1.0	
GO:0060566	BP	p	positive regulation of termination of DNA-templated transcription	0/7	1/6920	1.0	11	0	1.0	
GO:0060628	BP	p	regulation of ER to Golgi vesicle-mediated transport	0/7	5/6920	1.0	6	0	1.0	
GO:0002943	BP	p	tRNA dihydrouridine synthesis	0/7	4/6920	1.0	10	0	1.0	
GO:0045911	BP	p	positive regulation of DNA recombination	0/7	7/6920	1.0	9	0	1.0	
GO:1903843	BP	p	cellular response to arsenite ion	0/7	1/6920	1.0	5	0	1.0	
GO:0140021	BP	p	mitochondrial ADP transmembrane transport	0/7	5/6920	1.0	10	0	1.0	
GO:0070887	BP	p	cellular response to chemical stimulus	0/7	253/6920	1.0	3	0	1.0	
GO:0070542	BP	p	response to fatty acid	0/7	6/6920	1.0	4	0	1.0	
GO:0051054	BP	p	positive regulation of DNA metabolic process	0/7	29/6920	1.0	8	0	1.0	
GO:0055064	BP	p	chloride ion homeostasis	0/7	1/6920	1.0	5	0	1.0	
GO:0032065	BP	p	maintenance of protein location in cell cortex	0/7	2/6920	1.0	5	0	1.0	
GO:0009223	BP	p	pyrimidine deoxyribonucleotide catabolic process	0/7	1/6920	1.0	11	0	1.0	
GO:0034656	BP	p	nucleobase-containing small molecule catabolic process	0/7	7/6920	1.0	6	0	1.0	
GO:2001246	BP	p	negative regulation of phosphatidylcholine biosynthetic process	0/7	3/6920	1.0	10	0	1.0	
GO:0042775	BP	p	mitochondrial ATP synthesis coupled electron transport	0/7	1/6920	1.0	7	0	1.0	
GO:1903353	BP	p	regulation of nucleus organization	0/7	1/6920	1.0	6	0	1.0	
GO:2000198	BP	p	negative regulation of ribonucleoprotein complex localization	0/7	1/6920	1.0	6	0	1.0	
GO:0006566	BP	p	threonine metabolic process	0/7	8/6920	1.0	10	0	1.0	
GO:0010506	BP	p	regulation of autophagy	0/7	66/6920	1.0	6	0	1.0	
GO:0006121	BP	p	mitochondrial electron transport, succinate to ubiquinone	0/7	8/6920	1.0	8	0	1.0	
GO:0007535	BP	p	donor selection	0/7	6/6920	1.0	3	0	1.0	
GO:0044774	BP	p	mitotic DNA integrity checkpoint signaling	0/7	33/6920	1.0	10	0	1.0	
GO:1900080	BP	p	positive regulation of arginine biosynthetic process	0/7	1/6920	1.0	9	0	1.0	
GO:0009631	BP	p	cold acclimation	0/7	1/6920	1.0	5	0	1.0	
GO:0090154	BP	p	positive regulation of sphingolipid biosynthetic process	0/7	2/6920	1.0	9	0	1.0	
GO:0032940	BP	p	secretion by cell	0/7	55/6920	1.0	5	0	1.0	
GO:0010971	BP	p	positive regulation of G2/M transition of mitotic cell cycle	0/7	4/6920	1.0	9	0	1.0	
GO:0046831	BP	p	regulation of RNA export from nucleus	0/7	5/6920	1.0	7	0	1.0	
GO:0006109	BP	p	regulation of carbohydrate metabolic process	0/7	53/6920	1.0	6	0	1.0	
GO:0019477	BP	p	L-lysine catabolic process	0/7	1/6920	1.0	11	0	1.0	
GO:0033015	BP	p	tetrapyrrole catabolic process	0/7	1/6920	1.0	4	0	1.0	
GO:0032409	BP	p	regulation of transporter activity	0/7	1/6920	1.0	3	0	1.0	
GO:0035965	BP	p	cardiolipin acyl-chain remodeling	0/7	2/6920	1.0	9	0	1.0	
GO:1990139	BP	p	protein localization to nuclear periphery	0/7	2/6920	1.0	7	0	1.0	
GO:0051273	BP	p	beta-glucan metabolic process	0/7	25/6920	1.0	7	0	1.0	
GO:0006903	BP	p	vesicle targeting	0/7	3/6920	1.0	2	0	1.0	
GO:0006799	BP	p	polyphosphate biosynthetic process	0/7	7/6920	1.0	7	0	1.0	
GO:0006337	BP	p	nucleosome disassembly	0/7	21/6920	1.0	7	0	1.0	
GO:0044282	BP	p	small molecule catabolic process	0/7	138/6920	1.0	4	0	1.0	
GO:0140718	BP	p	facultative heterochromatin formation	0/7	24/6920	1.0	11	0	1.0	
GO:1904981	BP	p	maltose transmembrane transport	0/7	3/6920	1.0	8	0	1.0	
GO:1904669	BP	p	ATP export	0/7	17/6920	1.0	10	0	1.0	
GO:0030813	BP	p	positive regulation of nucleotide catabolic process	0/7	1/6920	1.0	9	0	1.0	
GO:0010508	BP	p	positive regulation of autophagy	0/7	32/6920	1.0	7	0	1.0	
GO:0090407	BP	p	organophosphate biosynthetic process	0/7	266/6920	1.0	5	0	1.0	
GO:1990466	BP	p	protein autosumoylation	0/7	1/6920	1.0	10	0	1.0	
GO:0045763	BP	p	negative regulation of amino acid metabolic process	0/7	1/6920	1.0	7	0	1.0	
GO:0070879	BP	p	fungal-type cell wall beta-glucan metabolic process	0/7	11/6920	1.0	9	0	1.0	
GO:1902953	BP	p	positive regulation of ER to Golgi vesicle-mediated transport	0/7	1/6920	1.0	7	0	1.0	
GO:1900071	BP	p	regulation of sulfite transmembrane transport	0/7	1/6920	1.0	7	0	1.0	
GO:1901678	BP	p	iron coordination entity transport	0/7	20/6920	1.0	9	0	1.0	
GO:0016093	BP	p	polyprenol metabolic process	0/7	6/6920	1.0	6	0	1.0	
GO:0000011	BP	p	vacuole inheritance	0/7	20/6920	1.0	6	0	1.0	
GO:0010563	BP	p	negative regulation of phosphorus metabolic process	0/7	23/6920	1.0	6	0	1.0	
GO:0006522	BP	p	alanine metabolic process	0/7	2/6920	1.0	8	0	1.0	
GO:0002100	BP	p	tRNA wobble adenosine to inosine editing	0/7	3/6920	1.0	11	0	1.0	
GO:0006089	BP	p	lactate metabolic process	0/7	12/6920	1.0	8	0	1.0	
GO:1900064	BP	p	positive regulation of peroxisome organization	0/7	1/6920	1.0	7	0	1.0	
GO:0046148	BP	p	pigment biosynthetic process	0/7	17/6920	1.0	4	0	1.0	
GO:0047496	BP	p	vesicle transport along microtubule	0/7	1/6920	1.0	8	0	1.0	
GO:0006525	BP	p	arginine metabolic process	0/7	21/6920	1.0	8	0	1.0	
GO:0006103	BP	p	2-oxoglutarate metabolic process	0/7	6/6920	1.0	8	0	1.0	
GO:1905524	BP	p	negative regulation of protein autoubiquitination	0/7	1/6920	1.0	12	0	1.0	
GO:0010974	BP	p	negative regulation of division septum assembly	0/7	1/6920	1.0	9	0	1.0	
GO:0006868	BP	p	glutamine transport	0/7	3/6920	1.0	6	0	1.0	
GO:0009259	BP	p	ribonucleotide metabolic process	0/7	92/6920	1.0	8	0	1.0	
GO:0110154	BP	p	RNA decapping	0/7	23/6920	1.0	7	0	1.0	
GO:0032459	BP	p	regulation of protein oligomerization	0/7	2/6920	1.0	6	0	1.0	
GO:0019725	BP	p	cellular homeostasis	0/7	222/6920	1.0	2	0	1.0	
GO:1902115	BP	p	regulation of organelle assembly	0/7	34/6920	1.0	6	0	1.0	
GO:0010121	BP	p	L-arginine catabolic process to proline via ornithine	0/7	1/6920	1.0	12	0	1.0	
GO:0035672	BP	p	oligopeptide transmembrane transport	0/7	10/6920	1.0	8	0	1.0	
GO:0046092	BP	p	deoxycytidine metabolic process	0/7	1/6920	1.0	9	0	1.0	
GO:0071269	BP	p	L-homocysteine biosynthetic process	0/7	1/6920	1.0	10	0	1.0	
GO:0030491	BP	p	heteroduplex formation	0/7	8/6920	1.0	7	0	1.0	
GO:0170043	BP	p	non-proteinogenic amino acid biosynthetic process	0/7	9/6920	1.0	8	0	1.0	
GO:0022603	BP	p	regulation of anatomical structure morphogenesis	0/7	21/6920	1.0	4	0	1.0	
GO:0097190	BP	p	apoptotic signaling pathway	0/7	1/6920	1.0	5	0	1.0	
GO:0043937	BP	p	regulation of sporulation	0/7	13/6920	1.0	4	0	1.0	
GO:0010273	BP	p	detoxification of copper ion	0/7	3/6920	1.0	3	0	1.0	
GO:0033979	BP	p	box H/ACA sno(s)RNA metabolic process	0/7	2/6920	1.0	8	0	1.0	
GO:0006259	BP	p	DNA metabolic process	0/7	525/6920	1.0	6	0	1.0	
GO:0009649	BP	p	entrainment of circadian clock	0/7	1/6920	1.0	4	0	1.0	
GO:0006524	BP	p	alanine catabolic process	0/7	2/6920	1.0	9	0	1.0	
GO:0044211	BP	p	CTP salvage	0/7	2/6920	1.0	12	0	1.0	
GO:0072479	BP	p	response to mitotic cell cycle spindle assembly checkpoint signaling	0/7	4/6920	1.0	7	0	1.0	
GO:1903753	BP	p	negative regulation of p38MAPK cascade	0/7	2/6920	1.0	9	0	1.0	
GO:0032456	BP	p	endocytic recycling	0/7	13/6920	1.0	6	0	1.0	
GO:1902415	BP	p	regulation of mRNA binding	0/7	1/6920	1.0	4	0	1.0	
GO:0072666	BP	p	establishment of protein localization to vacuole	0/7	123/6920	1.0	7	0	1.0	
GO:1901891	BP	p	regulation of cell septum assembly	0/7	6/6920	1.0	7	0	1.0	
GO:0055129	BP	p	L-proline biosynthetic process	0/7	4/6920	1.0	12	0	1.0	
GO:0006656	BP	p	phosphatidylcholine biosynthetic process	0/7	13/6920	1.0	8	0	1.0	
GO:0042450	BP	p	L-arginine biosynthetic process via ornithine	0/7	2/6920	1.0	12	0	1.0	
GO:0048856	BP	p	anatomical structure development	0/7	53/6920	1.0	2	0	1.0	
GO:0000196	BP	p	cell integrity MAPK cascade	0/7	10/6920	1.0	9	0	1.0	
GO:0036503	BP	p	ERAD pathway	0/7	57/6920	1.0	8	0	1.0	
GO:0051100	BP	p	negative regulation of binding	0/7	5/6920	1.0	4	0	1.0	
GO:0015791	BP	p	polyol transmembrane transport	0/7	14/6920	1.0	5	0	1.0	
GO:0170041	BP	p	non-proteinogenic amino acid metabolic process	0/7	33/6920	1.0	7	0	1.0	
GO:0042844	BP	p	glycol metabolic process	0/7	2/6920	1.0	7	0	1.0	
GO:0046391	BP	p	5-phosphoribose 1-diphosphate metabolic process	0/7	5/6920	1.0	6	0	1.0	
GO:0030050	BP	p	vesicle transport along actin filament	0/7	1/6920	1.0	7	0	1.0	
GO:0170035	BP	p	L-amino acid catabolic process	0/7	35/6920	1.0	9	0	1.0	
GO:0033388	BP	p	putrescine biosynthetic process from arginine	0/7	1/6920	1.0	10	0	1.0	
GO:0044773	BP	p	mitotic DNA damage checkpoint signaling	0/7	19/6920	1.0	11	0	1.0	
GO:0015848	BP	p	spermidine transport	0/7	5/6920	1.0	6	0	1.0	
GO:0001678	BP	p	intracellular glucose homeostasis	0/7	9/6920	1.0	5	0	1.0	
GO:0043549	BP	p	regulation of kinase activity	0/7	4/6920	1.0	8	0	1.0	
GO:0071586	BP	p	CAAX-box protein processing	0/7	2/6920	1.0	7	0	1.0	
GO:0006549	BP	p	isoleucine metabolic process	0/7	10/6920	1.0	8	0	1.0	
GO:0006974	BP	p	DNA damage response	0/7	370/6920	1.0	4	0	1.0	
GO:1903895	BP	p	negative regulation of IRE1-mediated unfolded protein response	0/7	1/6920	1.0	9	0	1.0	
GO:0006516	BP	p	glycoprotein catabolic process	0/7	4/6920	1.0	6	0	1.0	
GO:0070550	BP	p	rDNA chromatin condensation	0/7	14/6920	1.0	7	0	1.0	
GO:0035544	BP	p	negative regulation of SNARE complex assembly	0/7	1/6920	1.0	8	0	1.0	
GO:0006893	BP	p	Golgi to plasma membrane transport	0/7	33/6920	1.0	7	0	1.0	
GO:0010603	BP	p	regulation of cytoplasmic mRNA processing body assembly	0/7	11/6920	1.0	7	0	1.0	
GO:0046058	BP	p	cAMP metabolic process	0/7	2/6920	1.0	10	0	1.0	
GO:0006287	BP	p	base-excision repair, gap-filling	0/7	2/6920	1.0	7	0	1.0	
GO:1902576	BP	p	negative regulation of nuclear cell cycle DNA replication	0/7	1/6920	1.0	11	0	1.0	
GO:0046209	BP	p	nitric oxide metabolic process	0/7	3/6920	1.0	4	0	1.0	
GO:0019344	BP	p	cysteine biosynthetic process	0/7	10/6920	1.0	10	0	1.0	
GO:0009247	BP	p	glycolipid biosynthetic process	0/7	35/6920	1.0	7	0	1.0	
GO:0030835	BP	p	negative regulation of actin filament depolymerization	0/7	9/6920	1.0	11	0	1.0	
GO:0034487	BP	p	vacuolar amino acid transmembrane transport	0/7	3/6920	1.0	6	0	1.0	
GO:0000076	BP	p	DNA replication checkpoint signaling	0/7	19/6920	1.0	10	0	1.0	
GO:0006432	BP	p	phenylalanyl-tRNA aminoacylation	0/7	4/6920	1.0	10	0	1.0	
GO:0030308	BP	p	negative regulation of cell growth	0/7	10/6920	1.0	6	0	1.0	
GO:0031397	BP	p	negative regulation of protein ubiquitination	0/7	9/6920	1.0	11	0	1.0	
GO:0042274	BP	p	ribosomal small subunit biogenesis	0/7	38/6920	1.0	5	0	1.0	
GO:0010954	BP	p	positive regulation of protein processing	0/7	1/6920	1.0	10	0	1.0	
GO:0034477	BP	p	U6 snRNA 3'-end processing	0/7	1/6920	1.0	10	0	1.0	
GO:0031126	BP	p	sno(s)RNA 3'-end processing	0/7	26/6920	1.0	9	0	1.0	
GO:1905037	BP	p	autophagosome organization	0/7	26/6920	1.0	6	0	1.0	
GO:0060627	BP	p	regulation of vesicle-mediated transport	0/7	45/6920	1.0	5	0	1.0	
GO:0043543	BP	p	protein acylation	0/7	25/6920	1.0	6	0	1.0	
GO:0001762	BP	p	beta-alanine transport	0/7	1/6920	1.0	6	0	1.0	
GO:0034486	BP	p	vacuolar transmembrane transport	0/7	9/6920	1.0	5	0	1.0	
GO:0046039	BP	p	GTP metabolic process	0/7	5/6920	1.0	10	0	1.0	
GO:0046655	BP	p	folic acid metabolic process	0/7	8/6920	1.0	8	0	1.0	
GO:0061187	BP	p	regulation of rDNA heterochromatin formation	0/7	9/6920	1.0	9	0	1.0	
GO:0030048	BP	p	actin filament-based movement	0/7	2/6920	1.0	3	0	1.0	
GO:0061433	BP	p	cellular response to caloric restriction	0/7	1/6920	1.0	4	0	1.0	
GO:0019442	BP	p	L-tryptophan catabolic process to acetyl-CoA	0/7	1/6920	1.0	12	0	1.0	
GO:0010961	BP	p	intracellular magnesium ion homeostasis	0/7	4/6920	1.0	6	0	1.0	
GO:1902559	BP	p	3'-phospho-5'-adenylyl sulfate transmembrane transport	0/7	1/6920	1.0	10	0	1.0	
GO:0048260	BP	p	positive regulation of receptor-mediated endocytosis	0/7	8/6920	1.0	8	0	1.0	
GO:1903052	BP	p	positive regulation of proteolysis involved in protein catabolic process	0/7	10/6920	1.0	9	0	1.0	
GO:0110030	BP	p	regulation of G2/MI transition of meiotic cell cycle	0/7	2/6920	1.0	8	0	1.0	
GO:0036258	BP	p	multivesicular body assembly	0/7	5/6920	1.0	8	0	1.0	
GO:0051302	BP	p	regulation of cell division	0/7	30/6920	1.0	4	0	1.0	
GO:0046578	BP	p	regulation of Ras protein signal transduction	0/7	8/6920	1.0	8	0	1.0	
GO:0009757	BP	p	hexose mediated signaling	0/7	8/6920	1.0	7	0	1.0	
GO:1903046	BP	p	meiotic cell cycle process	0/7	254/6920	1.0	3	0	1.0	
GO:0050898	BP	p	nitrile metabolic process	0/7	3/6920	1.0	3	0	1.0	
GO:0006359	BP	p	regulation of transcription by RNA polymerase III	0/7	13/6920	1.0	10	0	1.0	
GO:0019988	BP	p	charged-tRNA amino acid modification	0/7	2/6920	1.0	10	0	1.0	
GO:0033242	BP	p	negative regulation of amine catabolic process	0/7	1/6920	1.0	7	0	1.0	
GO:0030003	BP	p	intracellular monoatomic cation homeostasis	0/7	150/6920	1.0	5	0	1.0	
GO:0046496	BP	p	nicotinamide nucleotide metabolic process	0/7	71/6920	1.0	9	0	1.0	
GO:0046102	BP	p	inosine metabolic process	0/7	3/6920	1.0	9	0	1.0	
GO:0006066	BP	p	alcohol metabolic process	0/7	122/6920	1.0	4	0	1.0	
GO:0051987	BP	p	positive regulation of attachment of spindle microtubules to kinetochore	0/7	11/6920	1.0	8	0	1.0	
GO:1904292	BP	p	regulation of ERAD pathway	0/7	1/6920	1.0	10	0	1.0	
GO:0009226	BP	p	nucleotide-sugar biosynthetic process	0/7	9/6920	1.0	8	0	1.0	
GO:0032329	BP	p	serine transport	0/7	6/6920	1.0	6	0	1.0	
GO:0016558	BP	p	protein import into peroxisome matrix	0/7	18/6920	1.0	10	0	1.0	
GO:0006879	BP	p	intracellular iron ion homeostasis	0/7	52/6920	1.0	6	0	1.0	
GO:0006646	BP	p	phosphatidylethanolamine biosynthetic process	0/7	8/6920	1.0	8	0	1.0	
GO:0019400	BP	p	alditol metabolic process	0/7	19/6920	1.0	6	0	1.0	
GO:2000816	BP	p	negative regulation of mitotic sister chromatid separation	0/7	25/6920	1.0	10	0	1.0	
GO:0006363	BP	p	termination of RNA polymerase I transcription	0/7	6/6920	1.0	9	0	1.0	
GO:0089718	BP	p	amino acid import across plasma membrane	0/7	5/6920	1.0	6	0	1.0	
GO:0009197	BP	p	pyrimidine deoxyribonucleoside diphosphate biosynthetic process	0/7	1/6920	1.0	10	0	1.0	
GO:0000055	BP	p	ribosomal large subunit export from nucleus	0/7	32/6920	1.0	9	0	1.0	
GO:0034502	BP	p	protein localization to chromosome	0/7	38/6920	1.0	6	0	1.0	
GO:0032535	BP	p	regulation of cellular component size	0/7	48/6920	1.0	4	0	1.0	
GO:0016567	BP	p	protein ubiquitination	0/7	115/6920	1.0	9	0	1.0	
GO:0046394	BP	p	carboxylic acid biosynthetic process	0/7	191/6920	1.0	7	0	1.0	
GO:0072488	BP	p	ammonium transmembrane transport	0/7	7/6920	1.0	7	0	1.0	
GO:0015031	BP	p	protein transport	0/7	570/6920	1.0	6	0	1.0	
GO:0043243	BP	p	positive regulation of protein-containing complex disassembly	0/7	7/6920	1.0	6	0	1.0	
GO:0006722	BP	p	triterpenoid metabolic process	0/7	1/6920	1.0	7	0	1.0	
GO:0090029	BP	p	negative regulation of pheromone-dependent signal transduction involved in conjugation with cellular fusion	0/7	3/6920	1.0	8	0	1.0	
GO:0043066	BP	p	negative regulation of apoptotic process	0/7	7/6920	1.0	6	0	1.0	
GO:0006884	BP	p	cell volume homeostasis	0/7	1/6920	1.0	6	0	1.0	
GO:0051174	BP	p	regulation of phosphorus metabolic process	0/7	75/6920	1.0	5	0	1.0	
GO:0031070	BP	p	intronic snoRNA processing	0/7	10/6920	1.0	9	0	1.0	
GO:0070143	BP	p	mitochondrial alanyl-tRNA aminoacylation	0/7	1/6920	1.0	11	0	1.0	
GO:0061606	BP	p	N-terminal protein amino acid propionylation	0/7	1/6920	1.0	7	0	1.0	
GO:0042177	BP	p	negative regulation of protein catabolic process	0/7	3/6920	1.0	8	0	1.0	
GO:0070484	BP	p	dehydro-D-arabinono-1,4-lactone metabolic process	0/7	2/6920	1.0	4	0	1.0	
GO:0022407	BP	p	regulation of cell-cell adhesion	0/7	4/6920	1.0	5	0	1.0	
GO:0070900	BP	p	mitochondrial tRNA modification	0/7	6/6920	1.0	10	0	1.0	
GO:0006015	BP	p	5-phosphoribose 1-diphosphate biosynthetic process	0/7	5/6920	1.0	7	0	1.0	
GO:0048211	BP	p	Golgi vesicle docking	0/7	3/6920	1.0	5	0	1.0	
GO:0098609	BP	p	cell-cell adhesion	0/7	12/6920	1.0	3	0	1.0	
GO:0035337	BP	p	fatty-acyl-CoA metabolic process	0/7	5/6920	1.0	8	0	1.0	
GO:0008154	BP	p	actin polymerization or depolymerization	0/7	7/6920	1.0	6	0	1.0	
GO:0090630	BP	p	activation of GTPase activity	0/7	2/6920	1.0	7	0	1.0	
GO:0007530	BP	p	sex determination	0/7	14/6920	1.0	3	0	1.0	
GO:2000728	BP	p	regulation of mRNA export from nucleus in response to heat stress	0/7	1/6920	1.0	9	0	1.0	
GO:0038202	BP	p	TORC1 signaling	0/7	4/6920	1.0	7	0	1.0	
GO:0071139	BP	p	resolution of DNA recombination intermediates	0/7	2/6920	1.0	7	0	1.0	
GO:0032005	BP	p	signal transduction involved in positive regulation of conjugation with cellular fusion	0/7	26/6920	1.0	6	0	1.0	
GO:0033617	BP	p	mitochondrial cytochrome c oxidase assembly	0/7	29/6920	1.0	8	0	1.0	
GO:0032594	BP	p	protein transport within lipid bilayer	0/7	1/6920	1.0	8	0	1.0	
GO:0032984	BP	p	protein-containing complex disassembly	0/7	84/6920	1.0	5	0	1.0	
GO:0017013	BP	p	protein flavinylation	0/7	1/6920	1.0	6	0	1.0	
GO:0051169	BP	p	nuclear transport	0/7	172/6920	1.0	5	0	1.0	
GO:0150173	BP	p	positive regulation of phosphatidylcholine metabolic process	0/7	5/6920	1.0	9	0	1.0	
GO:0042542	BP	p	response to hydrogen peroxide	0/7	12/6920	1.0	5	0	1.0	
GO:0000002	BP	p	mitochondrial genome maintenance	0/7	43/6920	1.0	6	0	1.0	
GO:0019368	BP	p	fatty acid elongation, unsaturated fatty acid	0/7	3/6920	1.0	11	0	1.0	
GO:0042559	BP	p	pteridine-containing compound biosynthetic process	0/7	13/6920	1.0	4	0	1.0	
GO:0042723	BP	p	thiamine-containing compound metabolic process	0/7	15/6920	1.0	6	0	1.0	
GO:0046471	BP	p	phosphatidylglycerol metabolic process	0/7	12/6920	1.0	7	0	1.0	
GO:0042435	BP	p	indole-containing compound biosynthetic process	0/7	6/6920	1.0	4	0	1.0	
GO:0071266	BP	p	'de novo' L-methionine biosynthetic process	0/7	4/6920	1.0	13	0	1.0	
GO:0006796	BP	p	phosphate-containing compound metabolic process	0/7	462/6920	1.0	4	0	1.0	
GO:0140499	BP	p	negative regulation of mitotic spindle assembly checkpoint signaling	0/7	3/6920	1.0	11	0	1.0	
GO:0043409	BP	p	negative regulation of MAPK cascade	0/7	11/6920	1.0	8	0	1.0	
GO:0015938	BP	p	coenzyme A catabolic process	0/7	1/6920	1.0	8	0	1.0	
GO:0035435	BP	p	phosphate ion transmembrane transport	0/7	4/6920	1.0	7	0	1.0	
GO:0009080	BP	p	pyruvate family amino acid catabolic process	0/7	5/6920	1.0	10	0	1.0	
GO:0043436	BP	p	oxoacid metabolic process	0/7	360/6920	1.0	5	0	1.0	
GO:0044089	BP	p	positive regulation of cellular component biogenesis	0/7	68/6920	1.0	5	0	1.0	
GO:0034964	BP	p	box H/ACA sno(s)RNA processing	0/7	2/6920	1.0	9	0	1.0	
GO:0070131	BP	p	positive regulation of mitochondrial translation	0/7	14/6920	1.0	11	0	1.0	
GO:0031445	BP	p	regulation of heterochromatin formation	0/7	17/6920	1.0	8	0	1.0	
GO:0043489	BP	p	RNA stabilization	0/7	6/6920	1.0	10	0	1.0	
GO:0007064	BP	p	mitotic sister chromatid cohesion	0/7	29/6920	1.0	7	0	1.0	
GO:0007036	BP	p	vacuolar calcium ion homeostasis	0/7	1/6920	1.0	7	0	1.0	
GO:0045151	BP	p	acetoin biosynthetic process	0/7	1/6920	1.0	7	0	1.0	
GO:0032468	BP	p	Golgi calcium ion homeostasis	0/7	1/6920	1.0	7	0	1.0	
GO:0006275	BP	p	regulation of DNA replication	0/7	54/6920	1.0	8	0	1.0	
GO:0043096	BP	p	purine nucleobase salvage	0/7	4/6920	1.0	9	0	1.0	
GO:0015746	BP	p	citrate transport	0/7	3/6920	1.0	7	0	1.0	
GO:0006315	BP	p	homing of group II introns	0/7	2/6920	1.0	9	0	1.0	
GO:0009310	BP	p	amine catabolic process	0/7	3/6920	1.0	4	0	1.0	
GO:0071073	BP	p	positive regulation of phospholipid biosynthetic process	0/7	9/6920	1.0	9	0	1.0	
GO:0050794	BP	p	regulation of cellular process	1/7	1728/6920	1.0	3	1	1.0	SIN4
GO:0051126	BP	p	negative regulation of actin nucleation	0/7	8/6920	1.0	10	0	1.0	
GO:0030643	BP	p	intracellular phosphate ion homeostasis	0/7	3/6920	1.0	5	0	1.0	
GO:0034403	BP	p	alignment of 3' and 5' splice sites of mRNA	0/7	2/6920	1.0	9	0	1.0	
GO:0050000	BP	p	chromosome localization	0/7	32/6920	1.0	3	0	1.0	
GO:0006105	BP	p	succinate metabolic process	0/7	1/6920	1.0	8	0	1.0	
GO:0009756	BP	p	carbohydrate mediated signaling	0/7	8/6920	1.0	5	0	1.0	
GO:0006592	BP	p	ornithine biosynthetic process	0/7	4/6920	1.0	9	0	1.0	
GO:0031163	BP	p	metallo-sulfur cluster assembly	0/7	29/6920	1.0	5	0	1.0	
GO:1901901	BP	p	regulation of protein localization to cell division site involved in cytokinesis	0/7	3/6920	1.0	7	0	1.0	
GO:0051781	BP	p	positive regulation of cell division	0/7	11/6920	1.0	5	0	1.0	
GO:0046461	BP	p	neutral lipid catabolic process	0/7	9/6920	1.0	6	0	1.0	
GO:0070936	BP	p	protein K48-linked ubiquitination	0/7	1/6920	1.0	11	0	1.0	
GO:0051650	BP	p	establishment of vesicle localization	0/7	2/6920	1.0	4	0	1.0	
GO:1904407	BP	p	positive regulation of nitric oxide metabolic process	0/7	1/6920	1.0	6	0	1.0	
GO:0048255	BP	p	mRNA stabilization	0/7	6/6920	1.0	11	0	1.0	
GO:0019755	BP	p	one-carbon compound transport	0/7	2/6920	1.0	4	0	1.0	
GO:0006637	BP	p	acyl-CoA metabolic process	0/7	23/6920	1.0	7	0	1.0	
GO:1901661	BP	p	quinone metabolic process	0/7	14/6920	1.0	4	0	1.0	
GO:0045141	BP	p	meiotic telomere clustering	0/7	5/6920	1.0	7	0	1.0	
GO:0034059	BP	p	response to anoxia	0/7	3/6920	1.0	5	0	1.0	
GO:0006231	BP	p	dTMP biosynthetic process	0/7	2/6920	1.0	12	0	1.0	
GO:0006278	BP	p	RNA-templated DNA biosynthetic process	0/7	68/6920	1.0	8	0	1.0	
GO:0070302	BP	p	regulation of stress-activated protein kinase signaling cascade	0/7	8/6920	1.0	7	0	1.0	
GO:0032873	BP	p	negative regulation of stress-activated MAPK cascade	0/7	4/6920	1.0	9	0	1.0	
GO:0031114	BP	p	regulation of microtubule depolymerization	0/7	3/6920	1.0	9	0	1.0	
GO:1900180	BP	p	regulation of protein localization to nucleus	0/7	22/6920	1.0	6	0	1.0	
GO:0032784	BP	p	regulation of DNA-templated transcription elongation	0/7	59/6920	1.0	10	0	1.0	
GO:0032956	BP	p	regulation of actin cytoskeleton organization	0/7	66/6920	1.0	7	0	1.0	
GO:0048015	BP	p	phosphatidylinositol-mediated signaling	0/7	4/6920	1.0	6	0	1.0	
GO:0042219	BP	p	modified amino acid catabolic process	0/7	9/6920	1.0	4	0	1.0	
GO:0006183	BP	p	GTP biosynthetic process	0/7	4/6920	1.0	11	0	1.0	
GO:0035437	BP	p	maintenance of protein localization in endoplasmic reticulum	0/7	10/6920	1.0	6	0	1.0	
GO:0051236	BP	p	establishment of RNA localization	0/7	113/6920	1.0	3	0	1.0	
GO:1905818	BP	p	regulation of chromosome separation	0/7	36/6920	1.0	7	0	1.0	
GO:0032043	BP	p	mitochondrial DNA catabolic process	0/7	1/6920	1.0	8	0	1.0	
GO:0034517	BP	p	ribophagy	0/7	10/6920	1.0	6	0	1.0	
GO:1905134	BP	p	positive regulation of meiotic chromosome separation	0/7	1/6920	1.0	9	0	1.0	
GO:0070292	BP	p	N-acylphosphatidylethanolamine metabolic process	0/7	1/6920	1.0	8	0	1.0	
GO:0033566	BP	p	gamma-tubulin complex localization	0/7	2/6920	1.0	3	0	1.0	
GO:0051938	BP	p	L-glutamate import	0/7	6/6920	1.0	7	0	1.0	
GO:0010896	BP	p	regulation of triglyceride catabolic process	0/7	1/6920	1.0	8	0	1.0	
GO:0046618	BP	p	xenobiotic export from cell	0/7	9/6920	1.0	5	0	1.0	
GO:0099518	BP	p	vesicle cytoskeletal trafficking	0/7	2/6920	1.0	6	0	1.0	
GO:0050667	BP	p	homocysteine metabolic process	0/7	11/6920	1.0	8	0	1.0	
GO:0032231	BP	p	regulation of actin filament bundle assembly	0/7	15/6920	1.0	9	0	1.0	
GO:0016104	BP	p	triterpenoid biosynthetic process	0/7	1/6920	1.0	8	0	1.0	
GO:0070899	BP	p	mitochondrial tRNA wobble uridine modification	0/7	3/6920	1.0	12	0	1.0	
GO:0000921	BP	p	septin ring assembly	0/7	16/6920	1.0	8	0	1.0	
GO:0009743	BP	p	response to carbohydrate	0/7	9/6920	1.0	4	0	1.0	
GO:0035372	BP	p	protein localization to microtubule	0/7	2/6920	1.0	8	0	1.0	
GO:0042364	BP	p	water-soluble vitamin biosynthetic process	0/7	57/6920	1.0	6	0	1.0	
GO:0033567	BP	p	DNA replication, Okazaki fragment processing	0/7	3/6920	1.0	7	0	1.0	
GO:0006007	BP	p	glucose catabolic process	0/7	6/6920	1.0	8	0	1.0	
GO:0070183	BP	p	mitochondrial tryptophanyl-tRNA aminoacylation	0/7	1/6920	1.0	11	0	1.0	
GO:1901334	BP	p	lactone metabolic process	0/7	2/6920	1.0	3	0	1.0	
GO:0034501	BP	p	protein localization to kinetochore	0/7	11/6920	1.0	8	0	1.0	
GO:0032510	BP	p	endosome to lysosome transport via multivesicular body sorting pathway	0/7	1/6920	1.0	8	0	1.0	
GO:0030041	BP	p	actin filament polymerization	0/7	3/6920	1.0	7	0	1.0	
GO:0033044	BP	p	regulation of chromosome organization	0/7	72/6920	1.0	6	0	1.0	
GO:1901658	BP	p	glycosyl compound catabolic process	0/7	8/6920	1.0	5	0	1.0	
GO:0045143	BP	p	homologous chromosome segregation	0/7	8/6920	1.0	6	0	1.0	
GO:0051457	BP	p	maintenance of protein location in nucleus	0/7	5/6920	1.0	6	0	1.0	
GO:0008610	BP	p	lipid biosynthetic process	0/7	206/6920	1.0	5	0	1.0	
GO:0006517	BP	p	protein deglycosylation	0/7	7/6920	1.0	6	0	1.0	
GO:0009437	BP	p	carnitine metabolic process	0/7	4/6920	1.0	5	0	1.0	
GO:0046165	BP	p	alcohol biosynthetic process	0/7	77/6920	1.0	5	0	1.0	
GO:0034293	BP	p	sexual sporulation	0/7	56/6920	1.0	3	0	1.0	
GO:0080135	BP	p	regulation of cellular response to stress	0/7	62/6920	1.0	5	0	1.0	
GO:1905508	BP	p	protein localization to microtubule organizing center	0/7	7/6920	1.0	8	0	1.0	
GO:0034249	BP	p	negative regulation of amide metabolic process	0/7	1/6920	1.0	6	0	1.0	
GO:0019413	BP	p	acetate biosynthetic process	0/7	4/6920	1.0	9	0	1.0	
GO:0007189	BP	p	adenylate cyclase-activating G protein-coupled receptor signaling pathway	0/7	9/6920	1.0	7	0	1.0	
GO:0006555	BP	p	methionine metabolic process	0/7	35/6920	1.0	10	0	1.0	
GO:0106119	BP	p	negative regulation of sterol biosynthetic process	0/7	1/6920	1.0	10	0	1.0	
GO:0071281	BP	p	cellular response to iron ion	0/7	3/6920	1.0	5	0	1.0	
GO:0009201	BP	p	ribonucleoside triphosphate biosynthetic process	0/7	28/6920	1.0	9	0	1.0	
GO:0051235	BP	p	maintenance of location	0/7	43/6920	1.0	2	0	1.0	
GO:0032511	BP	p	late endosome to vacuole transport via multivesicular body sorting pathway	0/7	51/6920	1.0	7	0	1.0	
GO:1902975	BP	p	mitotic DNA replication initiation	0/7	5/6920	1.0	10	0	1.0	
GO:0032366	BP	p	intracellular sterol transport	0/7	9/6920	1.0	6	0	1.0	
GO:1903476	BP	p	protein localization to cell division site involved in mitotic actomyosin contractile ring assembly	0/7	1/6920	1.0	7	0	1.0	
GO:0075296	BP	p	positive regulation of ascospore formation	0/7	4/6920	1.0	9	0	1.0	
GO:0034088	BP	p	maintenance of mitotic sister chromatid cohesion	0/7	1/6920	1.0	4	0	1.0	
GO:0008361	BP	p	regulation of cell size	0/7	27/6920	1.0	5	0	1.0	
GO:0006753	BP	p	nucleoside phosphate metabolic process	0/7	228/6920	1.0	6	0	1.0	
GO:1903341	BP	p	regulation of meiotic DNA double-strand break formation	0/7	9/6920	1.0	8	0	1.0	
GO:0009161	BP	p	ribonucleoside monophosphate metabolic process	0/7	43/6920	1.0	8	0	1.0	
GO:0006279	BP	p	premeiotic DNA replication	0/7	15/6920	1.0	11	0	1.0	
GO:2001245	BP	p	regulation of phosphatidylcholine biosynthetic process	0/7	7/6920	1.0	9	0	1.0	
GO:0000753	BP	p	cell morphogenesis involved in conjugation with cellular fusion	0/7	11/6920	1.0	4	0	1.0	
GO:0030832	BP	p	regulation of actin filament length	0/7	20/6920	1.0	8	0	1.0	
GO:0009106	BP	p	lipoate metabolic process	0/7	2/6920	1.0	9	0	1.0	
GO:0070304	BP	p	positive regulation of stress-activated protein kinase signaling cascade	0/7	4/6920	1.0	8	0	1.0	
GO:0031647	BP	p	regulation of protein stability	0/7	32/6920	1.0	3	0	1.0	
GO:0009221	BP	p	pyrimidine deoxyribonucleotide biosynthetic process	0/7	4/6920	1.0	11	0	1.0	
GO:0006270	BP	p	DNA replication initiation	0/7	35/6920	1.0	7	0	1.0	
GO:0006113	BP	p	fermentation	0/7	12/6920	1.0	5	0	1.0	
GO:0035999	BP	p	tetrahydrofolate interconversion	0/7	9/6920	1.0	6	0	1.0	
GO:0019363	BP	p	pyridine nucleotide biosynthetic process	0/7	18/6920	1.0	9	0	1.0	
GO:0043648	BP	p	dicarboxylic acid metabolic process	0/7	48/6920	1.0	7	0	1.0	
GO:0042883	BP	p	cysteine transport	0/7	1/6920	1.0	7	0	1.0	
GO:0046084	BP	p	adenine biosynthetic process	0/7	4/6920	1.0	9	0	1.0	
GO:0033119	BP	p	negative regulation of RNA splicing	0/7	1/6920	1.0	9	0	1.0	
GO:0031441	BP	p	negative regulation of mRNA 3'-end processing	0/7	1/6920	1.0	11	0	1.0	
GO:0072720	BP	p	response to dithiothreitol	0/7	1/6920	1.0	4	0	1.0	
GO:1902319	BP	p	DNA strand elongation involved in nuclear cell cycle DNA replication	0/7	1/6920	1.0	10	0	1.0	
GO:0019243	BP	p	methylglyoxal catabolic process to D-lactate via S-lactoyl-glutathione	0/7	7/6920	1.0	10	0	1.0	
GO:0048285	BP	p	organelle fission	0/7	32/6920	1.0	5	0	1.0	
GO:0043942	BP	p	negative regulation of sexual sporulation resulting in formation of a cellular spore	0/7	3/6920	1.0	8	0	1.0	
GO:0071214	BP	p	cellular response to abiotic stimulus	0/7	72/6920	1.0	4	0	1.0	
GO:0006026	BP	p	aminoglycan catabolic process	0/7	5/6920	1.0	5	0	1.0	
GO:1904826	BP	p	regulation of hydrogen sulfide biosynthetic process	0/7	2/6920	1.0	6	0	1.0	
GO:0045428	BP	p	regulation of nitric oxide biosynthetic process	0/7	2/6920	1.0	6	0	1.0	
GO:0030656	BP	p	regulation of vitamin metabolic process	0/7	3/6920	1.0	6	0	1.0	
GO:0046828	BP	p	regulation of RNA import into nucleus	0/7	1/6920	1.0	7	0	1.0	
GO:0006760	BP	p	folic acid-containing compound metabolic process	0/7	18/6920	1.0	4	0	1.0	
GO:0034182	BP	p	regulation of maintenance of mitotic sister chromatid cohesion	0/7	1/6920	1.0	9	0	1.0	
GO:0042823	BP	p	pyridoxal phosphate biosynthetic process	0/7	11/6920	1.0	8	0	1.0	
GO:0015727	BP	p	lactate transport	0/7	1/6920	1.0	7	0	1.0	
GO:0009085	BP	p	lysine biosynthetic process	0/7	12/6920	1.0	11	0	1.0	
GO:1902531	BP	p	regulation of intracellular signal transduction	0/7	106/6920	1.0	6	0	1.0	
GO:0032120	BP	p	ascospore-type prospore membrane formation	0/7	15/6920	1.0	6	0	1.0	
GO:0006862	BP	p	nucleotide transport	0/7	36/6920	1.0	6	0	1.0	
GO:0006325	BP	p	chromatin organization	0/7	324/6920	1.0	4	0	1.0	
GO:0006011	BP	p	UDP-alpha-D-glucose metabolic process	0/7	5/6920	1.0	8	0	1.0	
GO:1902889	BP	p	protein localization to spindle microtubule	0/7	1/6920	1.0	9	0	1.0	
GO:0016036	BP	p	cellular response to phosphate starvation	0/7	8/6920	1.0	5	0	1.0	
GO:0036010	BP	p	protein localization to endosome	0/7	6/6920	1.0	6	0	1.0	
GO:0009219	BP	p	pyrimidine deoxyribonucleotide metabolic process	0/7	4/6920	1.0	10	0	1.0	
GO:0036088	BP	p	D-serine catabolic process	0/7	1/6920	1.0	10	0	1.0	
GO:1901989	BP	p	positive regulation of cell cycle phase transition	0/7	43/6920	1.0	7	0	1.0	
GO:0032109	BP	p	positive regulation of response to nutrient levels	0/7	12/6920	1.0	5	0	1.0	
GO:0031167	BP	p	rRNA methylation	0/7	58/6920	1.0	10	0	1.0	
GO:0007004	BP	p	telomere maintenance via telomerase	0/7	16/6920	1.0	9	0	1.0	
GO:0043412	BP	p	macromolecule modification	0/7	562/6920	1.0	4	0	1.0	
GO:0070071	BP	p	proton-transporting two-sector ATPase complex assembly	0/7	20/6920	1.0	6	0	1.0	
GO:1902603	BP	p	carnitine transmembrane transport	0/7	2/6920	1.0	8	0	1.0	
GO:0045839	BP	p	negative regulation of mitotic nuclear division	0/7	25/6920	1.0	8	0	1.0	
GO:0042256	BP	p	cytosolic ribosome assembly	0/7	6/6920	1.0	8	0	1.0	
GO:0090529	BP	p	cell septum assembly	0/7	10/6920	1.0	5	0	1.0	
GO:0042537	BP	p	benzene-containing compound metabolic process	0/7	12/6920	1.0	3	0	1.0	
GO:0015748	BP	p	organophosphate ester transport	0/7	84/6920	1.0	4	0	1.0	
GO:0006425	BP	p	glutaminyl-tRNA aminoacylation	0/7	1/6920	1.0	10	0	1.0	
GO:0048308	BP	p	organelle inheritance	0/7	60/6920	1.0	5	0	1.0	
GO:1905269	BP	p	positive regulation of chromatin organization	0/7	4/6920	1.0	8	0	1.0	
GO:0010383	BP	p	cell wall polysaccharide metabolic process	0/7	16/6920	1.0	6	0	1.0	
GO:0060962	BP	p	regulation of ribosomal protein gene transcription by RNA polymerase II	0/7	20/6920	1.0	11	0	1.0	
GO:0006906	BP	p	vesicle fusion	0/7	47/6920	1.0	7	0	1.0	
GO:0042026	BP	p	protein refolding	0/7	30/6920	1.0	3	0	1.0	
GO:0072476	BP	p	response to mitotic spindle checkpoint signaling	0/7	4/6920	1.0	6	0	1.0	
GO:0031460	BP	p	glycine betaine transport	0/7	1/6920	1.0	7	0	1.0	
GO:0033233	BP	p	regulation of protein sumoylation	0/7	5/6920	1.0	10	0	1.0	
GO:0070785	BP	p	negative regulation of growth of unicellular organism as a thread of attached cells	0/7	11/6920	1.0	7	0	1.0	
GO:1901911	BP	p	adenosine 5'-(hexahydrogen pentaphosphate) catabolic process	0/7	1/6920	1.0	11	0	1.0	
GO:0006540	BP	p	gamma-aminobutyrate shunt	0/7	1/6920	1.0	12	0	1.0	
GO:0000105	BP	p	L-histidine biosynthetic process	0/7	8/6920	1.0	10	0	1.0	
GO:0019222	BP	p	regulation of metabolic process	1/7	1196/6920	1.0	4	1	1.0	SIN4
GO:0009102	BP	p	biotin biosynthetic process	0/7	10/6920	1.0	9	0	1.0	
GO:0009079	BP	p	pyruvate family amino acid biosynthetic process	0/7	12/6920	1.0	10	0	1.0	
GO:1903790	BP	p	guanine nucleotide transmembrane transport	0/7	1/6920	1.0	9	0	1.0	
GO:0030100	BP	p	regulation of endocytosis	0/7	27/6920	1.0	6	0	1.0	
GO:0099040	BP	p	ceramide translocation	0/7	2/6920	1.0	8	0	1.0	
GO:0045116	BP	p	protein neddylation	0/7	7/6920	1.0	9	0	1.0	
GO:0043940	BP	p	regulation of sexual sporulation resulting in formation of a cellular spore	0/7	7/6920	1.0	7	0	1.0	
GO:0043574	BP	p	peroxisomal transport	0/7	23/6920	1.0	5	0	1.0	
GO:0061635	BP	p	regulation of protein complex stability	0/7	1/6920	1.0	3	0	1.0	
GO:0032950	BP	p	regulation of beta-glucan metabolic process	0/7	5/6920	1.0	8	0	1.0	
GO:0043200	BP	p	response to amino acid	0/7	18/6920	1.0	4	0	1.0	
GO:0001561	BP	p	fatty acid alpha-oxidation	0/7	3/6920	1.0	10	0	1.0	
GO:0032446	BP	p	protein modification by small protein conjugation	0/7	140/6920	1.0	8	0	1.0	
GO:0019323	BP	p	pentose catabolic process	0/7	8/6920	1.0	7	0	1.0	
GO:0110009	BP	p	formin-nucleated actin cable organization	0/7	6/6920	1.0	7	0	1.0	
GO:0045943	BP	p	positive regulation of transcription by RNA polymerase I	0/7	26/6920	1.0	11	0	1.0	
GO:0120127	BP	p	response to zinc ion starvation	0/7	5/6920	1.0	5	0	1.0	
GO:0000747	BP	p	conjugation with cellular fusion	0/7	27/6920	1.0	3	0	1.0	
GO:0070874	BP	p	negative regulation of glycogen metabolic process	0/7	6/6920	1.0	9	0	1.0	
GO:0046825	BP	p	regulation of protein export from nucleus	0/7	1/6920	1.0	9	0	1.0	
GO:0007135	BP	p	meiosis II	0/7	2/6920	1.0	8	0	1.0	
GO:0043408	BP	p	regulation of MAPK cascade	0/7	21/6920	1.0	7	0	1.0	
GO:0046072	BP	p	dTDP metabolic process	0/7	1/6920	1.0	11	0	1.0	
GO:0046146	BP	p	tetrahydrobiopterin metabolic process	0/7	2/6920	1.0	7	0	1.0	
GO:0033314	BP	p	mitotic DNA replication checkpoint signaling	0/7	13/6920	1.0	11	0	1.0	
GO:0006513	BP	p	protein monoubiquitination	0/7	17/6920	1.0	10	0	1.0	
GO:0019362	BP	p	pyridine nucleotide metabolic process	0/7	72/6920	1.0	8	0	1.0	
GO:0072402	BP	p	response to DNA integrity checkpoint signaling	0/7	2/6920	1.0	5	0	1.0	
GO:1902369	BP	p	negative regulation of RNA catabolic process	0/7	8/6920	1.0	9	0	1.0	
GO:0015886	BP	p	heme transport	0/7	8/6920	1.0	10	0	1.0	
GO:0006839	BP	p	mitochondrial transport	0/7	47/6920	1.0	5	0	1.0	
GO:2000805	BP	p	negative regulation of termination of RNA polymerase II transcription, poly(A)-coupled	0/7	1/6920	1.0	13	0	1.0	
GO:0061014	BP	p	positive regulation of mRNA catabolic process	0/7	34/6920	1.0	10	0	1.0	
GO:0031990	BP	p	mRNA export from nucleus in response to heat stress	0/7	9/6920	1.0	10	0	1.0	
GO:1902407	BP	p	assembly of actomyosin apparatus involved in mitotic cytokinesis	0/7	12/6920	1.0	6	0	1.0	
GO:0034389	BP	p	lipid droplet organization	0/7	16/6920	1.0	5	0	1.0	
GO:0006816	BP	p	calcium ion transport	0/7	14/6920	1.0	7	0	1.0	
GO:2001124	BP	p	regulation of translational frameshifting	0/7	2/6920	1.0	11	0	1.0	
GO:1902364	BP	p	negative regulation of protein localization to spindle pole body	0/7	1/6920	1.0	7	0	1.0	
GO:0072594	BP	p	establishment of protein localization to organelle	0/7	321/6920	1.0	6	0	1.0	
GO:0072388	BP	p	flavin adenine dinucleotide biosynthetic process	0/7	1/6920	1.0	9	0	1.0	
GO:0005976	BP	p	polysaccharide metabolic process	0/7	78/6920	1.0	5	0	1.0	
GO:0034219	BP	p	carbohydrate transmembrane transport	0/7	39/6920	1.0	5	0	1.0	
GO:1903828	BP	p	negative regulation of protein localization	0/7	11/6920	1.0	6	0	1.0	
GO:0006578	BP	p	amino-acid betaine biosynthetic process	0/7	1/6920	1.0	5	0	1.0	
GO:0006098	BP	p	pentose-phosphate shunt	0/7	13/6920	1.0	12	0	1.0	
GO:0000956	BP	p	nuclear-transcribed mRNA catabolic process	0/7	122/6920	1.0	10	0	1.0	
GO:0006294	BP	p	nucleotide-excision repair, preincision complex assembly	0/7	1/6920	1.0	7	0	1.0	
GO:0016226	BP	p	iron-sulfur cluster assembly	0/7	29/6920	1.0	6	0	1.0	
GO:0035269	BP	p	protein O-linked mannosylation	0/7	13/6920	1.0	8	0	1.0	
GO:0009826	BP	p	unidimensional cell growth	0/7	1/6920	1.0	4	0	1.0	
GO:0034367	BP	p	protein-containing complex remodeling	0/7	11/6920	1.0	5	0	1.0	
GO:0110100	BP	p	spindle pole body separation	0/7	4/6920	1.0	3	0	1.0	
GO:0019348	BP	p	dolichol metabolic process	0/7	6/6920	1.0	7	0	1.0	
GO:0062197	BP	p	cellular response to chemical stress	0/7	149/6920	1.0	4	0	1.0	
GO:1901994	BP	p	negative regulation of meiotic cell cycle phase transition	0/7	3/6920	1.0	8	0	1.0	
GO:0009250	BP	p	glucan biosynthetic process	0/7	37/6920	1.0	7	0	1.0	
GO:0032461	BP	p	positive regulation of protein oligomerization	0/7	1/6920	1.0	7	0	1.0	
GO:1903764	BP	p	regulation of potassium ion export across plasma membrane	0/7	2/6920	1.0	9	0	1.0	
GO:0044821	BP	p	meiotic telomere tethering at nuclear periphery	0/7	1/6920	1.0	8	0	1.0	
GO:0006353	BP	p	DNA-templated transcription termination	0/7	41/6920	1.0	8	0	1.0	
GO:0046349	BP	p	amino sugar biosynthetic process	0/7	23/6920	1.0	5	0	1.0	
GO:0009615	BP	p	response to virus	0/7	5/6920	1.0	5	0	1.0	
GO:1901605	BP	p	alpha-amino acid metabolic process	0/7	163/6920	1.0	7	0	1.0	
GO:0000423	BP	p	mitophagy	0/7	20/6920	1.0	6	0	1.0	
GO:0089722	BP	p	phosphoenolpyruvate transmembrane transport	0/7	2/6920	1.0	8	0	1.0	
GO:0030162	BP	p	regulation of proteolysis	0/7	24/6920	1.0	7	0	1.0	
GO:0006312	BP	p	mitotic recombination	0/7	59/6920	1.0	8	0	1.0	
GO:0033494	BP	p	ferulate metabolic process	0/7	1/6920	1.0	8	0	1.0	
GO:0046174	BP	p	polyol catabolic process	0/7	11/6920	1.0	6	0	1.0	
GO:0045860	BP	p	positive regulation of protein kinase activity	0/7	2/6920	1.0	10	0	1.0	
GO:0042176	BP	p	regulation of protein catabolic process	0/7	21/6920	1.0	7	0	1.0	
GO:0009224	BP	p	CMP biosynthetic process	0/7	2/6920	1.0	11	0	1.0	
GO:2001251	BP	p	negative regulation of chromosome organization	0/7	34/6920	1.0	7	0	1.0	
GO:0045740	BP	p	positive regulation of DNA replication	0/7	14/6920	1.0	9	0	1.0	
GO:0046486	BP	p	glycerolipid metabolic process	0/7	131/6920	1.0	5	0	1.0	
GO:0042724	BP	p	thiamine-containing compound biosynthetic process	0/7	13/6920	1.0	7	0	1.0	
GO:0009124	BP	p	nucleoside monophosphate biosynthetic process	0/7	43/6920	1.0	8	0	1.0	
GO:0006550	BP	p	L-isoleucine catabolic process	0/7	1/6920	1.0	11	0	1.0	
GO:0110032	BP	p	positive regulation of G2/MI transition of meiotic cell cycle	0/7	1/6920	1.0	9	0	1.0	
GO:0009060	BP	p	aerobic respiration	0/7	79/6920	1.0	6	0	1.0	
GO:0009435	BP	p	NAD+ biosynthetic process	0/7	14/6920	1.0	11	0	1.0	
GO:1901569	BP	p	fatty acid derivative catabolic process	0/7	2/6920	1.0	6	0	1.0	
GO:0031106	BP	p	septin ring organization	0/7	35/6920	1.0	7	0	1.0	
GO:0006626	BP	p	protein targeting to mitochondrion	0/7	13/6920	1.0	8	0	1.0	
GO:0006256	BP	p	UDP catabolic process	0/7	1/6920	1.0	11	0	1.0	
GO:0016553	BP	p	base conversion or substitution editing	0/7	3/6920	1.0	8	0	1.0	
GO:0046688	BP	p	response to copper ion	0/7	5/6920	1.0	4	0	1.0	
GO:0010966	BP	p	regulation of phosphate transport	0/7	5/6920	1.0	5	0	1.0	
GO:0034224	BP	p	cellular response to zinc ion starvation	0/7	5/6920	1.0	6	0	1.0	
GO:0043268	BP	p	positive regulation of potassium ion transport	0/7	1/6920	1.0	8	0	1.0	
GO:0071031	BP	p	nuclear mRNA surveillance of mRNA 3'-end processing	0/7	6/6920	1.0	12	0	1.0	
GO:0070863	BP	p	positive regulation of protein exit from endoplasmic reticulum	0/7	1/6920	1.0	10	0	1.0	
GO:0060260	BP	p	regulation of transcription initiation by RNA polymerase II	0/7	25/6920	1.0	11	0	1.0	
GO:0009063	BP	p	amino acid catabolic process	0/7	53/6920	1.0	5	0	1.0	
GO:0090368	BP	p	regulation of ornithine metabolic process	0/7	1/6920	1.0	7	0	1.0	
GO:0006226	BP	p	dUMP biosynthetic process	0/7	2/6920	1.0	12	0	1.0	
GO:1990799	BP	p	mitochondrial tRNA wobble position uridine thiolation	0/7	1/6920	1.0	13	0	1.0	
GO:0000740	BP	p	nuclear membrane fusion	0/7	2/6920	1.0	7	0	1.0	
GO:0071474	BP	p	cellular hyperosmotic response	0/7	23/6920	1.0	6	0	1.0	
GO:0007063	BP	p	regulation of sister chromatid cohesion	0/7	6/6920	1.0	7	0	1.0	
GO:0046440	BP	p	L-lysine metabolic process	0/7	1/6920	1.0	10	0	1.0	
GO:0045596	BP	p	negative regulation of cell differentiation	0/7	2/6920	1.0	5	0	1.0	
GO:0006586	BP	p	indolalkylamine metabolic process	0/7	17/6920	1.0	5	0	1.0	
GO:1902222	BP	p	erythrose 4-phosphate/phosphoenolpyruvate family amino acid catabolic process	0/7	10/6920	1.0	10	0	1.0	
GO:0016049	BP	p	cell growth	0/7	54/6920	1.0	2	0	1.0	
GO:0061951	BP	p	establishment of protein localization to plasma membrane	0/7	16/6920	1.0	7	0	1.0	
GO:0071555	BP	p	cell wall organization	0/7	224/6920	1.0	5	0	1.0	
GO:0009066	BP	p	aspartate family amino acid metabolic process	0/7	64/6920	1.0	9	0	1.0	
GO:0070903	BP	p	mitochondrial tRNA thio-modification	0/7	2/6920	1.0	11	0	1.0	
GO:0015879	BP	p	carnitine transport	0/7	2/6920	1.0	7	0	1.0	
GO:0009442	BP	p	allantoin assimilation pathway	0/7	1/6920	1.0	6	0	1.0	
GO:0034504	BP	p	protein localization to nucleus	0/7	71/6920	1.0	6	0	1.0	
GO:1904356	BP	p	regulation of telomere maintenance via telomere lengthening	0/7	10/6920	1.0	9	0	1.0	
GO:0006565	BP	p	L-serine catabolic process	0/7	1/6920	1.0	10	0	1.0	
GO:0007039	BP	p	protein catabolic process in the vacuole	0/7	12/6920	1.0	6	0	1.0	
GO:0010607	BP	p	negative regulation of cytoplasmic mRNA processing body assembly	0/7	4/6920	1.0	8	0	1.0	
GO:0006798	BP	p	polyphosphate catabolic process	0/7	4/6920	1.0	7	0	1.0	
GO:0031137	BP	p	regulation of conjugation with cellular fusion	0/7	34/6920	1.0	4	0	1.0	
GO:2001208	BP	p	negative regulation of transcription elongation by RNA polymerase I	0/7	2/6920	1.0	12	0	1.0	
GO:0016926	BP	p	protein desumoylation	0/7	2/6920	1.0	9	0	1.0	
GO:0006534	BP	p	cysteine metabolic process	0/7	15/6920	1.0	8	0	1.0	
GO:0006479	BP	p	protein methylation	0/7	20/6920	1.0	7	0	1.0	
GO:0032887	BP	p	regulation of spindle elongation	0/7	3/6920	1.0	6	0	1.0	
GO:0000350	BP	p	generation of catalytic spliceosome for second transesterification step	0/7	13/6920	1.0	7	0	1.0	
GO:1902974	BP	p	meiotic DNA replication initiation	0/7	1/6920	1.0	10	0	1.0	
GO:0160020	BP	p	positive regulation of ferroptosis	0/7	3/6920	1.0	6	0	1.0	
GO:0072521	BP	p	purine-containing compound metabolic process	0/7	172/6920	1.0	3	0	1.0	
GO:0035461	BP	p	vitamin transmembrane transport	0/7	4/6920	1.0	5	0	1.0	
GO:0051418	BP	p	microtubule nucleation by microtubule organizing center	0/7	1/6920	1.0	8	0	1.0	
GO:0061024	BP	p	membrane organization	0/7	210/6920	1.0	4	0	1.0	
GO:0023051	BP	p	regulation of signaling	0/7	133/6920	1.0	3	0	1.0	
GO:0034090	BP	p	maintenance of meiotic sister chromatid cohesion	0/7	3/6920	1.0	4	0	1.0	
GO:0047484	BP	p	regulation of response to osmotic stress	0/7	2/6920	1.0	5	0	1.0	
GO:0006673	BP	p	inositol phosphoceramide metabolic process	0/7	10/6920	1.0	7	0	1.0	
GO:1902102	BP	p	regulation of metaphase/anaphase transition of meiotic cell cycle	0/7	3/6920	1.0	9	0	1.0	
GO:0000255	BP	p	allantoin metabolic process	0/7	7/6920	1.0	4	0	1.0	
GO:0070843	BP	p	misfolded protein transport	0/7	3/6920	1.0	8	0	1.0	
GO:0070184	BP	p	mitochondrial tyrosyl-tRNA aminoacylation	0/7	1/6920	1.0	11	0	1.0	
GO:0031564	BP	p	transcription antitermination	0/7	3/6920	1.0	12	0	1.0	
GO:0051515	BP	p	positive regulation of monopolar cell growth	0/7	1/6920	1.0	9	0	1.0	
GO:1904950	BP	p	negative regulation of establishment of protein localization	0/7	3/6920	1.0	7	0	1.0	
GO:0031333	BP	p	negative regulation of protein-containing complex assembly	0/7	23/6920	1.0	6	0	1.0	
GO:0140274	BP	p	repair of kinetochore microtubule attachment defect	0/7	1/6920	1.0	3	0	1.0	
GO:0061572	BP	p	actin filament bundle organization	0/7	18/6920	1.0	6	0	1.0	
GO:1901858	BP	p	regulation of mitochondrial DNA metabolic process	0/7	5/6920	1.0	8	0	1.0	
GO:1901990	BP	p	regulation of mitotic cell cycle phase transition	0/7	130/6920	1.0	7	0	1.0	
GO:2000711	BP	p	positive regulation of maintenance of meiotic sister chromatid cohesion, centromeric	0/7	1/6920	1.0	11	0	1.0	
GO:0007000	BP	p	nucleolus organization	0/7	3/6920	1.0	6	0	1.0	
GO:0071216	BP	p	cellular response to biotic stimulus	0/7	7/6920	1.0	3	0	1.0	
GO:0043433	BP	p	negative regulation of DNA-binding transcription factor activity	0/7	1/6920	1.0	11	0	1.0	
GO:1901873	BP	p	regulation of post-translational protein modification	0/7	29/6920	1.0	8	0	1.0	
GO:0002090	BP	p	regulation of receptor internalization	0/7	3/6920	1.0	8	0	1.0	
GO:0071806	BP	p	protein transmembrane transport	0/7	84/6920	1.0	7	0	1.0	
GO:0006521	BP	p	regulation of amino acid metabolic process	0/7	16/6920	1.0	6	0	1.0	
GO:0043628	BP	p	regulatory ncRNA 3'-end processing	0/7	2/6920	1.0	6	0	1.0	
GO:0098662	BP	p	inorganic cation transmembrane transport	0/7	171/6920	1.0	6	0	1.0	
GO:0042726	BP	p	flavin-containing compound metabolic process	0/7	10/6920	1.0	3	0	1.0	
GO:0006643	BP	p	membrane lipid metabolic process	0/7	86/6920	1.0	5	0	1.0	
GO:1900187	BP	p	regulation of cell adhesion involved in single-species biofilm formation	0/7	2/6920	1.0	6	0	1.0	
GO:0000041	BP	p	transition metal ion transport	0/7	71/6920	1.0	7	0	1.0	
GO:0032837	BP	p	distributive segregation	0/7	1/6920	1.0	6	0	1.0	
GO:0046777	BP	p	protein autophosphorylation	0/7	1/6920	1.0	7	0	1.0	
GO:1902274	BP	p	positive regulation of (R)-carnitine transmembrane transport	0/7	1/6920	1.0	7	0	1.0	
GO:0018201	BP	p	peptidyl-glycine modification	0/7	1/6920	1.0	7	0	1.0	
GO:0000053	BP	p	argininosuccinate metabolic process	0/7	1/6920	1.0	9	0	1.0	
GO:0045017	BP	p	glycerolipid biosynthetic process	0/7	87/6920	1.0	6	0	1.0	
GO:0051383	BP	p	kinetochore organization	0/7	13/6920	1.0	6	0	1.0	
GO:0006631	BP	p	fatty acid metabolic process	0/7	63/6920	1.0	8	0	1.0	
GO:1901875	BP	p	positive regulation of post-translational protein modification	0/7	16/6920	1.0	9	0	1.0	
GO:1901991	BP	p	negative regulation of mitotic cell cycle phase transition	0/7	74/6920	1.0	8	0	1.0	
GO:0007020	BP	p	microtubule nucleation	0/7	10/6920	1.0	7	0	1.0	
GO:0051469	BP	p	vesicle fusion with vacuole	0/7	2/6920	1.0	8	0	1.0	
GO:0051791	BP	p	medium-chain fatty acid metabolic process	0/7	3/6920	1.0	9	0	1.0	
GO:0070528	BP	p	protein kinase C signaling	0/7	1/6920	1.0	6	0	1.0	
GO:0030705	BP	p	cytoskeleton-dependent intracellular transport	0/7	22/6920	1.0	5	0	1.0	
GO:0031109	BP	p	microtubule polymerization or depolymerization	0/7	7/6920	1.0	7	0	1.0	
