# GO	NS	enrichment	name	ratio_in_study	ratio_in_pop	p_uncorrected	depth	study_count	p_fdr_bh	study_items
GO:0106313	MF	e	methylenetetrahydrofolate reductase (NADPH) activity	1/5	2/6920	0.001444668989721693	6	1	1.0	MET13
GO:0004489	MF	e	methylenetetrahydrofolate reductase [NAD(P)H] activity	1/5	2/6920	0.001444668989721693	5	1	1.0	MET13
GO:0140750	MF	e	nucleosome array spacer activity	1/5	7/6920	0.00504903778128287	7	1	1.0	HDA3
GO:0140751	MF	e	histone octamer slider activity	1/5	7/6920	0.00504903778128287	6	1	1.0	HDA3
GO:0016646	MF	e	oxidoreductase activity, acting on the CH-NH group of donors, NAD or NADP as acceptor	1/5	11/6920	0.007925032398473185	4	1	1.0	MET13
GO:0071949	MF	e	FAD binding	1/5	14/6920	0.010077660711274692	6	1	1.0	MET13
GO:0016645	MF	e	oxidoreductase activity, acting on the CH-NH group of donors	1/5	15/6920	0.0107943725120919	3	1	1.0	MET13
GO:0033558	MF	e	protein lysine deacetylase activity	1/5	16/6920	0.011510669128665324	4	1	1.0	HDA3
GO:0004407	MF	e	histone deacetylase activity	1/5	16/6920	0.011510669128665324	5	1	1.0	HDA3
GO:0140658	MF	e	ATP-dependent chromatin remodeler activity	1/5	18/6920	0.012942017530669809	5	1	1.0	HDA3
GO:0019213	MF	e	deacetylase activity	1/5	20/6920	0.014371707359943354	3	1	1.0	HDA3
GO:0160215	MF	e	deacylase activity	1/5	26/6920	0.01865083982539093	2	1	1.0	HDA3
GO:0050660	MF	e	flavin adenine dinucleotide binding	1/5	35/6920	0.025041659470263548	5	1	1.0	MET13
GO:0008094	MF	e	ATP-dependent activity, acting on DNA	1/5	98/6920	0.06885120929998186	4	1	1.0	HDA3
GO:0003682	MF	e	chromatin binding	1/5	157/6920	0.10843730329122302	2	1	1.0	HDA3
GO:0140097	MF	e	catalytic activity, acting on DNA	1/5	215/6920	0.146028640383977	3	1	1.0	HDA3
GO:0003735	MF	e	structural constituent of ribosome	1/5	235/6920	0.1586929776239942	2	1	1.0	RPS1B
GO:0140657	MF	e	ATP-dependent activity	1/5	294/6920	0.1951798773366235	1	1	1.0	HDA3
GO:0016491	MF	e	oxidoreductase activity	1/5	333/6920	0.21859514832787458	2	1	1.0	MET13
GO:0005198	MF	e	structural molecule activity	1/5	380/6920	0.24608603598234965	1	1	1.0	RPS1B
GO:0140640	MF	e	catalytic activity, acting on a nucleic acid	1/5	545/6920	0.3365368659133094	2	1	1.0	HDA3
GO:0008270	MF	e	zinc ion binding	1/5	590/6920	0.35963209782282196	7	1	1.0	RCO1
GO:0005488	MF	e	binding	4/5	3679/6920	0.37981994450592904	1	4	1.0	HDA3, MET13, RCO1, SNU71
GO:0046914	MF	e	transition metal ion binding	1/5	638/6920	0.3835534581592808	6	1	1.0	RCO1
GO:0003677	MF	e	DNA binding	1/5	676/6920	0.40197956727937756	3	1	1.0	HDA3
GO:0140096	MF	e	catalytic activity, acting on a protein	1/5	712/6920	0.41902685648831284	2	1	1.0	HDA3
GO:0000166	MF	e	nucleotide binding	1/5	942/6920	0.5189943915450487	4	1	1.0	MET13
GO:1901265	MF	e	nucleoside phosphate binding	1/5	943/6920	0.5193967047003304	2	1	1.0	MET13
GO:0043168	MF	e	anion binding	1/5	975/6920	0.532129302084497	4	1	1.0	MET13
GO:0046872	MF	e	metal ion binding	1/5	980/6920	0.5340941520041429	5	1	1.0	RCO1
GO:1901363	MF	e	heterocyclic compound binding	1/5	993/6920	0.5391718838088658	3	1	1.0	MET13
GO:0043169	MF	e	cation binding	1/5	996/6920	0.5403373565107377	4	1	1.0	RCO1
GO:0003723	MF	e	RNA binding	1/5	1124/6920	0.5879123049855296	3	1	1.0	SNU71
GO:0043167	MF	e	ion binding	2/5	1741/6920	0.605227926993779	3	2	1.0	MET13, RCO1
GO:0003676	MF	e	nucleic acid binding	2/5	1751/6920	0.6060189730094505	2	2	1.0	HDA3, SNU71
GO:0036094	MF	e	small molecule binding	2/5	1796/6920	0.6097872815141081	2	2	1.0	MET13, RCO1
GO:0003674	MF	e	molecular_function	5/5	6800/6920	1.0	0	5	1.0	HDA3, MET13, RCO1, RPS1B, SNU71
GO:0003824	MF	e	catalytic activity	2/5	2580/6920	1.0	1	2	1.0	HDA3, MET13
GO:0052901	MF	p	spermine oxidase activity	0/5	1/6920	1.0	6	0	1.0	
GO:0015093	MF	p	ferrous iron transmembrane transporter activity	0/5	6/6920	1.0	8	0	1.0	
GO:0033283	MF	p	ATPase-coupled organic acid transmembrane transporter activity	0/5	1/6920	1.0	6	0	1.0	
GO:0140443	MF	p	mitochondrion-plasma membrane adaptor activity	0/5	1/6920	1.0	4	0	1.0	
GO:0004126	MF	p	cytidine deaminase activity	0/5	1/6920	1.0	5	0	1.0	
GO:0004070	MF	p	aspartate carbamoyltransferase activity	0/5	1/6920	1.0	5	0	1.0	
GO:0008495	MF	p	protoheme IX farnesyltransferase activity	0/5	1/6920	1.0	5	0	1.0	
GO:0034228	MF	p	ethanolamine transmembrane transporter activity	0/5	1/6920	1.0	4	0	1.0	
GO:0004516	MF	p	nicotinate phosphoribosyltransferase activity	0/5	1/6920	1.0	4	0	1.0	
GO:0071618	MF	p	lysophosphatidylethanolamine acyltransferase activity	0/5	3/6920	1.0	6	0	1.0	
GO:0004354	MF	p	glutamate dehydrogenase (NADP+) activity	0/5	2/6920	1.0	6	0	1.0	
GO:0030332	MF	p	cyclin binding	0/5	9/6920	1.0	3	0	1.0	
GO:0015138	MF	p	fumarate transmembrane transporter activity	0/5	1/6920	1.0	6	0	1.0	
GO:0004435	MF	p	phosphatidylinositol-4,5-bisphosphate phospholipase C activity	0/5	1/6920	1.0	7	0	1.0	
GO:0004633	MF	p	phosphopantothenoylcysteine decarboxylase activity	0/5	4/6920	1.0	5	0	1.0	
GO:0031682	MF	p	G-protein gamma-subunit binding	0/5	1/6920	1.0	3	0	1.0	
GO:0120230	MF	p	recombinase activator activity	0/5	2/6920	1.0	4	0	1.0	
GO:0000014	MF	p	single-stranded DNA endodeoxyribonuclease activity	0/5	8/6920	1.0	6	0	1.0	
GO:0016594	MF	p	glycine binding	0/5	1/6920	1.0	6	0	1.0	
GO:0140355	MF	p	cargo receptor ligand activity	0/5	1/6920	1.0	3	0	1.0	
GO:0008710	MF	p	8-amino-7-oxononanoate synthase activity	0/5	2/6920	1.0	5	0	1.0	
GO:0140492	MF	p	metal-dependent deubiquitinase activity	0/5	1/6920	1.0	6	0	1.0	
GO:0000384	MF	p	first spliceosomal transesterification activity	0/5	9/6920	1.0	4	0	1.0	
GO:0106226	MF	p	peptide 2-hydroxyisobutyryltransferase activity	0/5	1/6920	1.0	6	0	1.0	
GO:0004425	MF	p	indole-3-glycerol-phosphate synthase activity	0/5	1/6920	1.0	5	0	1.0	
GO:0004331	MF	p	fructose-2,6-bisphosphate 2-phosphatase activity	0/5	3/6920	1.0	8	0	1.0	
GO:0033840	MF	p	alpha-1,4-glucan glucosyltransferase (NDP-glucose donor) activity	0/5	2/6920	1.0	6	0	1.0	
GO:1990446	MF	p	U1 snRNP binding	0/5	1/6920	1.0	5	0	1.0	
GO:0008936	MF	p	nicotinamidase activity	0/5	1/6920	1.0	6	0	1.0	
GO:0031956	MF	p	medium-chain fatty acid-CoA ligase activity	0/5	3/6920	1.0	7	0	1.0	
GO:0004039	MF	p	allophanate hydrolase activity	0/5	1/6920	1.0	5	0	1.0	
GO:0110152	MF	p	RNA NAD+-cap (NAD+-forming) hydrolase activity	0/5	1/6920	1.0	5	0	1.0	
GO:0003872	MF	p	6-phosphofructokinase activity	0/5	3/6920	1.0	7	0	1.0	
GO:0003999	MF	p	adenine phosphoribosyltransferase activity	0/5	2/6920	1.0	6	0	1.0	
GO:0022857	MF	p	transmembrane transporter activity	0/5	416/6920	1.0	2	0	1.0	
GO:0046934	MF	p	1-phosphatidylinositol-4,5-bisphosphate 3-kinase activity	0/5	1/6920	1.0	7	0	1.0	
GO:0050661	MF	p	NADP binding	0/5	20/6920	1.0	7	0	1.0	
GO:0000100	MF	p	S-methylmethionine transmembrane transporter activity	0/5	1/6920	1.0	4	0	1.0	
GO:0003962	MF	p	cystathionine gamma-synthase activity	0/5	3/6920	1.0	4	0	1.0	
GO:0052744	MF	p	phosphatidylinositol monophosphate phosphatase activity	0/5	4/6920	1.0	7	0	1.0	
GO:0034041	MF	p	ABC-type sterol transporter activity	0/5	1/6920	1.0	7	0	1.0	
GO:0042500	MF	p	aspartic endopeptidase activity, intramembrane cleaving	0/5	1/6920	1.0	6	0	1.0	
GO:0004748	MF	p	ribonucleoside-diphosphate reductase activity, thioredoxin disulfide as acceptor	0/5	6/6920	1.0	6	0	1.0	
GO:0003983	MF	p	UTP:glucose-1-phosphate uridylyltransferase activity	0/5	2/6920	1.0	7	0	1.0	
GO:0016208	MF	p	AMP binding	0/5	5/6920	1.0	8	0	1.0	
GO:0034432	MF	p	bis(5'-adenosyl)-pentaphosphatase activity	0/5	1/6920	1.0	6	0	1.0	
GO:0051735	MF	p	GTP-dependent polynucleotide 5'-hydroxyl-kinase activity	0/5	1/6920	1.0	7	0	1.0	
GO:0004142	MF	p	diacylglycerol cholinephosphotransferase activity	0/5	2/6920	1.0	6	0	1.0	
GO:0004075	MF	p	biotin carboxylase activity	0/5	2/6920	1.0	4	0	1.0	
GO:0015495	MF	p	gamma-aminobutyric acid:proton symporter activity	0/5	1/6920	1.0	9	0	1.0	
GO:0003909	MF	p	DNA ligase activity	0/5	2/6920	1.0	4	0	1.0	
GO:0005324	MF	p	long-chain fatty acid transmembrane transporter activity	0/5	5/6920	1.0	7	0	1.0	
GO:0008534	MF	p	oxidized purine nucleobase lesion DNA N-glycosylase activity	0/5	2/6920	1.0	7	0	1.0	
GO:0004474	MF	p	malate synthase activity	0/5	2/6920	1.0	5	0	1.0	
GO:0015081	MF	p	sodium ion transmembrane transporter activity	0/5	8/6920	1.0	6	0	1.0	
GO:0005544	MF	p	calcium-dependent phospholipid binding	0/5	2/6920	1.0	4	0	1.0	
GO:0000829	MF	p	diphosphoinositol pentakisphosphate kinase activity	0/5	2/6920	1.0	6	0	1.0	
GO:0008603	MF	p	cAMP-dependent protein kinase regulator activity	0/5	3/6920	1.0	5	0	1.0	
GO:0042410	MF	p	6-carboxyhexanoate-CoA ligase activity	0/5	2/6920	1.0	5	0	1.0	
GO:0032137	MF	p	guanine/thymine mispair binding	0/5	3/6920	1.0	6	0	1.0	
GO:0101005	MF	p	deubiquitinase activity	0/5	24/6920	1.0	5	0	1.0	
GO:0003785	MF	p	actin monomer binding	0/5	3/6920	1.0	5	0	1.0	
GO:0000224	MF	p	peptide-N4-(N-acetyl-beta-glucosaminyl)asparagine amidase activity	0/5	3/6920	1.0	5	0	1.0	
GO:0003921	MF	p	GMP synthase activity	0/5	1/6920	1.0	4	0	1.0	
GO:0071933	MF	p	Arp2/3 complex binding	0/5	5/6920	1.0	3	0	1.0	
GO:0003919	MF	p	FMN adenylyltransferase activity	0/5	1/6920	1.0	6	0	1.0	
GO:0004888	MF	p	transmembrane signaling receptor activity	0/5	12/6920	1.0	3	0	1.0	
GO:0034450	MF	p	ubiquitin-ubiquitin ligase activity	0/5	6/6920	1.0	8	0	1.0	
GO:0052834	MF	p	inositol monophosphate phosphatase activity	0/5	2/6920	1.0	7	0	1.0	
GO:0003960	MF	p	NADPH:quinone reductase activity	0/5	1/6920	1.0	5	0	1.0	
GO:0015234	MF	p	thiamine transmembrane transporter activity	0/5	2/6920	1.0	4	0	1.0	
GO:0042802	MF	p	identical protein binding	0/5	16/6920	1.0	3	0	1.0	
GO:0004774	MF	p	succinate-CoA ligase activity	0/5	3/6920	1.0	5	0	1.0	
GO:0008081	MF	p	phosphoric diester hydrolase activity	0/5	18/6920	1.0	5	0	1.0	
GO:0016966	MF	p	nitric oxide reductase activity	0/5	1/6920	1.0	5	0	1.0	
GO:0099615	MF	p	(R)-2-hydroxyglutarate-pyruvate transhydrogenase activity	0/5	1/6920	1.0	4	0	1.0	
GO:0030955	MF	p	potassium ion binding	0/5	2/6920	1.0	7	0	1.0	
GO:0033549	MF	p	MAP kinase phosphatase activity	0/5	4/6920	1.0	7	0	1.0	
GO:0050286	MF	p	sorbitol-6-phosphatase activity	0/5	1/6920	1.0	6	0	1.0	
GO:0015297	MF	p	antiporter activity	0/5	32/6920	1.0	5	0	1.0	
GO:0003887	MF	p	DNA-directed DNA polymerase activity	0/5	65/6920	1.0	6	0	1.0	
GO:0003938	MF	p	IMP dehydrogenase activity	0/5	3/6920	1.0	5	0	1.0	
GO:0102264	MF	p	tRNA-dihydrouridine20 synthase activity	0/5	1/6920	1.0	7	0	1.0	
GO:0000822	MF	p	inositol hexakisphosphate binding	0/5	4/6920	1.0	5	0	1.0	
GO:0004581	MF	p	dolichyl-phosphate beta-glucosyltransferase activity	0/5	1/6920	1.0	7	0	1.0	
GO:0016864	MF	p	intramolecular oxidoreductase activity, transposing S-S bonds	0/5	6/6920	1.0	4	0	1.0	
GO:0140597	MF	p	protein carrier chaperone	0/5	10/6920	1.0	2	0	1.0	
GO:0016251	MF	p	RNA polymerase II general transcription initiation factor activity	0/5	21/6920	1.0	2	0	1.0	
GO:0032184	MF	p	SUMO polymer binding	0/5	1/6920	1.0	5	0	1.0	
GO:0008235	MF	p	metalloexopeptidase activity	0/5	18/6920	1.0	5	0	1.0	
GO:0008092	MF	p	cytoskeletal protein binding	0/5	122/6920	1.0	3	0	1.0	
GO:0004148	MF	p	dihydrolipoyl dehydrogenase (NADH) activity	0/5	2/6920	1.0	5	0	1.0	
GO:0140612	MF	p	DNA damage sensor activity	0/5	14/6920	1.0	3	0	1.0	
GO:0004040	MF	p	amidase activity	0/5	7/6920	1.0	5	0	1.0	
GO:0008176	MF	p	tRNA (guanine(46)-N7)-methyltransferase activity	0/5	2/6920	1.0	8	0	1.0	
GO:0003860	MF	p	3-hydroxyisobutyryl-CoA hydrolase activity	0/5	1/6920	1.0	8	0	1.0	
GO:0043394	MF	p	proteoglycan binding	0/5	1/6920	1.0	3	0	1.0	
GO:0022893	MF	p	low-affinity tryptophan transmembrane transporter activity	0/5	1/6920	1.0	7	0	1.0	
GO:0106263	MF	p	1-acylglycerophosphoserine O-acyltransferase activity	0/5	1/6920	1.0	6	0	1.0	
GO:0015620	MF	p	ferric-enterobactin transmembrane transporter activity	0/5	1/6920	1.0	5	0	1.0	
GO:0001664	MF	p	G protein-coupled receptor binding	0/5	2/6920	1.0	4	0	1.0	
GO:0008137	MF	p	NADH dehydrogenase (ubiquinone) activity	0/5	1/6920	1.0	6	0	1.0	
GO:0004135	MF	p	amylo-alpha-1,6-glucosidase activity	0/5	1/6920	1.0	7	0	1.0	
GO:0045437	MF	p	uridine nucleosidase activity	0/5	1/6920	1.0	6	0	1.0	
GO:0004392	MF	p	heme oxygenase (decyclizing) activity	0/5	1/6920	1.0	5	0	1.0	
GO:0032794	MF	p	GTPase activating protein binding	0/5	2/6920	1.0	3	0	1.0	
GO:0102266	MF	p	tRNA-dihydrouridine20a synthase activity	0/5	1/6920	1.0	7	0	1.0	
GO:0001098	MF	p	basal transcription machinery binding	0/5	32/6920	1.0	3	0	1.0	
GO:0030378	MF	p	serine racemase activity	0/5	1/6920	1.0	6	0	1.0	
GO:0070034	MF	p	telomerase RNA binding	0/5	9/6920	1.0	4	0	1.0	
GO:0070037	MF	p	rRNA (pseudouridine) methyltransferase activity	0/5	1/6920	1.0	7	0	1.0	
GO:0004583	MF	p	dolichyl-phosphate-glucose-glycolipid alpha-glucosyltransferase activity	0/5	3/6920	1.0	6	0	1.0	
GO:1901235	MF	p	(R)-carnitine transmembrane transporter activity	0/5	1/6920	1.0	6	0	1.0	
GO:0015087	MF	p	cobalt ion transmembrane transporter activity	0/5	1/6920	1.0	7	0	1.0	
GO:0018423	MF	p	protein C-terminal leucine carboxyl O-methyltransferase activity	0/5	1/6920	1.0	9	0	1.0	
GO:0140849	MF	p	ATP-dependent H2AZ histone chaperone activity	0/5	1/6920	1.0	7	0	1.0	
GO:0016722	MF	p	oxidoreductase activity, acting on metal ions	0/5	17/6920	1.0	3	0	1.0	
GO:0015276	MF	p	ligand-gated monoatomic ion channel activity	0/5	6/6920	1.0	7	0	1.0	
GO:0015131	MF	p	oxaloacetate transmembrane transporter activity	0/5	2/6920	1.0	6	0	1.0	
GO:0016798	MF	p	hydrolase activity, acting on glycosyl bonds	0/5	81/6920	1.0	3	0	1.0	
GO:0033862	MF	p	UMP kinase activity	0/5	1/6920	1.0	7	0	1.0	
GO:0080084	MF	p	5S rDNA binding	0/5	7/6920	1.0	7	0	1.0	
GO:0048487	MF	p	beta-tubulin binding	0/5	3/6920	1.0	5	0	1.0	
GO:0043325	MF	p	phosphatidylinositol-3,4-bisphosphate binding	0/5	4/6920	1.0	5	0	1.0	
GO:0052656	MF	p	L-isoleucine-2-oxoglutarate transaminase activity	0/5	2/6920	1.0	6	0	1.0	
GO:0019828	MF	p	aspartic-type endopeptidase inhibitor activity	0/5	1/6920	1.0	6	0	1.0	
GO:0005484	MF	p	SNAP receptor activity	0/5	24/6920	1.0	3	0	1.0	
GO:0031624	MF	p	ubiquitin conjugating enzyme binding	0/5	6/6920	1.0	5	0	1.0	
GO:0120014	MF	p	phospholipid transfer activity	0/5	12/6920	1.0	4	0	1.0	
GO:0015036	MF	p	disulfide oxidoreductase activity	0/5	29/6920	1.0	4	0	1.0	
GO:0004594	MF	p	pantothenate kinase activity	0/5	1/6920	1.0	5	0	1.0	
GO:0008330	MF	p	protein tyrosine/threonine phosphatase activity	0/5	2/6920	1.0	7	0	1.0	
GO:0120521	MF	p	4-hydroxysphinganine ceramide fatty acyl 2-hydroxylase activity	0/5	1/6920	1.0	6	0	1.0	
GO:0005247	MF	p	voltage-gated chloride channel activity	0/5	1/6920	1.0	9	0	1.0	
GO:0050354	MF	p	triokinase activity	0/5	2/6920	1.0	5	0	1.0	
GO:0000049	MF	p	tRNA binding	0/5	55/6920	1.0	4	0	1.0	
GO:0140785	MF	p	amino acid sensor activity	0/5	1/6920	1.0	3	0	1.0	
GO:0016229	MF	p	steroid dehydrogenase activity	0/5	3/6920	1.0	3	0	1.0	
GO:0070401	MF	p	NADP+ binding	0/5	1/6920	1.0	8	0	1.0	
GO:0004601	MF	p	peroxidase activity	0/5	18/6920	1.0	4	0	1.0	
GO:0008318	MF	p	protein prenyltransferase activity	0/5	9/6920	1.0	5	0	1.0	
GO:0043682	MF	p	P-type divalent copper transporter activity	0/5	1/6920	1.0	8	0	1.0	
GO:0044183	MF	p	protein folding chaperone	0/5	44/6920	1.0	1	0	1.0	
GO:0016854	MF	p	racemase and epimerase activity	0/5	8/6920	1.0	3	0	1.0	
GO:0015212	MF	p	cytidine transmembrane transporter activity	0/5	1/6920	1.0	6	0	1.0	
GO:0042124	MF	p	1,3-beta-glucanosyltransferase activity	0/5	5/6920	1.0	4	0	1.0	
GO:0031418	MF	p	L-ascorbic acid binding	0/5	1/6920	1.0	6	0	1.0	
GO:0016427	MF	p	tRNA (cytidine) methyltransferase activity	0/5	3/6920	1.0	7	0	1.0	
GO:0019899	MF	p	enzyme binding	0/5	166/6920	1.0	3	0	1.0	
GO:0036381	MF	p	pyridoxal 5'-phosphate synthase (glutamine hydrolysing) activity	0/5	7/6920	1.0	5	0	1.0	
GO:0005092	MF	p	GDP-dissociation inhibitor activity	0/5	7/6920	1.0	5	0	1.0	
GO:0060090	MF	p	molecular adaptor activity	0/5	607/6920	1.0	1	0	1.0	
GO:1901681	MF	p	sulfur compound binding	0/5	19/6920	1.0	2	0	1.0	
GO:0001002	MF	p	RNA polymerase III type 1 promoter sequence-specific DNA binding	0/5	7/6920	1.0	9	0	1.0	
GO:0004784	MF	p	superoxide dismutase activity	0/5	6/6920	1.0	4	0	1.0	
GO:0050385	MF	p	ureidoglycolate lyase activity	0/5	1/6920	1.0	5	0	1.0	
GO:0000824	MF	p	inositol-1,4,5,6-tetrakisphosphate 3-kinase activity	0/5	2/6920	1.0	7	0	1.0	
GO:0004655	MF	p	porphobilinogen synthase activity	0/5	1/6920	1.0	5	0	1.0	
GO:0004168	MF	p	dolichol kinase activity	0/5	1/6920	1.0	5	0	1.0	
GO:0043891	MF	p	glyceraldehyde-3-phosphate dehydrogenase [NAD(P)+] (phosphorylating) activity	0/5	3/6920	1.0	5	0	1.0	
GO:0016724	MF	p	oxidoreductase activity, acting on metal ions, oxygen as acceptor	0/5	6/6920	1.0	4	0	1.0	
GO:0140011	MF	p	histone H4K12ac reader activity	0/5	1/6920	1.0	6	0	1.0	
GO:0000981	MF	p	DNA-binding transcription factor activity, RNA polymerase II-specific	0/5	164/6920	1.0	3	0	1.0	
GO:0050152	MF	p	omega-amidase activity	0/5	1/6920	1.0	5	0	1.0	
GO:0051500	MF	p	D-tyrosyl-tRNA(Tyr) deacylase activity	0/5	1/6920	1.0	7	0	1.0	
GO:0004351	MF	p	glutamate decarboxylase activity	0/5	1/6920	1.0	5	0	1.0	
GO:0004366	MF	p	glycerol-3-phosphate O-acyltransferase activity	0/5	2/6920	1.0	6	0	1.0	
GO:0003977	MF	p	UDP-N-acetylglucosamine diphosphorylase activity	0/5	1/6920	1.0	6	0	1.0	
GO:0050614	MF	p	Delta24-sterol reductase activity	0/5	1/6920	1.0	5	0	1.0	
GO:0008696	MF	p	4-amino-4-deoxychorismate lyase activity	0/5	1/6920	1.0	5	0	1.0	
GO:0016740	MF	p	transferase activity	0/5	1029/6920	1.0	2	0	1.0	
GO:0044389	MF	p	ubiquitin-like protein ligase binding	0/5	27/6920	1.0	4	0	1.0	
GO:1990814	MF	p	DNA/DNA annealing activity	0/5	1/6920	1.0	6	0	1.0	
GO:0141148	MF	p	enoyl-[acyl-carrier-protein] reductase (NADPH) activity	0/5	2/6920	1.0	6	0	1.0	
GO:0008126	MF	p	acetylesterase activity	0/5	3/6920	1.0	6	0	1.0	
GO:0016303	MF	p	1-phosphatidylinositol-3-kinase activity	0/5	4/6920	1.0	7	0	1.0	
GO:0090369	MF	p	ornithine carbamoyltransferase inhibitor activity	0/5	1/6920	1.0	4	0	1.0	
GO:0016287	MF	p	glycerone-phosphate O-acyltransferase activity	0/5	2/6920	1.0	7	0	1.0	
GO:0008641	MF	p	ubiquitin-like modifier activating enzyme activity	0/5	10/6920	1.0	4	0	1.0	
GO:0070566	MF	p	adenylyltransferase activity	0/5	19/6920	1.0	5	0	1.0	
GO:0061863	MF	p	microtubule plus end polymerase	0/5	2/6920	1.0	3	0	1.0	
GO:0004421	MF	p	hydroxymethylglutaryl-CoA synthase activity	0/5	1/6920	1.0	5	0	1.0	
GO:0004662	MF	p	CAAX-protein geranylgeranyltransferase activity	0/5	2/6920	1.0	7	0	1.0	
GO:0016860	MF	p	intramolecular oxidoreductase activity	0/5	19/6920	1.0	3	0	1.0	
GO:0061659	MF	p	ubiquitin-like protein ligase activity	0/5	87/6920	1.0	6	0	1.0	
GO:0008312	MF	p	7S RNA binding	0/5	7/6920	1.0	4	0	1.0	
GO:0004476	MF	p	mannose-6-phosphate isomerase activity	0/5	1/6920	1.0	5	0	1.0	
GO:0140613	MF	p	P-type manganese transporter activity	0/5	1/6920	1.0	8	0	1.0	
GO:0030272	MF	p	5-formyltetrahydrofolate cyclo-ligase activity	0/5	1/6920	1.0	5	0	1.0	
GO:0015574	MF	p	trehalose transmembrane transporter activity	0/5	1/6920	1.0	6	0	1.0	
GO:0008418	MF	p	protein-N-terminal asparagine amidohydrolase activity	0/5	1/6920	1.0	6	0	1.0	
GO:0008976	MF	p	polyphosphate kinase activity	0/5	1/6920	1.0	5	0	1.0	
GO:0022803	MF	p	passive transmembrane transporter activity	0/5	47/6920	1.0	3	0	1.0	
GO:0004090	MF	p	carbonyl reductase (NADPH) activity	0/5	4/6920	1.0	7	0	1.0	
GO:0033744	MF	p	L-methionine:thioredoxin-disulfide S-oxidoreductase activity	0/5	1/6920	1.0	5	0	1.0	
GO:0016504	MF	p	peptidase activator activity	0/5	4/6920	1.0	4	0	1.0	
GO:0004408	MF	p	holocytochrome-c synthase activity	0/5	2/6920	1.0	4	0	1.0	
GO:0043424	MF	p	protein histidine kinase binding	0/5	1/6920	1.0	6	0	1.0	
GO:0004450	MF	p	isocitrate dehydrogenase (NADP+) activity	0/5	3/6920	1.0	6	0	1.0	
GO:0052689	MF	p	carboxylic ester hydrolase activity	0/5	55/6920	1.0	4	0	1.0	
GO:0008412	MF	p	4-hydroxybenzoate polyprenyltransferase activity	0/5	1/6920	1.0	5	0	1.0	
GO:0045142	MF	p	triplex DNA binding	0/5	2/6920	1.0	4	0	1.0	
GO:0046970	MF	p	histone H4K16 deacetylase activity, NAD-dependent	0/5	2/6920	1.0	8	0	1.0	
GO:0015183	MF	p	L-aspartate transmembrane transporter activity	0/5	4/6920	1.0	6	0	1.0	
GO:0016842	MF	p	amidine-lyase activity	0/5	4/6920	1.0	4	0	1.0	
GO:0009055	MF	p	electron transfer activity	0/5	49/6920	1.0	1	0	1.0	
GO:0008732	MF	p	L-allo-threonine aldolase activity	0/5	1/6920	1.0	6	0	1.0	
GO:0051575	MF	p	5'-deoxyribose-5-phosphate lyase activity	0/5	1/6920	1.0	4	0	1.0	
GO:0036121	MF	p	double-stranded DNA helicase activity	0/5	1/6920	1.0	7	0	1.0	
GO:0004771	MF	p	sterol ester esterase activity	0/5	4/6920	1.0	5	0	1.0	
GO:0004176	MF	p	ATP-dependent peptidase activity	0/5	4/6920	1.0	4	0	1.0	
GO:0000030	MF	p	mannosyltransferase activity	0/5	49/6920	1.0	5	0	1.0	
GO:0004812	MF	p	aminoacyl-tRNA ligase activity	0/5	38/6920	1.0	5	0	1.0	
GO:0005365	MF	p	myo-inositol transmembrane transporter activity	0/5	4/6920	1.0	4	0	1.0	
GO:0022890	MF	p	inorganic cation transmembrane transporter activity	0/5	168/6920	1.0	4	0	1.0	
GO:0140721	MF	p	nuclease inhibitor activity	0/5	2/6920	1.0	4	0	1.0	
GO:0015215	MF	p	nucleotide transmembrane transporter activity	0/5	16/6920	1.0	4	0	1.0	
GO:0045290	MF	p	D-arabinose 1-dehydrogenase [NAD(P)+] activity	0/5	2/6920	1.0	5	0	1.0	
GO:0008142	MF	p	oxysterol binding	0/5	2/6920	1.0	5	0	1.0	
GO:0004783	MF	p	sulfite reductase (NADPH) activity	0/5	3/6920	1.0	5	0	1.0	
GO:0140824	MF	p	thioredoxin-dependent peroxiredoxin activity	0/5	8/6920	1.0	6	0	1.0	
GO:0047809	MF	p	D-lactate dehydrogenase activity	0/5	3/6920	1.0	5	0	1.0	
GO:0008469	MF	p	histone arginine N-methyltransferase activity	0/5	1/6920	1.0	8	0	1.0	
GO:0070717	MF	p	poly-purine tract binding	0/5	9/6920	1.0	5	0	1.0	
GO:0008190	MF	p	eukaryotic initiation factor 4E binding	0/5	2/6920	1.0	4	0	1.0	
GO:0004375	MF	p	glycine dehydrogenase (decarboxylating) activity	0/5	3/6920	1.0	5	0	1.0	
GO:0001010	MF	p	RNA polymerase II sequence-specific DNA-binding transcription factor recruiting activity	0/5	3/6920	1.0	3	0	1.0	
GO:0004754	MF	p	saccharopine dehydrogenase (NAD+, L-lysine-forming) activity	0/5	1/6920	1.0	6	0	1.0	
GO:0030159	MF	p	signaling receptor complex adaptor activity	0/5	1/6920	1.0	4	0	1.0	
GO:0035639	MF	p	purine ribonucleoside triphosphate binding	0/5	822/6920	1.0	5	0	1.0	
GO:0016712	MF	p	oxidoreductase activity, acting on paired donors, with incorporation or reduction of molecular oxygen, reduced flavin or flavoprotein as one donor, and incorporation of one atom of oxygen	0/5	2/6920	1.0	4	0	1.0	
GO:0016971	MF	p	flavin-dependent sulfhydryl oxidase activity	0/5	2/6920	1.0	6	0	1.0	
GO:0016413	MF	p	O-acetyltransferase activity	0/5	12/6920	1.0	6	0	1.0	
GO:0043024	MF	p	ribosomal small subunit binding	0/5	8/6920	1.0	5	0	1.0	
GO:0005504	MF	p	fatty acid binding	0/5	3/6920	1.0	7	0	1.0	
GO:0004830	MF	p	tryptophan-tRNA ligase activity	0/5	2/6920	1.0	6	0	1.0	
GO:0008902	MF	p	hydroxymethylpyrimidine kinase activity	0/5	3/6920	1.0	5	0	1.0	
GO:0052873	MF	p	FMN reductase (NADPH) activity	0/5	2/6920	1.0	6	0	1.0	
GO:0032866	MF	p	D-xylose reductase (NADPH) activity	0/5	1/6920	1.0	8	0	1.0	
GO:0004673	MF	p	protein histidine kinase activity	0/5	1/6920	1.0	6	0	1.0	
GO:0003691	MF	p	double-stranded telomeric DNA binding	0/5	5/6920	1.0	6	0	1.0	
GO:0097367	MF	p	carbohydrate derivative binding	0/5	859/6920	1.0	2	0	1.0	
GO:0015157	MF	p	oligosaccharide transmembrane transporter activity	0/5	6/6920	1.0	4	0	1.0	
GO:0004422	MF	p	hypoxanthine phosphoribosyltransferase activity	0/5	2/6920	1.0	6	0	1.0	
GO:0140069	MF	p	histone butyryltransferase activity	0/5	1/6920	1.0	7	0	1.0	
GO:1990837	MF	p	sequence-specific double-stranded DNA binding	0/5	235/6920	1.0	5	0	1.0	
GO:0004145	MF	p	diamine N-acetyltransferase activity	0/5	1/6920	1.0	7	0	1.0	
GO:0004934	MF	p	mating-type alpha-factor pheromone receptor activity	0/5	1/6920	1.0	7	0	1.0	
GO:0001042	MF	p	RNA polymerase I core binding	0/5	2/6920	1.0	6	0	1.0	
GO:0003747	MF	p	translation release factor activity	0/5	7/6920	1.0	3	0	1.0	
GO:0000182	MF	p	rDNA binding	0/5	18/6920	1.0	6	0	1.0	
GO:0004356	MF	p	glutamine synthetase activity	0/5	1/6920	1.0	6	0	1.0	
GO:0042947	MF	p	glucoside transmembrane transporter activity	0/5	2/6920	1.0	4	0	1.0	
GO:0062058	MF	p	transcription factor TFIIH holo complex binding	0/5	1/6920	1.0	3	0	1.0	
GO:0031406	MF	p	carboxylic acid binding	0/5	8/6920	1.0	5	0	1.0	
GO:0047536	MF	p	2-aminoadipate transaminase activity	0/5	4/6920	1.0	5	0	1.0	
GO:0000977	MF	p	RNA polymerase II transcription regulatory region sequence-specific DNA binding	0/5	119/6920	1.0	7	0	1.0	
GO:0004363	MF	p	glutathione synthase activity	0/5	1/6920	1.0	5	0	1.0	
GO:0016695	MF	p	oxidoreductase activity, acting on hydrogen as donor	0/5	1/6920	1.0	3	0	1.0	
GO:0071667	MF	p	DNA/RNA hybrid binding	0/5	2/6920	1.0	3	0	1.0	
GO:0016212	MF	p	kynurenine-oxoglutarate transaminase activity	0/5	2/6920	1.0	5	0	1.0	
GO:0008311	MF	p	double-stranded DNA 3'-5' DNA exonuclease activity	0/5	2/6920	1.0	8	0	1.0	
GO:0000121	MF	p	glycerol-1-phosphatase activity	0/5	3/6920	1.0	6	0	1.0	
GO:0005199	MF	p	structural constituent of cell wall	0/5	44/6920	1.0	2	0	1.0	
GO:0015278	MF	p	intracellularly gated calcium channel activity	0/5	1/6920	1.0	10	0	1.0	
GO:0140489	MF	p	molecular template activity	0/5	2/6920	1.0	1	0	1.0	
GO:0016417	MF	p	S-acyltransferase activity	0/5	12/6920	1.0	5	0	1.0	
GO:0046983	MF	p	protein dimerization activity	0/5	54/6920	1.0	3	0	1.0	
GO:0070336	MF	p	flap-structured DNA binding	0/5	7/6920	1.0	4	0	1.0	
GO:0046906	MF	p	tetrapyrrole binding	0/5	30/6920	1.0	2	0	1.0	
GO:0005516	MF	p	calmodulin binding	0/5	23/6920	1.0	3	0	1.0	
GO:0003857	MF	p	3-hydroxyacyl-CoA dehydrogenase (NAD+) activity	0/5	1/6920	1.0	5	0	1.0	
GO:0003786	MF	p	actin lateral binding	0/5	2/6920	1.0	6	0	1.0	
GO:0000994	MF	p	RNA polymerase III core binding	0/5	2/6920	1.0	6	0	1.0	
GO:0001006	MF	p	RNA polymerase III type 3 promoter sequence-specific DNA binding	0/5	1/6920	1.0	9	0	1.0	
GO:0004506	MF	p	squalene monooxygenase activity	0/5	1/6920	1.0	5	0	1.0	
GO:0061631	MF	p	ubiquitin conjugating enzyme activity	0/5	11/6920	1.0	7	0	1.0	
GO:0016810	MF	p	hydrolase activity, acting on carbon-nitrogen (but not peptide) bonds	0/5	66/6920	1.0	3	0	1.0	
GO:0005047	MF	p	signal recognition particle binding	0/5	5/6920	1.0	4	0	1.0	
GO:0051082	MF	p	unfolded protein binding	0/5	85/6920	1.0	3	0	1.0	
GO:0016684	MF	p	oxidoreductase activity, acting on peroxide as acceptor	0/5	18/6920	1.0	3	0	1.0	
GO:0003714	MF	p	transcription corepressor activity	0/5	30/6920	1.0	4	0	1.0	
GO:0008703	MF	p	5-amino-6-(5-phosphoribosylamino)uracil reductase activity	0/5	1/6920	1.0	5	0	1.0	
GO:0016817	MF	p	hydrolase activity, acting on acid anhydrides	0/5	367/6920	1.0	3	0	1.0	
GO:0106413	MF	p	RNA dihydrouridine synthase activity	0/5	4/6920	1.0	5	0	1.0	
GO:0070463	MF	p	tubulin-dependent ATPase activity	0/5	1/6920	1.0	2	0	1.0	
GO:0015078	MF	p	proton transmembrane transporter activity	0/5	107/6920	1.0	5	0	1.0	
GO:0004347	MF	p	glucose-6-phosphate isomerase activity	0/5	1/6920	1.0	5	0	1.0	
GO:0000976	MF	p	transcription cis-regulatory region binding	0/5	174/6920	1.0	6	0	1.0	
GO:0046570	MF	p	methylthioribulose 1-phosphate dehydratase activity	0/5	1/6920	1.0	5	0	1.0	
GO:0120542	MF	p	ethanol dehydrogenase (NAD+) activity	0/5	4/6920	1.0	7	0	1.0	
GO:0000007	MF	p	low-affinity zinc ion transmembrane transporter activity	0/5	1/6920	1.0	8	0	1.0	
GO:0005302	MF	p	L-tyrosine transmembrane transporter activity	0/5	7/6920	1.0	6	0	1.0	
GO:0008494	MF	p	translation activator activity	0/5	2/6920	1.0	2	0	1.0	
GO:0050145	MF	p	nucleoside monophosphate kinase activity	0/5	7/6920	1.0	6	0	1.0	
GO:0030414	MF	p	peptidase inhibitor activity	0/5	6/6920	1.0	4	0	1.0	
GO:0008079	MF	p	translation termination factor activity	0/5	8/6920	1.0	2	0	1.0	
GO:0106261	MF	p	tRNA uridine(34) acetyltransferase activity	0/5	1/6920	1.0	6	0	1.0	
GO:0050567	MF	p	glutaminyl-tRNA synthase (glutamine-hydrolyzing) activity	0/5	4/6920	1.0	5	0	1.0	
GO:0008398	MF	p	sterol 14-demethylase activity	0/5	1/6920	1.0	5	0	1.0	
GO:0016175	MF	p	superoxide-generating NAD(P)H oxidase activity	0/5	2/6920	1.0	5	0	1.0	
GO:0099094	MF	p	ligand-gated monoatomic cation channel activity	0/5	6/6920	1.0	8	0	1.0	
GO:0003729	MF	p	mRNA binding	0/5	547/6920	1.0	4	0	1.0	
GO:0046592	MF	p	polyamine oxidase activity	0/5	1/6920	1.0	5	0	1.0	
GO:0043813	MF	p	phosphatidylinositol-3,5-bisphosphate 5-phosphatase activity	0/5	4/6920	1.0	9	0	1.0	
GO:0047804	MF	p	cysteine-S-conjugate beta-lyase activity	0/5	4/6920	1.0	4	0	1.0	
GO:0004550	MF	p	nucleoside diphosphate kinase activity	0/5	2/6920	1.0	6	0	1.0	
GO:0042054	MF	p	histone methyltransferase activity	0/5	18/6920	1.0	6	0	1.0	
GO:0004123	MF	p	cystathionine gamma-lyase activity	0/5	1/6920	1.0	4	0	1.0	
GO:0008720	MF	p	D-lactate dehydrogenase (NAD+) activity	0/5	1/6920	1.0	6	0	1.0	
GO:0015166	MF	p	polyol transmembrane transporter activity	0/5	6/6920	1.0	3	0	1.0	
GO:0043565	MF	p	sequence-specific DNA binding	0/5	317/6920	1.0	4	0	1.0	
GO:0004777	MF	p	succinate-semialdehyde dehydrogenase (NAD+) activity	0/5	1/6920	1.0	6	0	1.0	
GO:0033284	MF	p	ATPase-coupled carboxylic acid transmembrane transporter activity	0/5	1/6920	1.0	7	0	1.0	
GO:0008569	MF	p	minus-end-directed microtubule motor activity	0/5	4/6920	1.0	6	0	1.0	
GO:0004021	MF	p	L-alanine:2-oxoglutarate aminotransferase activity	0/5	2/6920	1.0	6	0	1.0	
GO:0106386	MF	p	(3R)-3-hydroxyacyl-CoA dehydrogenase (NAD+) activity	0/5	1/6920	1.0	5	0	1.0	
GO:0120547	MF	p	heme A synthase activity	0/5	1/6920	1.0	4	0	1.0	
GO:0016849	MF	p	phosphorus-oxygen lyase activity	0/5	8/6920	1.0	3	0	1.0	
GO:0036217	MF	p	dGTP diphosphatase activity	0/5	1/6920	1.0	7	0	1.0	
GO:0008650	MF	p	rRNA (uridine-2'-O-)-methyltransferase activity	0/5	2/6920	1.0	8	0	1.0	
GO:0004758	MF	p	serine C-palmitoyltransferase activity	0/5	2/6920	1.0	7	0	1.0	
GO:0016215	MF	p	acyl-CoA desaturase activity	0/5	1/6920	1.0	5	0	1.0	
GO:0004084	MF	p	branched-chain-amino-acid transaminase activity	0/5	2/6920	1.0	5	0	1.0	
GO:0032182	MF	p	ubiquitin-like protein binding	0/5	61/6920	1.0	3	0	1.0	
GO:0032896	MF	p	palmitoyl-CoA 9-desaturase activity	0/5	1/6920	1.0	6	0	1.0	
GO:0160205	MF	p	cysteine-dependent adenosine diphosphate thiazole synthase activity	0/5	1/6920	1.0	5	0	1.0	
GO:0106340	MF	p	tRNA (cytidine(32)/guanosine(34)-2'-O)-methyltransferase activity	0/5	1/6920	1.0	8	0	1.0	
GO:0004712	MF	p	protein serine/threonine/tyrosine kinase activity	0/5	11/6920	1.0	6	0	1.0	
GO:0032452	MF	p	histone demethylase activity	0/5	5/6920	1.0	4	0	1.0	
GO:0106321	MF	p	S-(hydroxymethyl)glutathione dehydrogenase (NADP+) activity	0/5	1/6920	1.0	6	0	1.0	
GO:0047816	MF	p	D-arabinose 1-dehydrogenase (NAD+) activity	0/5	2/6920	1.0	6	0	1.0	
GO:0000268	MF	p	peroxisome targeting sequence binding	0/5	6/6920	1.0	4	0	1.0	
GO:0016713	MF	p	oxidoreductase activity, acting on paired donors, with incorporation or reduction of molecular oxygen, reduced iron-sulfur protein as one donor, and incorporation of one atom of oxygen	0/5	1/6920	1.0	4	0	1.0	
GO:0008443	MF	p	phosphofructokinase activity	0/5	7/6920	1.0	6	0	1.0	
GO:0008483	MF	p	transaminase activity	0/5	22/6920	1.0	4	0	1.0	
GO:0035241	MF	p	protein-arginine omega-N monomethyltransferase activity	0/5	3/6920	1.0	8	0	1.0	
GO:0110130	MF	p	ribitol-5-phosphatase activity	0/5	1/6920	1.0	6	0	1.0	
GO:0019783	MF	p	ubiquitin-like protein peptidase activity	0/5	27/6920	1.0	4	0	1.0	
GO:0004400	MF	p	histidinol-phosphate transaminase activity	0/5	1/6920	1.0	5	0	1.0	
GO:0004352	MF	p	glutamate dehydrogenase (NAD+) activity	0/5	1/6920	1.0	6	0	1.0	
GO:0140318	MF	p	protein transporter activity	0/5	42/6920	1.0	2	0	1.0	
GO:0016778	MF	p	diphosphotransferase activity	0/5	7/6920	1.0	4	0	1.0	
GO:0055056	MF	p	D-glucose transmembrane transporter activity	0/5	17/6920	1.0	7	0	1.0	
GO:1990663	MF	p	dihydroorotate dehydrogenase (fumarate) activity	0/5	1/6920	1.0	5	0	1.0	
GO:0034038	MF	p	deoxyhypusine synthase activity	0/5	1/6920	1.0	4	0	1.0	
GO:0042887	MF	p	amide transmembrane transporter activity	0/5	21/6920	1.0	3	0	1.0	
GO:0048244	MF	p	phytanoyl-CoA dioxygenase activity	0/5	1/6920	1.0	5	0	1.0	
GO:0019172	MF	p	glyoxalase III activity	0/5	4/6920	1.0	5	0	1.0	
GO:0016791	MF	p	phosphatase activity	0/5	126/6920	1.0	5	0	1.0	
GO:0016670	MF	p	oxidoreductase activity, acting on a sulfur group of donors, oxygen as acceptor	0/5	5/6920	1.0	4	0	1.0	
GO:0008192	MF	p	RNA guanylyltransferase activity	0/5	3/6920	1.0	6	0	1.0	
GO:0003935	MF	p	GTP cyclohydrolase II activity	0/5	1/6920	1.0	7	0	1.0	
GO:0004861	MF	p	cyclin-dependent protein serine/threonine kinase inhibitor activity	0/5	6/6920	1.0	7	0	1.0	
GO:0070006	MF	p	metalloaminopeptidase activity	0/5	10/6920	1.0	6	0	1.0	
GO:0015225	MF	p	biotin transmembrane transporter activity	0/5	1/6920	1.0	6	0	1.0	
GO:0008320	MF	p	protein transmembrane transporter activity	0/5	31/6920	1.0	4	0	1.0	
GO:0018773	MF	p	acetylpyruvate hydrolase activity	0/5	1/6920	1.0	5	0	1.0	
GO:0016149	MF	p	translation release factor activity, codon specific	0/5	1/6920	1.0	4	0	1.0	
GO:0019158	MF	p	mannokinase activity	0/5	3/6920	1.0	7	0	1.0	
GO:0033192	MF	p	calmodulin-dependent protein phosphatase activity	0/5	2/6920	1.0	9	0	1.0	
GO:0001222	MF	p	transcription corepressor binding	0/5	1/6920	1.0	5	0	1.0	
GO:0004013	MF	p	adenosylhomocysteinase activity	0/5	1/6920	1.0	4	0	1.0	
GO:0016616	MF	p	oxidoreductase activity, acting on the CH-OH group of donors, NAD or NADP as acceptor	0/5	87/6920	1.0	4	0	1.0	
GO:1904678	MF	p	alpha-aminoacyl-tRNA binding	0/5	1/6920	1.0	4	0	1.0	
GO:0003838	MF	p	sterol 24-C-methyltransferase activity	0/5	1/6920	1.0	6	0	1.0	
GO:0018741	MF	p	linear primary-alkylsulfatase activity	0/5	1/6920	1.0	5	0	1.0	
GO:0050185	MF	p	phosphatidylinositol deacylase activity	0/5	1/6920	1.0	5	0	1.0	
GO:0060089	MF	p	molecular transducer activity	0/5	19/6920	1.0	1	0	1.0	
GO:0061928	MF	p	glutathione specific gamma-glutamylcyclotransferase activity	0/5	1/6920	1.0	5	0	1.0	
GO:0070259	MF	p	tyrosyl-DNA phosphodiesterase activity	0/5	2/6920	1.0	6	0	1.0	
GO:0016831	MF	p	carboxy-lyase activity	0/5	24/6920	1.0	4	0	1.0	
GO:0031543	MF	p	peptidyl-proline dioxygenase activity	0/5	1/6920	1.0	5	0	1.0	
GO:0160190	MF	p	peroxisome-mitochondrion membrane tether activity	0/5	2/6920	1.0	4	0	1.0	
GO:0043021	MF	p	ribonucleoprotein complex binding	0/5	140/6920	1.0	3	0	1.0	
GO:0008124	MF	p	4-alpha-hydroxytetrahydrobiopterin dehydratase activity	0/5	1/6920	1.0	5	0	1.0	
GO:0052909	MF	p	18S rRNA (adenine(1779)-N(6)/adenine(1780)-N(6))-dimethyltransferase activity	0/5	1/6920	1.0	9	0	1.0	
GO:1904047	MF	p	S-adenosyl-L-methionine binding	0/5	5/6920	1.0	5	0	1.0	
GO:0008519	MF	p	ammonium channel activity	0/5	7/6920	1.0	5	0	1.0	
GO:0035870	MF	p	dITP diphosphatase activity	0/5	2/6920	1.0	7	0	1.0	
GO:0005291	MF	p	high-affinity L-histidine transmembrane transporter activity	0/5	1/6920	1.0	7	0	1.0	
GO:0008289	MF	p	lipid binding	0/5	157/6920	1.0	2	0	1.0	
GO:0045027	MF	p	DNA end binding	0/5	3/6920	1.0	4	0	1.0	
GO:0016773	MF	p	phosphotransferase activity, alcohol group as acceptor	0/5	236/6920	1.0	4	0	1.0	
GO:0016758	MF	p	hexosyltransferase activity	0/5	89/6920	1.0	4	0	1.0	
GO:0031492	MF	p	nucleosomal DNA binding	0/5	8/6920	1.0	5	0	1.0	
GO:0015141	MF	p	succinate transmembrane transporter activity	0/5	2/6920	1.0	6	0	1.0	
GO:0000978	MF	p	RNA polymerase II cis-regulatory region sequence-specific DNA binding	0/5	100/6920	1.0	8	0	1.0	
GO:0061775	MF	p	cohesin loader activity	0/5	2/6920	1.0	4	0	1.0	
GO:0004578	MF	p	chitobiosyldiphosphodolichol beta-mannosyltransferase activity	0/5	1/6920	1.0	7	0	1.0	
GO:0004827	MF	p	proline-tRNA ligase activity	0/5	2/6920	1.0	6	0	1.0	
GO:0031071	MF	p	cysteine desulfurase activity	0/5	2/6920	1.0	5	0	1.0	
GO:0004345	MF	p	glucose-6-phosphate dehydrogenase activity	0/5	1/6920	1.0	5	0	1.0	
GO:0003992	MF	p	N2-acetyl-L-ornithine:2-oxoglutarate 5-aminotransferase activity	0/5	1/6920	1.0	5	0	1.0	
GO:0019887	MF	p	protein kinase regulator activity	0/5	64/6920	1.0	4	0	1.0	
GO:0004845	MF	p	uracil phosphoribosyltransferase activity	0/5	1/6920	1.0	5	0	1.0	
GO:0051213	MF	p	dioxygenase activity	0/5	14/6920	1.0	3	0	1.0	
GO:0052848	MF	p	inositol-3,5-bisdiphosphate-2,3,4,6-tetrakisphosphate 5-diphosphatase activity	0/5	1/6920	1.0	8	0	1.0	
GO:0008682	MF	p	3-demethoxyubiquinol 3-hydroxylase activity	0/5	1/6920	1.0	4	0	1.0	
GO:0005217	MF	p	intracellularly ligand-gated monoatomic ion channel activity	0/5	1/6920	1.0	8	0	1.0	
GO:0016433	MF	p	rRNA (adenine) methyltransferase activity	0/5	3/6920	1.0	7	0	1.0	
GO:0016532	MF	p	superoxide dismutase copper chaperone activity	0/5	3/6920	1.0	4	0	1.0	
GO:0016160	MF	p	amylase activity	0/5	7/6920	1.0	5	0	1.0	
GO:0004149	MF	p	dihydrolipoyllysine-residue succinyltransferase activity	0/5	1/6920	1.0	7	0	1.0	
GO:0008823	MF	p	cupric reductase (NADH) activity	0/5	2/6920	1.0	5	0	1.0	
GO:0140351	MF	p	glycosylceramide flippase activity	0/5	2/6920	1.0	6	0	1.0	
GO:0061627	MF	p	S-methylmethionine-homocysteine S-methyltransferase activity	0/5	2/6920	1.0	6	0	1.0	
GO:0035673	MF	p	oligopeptide transmembrane transporter activity	0/5	10/6920	1.0	4	0	1.0	
GO:0008061	MF	p	chitin binding	0/5	5/6920	1.0	3	0	1.0	
GO:0001025	MF	p	RNA polymerase III general transcription initiation factor binding	0/5	2/6920	1.0	5	0	1.0	
GO:0015144	MF	p	carbohydrate transmembrane transporter activity	0/5	33/6920	1.0	3	0	1.0	
GO:0005537	MF	p	D-mannose binding	0/5	7/6920	1.0	4	0	1.0	
GO:0008521	MF	p	acetyl-CoA transmembrane transporter activity	0/5	2/6920	1.0	4	0	1.0	
GO:0052675	MF	p	3-methylbutanal reductase (NADPH) activity	0/5	3/6920	1.0	7	0	1.0	
GO:0047407	MF	p	ADP-ribosyl-[dinitrogen reductase] hydrolase activity	0/5	1/6920	1.0	5	0	1.0	
GO:0001671	MF	p	ATPase activator activity	0/5	22/6920	1.0	3	0	1.0	
GO:0003700	MF	p	DNA-binding transcription factor activity	0/5	186/6920	1.0	2	0	1.0	
GO:0051015	MF	p	actin filament binding	0/5	37/6920	1.0	5	0	1.0	
GO:0004634	MF	p	phosphopyruvate hydratase activity	0/5	5/6920	1.0	5	0	1.0	
GO:0102704	MF	p	GDP-Man:Man(2)GlcNAc(2)-PP-Dol alpha-1,6-mannosyltransferase activity	0/5	1/6920	1.0	7	0	1.0	
GO:0005350	MF	p	pyrimidine nucleobase transmembrane transporter activity	0/5	1/6920	1.0	4	0	1.0	
GO:0000104	MF	p	succinate dehydrogenase activity	0/5	9/6920	1.0	4	0	1.0	
GO:0015220	MF	p	choline transmembrane transporter activity	0/5	1/6920	1.0	4	0	1.0	
GO:0099609	MF	p	microtubule lateral binding	0/5	1/6920	1.0	6	0	1.0	
GO:0002060	MF	p	purine nucleobase binding	0/5	2/6920	1.0	5	0	1.0	
GO:0015187	MF	p	glycine transmembrane transporter activity	0/5	3/6920	1.0	5	0	1.0	
GO:0043874	MF	p	acireductone synthase activity	0/5	1/6920	1.0	6	0	1.0	
GO:0016903	MF	p	oxidoreductase activity, acting on the aldehyde or oxo group of donors	0/5	31/6920	1.0	3	0	1.0	
GO:0140104	MF	p	molecular carrier activity	0/5	38/6920	1.0	1	0	1.0	
GO:0015556	MF	p	C4-dicarboxylate transmembrane transporter activity	0/5	7/6920	1.0	5	0	1.0	
GO:0008239	MF	p	dipeptidyl-peptidase activity	0/5	3/6920	1.0	5	0	1.0	
GO:0047434	MF	p	indolepyruvate decarboxylase activity	0/5	4/6920	1.0	5	0	1.0	
GO:0004694	MF	p	eukaryotic translation initiation factor 2alpha kinase activity	0/5	1/6920	1.0	7	0	1.0	
GO:0005216	MF	p	monoatomic ion channel activity	0/5	33/6920	1.0	5	0	1.0	
GO:0019212	MF	p	phosphatase inhibitor activity	0/5	12/6920	1.0	4	0	1.0	
GO:0005460	MF	p	UDP-glucose transmembrane transporter activity	0/5	1/6920	1.0	6	0	1.0	
GO:0046316	MF	p	gluconokinase activity	0/5	1/6920	1.0	5	0	1.0	
GO:0000773	MF	p	phosphatidyl-N-methylethanolamine N-methyltransferase activity	0/5	1/6920	1.0	6	0	1.0	
GO:0004152	MF	p	dihydroorotate dehydrogenase activity	0/5	1/6920	1.0	4	0	1.0	
GO:0052874	MF	p	FMN reductase (NADH) activity	0/5	1/6920	1.0	6	0	1.0	
GO:0160143	MF	p	21S rRNA pseudouridine(2819) synthase activity	0/5	1/6920	1.0	6	0	1.0	
GO:0016801	MF	p	hydrolase activity, acting on ether bonds	0/5	2/6920	1.0	3	0	1.0	
GO:0008236	MF	p	serine-type peptidase activity	0/5	17/6920	1.0	4	0	1.0	
GO:0004648	MF	p	O-phospho-L-serine:2-oxoglutarate aminotransferase activity	0/5	1/6920	1.0	5	0	1.0	
GO:0046403	MF	p	polynucleotide 3'-phosphatase activity	0/5	1/6920	1.0	6	0	1.0	
GO:0000702	MF	p	oxidized base lesion DNA N-glycosylase activity	0/5	3/6920	1.0	6	0	1.0	
GO:0030943	MF	p	mitochondrion targeting sequence binding	0/5	7/6920	1.0	4	0	1.0	
GO:0008184	MF	p	glycogen phosphorylase activity	0/5	1/6920	1.0	6	0	1.0	
GO:0004723	MF	p	calcium-dependent protein serine/threonine phosphatase activity	0/5	3/6920	1.0	8	0	1.0	
GO:0030267	MF	p	glyoxylate reductase (NADPH) activity	0/5	3/6920	1.0	6	0	1.0	
GO:0047046	MF	p	homoisocitrate dehydrogenase activity	0/5	1/6920	1.0	5	0	1.0	
GO:0030545	MF	p	signaling receptor regulator activity	0/5	4/6920	1.0	2	0	1.0	
GO:0004105	MF	p	choline-phosphate cytidylyltransferase activity	0/5	1/6920	1.0	6	0	1.0	
GO:0038024	MF	p	cargo receptor activity	0/5	4/6920	1.0	1	0	1.0	
GO:0017171	MF	p	serine hydrolase activity	0/5	20/6920	1.0	3	0	1.0	
GO:0005366	MF	p	myo-inositol:proton symporter activity	0/5	4/6920	1.0	8	0	1.0	
GO:0003908	MF	p	methylated-DNA-[protein]-cysteine S-methyltransferase activity	0/5	1/6920	1.0	6	0	1.0	
GO:0004056	MF	p	argininosuccinate lyase activity	0/5	1/6920	1.0	5	0	1.0	
GO:0070917	MF	p	inositol phosphoceramide synthase regulator activity	0/5	1/6920	1.0	3	0	1.0	
GO:0072542	MF	p	protein phosphatase activator activity	0/5	8/6920	1.0	5	0	1.0	
GO:0016906	MF	p	sterol 3-beta-glucosyltransferase activity	0/5	1/6920	1.0	7	0	1.0	
GO:0015165	MF	p	pyrimidine nucleotide-sugar transmembrane transporter activity	0/5	2/6920	1.0	5	0	1.0	
GO:0004788	MF	p	thiamine diphosphokinase activity	0/5	1/6920	1.0	5	0	1.0	
GO:0004747	MF	p	ribokinase activity	0/5	1/6920	1.0	6	0	1.0	
GO:0019107	MF	p	myristoyltransferase activity	0/5	1/6920	1.0	5	0	1.0	
GO:0004844	MF	p	uracil DNA N-glycosylase activity	0/5	1/6920	1.0	7	0	1.0	
GO:0047386	MF	p	fructose-2,6-bisphosphate 6-phosphatase activity	0/5	1/6920	1.0	8	0	1.0	
GO:0008481	MF	p	sphingosine kinase activity	0/5	2/6920	1.0	6	0	1.0	
GO:0001018	MF	p	mitochondrial promoter sequence-specific DNA binding	0/5	1/6920	1.0	7	0	1.0	
GO:1901474	MF	p	azole transmembrane transporter activity	0/5	10/6920	1.0	3	0	1.0	
GO:0062060	MF	p	NuA4 histone acetyltransferase complex binding	0/5	1/6920	1.0	3	0	1.0	
GO:0004467	MF	p	long-chain fatty acid-CoA ligase activity	0/5	5/6920	1.0	7	0	1.0	
GO:0110153	MF	p	RNA NAD-cap (NMN-forming) hydrolase activity	0/5	1/6920	1.0	6	0	1.0	
GO:0016799	MF	p	hydrolase activity, hydrolyzing N-glycosyl compounds	0/5	9/6920	1.0	4	0	1.0	
GO:1990518	MF	p	single-stranded 3'-5' DNA helicase activity	0/5	1/6920	1.0	8	0	1.0	
GO:0045140	MF	p	inositol phosphoceramide synthase activity	0/5	2/6920	1.0	5	0	1.0	
GO:0061770	MF	p	translation elongation factor binding	0/5	8/6920	1.0	3	0	1.0	
GO:0016300	MF	p	tRNA (uridine) methyltransferase activity	0/5	4/6920	1.0	7	0	1.0	
GO:0008177	MF	p	succinate dehydrogenase (quinone) activity	0/5	7/6920	1.0	5	0	1.0	
GO:0140587	MF	p	chromatin loop anchoring activity	0/5	1/6920	1.0	6	0	1.0	
GO:0016843	MF	p	amine-lyase activity	0/5	7/6920	1.0	4	0	1.0	
GO:0050997	MF	p	quaternary ammonium group binding	0/5	11/6920	1.0	3	0	1.0	
GO:0019901	MF	p	protein kinase binding	0/5	35/6920	1.0	5	0	1.0	
GO:0016639	MF	p	oxidoreductase activity, acting on the CH-NH2 group of donors, NAD or NADP as acceptor	0/5	4/6920	1.0	4	0	1.0	
GO:0141133	MF	p	diphthine methyl ester synthase activity	0/5	1/6920	1.0	6	0	1.0	
GO:0070338	MF	p	5'-flap-structured DNA binding	0/5	1/6920	1.0	5	0	1.0	
GO:0008080	MF	p	N-acetyltransferase activity	0/5	55/6920	1.0	6	0	1.0	
GO:0003755	MF	p	peptidyl-prolyl cis-trans isomerase activity	0/5	16/6920	1.0	4	0	1.0	
GO:0034594	MF	p	phosphatidylinositol trisphosphate phosphatase activity	0/5	1/6920	1.0	7	0	1.0	
GO:0070548	MF	p	L-glutamine aminotransferase activity	0/5	3/6920	1.0	5	0	1.0	
GO:0016787	MF	p	hydrolase activity	0/5	1006/6920	1.0	2	0	1.0	
GO:0004414	MF	p	homoserine O-acetyltransferase activity	0/5	1/6920	1.0	7	0	1.0	
GO:0008173	MF	p	RNA methyltransferase activity	0/5	39/6920	1.0	5	0	1.0	
GO:0043495	MF	p	membrane-membrane adaptor activity	0/5	25/6920	1.0	3	0	1.0	
GO:0004526	MF	p	ribonuclease P activity	0/5	14/6920	1.0	7	0	1.0	
GO:0005313	MF	p	L-glutamate transmembrane transporter activity	0/5	6/6920	1.0	6	0	1.0	
GO:0005080	MF	p	protein kinase C binding	0/5	1/6920	1.0	6	0	1.0	
GO:1990841	MF	p	promoter-specific chromatin binding	0/5	8/6920	1.0	3	0	1.0	
GO:0005049	MF	p	nuclear export signal receptor activity	0/5	4/6920	1.0	3	0	1.0	
GO:0120108	MF	p	DNA-3'-diphospho-5'-guanosine diphosphatase	0/5	1/6920	1.0	6	0	1.0	
GO:0120159	MF	p	rRNA pseudouridine synthase activity	0/5	1/6920	1.0	5	0	1.0	
GO:0140327	MF	p	flippase activity	0/5	8/6920	1.0	5	0	1.0	
GO:0015151	MF	p	alpha-glucoside transmembrane transporter activity	0/5	2/6920	1.0	5	0	1.0	
GO:0004519	MF	p	endonuclease activity	0/5	148/6920	1.0	4	0	1.0	
GO:0022841	MF	p	potassium ion leak channel activity	0/5	1/6920	1.0	8	0	1.0	
GO:0035885	MF	p	exochitinase activity	0/5	1/6920	1.0	6	0	1.0	
GO:0030346	MF	p	protein phosphatase 2B binding	0/5	1/6920	1.0	6	0	1.0	
GO:0043014	MF	p	alpha-tubulin binding	0/5	2/6920	1.0	5	0	1.0	
GO:0004707	MF	p	MAP kinase activity	0/5	5/6920	1.0	7	0	1.0	
GO:0004372	MF	p	glycine hydroxymethyltransferase activity	0/5	2/6920	1.0	5	0	1.0	
GO:0016651	MF	p	oxidoreductase activity, acting on NAD(P)H	0/5	31/6920	1.0	3	0	1.0	
GO:0001727	MF	p	lipid kinase activity	0/5	14/6920	1.0	5	0	1.0	
GO:0016634	MF	p	oxidoreductase activity, acting on the CH-CH group of donors, oxygen as acceptor	0/5	3/6920	1.0	4	0	1.0	
GO:0015189	MF	p	L-lysine transmembrane transporter activity	0/5	3/6920	1.0	6	0	1.0	
GO:0097747	MF	p	RNA polymerase activity	0/5	40/6920	1.0	5	0	1.0	
GO:0046873	MF	p	metal ion transmembrane transporter activity	0/5	60/6920	1.0	5	0	1.0	
GO:0106026	MF	p	Gly-tRNA(Ala) deacylase activity	0/5	1/6920	1.0	6	0	1.0	
GO:0015172	MF	p	acidic amino acid transmembrane transporter activity	0/5	6/6920	1.0	4	0	1.0	
GO:0016779	MF	p	nucleotidyltransferase activity	0/5	143/6920	1.0	4	0	1.0	
GO:0005310	MF	p	dicarboxylic acid transmembrane transporter activity	0/5	8/6920	1.0	5	0	1.0	
GO:0140956	MF	p	histone H3K79 trimethyltransferase activity	0/5	1/6920	1.0	9	0	1.0	
GO:0008937	MF	p	ferredoxin-[NAD(P)H] reductase activity	0/5	1/6920	1.0	5	0	1.0	
GO:0000403	MF	p	Y-form DNA binding	0/5	10/6920	1.0	5	0	1.0	
GO:0015386	MF	p	potassium:proton antiporter activity	0/5	4/6920	1.0	8	0	1.0	
GO:0003866	MF	p	3-phosphoshikimate 1-carboxyvinyltransferase activity	0/5	1/6920	1.0	4	0	1.0	
GO:0000830	MF	p	inositol hexakisphosphate 4-kinase activity	0/5	1/6920	1.0	7	0	1.0	
GO:0004520	MF	p	DNA endonuclease activity	0/5	30/6920	1.0	5	0	1.0	
GO:0071443	MF	p	tDNA binding	0/5	1/6920	1.0	6	0	1.0	
GO:0000831	MF	p	inositol hexakisphosphate 6-kinase activity	0/5	1/6920	1.0	7	0	1.0	
GO:0050046	MF	p	delta7-sterol 5(6)-desaturase activity	0/5	1/6920	1.0	6	0	1.0	
GO:0004772	MF	p	sterol O-acyltransferase activity	0/5	2/6920	1.0	6	0	1.0	
GO:0003680	MF	p	minor groove of adenine-thymine-rich DNA binding	0/5	3/6920	1.0	5	0	1.0	
GO:0005262	MF	p	calcium channel activity	0/5	5/6920	1.0	7	0	1.0	
GO:0034062	MF	p	5'-3' RNA polymerase activity	0/5	39/6920	1.0	6	0	1.0	
GO:0047952	MF	p	glycerol-3-phosphate dehydrogenase [NAD(P)+] activity	0/5	2/6920	1.0	5	0	1.0	
GO:0015210	MF	p	uracil transmembrane transporter activity	0/5	1/6920	1.0	5	0	1.0	
GO:0005548	MF	p	phospholipid transporter activity	0/5	26/6920	1.0	3	0	1.0	
GO:0008752	MF	p	FMN reductase [NAD(P)H] activity	0/5	2/6920	1.0	5	0	1.0	
GO:0000404	MF	p	heteroduplex DNA loop binding	0/5	5/6920	1.0	7	0	1.0	
GO:1904855	MF	p	proteasome regulatory particle binding	0/5	4/6920	1.0	3	0	1.0	
GO:0097079	MF	p	selenite:proton symporter activity	0/5	2/6920	1.0	8	0	1.0	
GO:0004059	MF	p	aralkylamine N-acetyltransferase activity	0/5	1/6920	1.0	7	0	1.0	
GO:0106158	MF	p	glycero-3-phosphocholine acyltransferase activity	0/5	1/6920	1.0	5	0	1.0	
GO:0016503	MF	p	pheromone receptor activity	0/5	2/6920	1.0	5	0	1.0	
GO:0003968	MF	p	RNA-directed RNA polymerase activity	0/5	12/6920	1.0	7	0	1.0	
GO:0015103	MF	p	inorganic anion transmembrane transporter activity	0/5	26/6920	1.0	4	0	1.0	
GO:0001409	MF	p	guanine nucleotide transmembrane transporter activity	0/5	1/6920	1.0	6	0	1.0	
GO:0106130	MF	p	purine phosphoribosyltransferase activity	0/5	4/6920	1.0	5	0	1.0	
GO:0035539	MF	p	8-oxo-7,8-dihydrodeoxyguanosine triphosphate pyrophosphatase activity	0/5	1/6920	1.0	7	0	1.0	
GO:0004099	MF	p	chitin deacetylase activity	0/5	2/6920	1.0	5	0	1.0	
GO:0015038	MF	p	glutathione disulfide oxidoreductase activity	0/5	8/6920	1.0	5	0	1.0	
GO:0036456	MF	p	L-methionine-(S)-S-oxide reductase activity	0/5	1/6920	1.0	6	0	1.0	
GO:0001217	MF	p	DNA-binding transcription repressor activity	0/5	21/6920	1.0	3	0	1.0	
GO:0033857	MF	p	5-diphosphoinositol pentakisphosphate 1-kinase activity	0/5	1/6920	1.0	7	0	1.0	
GO:0003852	MF	p	2-isopropylmalate synthase activity	0/5	2/6920	1.0	5	0	1.0	
GO:0031177	MF	p	phosphopantetheine binding	0/5	1/6920	1.0	4	0	1.0	
GO:0140359	MF	p	ABC-type transporter activity	0/5	22/6920	1.0	6	0	1.0	
GO:0052845	MF	p	inositol-5-diphosphate-1,2,3,4,6-pentakisphosphate diphosphatase activity	0/5	2/6920	1.0	8	0	1.0	
GO:0030246	MF	p	carbohydrate binding	0/5	33/6920	1.0	2	0	1.0	
GO:0015154	MF	p	disaccharide transmembrane transporter activity	0/5	6/6920	1.0	5	0	1.0	
GO:0015101	MF	p	organic cation transmembrane transporter activity	0/5	37/6920	1.0	3	0	1.0	
GO:0004577	MF	p	N-acetylglucosaminyldiphosphodolichol N-acetylglucosaminyltransferase activity	0/5	3/6920	1.0	6	0	1.0	
GO:0018738	MF	p	S-formylglutathione hydrolase activity	0/5	1/6920	1.0	5	0	1.0	
GO:0180051	MF	p	translation factor activity	0/5	61/6920	1.0	1	0	1.0	
GO:0046982	MF	p	protein heterodimerization activity	0/5	30/6920	1.0	4	0	1.0	
GO:0070818	MF	p	protoporphyrinogen oxidase activity	0/5	1/6920	1.0	4	0	1.0	
GO:0009378	MF	p	four-way junction helicase activity	0/5	7/6920	1.0	7	0	1.0	
GO:0003882	MF	p	CDP-diacylglycerol-serine O-phosphatidyltransferase activity	0/5	1/6920	1.0	6	0	1.0	
GO:0015079	MF	p	potassium ion transmembrane transporter activity	0/5	15/6920	1.0	6	0	1.0	
GO:0061650	MF	p	ubiquitin-like protein conjugating enzyme activity	0/5	14/6920	1.0	6	0	1.0	
GO:0004663	MF	p	Rab geranylgeranyltransferase activity	0/5	5/6920	1.0	7	0	1.0	
GO:0016709	MF	p	oxidoreductase activity, acting on paired donors, with incorporation or reduction of molecular oxygen, NAD(P)H as one donor, and incorporation of one atom of oxygen	0/5	6/6920	1.0	4	0	1.0	
GO:0000334	MF	p	3-hydroxyanthranilate 3,4-dioxygenase activity	0/5	1/6920	1.0	5	0	1.0	
GO:0004318	MF	p	enoyl-[acyl-carrier-protein] reductase (NADH) activity	0/5	1/6920	1.0	6	0	1.0	
GO:0003918	MF	p	DNA topoisomerase type II (double strand cut, ATP-hydrolyzing) activity	0/5	2/6920	1.0	6	0	1.0	
GO:0141052	MF	p	histone H3 demethylase activity	0/5	4/6920	1.0	5	0	1.0	
GO:0015169	MF	p	glycerol-3-phosphate transmembrane transporter activity	0/5	2/6920	1.0	4	0	1.0	
GO:0004471	MF	p	malate dehydrogenase (decarboxylating) (NAD+) activity	0/5	1/6920	1.0	6	0	1.0	
GO:0005244	MF	p	voltage-gated monoatomic ion channel activity	0/5	6/6920	1.0	7	0	1.0	
GO:0008859	MF	p	exoribonuclease II activity	0/5	3/6920	1.0	8	0	1.0	
GO:0008349	MF	p	MAP kinase kinase kinase kinase activity	0/5	1/6920	1.0	7	0	1.0	
GO:0036222	MF	p	XTP diphosphatase activity	0/5	1/6920	1.0	7	0	1.0	
GO:0004107	MF	p	chorismate synthase activity	0/5	1/6920	1.0	5	0	1.0	
GO:0140312	MF	p	cargo adaptor activity	0/5	12/6920	1.0	3	0	1.0	
GO:0034057	MF	p	RNA strand-exchange activity	0/5	3/6920	1.0	5	0	1.0	
GO:0001016	MF	p	RNA polymerase III transcription regulatory region sequence-specific DNA binding	0/5	10/6920	1.0	7	0	1.0	
GO:0035312	MF	p	5'-3' DNA exonuclease activity	0/5	7/6920	1.0	7	0	1.0	
GO:0017005	MF	p	3'-tyrosyl-DNA phosphodiesterase activity	0/5	2/6920	1.0	7	0	1.0	
GO:0043015	MF	p	gamma-tubulin binding	0/5	2/6920	1.0	5	0	1.0	
GO:0016419	MF	p	S-malonyltransferase activity	0/5	2/6920	1.0	6	0	1.0	
GO:0070016	MF	p	armadillo repeat domain binding	0/5	1/6920	1.0	4	0	1.0	
GO:0004343	MF	p	glucosamine 6-phosphate N-acetyltransferase activity	0/5	1/6920	1.0	7	0	1.0	
GO:0018455	MF	p	alcohol dehydrogenase [NAD(P)+] activity	0/5	23/6920	1.0	5	0	1.0	
GO:0004587	MF	p	ornithine aminotransferase activity	0/5	1/6920	1.0	5	0	1.0	
GO:0008187	MF	p	poly-pyrimidine tract binding	0/5	8/6920	1.0	5	0	1.0	
GO:0010485	MF	p	histone H4 acetyltransferase activity	0/5	5/6920	1.0	10	0	1.0	
GO:0048027	MF	p	mRNA 5'-UTR binding	0/5	5/6920	1.0	5	0	1.0	
GO:0005337	MF	p	nucleoside transmembrane transporter activity	0/5	4/6920	1.0	4	0	1.0	
GO:0015355	MF	p	secondary active monocarboxylate transmembrane transporter activity	0/5	1/6920	1.0	6	0	1.0	
GO:0048256	MF	p	flap endonuclease activity	0/5	9/6920	1.0	6	0	1.0	
GO:0004746	MF	p	riboflavin synthase activity	0/5	1/6920	1.0	4	0	1.0	
GO:0102265	MF	p	tRNA-dihydrouridine47 synthase activity	0/5	1/6920	1.0	7	0	1.0	
GO:0008841	MF	p	dihydrofolate synthase activity	0/5	2/6920	1.0	5	0	1.0	
GO:0004458	MF	p	D-lactate dehydrogenase (cytochrome) activity	0/5	3/6920	1.0	6	0	1.0	
GO:0004814	MF	p	arginine-tRNA ligase activity	0/5	2/6920	1.0	6	0	1.0	
GO:0140175	MF	p	(2R)-2-hydroxyacid dehydrogenase (NAD+) activity	0/5	1/6920	1.0	5	0	1.0	
GO:0016899	MF	p	oxidoreductase activity, acting on the CH-OH group of donors, oxygen as acceptor	0/5	1/6920	1.0	4	0	1.0	
GO:0140664	MF	p	ATP-dependent DNA damage sensor activity	0/5	14/6920	1.0	5	0	1.0	
GO:0004087	MF	p	carbamoyl-phosphate synthase (ammonia) activity	0/5	2/6920	1.0	4	0	1.0	
GO:0061629	MF	p	RNA polymerase II-specific DNA-binding transcription factor binding	0/5	41/6920	1.0	5	0	1.0	
GO:0004833	MF	p	tryptophan 2,3-dioxygenase activity	0/5	1/6920	1.0	5	0	1.0	
GO:0005338	MF	p	nucleotide-sugar transmembrane transporter activity	0/5	5/6920	1.0	4	0	1.0	
GO:0102306	MF	p	benzil reductase [(S)-benzoin-forming] activity	0/5	2/6920	1.0	5	0	1.0	
GO:0008477	MF	p	purine nucleosidase activity	0/5	2/6920	1.0	5	0	1.0	
GO:0000832	MF	p	inositol hexakisphosphate 5-kinase activity	0/5	1/6920	1.0	7	0	1.0	
GO:0016857	MF	p	racemase and epimerase activity, acting on carbohydrates and derivatives	0/5	5/6920	1.0	4	0	1.0	
GO:0008897	MF	p	holo-[acyl-carrier-protein] synthase activity	0/5	3/6920	1.0	5	0	1.0	
GO:0004032	MF	p	aldose reductase (NADPH) activity	0/5	6/6920	1.0	7	0	1.0	
GO:0004360	MF	p	glutamine-fructose-6-phosphate transaminase (isomerizing) activity	0/5	3/6920	1.0	6	0	1.0	
GO:0180030	MF	p	inositol phosphate kinase activity	0/5	4/6920	1.0	5	0	1.0	
GO:0052717	MF	p	tRNA-specific adenosine-34 deaminase activity	0/5	2/6920	1.0	7	0	1.0	
GO:0052925	MF	p	dol-P-Man:Man(5)GlcNAc(2)-PP-Dol alpha-1,3-mannosyltransferase activity	0/5	1/6920	1.0	7	0	1.0	
GO:0008440	MF	p	inositol-1,4,5-trisphosphate 3-kinase activity	0/5	2/6920	1.0	7	0	1.0	
GO:0045551	MF	p	cinnamyl-alcohol dehydrogenase activity	0/5	2/6920	1.0	5	0	1.0	
GO:0015453	MF	p	oxidoreduction-driven active transmembrane transporter activity	0/5	30/6920	1.0	5	0	1.0	
GO:0019777	MF	p	Atg12 transferase activity	0/5	1/6920	1.0	6	0	1.0	
GO:0003923	MF	p	GPI-anchor transamidase activity	0/5	1/6920	1.0	6	0	1.0	
GO:0003779	MF	p	actin binding	0/5	59/6920	1.0	4	0	1.0	
GO:0003939	MF	p	L-iditol 2-dehydrogenase (NAD+) activity	0/5	3/6920	1.0	7	0	1.0	
GO:0016811	MF	p	hydrolase activity, acting on carbon-nitrogen (but not peptide) bonds, in linear amides	0/5	34/6920	1.0	4	0	1.0	
GO:0008554	MF	p	P-type sodium transporter activity	0/5	3/6920	1.0	8	0	1.0	
GO:0004045	MF	p	peptidyl-tRNA hydrolase activity	0/5	5/6920	1.0	5	0	1.0	
GO:0004817	MF	p	cysteine-tRNA ligase activity	0/5	1/6920	1.0	6	0	1.0	
GO:0004674	MF	p	protein serine/threonine kinase activity	0/5	161/6920	1.0	6	0	1.0	
GO:0016273	MF	p	arginine N-methyltransferase activity	0/5	5/6920	1.0	6	0	1.0	
GO:0008134	MF	p	transcription factor binding	0/5	73/6920	1.0	3	0	1.0	
GO:0042781	MF	p	3'-tRNA processing endoribonuclease activity	0/5	1/6920	1.0	7	0	1.0	
GO:0019153	MF	p	protein-disulfide reductase (glutathione) activity	0/5	3/6920	1.0	6	0	1.0	
GO:0050203	MF	p	oxalate-CoA ligase activity	0/5	1/6920	1.0	5	0	1.0	
GO:0004309	MF	p	exopolyphosphatase activity	0/5	2/6920	1.0	6	0	1.0	
GO:0008677	MF	p	2-dehydropantoate 2-reductase activity	0/5	2/6920	1.0	5	0	1.0	
GO:0015603	MF	p	iron chelate transmembrane transporter activity	0/5	6/6920	1.0	3	0	1.0	
GO:0004424	MF	p	imidazoleglycerol-phosphate dehydratase activity	0/5	1/6920	1.0	5	0	1.0	
GO:0010484	MF	p	histone H3 acetyltransferase activity	0/5	4/6920	1.0	10	0	1.0	
GO:0004512	MF	p	inositol-3-phosphate synthase activity	0/5	1/6920	1.0	4	0	1.0	
GO:0047184	MF	p	1-acylglycerophosphocholine O-acyltransferase activity	0/5	3/6920	1.0	6	0	1.0	
GO:0060589	MF	p	nucleoside-triphosphatase regulator activity	0/5	116/6920	1.0	3	0	1.0	
GO:0030337	MF	p	DNA polymerase processivity factor activity	0/5	5/6920	1.0	4	0	1.0	
GO:0009009	MF	p	site-specific recombinase activity	0/5	1/6920	1.0	5	0	1.0	
GO:0000064	MF	p	L-ornithine transmembrane transporter activity	0/5	1/6920	1.0	6	0	1.0	
GO:0052736	MF	p	beta-glucanase activity	0/5	2/6920	1.0	5	0	1.0	
GO:0032038	MF	p	myosin II heavy chain binding	0/5	5/6920	1.0	6	0	1.0	
GO:0042626	MF	p	ATPase-coupled transmembrane transporter activity	0/5	60/6920	1.0	5	0	1.0	
GO:0008097	MF	p	5S rRNA binding	0/5	5/6920	1.0	5	0	1.0	
GO:0106260	MF	p	DNA-DNA tethering activity	0/5	1/6920	1.0	5	0	1.0	
GO:0033204	MF	p	ribonuclease P RNA binding	0/5	3/6920	1.0	4	0	1.0	
GO:0015213	MF	p	uridine transmembrane transporter activity	0/5	1/6920	1.0	6	0	1.0	
GO:0061134	MF	p	peptidase regulator activity	0/5	10/6920	1.0	3	0	1.0	
GO:0032296	MF	p	double-stranded RNA-specific ribonuclease activity	0/5	3/6920	1.0	5	0	1.0	
GO:0047499	MF	p	calcium-independent phospholipase A2 activity	0/5	1/6920	1.0	7	0	1.0	
GO:0051268	MF	p	alpha-keto amide reductase activity	0/5	1/6920	1.0	4	0	1.0	
GO:0004457	MF	p	lactate dehydrogenase activity	0/5	4/6920	1.0	4	0	1.0	
GO:0004470	MF	p	malic enzyme activity	0/5	1/6920	1.0	5	0	1.0	
GO:0004801	MF	p	transaldolase activity	0/5	2/6920	1.0	4	0	1.0	
GO:0016880	MF	p	acid-ammonia (or amide) ligase activity	0/5	4/6920	1.0	4	0	1.0	
GO:0004165	MF	p	delta(3)-delta(2)-enoyl-CoA isomerase activity	0/5	2/6920	1.0	5	0	1.0	
GO:0004129	MF	p	cytochrome-c oxidase activity	0/5	18/6920	1.0	6	0	1.0	
GO:0140674	MF	p	ATP-dependent histone chaperone activity	0/5	2/6920	1.0	6	0	1.0	
GO:0004860	MF	p	protein kinase inhibitor activity	0/5	16/6920	1.0	5	0	1.0	
GO:0089721	MF	p	phosphoenolpyruvate transmembrane transporter activity	0/5	2/6920	1.0	6	0	1.0	
GO:0051787	MF	p	misfolded protein binding	0/5	8/6920	1.0	3	0	1.0	
GO:0102389	MF	p	polyprenol reductase activity	0/5	1/6920	1.0	5	0	1.0	
GO:0016829	MF	p	lyase activity	0/5	121/6920	1.0	2	0	1.0	
GO:0008413	MF	p	8-oxo-7,8-dihydroguanosine triphosphate pyrophosphatase activity	0/5	1/6920	1.0	7	0	1.0	
GO:0097020	MF	p	COPII receptor activity	0/5	2/6920	1.0	2	0	1.0	
GO:0005352	MF	p	alpha-glucoside:proton symporter activity	0/5	2/6920	1.0	8	0	1.0	
GO:0003989	MF	p	acetyl-CoA carboxylase activity	0/5	2/6920	1.0	5	0	1.0	
GO:0140085	MF	p	L-amino-acid N-acetyltransferase activity	0/5	3/6920	1.0	7	0	1.0	
GO:0015489	MF	p	putrescine transmembrane transporter activity	0/5	3/6920	1.0	4	0	1.0	
GO:0016723	MF	p	oxidoreductase activity, acting on metal ions, NAD or NADP as acceptor	0/5	10/6920	1.0	4	0	1.0	
GO:0032217	MF	p	riboflavin transmembrane transporter activity	0/5	1/6920	1.0	4	0	1.0	
GO:0004103	MF	p	choline kinase activity	0/5	2/6920	1.0	5	0	1.0	
GO:0034596	MF	p	phosphatidylinositol phosphate 4-phosphatase activity	0/5	3/6920	1.0	7	0	1.0	
GO:0004794	MF	p	threonine deaminase activity	0/5	2/6920	1.0	5	0	1.0	
GO:0003849	MF	p	3-deoxy-7-phosphoheptulonate synthase activity	0/5	2/6920	1.0	4	0	1.0	
GO:0034647	MF	p	histone H3K4me/H3K4me2/H3K4me3 demethylase activity	0/5	1/6920	1.0	7	0	1.0	
GO:0042979	MF	p	ornithine decarboxylase regulator activity	0/5	1/6920	1.0	3	0	1.0	
GO:0034639	MF	p	L-amino acid efflux transmembrane transporter activity	0/5	3/6920	1.0	6	0	1.0	
GO:0004067	MF	p	asparaginase activity	0/5	5/6920	1.0	6	0	1.0	
GO:0015184	MF	p	L-cystine transmembrane transporter activity	0/5	1/6920	1.0	6	0	1.0	
GO:0004829	MF	p	threonine-tRNA ligase activity	0/5	2/6920	1.0	6	0	1.0	
GO:0052723	MF	p	inositol hexakisphosphate 1-kinase activity	0/5	1/6920	1.0	7	0	1.0	
GO:0061459	MF	p	L-arginine transmembrane transporter activity	0/5	4/6920	1.0	6	0	1.0	
GO:0170060	MF	p	microtubule destabilizing activity	0/5	2/6920	1.0	2	0	1.0	
GO:0033293	MF	p	monocarboxylic acid binding	0/5	3/6920	1.0	6	0	1.0	
GO:0016840	MF	p	carbon-nitrogen lyase activity	0/5	16/6920	1.0	3	0	1.0	
GO:0034979	MF	p	NAD-dependent protein lysine deacetylase activity	0/5	6/6920	1.0	6	0	1.0	
GO:0036002	MF	p	pre-mRNA binding	0/5	19/6920	1.0	4	0	1.0	
GO:0043530	MF	p	adenosine 5'-monophosphoramidase activity	0/5	1/6920	1.0	5	0	1.0	
GO:0051267	MF	p	CP2 mannose-ethanolamine phosphotransferase activity	0/5	1/6920	1.0	6	0	1.0	
GO:0004365	MF	p	glyceraldehyde-3-phosphate dehydrogenase (NAD+) (phosphorylating) activity	0/5	3/6920	1.0	6	0	1.0	
GO:0043139	MF	p	5'-3' DNA helicase activity	0/5	7/6920	1.0	7	0	1.0	
GO:0004641	MF	p	phosphoribosylformylglycinamidine cyclo-ligase activity	0/5	1/6920	1.0	5	0	1.0	
GO:0004150	MF	p	dihydroneopterin aldolase activity	0/5	1/6920	1.0	5	0	1.0	
GO:0004527	MF	p	exonuclease activity	0/5	50/6920	1.0	4	0	1.0	
GO:0043771	MF	p	cytidine kinase activity	0/5	2/6920	1.0	7	0	1.0	
GO:0052897	MF	p	N8-acetylspermidine:oxygen oxidoreductase (propane-1,3-diamine-forming) activity	0/5	1/6920	1.0	6	0	1.0	
GO:0004477	MF	p	methenyltetrahydrofolate cyclohydrolase activity	0/5	2/6920	1.0	6	0	1.0	
GO:0004735	MF	p	pyrroline-5-carboxylate reductase activity	0/5	1/6920	1.0	5	0	1.0	
GO:0022884	MF	p	macromolecule transmembrane transporter activity	0/5	31/6920	1.0	3	0	1.0	
GO:0051536	MF	p	iron-sulfur cluster binding	0/5	48/6920	1.0	4	0	1.0	
GO:0000107	MF	p	imidazoleglycerol-phosphate synthase activity	0/5	1/6920	1.0	5	0	1.0	
GO:0030848	MF	p	threo-3-hydroxyaspartate ammonia-lyase activity	0/5	1/6920	1.0	5	0	1.0	
GO:0004823	MF	p	leucine-tRNA ligase activity	0/5	2/6920	1.0	6	0	1.0	
GO:0016884	MF	p	carbon-nitrogen ligase activity, with glutamine as amido-N-donor	0/5	17/6920	1.0	4	0	1.0	
GO:0048029	MF	p	monosaccharide binding	0/5	17/6920	1.0	3	0	1.0	
GO:0052629	MF	p	phosphatidylinositol-3,5-bisphosphate 3-phosphatase activity	0/5	1/6920	1.0	9	0	1.0	
GO:0036033	MF	p	mediator complex binding	0/5	2/6920	1.0	3	0	1.0	
GO:0045127	MF	p	N-acetylglucosamine kinase activity	0/5	1/6920	1.0	6	0	1.0	
GO:0000149	MF	p	SNARE binding	0/5	40/6920	1.0	3	0	1.0	
GO:0160183	MF	p	autophagosome-membrane adaptor activity	0/5	2/6920	1.0	4	0	1.0	
GO:0016765	MF	p	transferase activity, transferring alkyl or aryl (other than methyl) groups	0/5	54/6920	1.0	3	0	1.0	
GO:0008551	MF	p	P-type cadmium transporter activity	0/5	2/6920	1.0	8	0	1.0	
GO:0000026	MF	p	alpha-1,2-mannosyltransferase activity	0/5	15/6920	1.0	6	0	1.0	
GO:0042803	MF	p	protein homodimerization activity	0/5	7/6920	1.0	4	0	1.0	
GO:0036318	MF	p	peptide pheromone receptor activity	0/5	2/6920	1.0	6	0	1.0	
GO:0051864	MF	p	histone H3K36 demethylase activity	0/5	3/6920	1.0	6	0	1.0	
GO:0004709	MF	p	MAP kinase kinase kinase activity	0/5	4/6920	1.0	7	0	1.0	
GO:0016731	MF	p	oxidoreductase activity, acting on iron-sulfur proteins as donors, NAD or NADP as acceptor	0/5	2/6920	1.0	4	0	1.0	
GO:0106335	MF	p	tRNA (5-carboxymethyluridine(34)-5-O)-methyltransferase activity	0/5	1/6920	1.0	8	0	1.0	
GO:0140457	MF	p	protein demethylase activity	0/5	5/6920	1.0	3	0	1.0	
GO:0003934	MF	p	GTP cyclohydrolase I activity	0/5	1/6920	1.0	7	0	1.0	
GO:0046027	MF	p	phospholipid:diacylglycerol acyltransferase activity	0/5	1/6920	1.0	5	0	1.0	
GO:0051920	MF	p	peroxiredoxin activity	0/5	9/6920	1.0	5	0	1.0	
GO:0032407	MF	p	MutSalpha complex binding	0/5	1/6920	1.0	4	0	1.0	
GO:0008276	MF	p	protein methyltransferase activity	0/5	42/6920	1.0	5	0	1.0	
GO:0004239	MF	p	initiator methionyl aminopeptidase activity	0/5	2/6920	1.0	6	0	1.0	
GO:0004866	MF	p	endopeptidase inhibitor activity	0/5	5/6920	1.0	5	0	1.0	
GO:0008419	MF	p	RNA lariat debranching enzyme activity	0/5	1/6920	1.0	7	0	1.0	
GO:0003756	MF	p	protein disulfide isomerase activity	0/5	6/6920	1.0	5	0	1.0	
GO:0004339	MF	p	glucan 1,4-alpha-glucosidase activity	0/5	2/6920	1.0	7	0	1.0	
GO:0106032	MF	p	snRNA pseudouridine synthase activity	0/5	3/6920	1.0	5	0	1.0	
GO:0033285	MF	p	ATPase-coupled monocarboxylic acid transmembrane transporter activity	0/5	1/6920	1.0	8	0	1.0	
GO:0030735	MF	p	carnosine N-methyltransferase activity	0/5	1/6920	1.0	6	0	1.0	
GO:0051908	MF	p	double-stranded DNA 5'-3' DNA exonuclease activity	0/5	2/6920	1.0	8	0	1.0	
GO:0015927	MF	p	trehalase activity	0/5	3/6920	1.0	5	0	1.0	
GO:0120509	MF	p	hydroxypyruvate reductase (NADPH) activity	0/5	1/6920	1.0	6	0	1.0	
GO:0015226	MF	p	carnitine transmembrane transporter activity	0/5	2/6920	1.0	5	0	1.0	
GO:0004020	MF	p	adenylylsulfate kinase activity	0/5	1/6920	1.0	5	0	1.0	
GO:0031489	MF	p	myosin V binding	0/5	4/6920	1.0	5	0	1.0	
GO:0097157	MF	p	pre-mRNA intronic binding	0/5	3/6920	1.0	5	0	1.0	
GO:0008331	MF	p	high voltage-gated calcium channel activity	0/5	1/6920	1.0	10	0	1.0	
GO:0046508	MF	p	hydrolase activity, acting on carbon-sulfur bonds	0/5	1/6920	1.0	3	0	1.0	
GO:0016705	MF	p	oxidoreductase activity, acting on paired donors, with incorporation or reduction of molecular oxygen	0/5	24/6920	1.0	3	0	1.0	
GO:0019786	MF	p	protein-phosphatidylethanolamide deconjugating activity	0/5	1/6920	1.0	3	0	1.0	
GO:0005094	MF	p	Rho GDP-dissociation inhibitor activity	0/5	2/6920	1.0	6	0	1.0	
GO:0052851	MF	p	ferric-chelate reductase (NADPH) activity	0/5	7/6920	1.0	5	0	1.0	
GO:0034458	MF	p	3'-5' RNA helicase activity	0/5	4/6920	1.0	7	0	1.0	
GO:0030619	MF	p	U1 snRNA binding	0/5	7/6920	1.0	5	0	1.0	
GO:0004596	MF	p	protein-N-terminal amino-acid acetyltransferase activity	0/5	13/6920	1.0	8	0	1.0	
GO:0102175	MF	p	3-beta-hydroxysteroid dehydrogenase (NAD+)/C4-decarboxylase activity	0/5	1/6920	1.0	7	0	1.0	
GO:0004488	MF	p	methylenetetrahydrofolate dehydrogenase (NADP+) activity	0/5	3/6920	1.0	5	0	1.0	
GO:0019205	MF	p	nucleobase-containing compound kinase activity	0/5	16/6920	1.0	5	0	1.0	
GO:0016830	MF	p	carbon-carbon lyase activity	0/5	38/6920	1.0	3	0	1.0	
GO:0016702	MF	p	oxidoreductase activity, acting on single donors with incorporation of molecular oxygen, incorporation of two atoms of oxygen	0/5	4/6920	1.0	4	0	1.0	
GO:0003865	MF	p	3-oxo-5-alpha-steroid 4-dehydrogenase activity	0/5	1/6920	1.0	5	0	1.0	
GO:0004619	MF	p	phosphoglycerate mutase activity	0/5	3/6920	1.0	5	0	1.0	
GO:0004614	MF	p	phosphoglucomutase activity	0/5	2/6920	1.0	5	0	1.0	
GO:0004568	MF	p	chitinase activity	0/5	2/6920	1.0	5	0	1.0	
GO:0140567	MF	p	membrane protein dislocase activity	0/5	4/6920	1.0	3	0	1.0	
GO:0000400	MF	p	four-way junction DNA binding	0/5	15/6920	1.0	5	0	1.0	
GO:0005509	MF	p	calcium ion binding	0/5	28/6920	1.0	6	0	1.0	
GO:0015228	MF	p	coenzyme A transmembrane transporter activity	0/5	1/6920	1.0	4	0	1.0	
GO:0015631	MF	p	tubulin binding	0/5	53/6920	1.0	4	0	1.0	
GO:0004864	MF	p	protein phosphatase inhibitor activity	0/5	12/6920	1.0	5	0	1.0	
GO:0097027	MF	p	ubiquitin-protein transferase activator activity	0/5	6/6920	1.0	4	0	1.0	
GO:0033149	MF	p	FFAT motif binding	0/5	1/6920	1.0	4	0	1.0	
GO:0047623	MF	p	adenosine-phosphate deaminase activity	0/5	1/6920	1.0	5	0	1.0	
GO:0102771	MF	p	dihydroceramide fatty acyl 2-hydroxylase activity	0/5	1/6920	1.0	6	0	1.0	
GO:0140993	MF	p	histone modifying activity	0/5	57/6920	1.0	3	0	1.0	
GO:0016428	MF	p	tRNA (cytidine-5-)-methyltransferase activity	0/5	1/6920	1.0	8	0	1.0	
GO:0001406	MF	p	glycerophosphodiester transmembrane transporter activity	0/5	1/6920	1.0	4	0	1.0	
GO:0051750	MF	p	delta(3,5)-delta(2,4)-dienoyl-CoA isomerase activity	0/5	1/6920	1.0	5	0	1.0	
GO:0004053	MF	p	arginase activity	0/5	2/6920	1.0	5	0	1.0	
GO:0017040	MF	p	N-acylsphingosine amidohydrolase activity	0/5	2/6920	1.0	5	0	1.0	
GO:0070042	MF	p	rRNA (uridine-N3-)-methyltransferase activity	0/5	2/6920	1.0	8	0	1.0	
GO:0106388	MF	p	rRNA small subunit aminocarboxypropyltransferase activity	0/5	1/6920	1.0	5	0	1.0	
GO:0061665	MF	p	SUMO ligase activity	0/5	4/6920	1.0	7	0	1.0	
GO:0120531	MF	p	prenyl diphosphate synthase activity	0/5	8/6920	1.0	5	0	1.0	
GO:0016741	MF	p	transferase activity, transferring one-carbon groups	0/5	110/6920	1.0	3	0	1.0	
GO:0034061	MF	p	DNA polymerase activity	0/5	69/6920	1.0	5	0	1.0	
GO:0004725	MF	p	protein tyrosine phosphatase activity	0/5	17/6920	1.0	7	0	1.0	
GO:0008108	MF	p	UDP-glucose:hexose-1-phosphate uridylyltransferase activity	0/5	1/6920	1.0	6	0	1.0	
GO:0042131	MF	p	thiamine phosphate phosphatase activity	0/5	1/6920	1.0	6	0	1.0	
GO:0001179	MF	p	RNA polymerase I general transcription initiation factor binding	0/5	4/6920	1.0	5	0	1.0	
GO:0004828	MF	p	serine-tRNA ligase activity	0/5	2/6920	1.0	6	0	1.0	
GO:1990174	MF	p	phosphodiesterase decapping endonuclease activity	0/5	2/6920	1.0	7	0	1.0	
GO:0051266	MF	p	sirohydrochlorin ferrochelatase activity	0/5	1/6920	1.0	4	0	1.0	
GO:0004766	MF	p	spermidine synthase activity	0/5	2/6920	1.0	4	0	1.0	
GO:0004768	MF	p	stearoyl-CoA 9-desaturase activity	0/5	1/6920	1.0	6	0	1.0	
GO:0001091	MF	p	RNA polymerase II general transcription initiation factor binding	0/5	11/6920	1.0	5	0	1.0	
GO:0004665	MF	p	prephenate dehydrogenase (NADP+) activity	0/5	1/6920	1.0	5	0	1.0	
GO:0005527	MF	p	macrolide binding	0/5	4/6920	1.0	2	0	1.0	
GO:0000287	MF	p	magnesium ion binding	0/5	61/6920	1.0	6	0	1.0	
GO:0018064	MF	p	protein-L-histidine N-tele-methyltransferase activity	0/5	1/6920	1.0	6	0	1.0	
GO:0042392	MF	p	sphingosine-1-phosphate phosphatase activity	0/5	3/6920	1.0	7	0	1.0	
GO:0047874	MF	p	dolichyldiphosphatase activity	0/5	1/6920	1.0	8	0	1.0	
GO:0005506	MF	p	iron ion binding	0/5	26/6920	1.0	7	0	1.0	
GO:0004843	MF	p	cysteine-type deubiquitinase activity	0/5	24/6920	1.0	6	0	1.0	
GO:0004521	MF	p	RNA endonuclease activity	0/5	98/6920	1.0	5	0	1.0	
GO:0016889	MF	p	DNA endonuclease activity, producing 3'-phosphomonoesters	0/5	5/6920	1.0	6	0	1.0	
GO:0004750	MF	p	D-ribulose-phosphate 3-epimerase activity	0/5	1/6920	1.0	5	0	1.0	
GO:0120545	MF	p	nucleic acid conformation isomerase activity	0/5	120/6920	1.0	4	0	1.0	
GO:0004378	MF	p	GDP-Man:Man(1)GlcNAc(2)-PP-Dol alpha-1,3-mannosyltransferase activity	0/5	1/6920	1.0	7	0	1.0	
GO:1901611	MF	p	phosphatidylglycerol binding	0/5	4/6920	1.0	5	0	1.0	
GO:0015196	MF	p	L-tryptophan transmembrane transporter activity	0/5	2/6920	1.0	6	0	1.0	
GO:0050262	MF	p	ribosylnicotinamide kinase activity	0/5	1/6920	1.0	5	0	1.0	
GO:0050236	MF	p	pyridoxine 4-dehydrogenase (NADP+) activity	0/5	1/6920	1.0	7	0	1.0	
GO:0004664	MF	p	prephenate dehydratase activity	0/5	1/6920	1.0	5	0	1.0	
GO:0052929	MF	p	ATP:3'-cytidine-cytidine-tRNA adenylyltransferase activity	0/5	1/6920	1.0	6	0	1.0	
GO:0005528	MF	p	FK506 binding	0/5	1/6920	1.0	3	0	1.0	
GO:0000298	MF	p	endopolyphosphatase activity	0/5	3/6920	1.0	6	0	1.0	
GO:0070403	MF	p	NAD+ binding	0/5	6/6920	1.0	8	0	1.0	
GO:0044377	MF	p	RNA polymerase II cis-regulatory region sequence-specific DNA binding, bending	0/5	1/6920	1.0	9	0	1.0	
GO:0170054	MF	p	ribonuclease activator activity	0/5	2/6920	1.0	5	0	1.0	
GO:0005254	MF	p	chloride channel activity	0/5	3/6920	1.0	7	0	1.0	
GO:0004645	MF	p	1,4-alpha-oligoglucan phosphorylase activity	0/5	1/6920	1.0	5	0	1.0	
GO:0080025	MF	p	phosphatidylinositol-3,5-bisphosphate binding	0/5	15/6920	1.0	7	0	1.0	
GO:0004340	MF	p	glucokinase activity	0/5	5/6920	1.0	7	0	1.0	
GO:0008973	MF	p	phosphopentomutase activity	0/5	1/6920	1.0	5	0	1.0	
GO:0046975	MF	p	histone H3K36 methyltransferase activity	0/5	3/6920	1.0	8	0	1.0	
GO:0048306	MF	p	calcium-dependent protein binding	0/5	1/6920	1.0	3	0	1.0	
GO:0120518	MF	p	protein N-terminal-methionine acetyltransferase activity	0/5	3/6920	1.0	9	0	1.0	
GO:0032549	MF	p	ribonucleoside binding	0/5	3/6920	1.0	5	0	1.0	
GO:0061708	MF	p	tRNA-5-taurinomethyluridine 2-sulfurtransferase	0/5	1/6920	1.0	5	0	1.0	
GO:0055103	MF	p	ligase regulator activity	0/5	1/6920	1.0	3	0	1.0	
GO:0160107	MF	p	tRNA (adenine(58)-N1)-methyltransferase activity	0/5	3/6920	1.0	8	0	1.0	
GO:0003844	MF	p	1,4-alpha-glucan branching enzyme activity	0/5	1/6920	1.0	5	0	1.0	
GO:0004043	MF	p	L-aminoadipate-semialdehyde dehydrogenase activity	0/5	1/6920	1.0	5	0	1.0	
GO:0004300	MF	p	enoyl-CoA hydratase activity	0/5	2/6920	1.0	5	0	1.0	
GO:0140517	MF	p	protein-RNA adaptor activity	0/5	1/6920	1.0	3	0	1.0	
GO:0004022	MF	p	alcohol dehydrogenase (NAD+) activity	0/5	9/6920	1.0	6	0	1.0	
GO:0004156	MF	p	dihydropteroate synthase activity	0/5	1/6920	1.0	4	0	1.0	
GO:0033592	MF	p	RNA strand annealing activity	0/5	6/6920	1.0	6	0	1.0	
GO:0005315	MF	p	phosphate transmembrane transporter activity	0/5	8/6920	1.0	5	0	1.0	
GO:0004737	MF	p	pyruvate decarboxylase activity	0/5	4/6920	1.0	5	0	1.0	
GO:0070573	MF	p	metallodipeptidase activity	0/5	1/6920	1.0	6	0	1.0	
GO:0050839	MF	p	cell adhesion molecule binding	0/5	5/6920	1.0	3	0	1.0	
GO:0032561	MF	p	guanyl ribonucleotide binding	0/5	115/6920	1.0	7	0	1.0	
GO:0004574	MF	p	oligo-1,6-glucosidase activity	0/5	7/6920	1.0	7	0	1.0	
GO:0004631	MF	p	phosphomevalonate kinase activity	0/5	1/6920	1.0	5	0	1.0	
GO:0016454	MF	p	C-palmitoyltransferase activity	0/5	2/6920	1.0	6	0	1.0	
GO:0004760	MF	p	L-serine-pyruvate transaminase activity	0/5	1/6920	1.0	5	0	1.0	
GO:0000285	MF	p	1-phosphatidylinositol-3-phosphate 5-kinase activity	0/5	1/6920	1.0	7	0	1.0	
GO:0043047	MF	p	single-stranded telomeric DNA binding	0/5	12/6920	1.0	6	0	1.0	
GO:0005402	MF	p	carbohydrate:monoatomic cation symporter activity	0/5	25/6920	1.0	7	0	1.0	
GO:0017056	MF	p	structural constituent of nuclear pore	0/5	29/6920	1.0	2	0	1.0	
GO:0030546	MF	p	signaling receptor activator activity	0/5	4/6920	1.0	3	0	1.0	
GO:0047372	MF	p	monoacylglycerol lipase activity	0/5	10/6920	1.0	5	0	1.0	
GO:0000248	MF	p	C-5 sterol desaturase activity	0/5	1/6920	1.0	6	0	1.0	
GO:0160102	MF	p	tRNA (guanine(10)-N2)-methyltransferase activity	0/5	2/6920	1.0	8	0	1.0	
GO:0052847	MF	p	inositol-1,5-bisdiphosphate-2,3,4,6-tetrakisphosphate 5-diphosphatase activity	0/5	1/6920	1.0	8	0	1.0	
GO:0004852	MF	p	uroporphyrinogen-III synthase activity	0/5	1/6920	1.0	5	0	1.0	
GO:0016247	MF	p	channel regulator activity	0/5	2/6920	1.0	3	0	1.0	
GO:0004551	MF	p	dinucleotide phosphatase activity	0/5	2/6920	1.0	6	0	1.0	
GO:0008186	MF	p	ATP-dependent activity, acting on RNA	0/5	49/6920	1.0	2	0	1.0	
GO:0140326	MF	p	ATPase-coupled intramembrane lipid transporter activity	0/5	9/6920	1.0	4	0	1.0	
GO:0031634	MF	p	replication fork barrier binding	0/5	1/6920	1.0	6	0	1.0	
GO:0016769	MF	p	transferase activity, transferring nitrogenous groups	0/5	23/6920	1.0	3	0	1.0	
GO:0032027	MF	p	myosin light chain binding	0/5	2/6920	1.0	5	0	1.0	
GO:0004341	MF	p	gluconolactonase activity	0/5	1/6920	1.0	5	0	1.0	
GO:0140107	MF	p	high-affinity potassium ion transmembrane transporter activity	0/5	2/6920	1.0	7	0	1.0	
GO:0032454	MF	p	histone H3K9 demethylase activity	0/5	2/6920	1.0	6	0	1.0	
GO:0140463	MF	p	chromatin-protein adaptor activity	0/5	19/6920	1.0	3	0	1.0	
GO:0140713	MF	p	histone chaperone activity	0/5	4/6920	1.0	3	0	1.0	
GO:0004322	MF	p	ferroxidase activity	0/5	6/6920	1.0	5	0	1.0	
GO:0004449	MF	p	isocitrate dehydrogenase (NAD+) activity	0/5	3/6920	1.0	6	0	1.0	
GO:0050421	MF	p	nitrite reductase (NO-forming) activity	0/5	1/6920	1.0	5	0	1.0	
GO:0140581	MF	p	P-type monovalent copper transporter activity	0/5	1/6920	1.0	8	0	1.0	
GO:0045505	MF	p	dynein intermediate chain binding	0/5	2/6920	1.0	3	0	1.0	
GO:0016877	MF	p	ligase activity, forming carbon-sulfur bonds	0/5	23/6920	1.0	3	0	1.0	
GO:0031405	MF	p	lipoic acid binding	0/5	1/6920	1.0	8	0	1.0	
GO:0003994	MF	p	aconitate hydratase activity	0/5	2/6920	1.0	5	0	1.0	
GO:0051765	MF	p	inositol tetrakisphosphate kinase activity	0/5	2/6920	1.0	6	0	1.0	
GO:0052842	MF	p	inositol diphosphate pentakisphosphate diphosphatase activity	0/5	2/6920	1.0	7	0	1.0	
GO:0008828	MF	p	dATP diphosphatase activity	0/5	1/6920	1.0	7	0	1.0	
GO:0004731	MF	p	purine-nucleoside phosphorylase activity	0/5	2/6920	1.0	5	0	1.0	
GO:0090599	MF	p	alpha-glucosidase activity	0/5	19/6920	1.0	6	0	1.0	
GO:0004307	MF	p	ethanolaminephosphotransferase activity	0/5	1/6920	1.0	6	0	1.0	
GO:0004073	MF	p	aspartate-semialdehyde dehydrogenase activity	0/5	1/6920	1.0	5	0	1.0	
GO:0004693	MF	p	cyclin-dependent protein serine/threonine kinase activity	0/5	24/6920	1.0	7	0	1.0	
GO:0070567	MF	p	cytidylyltransferase activity	0/5	5/6920	1.0	5	0	1.0	
GO:0005300	MF	p	high-affinity tryptophan transmembrane transporter activity	0/5	1/6920	1.0	7	0	1.0	
GO:0031559	MF	p	oxidosqualene cyclase activity	0/5	1/6920	1.0	4	0	1.0	
GO:1990825	MF	p	sequence-specific mRNA binding	0/5	22/6920	1.0	5	0	1.0	
GO:0017116	MF	p	single-stranded DNA helicase activity	0/5	10/6920	1.0	7	0	1.0	
GO:0051723	MF	p	protein methylesterase activity	0/5	1/6920	1.0	5	0	1.0	
GO:0003959	MF	p	NADPH dehydrogenase activity	0/5	4/6920	1.0	4	0	1.0	
GO:0016805	MF	p	dipeptidase activity	0/5	2/6920	1.0	5	0	1.0	
GO:0008892	MF	p	guanine deaminase activity	0/5	1/6920	1.0	5	0	1.0	
GO:0035242	MF	p	protein-arginine omega-N asymmetric methyltransferase activity	0/5	1/6920	1.0	8	0	1.0	
GO:0160104	MF	p	tRNA (guanine(26)-N2)-dimethyltransferase activity	0/5	1/6920	1.0	8	0	1.0	
GO:0050308	MF	p	sugar-phosphatase activity	0/5	11/6920	1.0	7	0	1.0	
GO:0015651	MF	p	quaternary ammonium group transmembrane transporter activity	0/5	3/6920	1.0	4	0	1.0	
GO:0019787	MF	p	ubiquitin-like protein transferase activity	0/5	134/6920	1.0	5	0	1.0	
GO:0004109	MF	p	coproporphyrinogen oxidase activity	0/5	1/6920	1.0	5	0	1.0	
GO:0015247	MF	p	aminophospholipid flippase activity	0/5	8/6920	1.0	6	0	1.0	
GO:0042578	MF	p	phosphoric ester hydrolase activity	0/5	144/6920	1.0	4	0	1.0	
GO:0141126	MF	p	short-chain fatty acyl-CoA hydrolase activity	0/5	1/6920	1.0	7	0	1.0	
GO:0008517	MF	p	folic acid transmembrane transporter activity	0/5	1/6920	1.0	5	0	1.0	
GO:0022842	MF	p	narrow pore channel activity	0/5	1/6920	1.0	5	0	1.0	
GO:0055105	MF	p	ubiquitin-protein transferase inhibitor activity	0/5	3/6920	1.0	4	0	1.0	
GO:0005372	MF	p	water transmembrane transporter activity	0/5	5/6920	1.0	4	0	1.0	
GO:0034246	MF	p	mitochondrial transcription factor activity	0/5	2/6920	1.0	2	0	1.0	
GO:0008028	MF	p	monocarboxylic acid transmembrane transporter activity	0/5	23/6920	1.0	5	0	1.0	
GO:0015188	MF	p	L-isoleucine transmembrane transporter activity	0/5	3/6920	1.0	6	0	1.0	
GO:0160198	MF	p	polyprenal reductase activity	0/5	1/6920	1.0	5	0	1.0	
GO:0043175	MF	p	RNA polymerase core enzyme binding	0/5	28/6920	1.0	5	0	1.0	
GO:0051721	MF	p	protein phosphatase 2A binding	0/5	1/6920	1.0	6	0	1.0	
GO:0004017	MF	p	AMP kinase activity	0/5	6/6920	1.0	7	0	1.0	
GO:0140659	MF	p	cytoskeletal motor regulator activity	0/5	1/6920	1.0	2	0	1.0	
GO:0106166	MF	p	spindle pole body-nuclear membrane anchor activity	0/5	1/6920	1.0	5	0	1.0	
GO:0004151	MF	p	dihydroorotase activity	0/5	1/6920	1.0	5	0	1.0	
GO:0001228	MF	p	DNA-binding transcription activator activity, RNA polymerase II-specific	0/5	55/6920	1.0	4	0	1.0	
GO:0098599	MF	p	palmitoyl hydrolase activity	0/5	3/6920	1.0	3	0	1.0	
GO:1990856	MF	p	methionyl-initiator methionine tRNA binding	0/5	4/6920	1.0	5	0	1.0	
GO:0004037	MF	p	allantoicase activity	0/5	1/6920	1.0	5	0	1.0	
GO:0003720	MF	p	telomerase activity	0/5	2/6920	1.0	7	0	1.0	
GO:0050334	MF	p	thiaminase activity	0/5	3/6920	1.0	4	0	1.0	
GO:0034634	MF	p	glutathione transmembrane transporter activity	0/5	1/6920	1.0	6	0	1.0	
GO:0019203	MF	p	carbohydrate phosphatase activity	0/5	11/6920	1.0	6	0	1.0	
GO:0019842	MF	p	vitamin binding	0/5	50/6920	1.0	3	0	1.0	
GO:0019702	MF	p	protein arginine N5-methyltransferase activity	0/5	1/6920	1.0	8	0	1.0	
GO:0045462	MF	p	trichothecene 3-O-acetyltransferase activity	0/5	1/6920	1.0	7	0	1.0	
GO:0003689	MF	p	DNA clamp loader activity	0/5	9/6920	1.0	5	0	1.0	
GO:0050295	MF	p	steryl-beta-glucosidase activity	0/5	1/6920	1.0	7	0	1.0	
GO:0000993	MF	p	RNA polymerase II complex binding	0/5	23/6920	1.0	6	0	1.0	
GO:0005416	MF	p	amino acid:monoatomic cation symporter activity	0/5	1/6920	1.0	7	0	1.0	
GO:0004590	MF	p	orotidine-5'-phosphate decarboxylase activity	0/5	1/6920	1.0	5	0	1.0	
GO:0008531	MF	p	riboflavin kinase activity	0/5	1/6920	1.0	5	0	1.0	
GO:0004321	MF	p	fatty-acyl-CoA synthase activity	0/5	3/6920	1.0	6	0	1.0	
GO:0004630	MF	p	phospholipase D activity	0/5	2/6920	1.0	6	0	1.0	
GO:0001216	MF	p	DNA-binding transcription activator activity	0/5	58/6920	1.0	3	0	1.0	
GO:0061632	MF	p	RNA lariat debranching enzyme activator activity	0/5	1/6920	1.0	6	0	1.0	
GO:0016411	MF	p	acylglycerol O-acyltransferase activity	0/5	5/6920	1.0	6	0	1.0	
GO:0004370	MF	p	glycerol kinase activity	0/5	1/6920	1.0	5	0	1.0	
GO:0001165	MF	p	RNA polymerase I cis-regulatory region sequence-specific DNA binding	0/5	4/6920	1.0	8	0	1.0	
GO:0016627	MF	p	oxidoreductase activity, acting on the CH-CH group of donors	0/5	28/6920	1.0	3	0	1.0	
GO:0090556	MF	p	phosphatidylserine floppase activity	0/5	4/6920	1.0	6	0	1.0	
GO:0004174	MF	p	electron-transferring-flavoprotein dehydrogenase activity	0/5	2/6920	1.0	5	0	1.0	
GO:0000827	MF	p	inositol-1,3,4,5,6-pentakisphosphate kinase activity	0/5	2/6920	1.0	6	0	1.0	
GO:0070273	MF	p	phosphatidylinositol-4-phosphate binding	0/5	19/6920	1.0	6	0	1.0	
GO:0051499	MF	p	D-aminoacyl-tRNA deacylase activity	0/5	1/6920	1.0	6	0	1.0	
GO:0046870	MF	p	cadmium ion binding	0/5	2/6920	1.0	7	0	1.0	
GO:0005346	MF	p	purine ribonucleotide transmembrane transporter activity	0/5	8/6920	1.0	6	0	1.0	
GO:0160150	MF	p	tRNA pseudouridine(13) synthase activity	0/5	1/6920	1.0	6	0	1.0	
GO:0003862	MF	p	3-isopropylmalate dehydrogenase activity	0/5	1/6920	1.0	5	0	1.0	
GO:0016774	MF	p	phosphotransferase activity, carboxyl group as acceptor	0/5	6/6920	1.0	4	0	1.0	
GO:0032448	MF	p	DNA hairpin binding	0/5	1/6920	1.0	5	0	1.0	
GO:0050163	MF	p	oxaloacetate tautomerase activity	0/5	1/6920	1.0	5	0	1.0	
GO:0000225	MF	p	N-acetylglucosaminylphosphatidylinositol deacetylase activity	0/5	1/6920	1.0	5	0	1.0	
GO:0016835	MF	p	carbon-oxygen lyase activity	0/5	45/6920	1.0	3	0	1.0	
GO:0005519	MF	p	cytoskeletal regulatory protein binding	0/5	1/6920	1.0	4	0	1.0	
GO:0140996	MF	p	histone H3 kinase activity	0/5	2/6920	1.0	7	0	1.0	
GO:1990756	MF	p	ubiquitin-like ligase-substrate adaptor activity	0/5	4/6920	1.0	4	0	1.0	
GO:0043178	MF	p	alcohol binding	0/5	5/6920	1.0	3	0	1.0	
GO:0004385	MF	p	GMP kinase activity	0/5	1/6920	1.0	7	0	1.0	
GO:0008242	MF	p	omega peptidase activity	0/5	5/6920	1.0	4	0	1.0	
GO:0004399	MF	p	histidinol dehydrogenase activity	0/5	1/6920	1.0	5	0	1.0	
GO:0052655	MF	p	L-valine-2-oxoglutarate transaminase activity	0/5	2/6920	1.0	6	0	1.0	
GO:0015370	MF	p	solute:sodium symporter activity	0/5	1/6920	1.0	7	0	1.0	
GO:0140776	MF	p	protein-containing complex destabilizing activity	0/5	2/6920	1.0	1	0	1.0	
GO:0042134	MF	p	rRNA primary transcript binding	0/5	18/6920	1.0	5	0	1.0	
GO:0097177	MF	p	mitochondrial ribosome binding	0/5	8/6920	1.0	5	0	1.0	
GO:0004418	MF	p	hydroxymethylbilane synthase activity	0/5	1/6920	1.0	4	0	1.0	
GO:0004305	MF	p	ethanolamine kinase activity	0/5	2/6920	1.0	5	0	1.0	
GO:0016699	MF	p	oxidoreductase activity, acting on hydrogen as donor, iron-sulfur protein as acceptor	0/5	1/6920	1.0	4	0	1.0	
GO:0141106	MF	p	tRNA methyltransferase activator activity	0/5	1/6920	1.0	4	0	1.0	
GO:0016881	MF	p	acid-amino acid ligase activity	0/5	9/6920	1.0	4	0	1.0	
GO:0047433	MF	p	branched-chain-2-oxoacid decarboxylase activity	0/5	5/6920	1.0	5	0	1.0	
GO:0000340	MF	p	RNA 7-methylguanosine cap binding	0/5	5/6920	1.0	5	0	1.0	
GO:0050613	MF	p	Delta14-sterol reductase activity	0/5	1/6920	1.0	5	0	1.0	
GO:0015149	MF	p	hexose transmembrane transporter activity	0/5	20/6920	1.0	6	0	1.0	
GO:0004751	MF	p	ribose-5-phosphate isomerase activity	0/5	1/6920	1.0	5	0	1.0	
GO:0008296	MF	p	3'-5'-DNA exonuclease activity	0/5	11/6920	1.0	7	0	1.0	
GO:0140299	MF	p	molecular sensor activity	0/5	25/6920	1.0	2	0	1.0	
GO:0015344	MF	p	siderophore uptake transmembrane transporter activity	0/5	1/6920	1.0	5	0	1.0	
GO:0015218	MF	p	pyrimidine nucleotide transmembrane transporter activity	0/5	1/6920	1.0	5	0	1.0	
GO:0102758	MF	p	very-long-chain enoyl-CoA reductase activity	0/5	1/6920	1.0	5	0	1.0	
GO:0004535	MF	p	poly(A)-specific ribonuclease activity	0/5	6/6920	1.0	8	0	1.0	
GO:0030621	MF	p	U4 snRNA binding	0/5	6/6920	1.0	5	0	1.0	
GO:0140129	MF	p	histone H3K56ac reader activity	0/5	2/6920	1.0	6	0	1.0	
GO:0015377	MF	p	chloride:monoatomic cation symporter activity	0/5	1/6920	1.0	8	0	1.0	
GO:0047395	MF	p	glycerophosphoinositol glycerophosphodiesterase activity	0/5	1/6920	1.0	6	0	1.0	
GO:0003980	MF	p	UDP-glucose:glycoprotein glucosyltransferase activity	0/5	1/6920	1.0	7	0	1.0	
GO:0004076	MF	p	biotin synthase activity	0/5	1/6920	1.0	5	0	1.0	
GO:0030527	MF	p	structural constituent of chromatin	0/5	12/6920	1.0	2	0	1.0	
GO:0004030	MF	p	aldehyde dehydrogenase [NAD(P)+] activity	0/5	13/6920	1.0	5	0	1.0	
GO:0004736	MF	p	pyruvate carboxylase activity	0/5	2/6920	1.0	4	0	1.0	
GO:0140827	MF	p	zinc chaperone activity	0/5	1/6920	1.0	3	0	1.0	
GO:0016434	MF	p	rRNA (cytosine) methyltransferase activity	0/5	2/6920	1.0	7	0	1.0	
GO:0008835	MF	p	diaminohydroxyphosphoribosylaminopyrimidine deaminase activity	0/5	2/6920	1.0	5	0	1.0	
GO:0016620	MF	p	oxidoreductase activity, acting on the aldehyde or oxo group of donors, NAD or NADP as acceptor	0/5	25/6920	1.0	4	0	1.0	
GO:0004497	MF	p	monooxygenase activity	0/5	14/6920	1.0	3	0	1.0	
GO:0004362	MF	p	glutathione-disulfide reductase (NADPH) activity	0/5	4/6920	1.0	6	0	1.0	
GO:0047389	MF	p	glycerophosphocholine phosphodiesterase activity	0/5	1/6920	1.0	6	0	1.0	
GO:0003975	MF	p	UDP-N-acetylglucosamine-dolichyl-phosphate N-acetylglucosaminephosphotransferase activity	0/5	1/6920	1.0	5	0	1.0	
GO:0048038	MF	p	quinone binding	0/5	8/6920	1.0	3	0	1.0	
GO:0008238	MF	p	exopeptidase activity	0/5	31/6920	1.0	4	0	1.0	
GO:0008810	MF	p	cellulase activity	0/5	1/6920	1.0	5	0	1.0	
GO:0004134	MF	p	4-alpha-glucanotransferase activity	0/5	1/6920	1.0	5	0	1.0	
GO:0070990	MF	p	snRNP binding	0/5	3/6920	1.0	4	0	1.0	
GO:0008556	MF	p	P-type potassium transmembrane transporter activity	0/5	3/6920	1.0	8	0	1.0	
GO:0051751	MF	p	alpha-1,4-mannosyltransferase activity	0/5	1/6920	1.0	6	0	1.0	
GO:0044620	MF	p	ACP phosphopantetheine attachment site binding	0/5	1/6920	1.0	3	0	1.0	
GO:0004623	MF	p	phospholipase A2 activity	0/5	9/6920	1.0	6	0	1.0	
GO:0005546	MF	p	phosphatidylinositol-4,5-bisphosphate binding	0/5	16/6920	1.0	7	0	1.0	
GO:0003964	MF	p	RNA-directed DNA polymerase activity	0/5	51/6920	1.0	6	0	1.0	
GO:0005524	MF	p	ATP binding	0/5	719/6920	1.0	8	0	1.0	
GO:0019001	MF	p	guanyl nucleotide binding	0/5	115/6920	1.0	6	0	1.0	
GO:0004416	MF	p	hydroxyacylglutathione hydrolase activity	0/5	2/6920	1.0	5	0	1.0	
GO:0004690	MF	p	cyclic nucleotide-dependent protein kinase activity	0/5	3/6920	1.0	7	0	1.0	
GO:0004401	MF	p	histidinol-phosphatase activity	0/5	1/6920	1.0	6	0	1.0	
GO:0008806	MF	p	carboxymethylenebutenolidase activity	0/5	1/6920	1.0	5	0	1.0	
GO:0052712	MF	p	inositol phosphosphingolipid phospholipase activity	0/5	1/6920	1.0	7	0	1.0	
GO:0004515	MF	p	nicotinate-nucleotide adenylyltransferase activity	0/5	2/6920	1.0	6	0	1.0	
GO:0106211	MF	p	inositol-5-diphosphate-1,3,4,6-tetrakisphosphate diphosphatase activity	0/5	1/6920	1.0	8	0	1.0	
GO:0004659	MF	p	prenyltransferase activity	0/5	21/6920	1.0	4	0	1.0	
GO:0004671	MF	p	protein C-terminal S-isoprenylcysteine carboxyl O-methyltransferase activity	0/5	1/6920	1.0	9	0	1.0	
GO:0004602	MF	p	glutathione peroxidase activity	0/5	7/6920	1.0	5	0	1.0	
GO:0140680	MF	p	histone H3K36me/H3K36me2 demethylase activity	0/5	1/6920	1.0	7	0	1.0	
GO:0071074	MF	p	eukaryotic initiation factor eIF2 binding	0/5	6/6920	1.0	4	0	1.0	
GO:0070181	MF	p	small ribosomal subunit rRNA binding	0/5	12/6920	1.0	5	0	1.0	
GO:0019170	MF	p	methylglyoxal reductase (NADH) activity	0/5	1/6920	1.0	5	0	1.0	
GO:0034040	MF	p	ATPase-coupled lipid transmembrane transporter activity	0/5	1/6920	1.0	6	0	1.0	
GO:0070005	MF	p	cysteine-type aminopeptidase activity	0/5	1/6920	1.0	6	0	1.0	
GO:0030544	MF	p	Hsp70 protein binding	0/5	7/6920	1.0	4	0	1.0	
GO:0004851	MF	p	uroporphyrin-III C-methyltransferase activity	0/5	1/6920	1.0	6	0	1.0	
GO:0016462	MF	p	pyrophosphatase activity	0/5	365/6920	1.0	5	0	1.0	
GO:0004177	MF	p	aminopeptidase activity	0/5	18/6920	1.0	5	0	1.0	
GO:0106018	MF	p	phosphatidylinositol-3,5-bisphosphate phosphatase activity	0/5	5/6920	1.0	8	0	1.0	
GO:0010521	MF	p	telomerase inhibitor activity	0/5	3/6920	1.0	4	0	1.0	
GO:0051018	MF	p	protein kinase A binding	0/5	1/6920	1.0	3	0	1.0	
GO:0106312	MF	p	methylenetetrahydrofolate reductase (NADH) activity	0/5	1/6920	1.0	6	0	1.0	
GO:0140078	MF	p	class I DNA-(apurinic or apyrimidinic site) endonuclease activity	0/5	3/6920	1.0	7	0	1.0	
GO:0042736	MF	p	NADH kinase activity	0/5	3/6920	1.0	5	0	1.0	
GO:0016743	MF	p	carboxyl- or carbamoyltransferase activity	0/5	2/6920	1.0	4	0	1.0	
GO:0000907	MF	p	sulfonate dioxygenase activity	0/5	1/6920	1.0	5	0	1.0	
GO:0030558	MF	p	RNA pseudouridylation guide activity	0/5	28/6920	1.0	5	0	1.0	
GO:0120562	MF	p	GlcNAc(2)-PP-Dol mannosyltransferase activity	0/5	6/6920	1.0	6	0	1.0	
GO:0103026	MF	p	fructose-1-phosphatase activity	0/5	1/6920	1.0	6	0	1.0	
GO:0042826	MF	p	histone deacetylase binding	0/5	4/6920	1.0	4	0	1.0	
GO:0019843	MF	p	rRNA binding	0/5	158/6920	1.0	4	0	1.0	
GO:0019776	MF	p	Atg8-family ligase activity	0/5	5/6920	1.0	7	0	1.0	
GO:0052657	MF	p	guanine phosphoribosyltransferase activity	0/5	1/6920	1.0	6	0	1.0	
GO:0120013	MF	p	lipid transfer activity	0/5	25/6920	1.0	3	0	1.0	
GO:0008948	MF	p	oxaloacetate decarboxylase activity	0/5	2/6920	1.0	5	0	1.0	
GO:0140328	MF	p	floppase activity	0/5	6/6920	1.0	5	0	1.0	
GO:0010698	MF	p	acetyltransferase activator activity	0/5	3/6920	1.0	4	0	1.0	
GO:0035173	MF	p	histone kinase activity	0/5	3/6920	1.0	6	0	1.0	
GO:0047429	MF	p	nucleoside triphosphate diphosphatase activity	0/5	7/6920	1.0	6	0	1.0	
GO:0141051	MF	p	histone H4K deacetylase activity	0/5	2/6920	1.0	6	0	1.0	
GO:1990817	MF	p	poly(A) RNA polymerase activity	0/5	6/6920	1.0	6	0	1.0	
GO:0016846	MF	p	carbon-sulfur lyase activity	0/5	8/6920	1.0	3	0	1.0	
GO:0032440	MF	p	2-alkenal reductase [NAD(P)H] activity	0/5	1/6920	1.0	5	0	1.0	
GO:0140940	MF	p	histone H2A methyltransferase activity	0/5	2/6920	1.0	7	0	1.0	
GO:0004034	MF	p	aldose 1-epimerase activity	0/5	3/6920	1.0	5	0	1.0	
GO:0008047	MF	p	enzyme activator activity	0/5	148/6920	1.0	3	0	1.0	
GO:0016672	MF	p	oxidoreductase activity, acting on a sulfur group of donors, quinone or similar compound as acceptor	0/5	2/6920	1.0	4	0	1.0	
GO:1990269	MF	p	RNA polymerase II C-terminal domain phosphoserine binding	0/5	6/6920	1.0	8	0	1.0	
GO:0002055	MF	p	adenine binding	0/5	2/6920	1.0	6	0	1.0	
GO:0000175	MF	p	3'-5'-RNA exonuclease activity	0/5	19/6920	1.0	7	0	1.0	
GO:0004402	MF	p	histone acetyltransferase activity	0/5	31/6920	1.0	9	0	1.0	
GO:0004055	MF	p	argininosuccinate synthase activity	0/5	1/6920	1.0	4	0	1.0	
GO:0016972	MF	p	thiol oxidase activity	0/5	4/6920	1.0	5	0	1.0	
GO:0005483	MF	p	soluble NSF attachment protein activity	0/5	1/6920	1.0	3	0	1.0	
GO:0000254	MF	p	C-4 methylsterol oxidase activity	0/5	1/6920	1.0	5	0	1.0	
GO:0016661	MF	p	oxidoreductase activity, acting on other nitrogenous compounds as donors	0/5	2/6920	1.0	3	0	1.0	
GO:0170011	MF	p	stalled ribosome sensor activity	0/5	2/6920	1.0	3	0	1.0	
GO:0005436	MF	p	sodium:phosphate symporter activity	0/5	1/6920	1.0	8	0	1.0	
GO:0000257	MF	p	nitrilase activity	0/5	1/6920	1.0	5	0	1.0	
GO:0046961	MF	p	proton-transporting ATPase activity, rotational mechanism	0/5	20/6920	1.0	8	0	1.0	
GO:0015191	MF	p	L-methionine transmembrane transporter activity	0/5	2/6920	1.0	7	0	1.0	
GO:0015085	MF	p	calcium ion transmembrane transporter activity	0/5	10/6920	1.0	6	0	1.0	
GO:0004095	MF	p	carnitine O-palmitoyltransferase activity	0/5	1/6920	1.0	7	0	1.0	
GO:0019152	MF	p	acetoin dehydrogenase (NAD+) activity	0/5	4/6920	1.0	5	0	1.0	
GO:0004353	MF	p	glutamate dehydrogenase [NAD(P)+] activity	0/5	3/6920	1.0	5	0	1.0	
GO:0015368	MF	p	calcium:monoatomic cation antiporter activity	0/5	2/6920	1.0	7	0	1.0	
GO:0033721	MF	p	aldehyde dehydrogenase (NADP+) activity	0/5	4/6920	1.0	6	0	1.0	
GO:0005496	MF	p	steroid binding	0/5	18/6920	1.0	3	0	1.0	
GO:0031267	MF	p	small GTPase binding	0/5	39/6920	1.0	5	0	1.0	
GO:0050086	MF	p	mannitol 2-dehydrogenase activity	0/5	2/6920	1.0	5	0	1.0	
GO:0016410	MF	p	N-acyltransferase activity	0/5	62/6920	1.0	5	0	1.0	
GO:0047953	MF	p	glycerol 2-dehydrogenase (NADP+) activity	0/5	1/6920	1.0	5	0	1.0	
GO:0017136	MF	p	histone deacetylase activity, NAD-dependent	0/5	6/6920	1.0	7	0	1.0	
GO:0015203	MF	p	polyamine transmembrane transporter activity	0/5	11/6920	1.0	3	0	1.0	
GO:0003954	MF	p	NADH dehydrogenase activity	0/5	5/6920	1.0	4	0	1.0	
GO:0005319	MF	p	lipid transporter activity	0/5	45/6920	1.0	2	0	1.0	
GO:0003879	MF	p	ATP phosphoribosyltransferase activity	0/5	1/6920	1.0	5	0	1.0	
GO:0004755	MF	p	saccharopine dehydrogenase (NADP+, L-glutamate-forming) activity	0/5	1/6920	1.0	6	0	1.0	
GO:1990610	MF	p	acetolactate synthase regulator activity	0/5	1/6920	1.0	3	0	1.0	
GO:0106254	MF	p	lipid sensor activity	0/5	1/6920	1.0	3	0	1.0	
GO:0045503	MF	p	dynein light chain binding	0/5	1/6920	1.0	3	0	1.0	
GO:0052841	MF	p	inositol bisdiphosphate tetrakisphosphate diphosphatase activity	0/5	2/6920	1.0	7	0	1.0	
GO:0034212	MF	p	protein N-acetyltransferase activity	0/5	44/6920	1.0	7	0	1.0	
GO:0004160	MF	p	dihydroxy-acid dehydratase activity	0/5	1/6920	1.0	5	0	1.0	
GO:0010340	MF	p	carboxyl-O-methyltransferase activity	0/5	2/6920	1.0	6	0	1.0	
GO:0051748	MF	p	UTP-monosaccharide-1-phosphate uridylyltransferase activity	0/5	2/6920	1.0	6	0	1.0	
GO:0052906	MF	p	tRNA (guanine(37)-N1)-methyltransferase activity	0/5	1/6920	1.0	8	0	1.0	
GO:0047507	MF	p	deoxynucleoside phosphate kinase activity, ATP as phosphate donor	0/5	1/6920	1.0	6	0	1.0	
GO:0050897	MF	p	cobalt ion binding	0/5	1/6920	1.0	7	0	1.0	
GO:0004765	MF	p	shikimate kinase activity	0/5	1/6920	1.0	5	0	1.0	
GO:0022832	MF	p	voltage-gated channel activity	0/5	6/6920	1.0	6	0	1.0	
GO:0033677	MF	p	DNA/RNA helicase activity	0/5	5/6920	1.0	6	0	1.0	
GO:0036219	MF	p	GTP diphosphatase activity	0/5	1/6920	1.0	7	0	1.0	
GO:0004792	MF	p	thiosulfate-cyanide sulfurtransferase activity	0/5	5/6920	1.0	5	0	1.0	
GO:0050833	MF	p	pyruvate transmembrane transporter activity	0/5	5/6920	1.0	6	0	1.0	
GO:1990846	MF	p	ribonucleoside-diphosphate reductase inhibitor activity	0/5	3/6920	1.0	4	0	1.0	
GO:0016874	MF	p	ligase activity	0/5	132/6920	1.0	2	0	1.0	
GO:0043177	MF	p	organic acid binding	0/5	8/6920	1.0	3	0	1.0	
GO:0038023	MF	p	signaling receptor activity	0/5	16/6920	1.0	2	0	1.0	
GO:0015244	MF	p	fluconazole transmembrane transporter activity	0/5	1/6920	1.0	4	0	1.0	
GO:0004312	MF	p	fatty acid synthase activity	0/5	2/6920	1.0	5	0	1.0	
GO:0047724	MF	p	inosine nucleosidase activity	0/5	1/6920	1.0	6	0	1.0	
GO:0004163	MF	p	diphosphomevalonate decarboxylase activity	0/5	1/6920	1.0	5	0	1.0	
GO:0036374	MF	p	glutathione hydrolase activity	0/5	4/6920	1.0	5	0	1.0	
GO:0004096	MF	p	catalase activity	0/5	2/6920	1.0	5	0	1.0	
GO:0016453	MF	p	C-acetyltransferase activity	0/5	2/6920	1.0	6	0	1.0	
GO:0030975	MF	p	thiamine binding	0/5	1/6920	1.0	5	0	1.0	
GO:0008139	MF	p	nuclear localization sequence binding	0/5	14/6920	1.0	4	0	1.0	
GO:0070773	MF	p	protein-N-terminal glutamine amidohydrolase activity	0/5	1/6920	1.0	5	0	1.0	
GO:0090560	MF	p	2-(3-amino-3-carboxypropyl)histidine synthase activity	0/5	3/6920	1.0	4	0	1.0	
GO:0015116	MF	p	sulfate transmembrane transporter activity	0/5	6/6920	1.0	5	0	1.0	
GO:0062037	MF	p	D-loop DNA binding	0/5	2/6920	1.0	5	0	1.0	
GO:0030674	MF	p	protein-macromolecule adaptor activity	0/5	278/6920	1.0	2	0	1.0	
GO:0061685	MF	p	diphthine methylesterase activity	0/5	1/6920	1.0	5	0	1.0	
GO:0061656	MF	p	SUMO conjugating enzyme activity	0/5	1/6920	1.0	7	0	1.0	
GO:0004077	MF	p	biotin--[biotin carboxyl-carrier protein] ligase activity	0/5	1/6920	1.0	4	0	1.0	
GO:0051377	MF	p	mannose-ethanolamine phosphotransferase activity	0/5	4/6920	1.0	5	0	1.0	
GO:0090555	MF	p	phosphatidylethanolamine flippase activity	0/5	3/6920	1.0	7	0	1.0	
GO:0035650	MF	p	AP-1 adaptor complex binding	0/5	1/6920	1.0	3	0	1.0	
GO:0015136	MF	p	sialic acid transmembrane transporter activity	0/5	1/6920	1.0	4	0	1.0	
GO:0000293	MF	p	ferric-chelate reductase activity	0/5	9/6920	1.0	4	0	1.0	
GO:0034257	MF	p	nicotinamide riboside transmembrane transporter activity	0/5	2/6920	1.0	5	0	1.0	
GO:0031683	MF	p	G-protein beta/gamma-subunit complex binding	0/5	6/6920	1.0	3	0	1.0	
GO:0102672	MF	p	fatty acid alpha-dioxygenase activity	0/5	1/6920	1.0	5	0	1.0	
GO:0016649	MF	p	oxidoreductase activity, acting on the CH-NH group of donors, quinone or similar compound as acceptor	0/5	3/6920	1.0	4	0	1.0	
GO:0015108	MF	p	chloride transmembrane transporter activity	0/5	4/6920	1.0	5	0	1.0	
GO:1902557	MF	p	5'-adenylyl sulfate transmembrane transporter activity	0/5	1/6920	1.0	7	0	1.0	
GO:0005294	MF	p	neutral L-amino acid secondary active transmembrane transporter activity	0/5	1/6920	1.0	5	0	1.0	
GO:0008073	MF	p	ornithine decarboxylase inhibitor activity	0/5	1/6920	1.0	4	0	1.0	
GO:0015662	MF	p	P-type ion transporter activity	0/5	13/6920	1.0	7	0	1.0	
GO:0050177	MF	p	phenylpyruvate decarboxylase activity	0/5	4/6920	1.0	5	0	1.0	
GO:0008143	MF	p	poly(A) binding	0/5	9/6920	1.0	6	0	1.0	
GO:0004396	MF	p	hexokinase activity	0/5	5/6920	1.0	6	0	1.0	
GO:0030515	MF	p	snoRNA binding	0/5	32/6920	1.0	4	0	1.0	
GO:0034512	MF	p	box C/D sno(s)RNA binding	0/5	1/6920	1.0	5	0	1.0	
GO:0032553	MF	p	ribonucleotide binding	0/5	845/6920	1.0	5	0	1.0	
GO:0033833	MF	p	hydroxymethylfurfural reductase (NADH) activity	0/5	2/6920	1.0	5	0	1.0	
GO:0004824	MF	p	lysine-tRNA ligase activity	0/5	2/6920	1.0	6	0	1.0	
GO:0042085	MF	p	5-methyltetrahydropteroyltri-L-glutamate-dependent methyltransferase activity	0/5	1/6920	1.0	5	0	1.0	
GO:0016895	MF	p	DNA exonuclease activity, producing 5'-phosphomonoesters	0/5	18/6920	1.0	6	0	1.0	
GO:0034386	MF	p	4-aminobutyrate:2-oxoglutarate transaminase activity	0/5	1/6920	1.0	5	0	1.0	
GO:0043035	MF	p	chromatin insulator sequence binding	0/5	1/6920	1.0	5	0	1.0	
GO:0005267	MF	p	potassium channel activity	0/5	2/6920	1.0	7	0	1.0	
GO:0004140	MF	p	dephospho-CoA kinase activity	0/5	2/6920	1.0	5	0	1.0	
GO:0051219	MF	p	phosphoprotein binding	0/5	12/6920	1.0	3	0	1.0	
GO:0141218	MF	p	NAD-dependent protein lysine deacylase activity	0/5	6/6920	1.0	5	0	1.0	
GO:0017125	MF	p	deoxycytidyl transferase activity	0/5	1/6920	1.0	5	0	1.0	
GO:0000034	MF	p	adenine deaminase activity	0/5	1/6920	1.0	5	0	1.0	
GO:0043138	MF	p	3'-5' DNA helicase activity	0/5	14/6920	1.0	7	0	1.0	
GO:0016721	MF	p	oxidoreductase activity, acting on superoxide radicals as acceptor	0/5	6/6920	1.0	3	0	1.0	
GO:0004555	MF	p	alpha,alpha-trehalase activity	0/5	3/6920	1.0	6	0	1.0	
GO:0004180	MF	p	carboxypeptidase activity	0/5	11/6920	1.0	5	0	1.0	
GO:0000721	MF	p	(R,R)-butanediol dehydrogenase activity	0/5	2/6920	1.0	5	0	1.0	
GO:0016813	MF	p	hydrolase activity, acting on carbon-nitrogen (but not peptide) bonds, in linear amidines	0/5	3/6920	1.0	4	0	1.0	
GO:0003949	MF	p	1-(5-phosphoribosyl)-5-[(5-phosphoribosylamino)methylideneamino]imidazole-4-carboxamide isomerase activity	0/5	1/6920	1.0	5	0	1.0	
GO:0015296	MF	p	monoatomic anion:monoatomic cation symporter activity	0/5	1/6920	1.0	7	0	1.0	
GO:0004197	MF	p	cysteine-type endopeptidase activity	0/5	6/6920	1.0	5	0	1.0	
GO:0015399	MF	p	primary active transmembrane transporter activity	0/5	90/6920	1.0	4	0	1.0	
GO:0141221	MF	p	histone deacetylase activity, hydrolytic mechanism	0/5	5/6920	1.0	6	0	1.0	
GO:0004672	MF	p	protein kinase activity	0/5	169/6920	1.0	5	0	1.0	
GO:0036435	MF	p	K48-linked polyubiquitin modification-dependent protein binding	0/5	9/6920	1.0	5	0	1.0	
GO:0052917	MF	p	dol-P-Man:Man(7)GlcNAc(2)-PP-Dol alpha-1,6-mannosyltransferase activity	0/5	1/6920	1.0	7	0	1.0	
GO:0043110	MF	p	rDNA spacer replication fork barrier binding	0/5	1/6920	1.0	7	0	1.0	
GO:0008106	MF	p	alcohol dehydrogenase (NADP+) activity	0/5	13/6920	1.0	6	0	1.0	
GO:0016859	MF	p	cis-trans isomerase activity	0/5	16/6920	1.0	3	0	1.0	
GO:0001099	MF	p	basal RNA polymerase II transcription machinery binding	0/5	32/6920	1.0	4	0	1.0	
GO:0004862	MF	p	cAMP-dependent protein kinase inhibitor activity	0/5	3/6920	1.0	7	0	1.0	
GO:0099122	MF	p	RNA polymerase II C-terminal domain binding	0/5	6/6920	1.0	7	0	1.0	
GO:0004609	MF	p	phosphatidylserine decarboxylase activity	0/5	2/6920	1.0	5	0	1.0	
GO:0004131	MF	p	cytosine deaminase activity	0/5	1/6920	1.0	5	0	1.0	
GO:0005536	MF	p	D-glucose binding	0/5	8/6920	1.0	4	0	1.0	
GO:0140135	MF	p	mechanosensitive monoatomic cation channel activity	0/5	1/6920	1.0	7	0	1.0	
GO:0042171	MF	p	lysophosphatidic acid acyltransferase activity	0/5	9/6920	1.0	6	0	1.0	
GO:0016807	MF	p	cysteine-type carboxypeptidase activity	0/5	2/6920	1.0	6	0	1.0	
GO:0004793	MF	p	threonine aldolase activity	0/5	1/6920	1.0	5	0	1.0	
GO:0004487	MF	p	methylenetetrahydrofolate dehydrogenase (NAD+) activity	0/5	1/6920	1.0	5	0	1.0	
GO:0010945	MF	p	coenzyme A diphosphatase activity	0/5	3/6920	1.0	6	0	1.0	
GO:0004337	MF	p	(2E,6E)-farnesyl diphosphate synthase activity	0/5	2/6920	1.0	6	0	1.0	
GO:0043829	MF	p	tRNA-specific adenosine-37 deaminase activity	0/5	1/6920	1.0	7	0	1.0	
GO:0000332	MF	p	template for synthesis of G-rich strand of telomere DNA activity	0/5	1/6920	1.0	5	0	1.0	
GO:0010997	MF	p	anaphase-promoting complex binding	0/5	5/6920	1.0	3	0	1.0	
GO:0141192	MF	p	ATP:ATP adenylyltransferase activity	0/5	2/6920	1.0	6	0	1.0	
GO:0060590	MF	p	ATPase regulator activity	0/5	38/6920	1.0	2	0	1.0	
GO:0010420	MF	p	polyprenyldihydroxybenzoate methyltransferase activity	0/5	1/6920	1.0	6	0	1.0	
GO:0000703	MF	p	oxidized pyrimidine nucleobase lesion DNA N-glycosylase activity	0/5	2/6920	1.0	7	0	1.0	
GO:0034039	MF	p	8-oxo-7,8-dihydroguanine DNA N-glycosylase activity	0/5	1/6920	1.0	8	0	1.0	
GO:0046404	MF	p	ATP-dependent polydeoxyribonucleotide 5'-hydroxyl-kinase activity	0/5	1/6920	1.0	8	0	1.0	
GO:0106029	MF	p	tRNA pseudouridine synthase activity	0/5	8/6920	1.0	5	0	1.0	
GO:0019778	MF	p	Atg12 activating enzyme activity	0/5	1/6920	1.0	5	0	1.0	
GO:0034511	MF	p	U3 snoRNA binding	0/5	17/6920	1.0	5	0	1.0	
GO:0099604	MF	p	ligand-gated calcium channel activity	0/5	1/6920	1.0	9	0	1.0	
GO:0030942	MF	p	endoplasmic reticulum signal peptide binding	0/5	3/6920	1.0	4	0	1.0	
GO:0003952	MF	p	NAD+ synthase (glutamine-hydrolyzing) activity	0/5	1/6920	1.0	5	0	1.0	
GO:0016814	MF	p	hydrolase activity, acting on carbon-nitrogen (but not peptide) bonds, in cyclic amidines	0/5	18/6920	1.0	4	0	1.0	
GO:0016853	MF	p	isomerase activity	0/5	214/6920	1.0	2	0	1.0	
GO:0008553	MF	p	P-type proton-exporting transporter activity	0/5	2/6920	1.0	8	0	1.0	
GO:0015616	MF	p	DNA translocase activity	0/5	6/6920	1.0	5	0	1.0	
GO:0070492	MF	p	oligosaccharide binding	0/5	1/6920	1.0	3	0	1.0	
GO:0032051	MF	p	clathrin light chain binding	0/5	2/6920	1.0	4	0	1.0	
GO:0004826	MF	p	phenylalanine-tRNA ligase activity	0/5	4/6920	1.0	6	0	1.0	
GO:0008422	MF	p	beta-glucosidase activity	0/5	11/6920	1.0	6	0	1.0	
GO:0016780	MF	p	phosphotransferase activity, for other substituted phosphate groups	0/5	14/6920	1.0	4	0	1.0	
GO:0140414	MF	p	phosphopantetheine-dependent carrier activity	0/5	1/6920	1.0	2	0	1.0	
GO:0140313	MF	p	molecular sequestering activity	0/5	5/6920	1.0	1	0	1.0	
GO:0050440	MF	p	2-methylcitrate synthase activity	0/5	1/6920	1.0	5	0	1.0	
GO:0004016	MF	p	adenylate cyclase activity	0/5	2/6920	1.0	4	0	1.0	
GO:0004410	MF	p	homocitrate synthase activity	0/5	2/6920	1.0	5	0	1.0	
GO:0016788	MF	p	hydrolase activity, acting on ester bonds	0/5	342/6920	1.0	3	0	1.0	
GO:0015932	MF	p	nucleobase-containing compound transmembrane transporter activity	0/5	28/6920	1.0	3	0	1.0	
GO:0036080	MF	p	purine nucleotide-sugar transmembrane transporter activity	0/5	2/6920	1.0	5	0	1.0	
GO:0016652	MF	p	oxidoreductase activity, acting on NAD(P)H as acceptor	0/5	1/6920	1.0	4	0	1.0	
GO:0004479	MF	p	methionyl-tRNA formyltransferase activity	0/5	1/6920	1.0	5	0	1.0	
GO:0141108	MF	p	transporter regulator activity	0/5	2/6920	1.0	2	0	1.0	
GO:0103068	MF	p	leukotriene C4 gamma-glutamyl transferase activity	0/5	1/6920	1.0	5	0	1.0	
GO:0005354	MF	p	galactose transmembrane transporter activity	0/5	6/6920	1.0	7	0	1.0	
GO:0016706	MF	p	2-oxoglutarate-dependent dioxygenase activity	0/5	7/6920	1.0	4	0	1.0	
GO:0008444	MF	p	CDP-diacylglycerol-glycerol-3-phosphate 3-phosphatidyltransferase activity	0/5	1/6920	1.0	6	0	1.0	
GO:0005469	MF	p	succinate:fumarate antiporter activity	0/5	1/6920	1.0	7	0	1.0	
GO:0102267	MF	p	tRNA-dihydrouridine20b synthase activity	0/5	1/6920	1.0	7	0	1.0	
GO:0003876	MF	p	AMP deaminase activity	0/5	1/6920	1.0	6	0	1.0	
GO:0047655	MF	p	allyl-alcohol dehydrogenase activity	0/5	1/6920	1.0	5	0	1.0	
GO:0004412	MF	p	homoserine dehydrogenase activity	0/5	1/6920	1.0	5	0	1.0	
GO:0140999	MF	p	histone H3K4 trimethyltransferase activity	0/5	1/6920	1.0	9	0	1.0	
GO:0000250	MF	p	lanosterol synthase activity	0/5	1/6920	1.0	5	0	1.0	
GO:0043115	MF	p	precorrin-2 dehydrogenase activity	0/5	1/6920	1.0	5	0	1.0	
GO:0005342	MF	p	organic acid transmembrane transporter activity	0/5	68/6920	1.0	3	0	1.0	
GO:0160247	MF	p	autophagy cargo adaptor activity	0/5	2/6920	1.0	3	0	1.0	
GO:0008526	MF	p	phosphatidylinositol transfer activity	0/5	7/6920	1.0	5	0	1.0	
GO:0005347	MF	p	ATP transmembrane transporter activity	0/5	7/6920	1.0	7	0	1.0	
GO:0042083	MF	p	5,10-methylenetetrahydrofolate-dependent methyltransferase activity	0/5	1/6920	1.0	5	0	1.0	
GO:0017176	MF	p	phosphatidylinositol N-acetylglucosaminyltransferase activity	0/5	5/6920	1.0	6	0	1.0	
GO:0005507	MF	p	copper ion binding	0/5	23/6920	1.0	7	0	1.0	
GO:0140994	MF	p	RNA polymerase II CTD heptapeptide repeat modifying activity	0/5	12/6920	1.0	3	0	1.0	
GO:0004604	MF	p	phosphoadenylyl-sulfate reductase (thioredoxin) activity	0/5	1/6920	1.0	5	0	1.0	
GO:0005078	MF	p	MAP-kinase scaffold activity	0/5	6/6920	1.0	4	0	1.0	
GO:0004549	MF	p	tRNA-specific ribonuclease activity	0/5	20/6920	1.0	5	0	1.0	
GO:0004314	MF	p	[acyl-carrier-protein] S-malonyltransferase activity	0/5	2/6920	1.0	7	0	1.0	
GO:1990439	MF	p	MAP kinase serine/threonine phosphatase activity	0/5	2/6920	1.0	8	0	1.0	
GO:0016405	MF	p	CoA-ligase activity	0/5	10/6920	1.0	4	0	1.0	
GO:0016886	MF	p	ligase activity, forming phosphoric ester bonds	0/5	3/6920	1.0	3	0	1.0	
GO:0008017	MF	p	microtubule binding	0/5	44/6920	1.0	5	0	1.0	
GO:0004386	MF	p	helicase activity	0/5	111/6920	1.0	5	0	1.0	
GO:0051766	MF	p	inositol trisphosphate kinase activity	0/5	2/6920	1.0	6	0	1.0	
GO:0003916	MF	p	DNA topoisomerase activity	0/5	5/6920	1.0	5	0	1.0	
GO:0052927	MF	p	CC tRNA cytidylyltransferase activity	0/5	1/6920	1.0	6	0	1.0	
GO:0047443	MF	p	4-hydroxy-4-methyl-2-oxoglutarate aldolase activity	0/5	1/6920	1.0	5	0	1.0	
GO:0004853	MF	p	uroporphyrinogen decarboxylase activity	0/5	1/6920	1.0	5	0	1.0	
GO:0016717	MF	p	oxidoreductase activity, acting on paired donors, with oxidation of a pair of donors resulting in the reduction of molecular oxygen to two molecules of water	0/5	4/6920	1.0	4	0	1.0	
GO:0042284	MF	p	sphingolipid delta-4 desaturase activity	0/5	1/6920	1.0	5	0	1.0	
GO:0000246	MF	p	Delta24(24-1) sterol reductase activity	0/5	1/6920	1.0	5	0	1.0	
GO:0008559	MF	p	ABC-type xenobiotic transporter activity	0/5	5/6920	1.0	7	0	1.0	
GO:0016784	MF	p	3-mercaptopyruvate sulfurtransferase activity	0/5	1/6920	1.0	5	0	1.0	
GO:1990738	MF	p	pseudouridine 5'-phosphatase activity	0/5	1/6920	1.0	6	0	1.0	
GO:0016879	MF	p	ligase activity, forming carbon-nitrogen bonds	0/5	46/6920	1.0	3	0	1.0	
GO:0051990	MF	p	(R)-2-hydroxyglutarate dehydrogenase activity	0/5	1/6920	1.0	4	0	1.0	
GO:0070402	MF	p	NADPH binding	0/5	1/6920	1.0	8	0	1.0	
GO:0000062	MF	p	fatty-acyl-CoA binding	0/5	1/6920	1.0	6	0	1.0	
GO:0009931	MF	p	calcium-dependent protein serine/threonine kinase activity	0/5	1/6920	1.0	7	0	1.0	
GO:0051269	MF	p	alpha-ketoester reductase (NADPH) activity	0/5	1/6920	1.0	5	0	1.0	
GO:0016211	MF	p	ammonia ligase activity	0/5	1/6920	1.0	5	0	1.0	
GO:0033819	MF	p	lipoyl(octanoyl) transferase activity	0/5	1/6920	1.0	5	0	1.0	
GO:0004358	MF	p	L-glutamate N-acetyltransferase activity, acting on acetyl-L-ornithine as donor	0/5	1/6920	1.0	8	0	1.0	
GO:0046923	MF	p	ER retention sequence binding	0/5	1/6920	1.0	4	0	1.0	
GO:0042292	MF	p	URM1 activating enzyme activity	0/5	1/6920	1.0	5	0	1.0	
GO:0030295	MF	p	protein kinase activator activity	0/5	24/6920	1.0	5	0	1.0	
GO:1990593	MF	p	nascent polypeptide-associated complex binding	0/5	3/6920	1.0	3	0	1.0	
GO:0140444	MF	p	cytoskeleton-nuclear membrane anchor activity	0/5	2/6920	1.0	4	0	1.0	
GO:0072354	MF	p	histone H3T3 kinase activity	0/5	2/6920	1.0	8	0	1.0	
GO:0017070	MF	p	U6 snRNA binding	0/5	10/6920	1.0	5	0	1.0	
GO:0042577	MF	p	lipid phosphatase activity	0/5	7/6920	1.0	6	0	1.0	
GO:0020037	MF	p	heme binding	0/5	30/6920	1.0	3	0	1.0	
GO:0004048	MF	p	anthranilate phosphoribosyltransferase activity	0/5	1/6920	1.0	5	0	1.0	
GO:0090482	MF	p	vitamin transmembrane transporter activity	0/5	7/6920	1.0	3	0	1.0	
GO:0047938	MF	p	glucose-6-phosphate 1-epimerase activity	0/5	1/6920	1.0	5	0	1.0	
GO:0046969	MF	p	histone H3K9 deacetylase activity, NAD-dependent	0/5	2/6920	1.0	8	0	1.0	
GO:0003880	MF	p	protein C-terminal carboxyl O-methyltransferase activity	0/5	2/6920	1.0	8	0	1.0	
GO:0016872	MF	p	intramolecular lyase activity	0/5	3/6920	1.0	3	0	1.0	
GO:0102391	MF	p	decanoate-CoA ligase activity	0/5	1/6920	1.0	8	0	1.0	
GO:0030695	MF	p	GTPase regulator activity	0/5	116/6920	1.0	4	0	1.0	
GO:0141046	MF	p	Atg8-family conjugating enzyme activity	0/5	1/6920	1.0	7	0	1.0	
GO:0045174	MF	p	glutathione dehydrogenase (ascorbate) activity	0/5	2/6920	1.0	6	0	1.0	
GO:0030628	MF	p	pre-mRNA 3'-splice site binding	0/5	2/6920	1.0	5	0	1.0	
GO:0001156	MF	p	TFIIIC-class transcription factor complex binding	0/5	2/6920	1.0	6	0	1.0	
GO:0016861	MF	p	intramolecular oxidoreductase activity, interconverting aldoses and ketoses	0/5	7/6920	1.0	4	0	1.0	
GO:0004061	MF	p	arylformamidase activity	0/5	1/6920	1.0	5	0	1.0	
GO:0005261	MF	p	monoatomic cation channel activity	0/5	28/6920	1.0	6	0	1.0	
GO:0140333	MF	p	glycerophospholipid flippase activity	0/5	6/6920	1.0	6	0	1.0	
GO:0032977	MF	p	membrane insertase activity	0/5	4/6920	1.0	3	0	1.0	
GO:0042123	MF	p	glucanosyltransferase activity	0/5	5/6920	1.0	3	0	1.0	
GO:0016538	MF	p	cyclin-dependent protein serine/threonine kinase regulator activity	0/5	32/6920	1.0	6	0	1.0	
GO:0140142	MF	p	nucleocytoplasmic carrier activity	0/5	16/6920	1.0	2	0	1.0	
GO:0000339	MF	p	RNA cap binding	0/5	7/6920	1.0	4	0	1.0	
GO:0003984	MF	p	acetolactate synthase activity	0/5	3/6920	1.0	4	0	1.0	
GO:0004122	MF	p	cystathionine beta-synthase activity	0/5	1/6920	1.0	5	0	1.0	
GO:0033328	MF	p	peroxisome membrane targeting sequence binding	0/5	1/6920	1.0	5	0	1.0	
GO:1990948	MF	p	ubiquitin ligase inhibitor activity	0/5	2/6920	1.0	5	0	1.0	
GO:0045182	MF	p	translation regulator activity	0/5	60/6920	1.0	1	0	1.0	
GO:0003985	MF	p	acetyl-CoA C-acetyltransferase activity	0/5	1/6920	1.0	7	0	1.0	
GO:0005522	MF	p	profilin binding	0/5	2/6920	1.0	3	0	1.0	
GO:0051011	MF	p	microtubule minus-end binding	0/5	2/6920	1.0	6	0	1.0	
GO:0004585	MF	p	ornithine carbamoyltransferase activity	0/5	1/6920	1.0	5	0	1.0	
GO:0052918	MF	p	dol-P-Man:Man(8)GlcNAc(2)-PP-Dol alpha-1,2-mannosyltransferase activity	0/5	1/6920	1.0	7	0	1.0	
GO:0034338	MF	p	short-chain carboxylesterase activity	0/5	3/6920	1.0	5	0	1.0	
GO:0036009	MF	p	protein-glutamine N-methyltransferase activity	0/5	4/6920	1.0	6	0	1.0	
GO:0140296	MF	p	general transcription initiation factor binding	0/5	30/6920	1.0	4	0	1.0	
GO:0010181	MF	p	FMN binding	0/5	20/6920	1.0	6	0	1.0	
GO:0047681	MF	p	aryl-alcohol dehydrogenase (NADP+) activity	0/5	6/6920	1.0	5	0	1.0	
GO:0030565	MF	p	snRNA pseudouridylation guide activity	0/5	1/6920	1.0	6	0	1.0	
GO:0004502	MF	p	kynurenine 3-monooxygenase activity	0/5	1/6920	1.0	5	0	1.0	
GO:0004810	MF	p	CCA tRNA nucleotidyltransferase activity	0/5	1/6920	1.0	6	0	1.0	
GO:0004371	MF	p	glycerone kinase activity	0/5	2/6920	1.0	5	0	1.0	
GO:0019888	MF	p	protein phosphatase regulator activity	0/5	40/6920	1.0	4	0	1.0	
GO:0004301	MF	p	epoxide hydrolase activity	0/5	2/6920	1.0	5	0	1.0	
GO:0048018	MF	p	receptor ligand activity	0/5	4/6920	1.0	4	0	1.0	
GO:0015431	MF	p	ABC-type glutathione S-conjugate transporter activity	0/5	2/6920	1.0	7	0	1.0	
GO:0032559	MF	p	adenyl ribonucleotide binding	0/5	722/6920	1.0	7	0	1.0	
GO:0052658	MF	p	inositol-1,4,5-trisphosphate 5-phosphatase activity	0/5	3/6920	1.0	9	0	1.0	
GO:0031420	MF	p	alkali metal ion binding	0/5	2/6920	1.0	6	0	1.0	
GO:0008172	MF	p	S-methyltransferase activity	0/5	4/6920	1.0	5	0	1.0	
GO:0004821	MF	p	histidine-tRNA ligase activity	0/5	1/6920	1.0	6	0	1.0	
GO:0000386	MF	p	second spliceosomal transesterification activity	0/5	12/6920	1.0	4	0	1.0	
GO:0043539	MF	p	protein serine/threonine kinase activator activity	0/5	9/6920	1.0	6	0	1.0	
GO:0004540	MF	p	RNA nuclease activity	0/5	119/6920	1.0	4	0	1.0	
GO:0160103	MF	p	tRNA (guanine(26)-N2/guanine(27)-N2)-dimethyltransferase activity	0/5	1/6920	1.0	8	0	1.0	
GO:0016749	MF	p	N-succinyltransferase activity	0/5	1/6920	1.0	6	0	1.0	
GO:0015075	MF	p	monoatomic ion transmembrane transporter activity	0/5	180/6920	1.0	3	0	1.0	
GO:0004629	MF	p	phospholipase C activity	0/5	3/6920	1.0	6	0	1.0	
GO:0008374	MF	p	O-acyltransferase activity	0/5	25/6920	1.0	5	0	1.0	
GO:0016898	MF	p	oxidoreductase activity, acting on the CH-OH group of donors, cytochrome as acceptor	0/5	4/6920	1.0	4	0	1.0	
GO:0046526	MF	p	D-xylulose reductase activity	0/5	4/6920	1.0	5	0	1.0	
GO:0016768	MF	p	spermine synthase activity	0/5	1/6920	1.0	4	0	1.0	
GO:0051010	MF	p	microtubule plus-end binding	0/5	15/6920	1.0	6	0	1.0	
GO:0015227	MF	p	O-acyl-L-carnitine transmembrane transporter activity	0/5	1/6920	1.0	5	0	1.0	
GO:0140064	MF	p	peptide crotonyltransferase activity	0/5	2/6920	1.0	6	0	1.0	
GO:0004789	MF	p	thiamine-phosphate diphosphorylase activity	0/5	1/6920	1.0	4	0	1.0	
GO:0004164	MF	p	diphthine synthase activity	0/5	1/6920	1.0	6	0	1.0	
GO:0031370	MF	p	eukaryotic initiation factor 4G binding	0/5	5/6920	1.0	4	0	1.0	
GO:0003941	MF	p	L-serine ammonia-lyase activity	0/5	3/6920	1.0	5	0	1.0	
GO:0046972	MF	p	histone H4K16 acetyltransferase activity	0/5	1/6920	1.0	11	0	1.0	
GO:0017111	MF	p	ribonucleoside triphosphate phosphatase activity	0/5	329/6920	1.0	6	0	1.0	
GO:1900750	MF	p	oligopeptide binding	0/5	2/6920	1.0	3	0	1.0	
GO:0008465	MF	p	hydroxypyruvate reductase (NADH) activity	0/5	1/6920	1.0	6	0	1.0	
GO:0015173	MF	p	aromatic amino acid transmembrane transporter activity	0/5	10/6920	1.0	5	0	1.0	
GO:0017150	MF	p	tRNA dihydrouridine synthase activity	0/5	4/6920	1.0	6	0	1.0	
GO:0004018	MF	p	N6-(1,2-dicarboxyethyl)AMP AMP-lyase (fumarate-forming) activity	0/5	1/6920	1.0	5	0	1.0	
GO:0008251	MF	p	tRNA-specific adenosine deaminase activity	0/5	4/6920	1.0	6	0	1.0	
GO:0070039	MF	p	rRNA (guanosine-2'-O-)-methyltransferase activity	0/5	1/6920	1.0	8	0	1.0	
GO:0003825	MF	p	alpha,alpha-trehalose-phosphate synthase (UDP-forming) activity	0/5	3/6920	1.0	7	0	1.0	
GO:0004112	MF	p	cyclic-nucleotide phosphodiesterase activity	0/5	4/6920	1.0	6	0	1.0	
GO:0070008	MF	p	serine-type exopeptidase activity	0/5	3/6920	1.0	5	0	1.0	
GO:0001139	MF	p	RNA polymerase II complex recruiting activity	0/5	3/6920	1.0	7	0	1.0	
GO:0019825	MF	p	oxygen binding	0/5	2/6920	1.0	3	0	1.0	
GO:0070180	MF	p	large ribosomal subunit rRNA binding	0/5	13/6920	1.0	5	0	1.0	
GO:0016823	MF	p	hydrolase activity, acting on acid carbon-carbon bonds, in ketonic substances	0/5	2/6920	1.0	4	0	1.0	
GO:0033743	MF	p	peptide-methionine (R)-S-oxide reductase activity	0/5	1/6920	1.0	5	0	1.0	
GO:0030559	MF	p	rRNA pseudouridylation guide activity	0/5	28/6920	1.0	6	0	1.0	
GO:0070300	MF	p	phosphatidic acid binding	0/5	12/6920	1.0	5	0	1.0	
GO:0004377	MF	p	GDP-Man:Man(3)GlcNAc(2)-PP-Dol alpha-1,2-mannosyltransferase activity	0/5	1/6920	1.0	7	0	1.0	
GO:0000810	MF	p	diacylglycerol diphosphate phosphatase activity	0/5	2/6920	1.0	6	0	1.0	
GO:0015095	MF	p	magnesium ion transmembrane transporter activity	0/5	6/6920	1.0	6	0	1.0	
GO:0004335	MF	p	galactokinase activity	0/5	2/6920	1.0	6	0	1.0	
GO:0160153	MF	p	mitochondrial tRNA pseudouridine(27/28) synthase activity	0/5	1/6920	1.0	6	0	1.0	
GO:0000035	MF	p	acyl binding	0/5	1/6920	1.0	3	0	1.0	
GO:0016603	MF	p	glutaminyl-peptide cyclotransferase activity	0/5	1/6920	1.0	5	0	1.0	
GO:0004128	MF	p	cytochrome-b5 reductase activity, acting on NAD(P)H	0/5	5/6920	1.0	5	0	1.0	
GO:0051538	MF	p	3 iron, 4 sulfur cluster binding	0/5	2/6920	1.0	5	0	1.0	
GO:0110050	MF	p	deaminated glutathione amidase activity	0/5	1/6920	1.0	5	0	1.0	
GO:0016833	MF	p	oxo-acid-lyase activity	0/5	8/6920	1.0	4	0	1.0	
GO:0005458	MF	p	GDP-mannose transmembrane transporter activity	0/5	2/6920	1.0	6	0	1.0	
GO:0052866	MF	p	phosphatidylinositol phosphate phosphatase activity	0/5	8/6920	1.0	6	0	1.0	
GO:0045015	MF	p	HDEL sequence binding	0/5	1/6920	1.0	5	0	1.0	
GO:0004462	MF	p	lactoylglutathione lyase activity	0/5	1/6920	1.0	4	0	1.0	
GO:0008509	MF	p	monoatomic anion transmembrane transporter activity	0/5	8/6920	1.0	4	0	1.0	
GO:0050664	MF	p	oxidoreductase activity, acting on NAD(P)H, oxygen as acceptor	0/5	4/6920	1.0	4	0	1.0	
GO:0047560	MF	p	3-dehydrosphinganine reductase activity	0/5	1/6920	1.0	5	0	1.0	
GO:0008174	MF	p	mRNA methyltransferase activity	0/5	2/6920	1.0	6	0	1.0	
GO:0016862	MF	p	intramolecular oxidoreductase activity, interconverting keto- and enol-groups	0/5	1/6920	1.0	4	0	1.0	
GO:0015565	MF	p	threonine efflux transmembrane transporter activity	0/5	3/6920	1.0	7	0	1.0	
GO:0008175	MF	p	tRNA methyltransferase activity	0/5	22/6920	1.0	6	0	1.0	
GO:0000828	MF	p	inositol hexakisphosphate kinase activity	0/5	2/6920	1.0	6	0	1.0	
GO:0033764	MF	p	steroid dehydrogenase activity, acting on the CH-OH group of donors, NAD or NADP as acceptor	0/5	2/6920	1.0	5	0	1.0	
GO:0141040	MF	p	very-long-chain 3-oxoacyl-CoA reductase activity	0/5	1/6920	1.0	5	0	1.0	
GO:0140490	MF	p	microtubule nucleator activity	0/5	1/6920	1.0	2	0	1.0	
GO:0016742	MF	p	hydroxymethyl-, formyl- and related transferase activity	0/5	8/6920	1.0	4	0	1.0	
GO:0015245	MF	p	fatty acid transmembrane transporter activity	0/5	5/6920	1.0	6	0	1.0	
GO:0004781	MF	p	sulfate adenylyltransferase (ATP) activity	0/5	1/6920	1.0	7	0	1.0	
GO:0004190	MF	p	aspartic-type endopeptidase activity	0/5	55/6920	1.0	5	0	1.0	
GO:0003993	MF	p	acid phosphatase activity	0/5	8/6920	1.0	6	0	1.0	
GO:0120515	MF	p	fatty acid-CoA ligase activity	0/5	6/6920	1.0	6	0	1.0	
GO:0051996	MF	p	squalene synthase [NAD(P)H] activity	0/5	1/6920	1.0	5	0	1.0	
GO:0000099	MF	p	sulfur amino acid transmembrane transporter activity	0/5	4/6920	1.0	5	0	1.0	
GO:0004496	MF	p	mevalonate kinase activity	0/5	1/6920	1.0	5	0	1.0	
GO:0016863	MF	p	intramolecular oxidoreductase activity, transposing C=C bonds	0/5	5/6920	1.0	4	0	1.0	
GO:0019202	MF	p	amino acid kinase activity	0/5	4/6920	1.0	5	0	1.0	
GO:0019914	MF	p	cyclin-dependent protein kinase regulator activity	0/5	32/6920	1.0	5	0	1.0	
GO:0003937	MF	p	IMP cyclohydrolase activity	0/5	2/6920	1.0	6	0	1.0	
GO:0141152	MF	p	glycerol-3-phosphate dehydrogenase (NAD+) activity	0/5	2/6920	1.0	6	0	1.0	
GO:0008425	MF	p	2-methoxy-6-polyprenyl-1,4-benzoquinol methyltransferase activity	0/5	1/6920	1.0	6	0	1.0	
GO:0009975	MF	p	cyclase activity	0/5	2/6920	1.0	2	0	1.0	
GO:0046933	MF	p	proton-transporting ATP synthase activity, rotational mechanism	0/5	18/6920	1.0	8	0	1.0	
GO:0051020	MF	p	GTPase binding	0/5	41/6920	1.0	4	0	1.0	
GO:0030556	MF	p	rRNA modification guide activity	0/5	70/6920	1.0	5	0	1.0	
GO:0001181	MF	p	RNA polymerase I general transcription initiation factor activity	0/5	8/6920	1.0	2	0	1.0	
GO:0000497	MF	p	DNA template activity	0/5	1/6920	1.0	4	0	1.0	
GO:0140102	MF	p	catalytic activity, acting on a rRNA	0/5	16/6920	1.0	4	0	1.0	
GO:0016782	MF	p	transferase activity, transferring sulphur-containing groups	0/5	12/6920	1.0	3	0	1.0	
GO:0015665	MF	p	alcohol transmembrane transporter activity	0/5	3/6920	1.0	3	0	1.0	
GO:0008863	MF	p	formate dehydrogenase (NAD+) activity	0/5	2/6920	1.0	5	0	1.0	
GO:0016040	MF	p	glutamate synthase (NADH) activity	0/5	1/6920	1.0	5	0	1.0	
GO:0004106	MF	p	chorismate mutase activity	0/5	1/6920	1.0	4	0	1.0	
GO:0141050	MF	p	histone H3K deacetylase activity	0/5	2/6920	1.0	6	0	1.0	
GO:0015252	MF	p	proton channel activity	0/5	18/6920	1.0	7	0	1.0	
GO:0008168	MF	p	methyltransferase activity	0/5	100/6920	1.0	4	0	1.0	
GO:0004523	MF	p	RNA-DNA hybrid ribonuclease activity	0/5	51/6920	1.0	7	0	1.0	
GO:0031210	MF	p	phosphatidylcholine binding	0/5	3/6920	1.0	5	0	1.0	
GO:0008093	MF	p	cytoskeletal anchor activity	0/5	1/6920	1.0	3	0	1.0	
GO:0052724	MF	p	inositol hexakisphosphate 3-kinase activity	0/5	1/6920	1.0	7	0	1.0	
GO:0052381	MF	p	tRNA dimethylallyltransferase activity	0/5	1/6920	1.0	5	0	1.0	
GO:0080132	MF	p	fatty acid 2-hydroxylase activity	0/5	1/6920	1.0	5	0	1.0	
GO:0030561	MF	p	RNA 2'-O-ribose methylation guide activity	0/5	42/6920	1.0	5	0	1.0	
GO:0016841	MF	p	ammonia-lyase activity	0/5	5/6920	1.0	4	0	1.0	
GO:0032216	MF	p	glucosaminyl-phosphatidylinositol O-acyltransferase activity	0/5	1/6920	1.0	6	0	1.0	
GO:0032037	MF	p	myosin I heavy chain binding	0/5	1/6920	1.0	6	0	1.0	
GO:0004592	MF	p	pantoate-beta-alanine ligase activity	0/5	1/6920	1.0	5	0	1.0	
GO:0106359	MF	p	2-hydroxyacyl-CoA lyase activity	0/5	1/6920	1.0	5	0	1.0	
GO:0008525	MF	p	phosphatidylcholine transporter activity	0/5	6/6920	1.0	4	0	1.0	
GO:1990247	MF	p	N6-methyladenosine-containing RNA reader activity	0/5	1/6920	1.0	4	0	1.0	
GO:0000992	MF	p	RNA polymerase III cis-regulatory region sequence-specific DNA binding	0/5	9/6920	1.0	8	0	1.0	
GO:0022853	MF	p	active monoatomic ion transmembrane transporter activity	0/5	63/6920	1.0	5	0	1.0	
GO:0008796	MF	p	bis(5'-nucleosyl)-tetraphosphatase activity	0/5	3/6920	1.0	6	0	1.0	
GO:0106019	MF	p	phosphatidylinositol-4,5-bisphosphate phosphatase activity	0/5	4/6920	1.0	8	0	1.0	
GO:0003871	MF	p	5-methyltetrahydropteroyltriglutamate-homocysteine S-methyltransferase activity	0/5	1/6920	1.0	6	0	1.0	
GO:0070840	MF	p	dynein complex binding	0/5	1/6920	1.0	3	0	1.0	
GO:0016812	MF	p	hydrolase activity, acting on carbon-nitrogen (but not peptide) bonds, in cyclic amides	0/5	3/6920	1.0	4	0	1.0	
GO:0004124	MF	p	cysteine synthase activity	0/5	3/6920	1.0	4	0	1.0	
GO:0005052	MF	p	peroxisome matrix targeting signal-1 binding	0/5	2/6920	1.0	5	0	1.0	
GO:0004805	MF	p	trehalose-phosphatase activity	0/5	4/6920	1.0	8	0	1.0	
GO:0003846	MF	p	2-acylglycerol O-acyltransferase activity	0/5	1/6920	1.0	7	0	1.0	
GO:0005290	MF	p	L-histidine transmembrane transporter activity	0/5	4/6920	1.0	6	0	1.0	
GO:0160260	MF	p	protein asparagine deamidase activity	0/5	1/6920	1.0	5	0	1.0	
GO:0140666	MF	p	annealing activity	0/5	7/6920	1.0	5	0	1.0	
GO:0050815	MF	p	phosphoserine residue binding	0/5	9/6920	1.0	5	0	1.0	
GO:0008409	MF	p	5'-3' exonuclease activity	0/5	14/6920	1.0	5	0	1.0	
GO:0016416	MF	p	O-palmitoyltransferase activity	0/5	1/6920	1.0	6	0	1.0	
GO:0034084	MF	p	steryl deacetylase activity	0/5	1/6920	1.0	4	0	1.0	
GO:0051287	MF	p	NAD binding	0/5	31/6920	1.0	7	0	1.0	
GO:0031072	MF	p	heat shock protein binding	0/5	24/6920	1.0	3	0	1.0	
GO:0004819	MF	p	glutamine-tRNA ligase activity	0/5	1/6920	1.0	6	0	1.0	
GO:0160224	MF	p	3-demethoxyubiquinone 3-hydroxylase (NADH) activity	0/5	1/6920	1.0	5	0	1.0	
GO:1990190	MF	p	protein-N-terminal-glutamate acetyltransferase activity	0/5	1/6920	1.0	9	0	1.0	
GO:0061749	MF	p	forked DNA-dependent helicase activity	0/5	1/6920	1.0	7	0	1.0	
GO:0001095	MF	p	TFIIE-class transcription factor complex binding	0/5	1/6920	1.0	6	0	1.0	
GO:0000906	MF	p	6,7-dimethyl-8-ribityllumazine synthase activity	0/5	1/6920	1.0	4	0	1.0	
GO:0002161	MF	p	aminoacyl-tRNA deacylase activity	0/5	11/6920	1.0	5	0	1.0	
GO:0000217	MF	p	DNA secondary structure binding	0/5	29/6920	1.0	4	0	1.0	
GO:0140110	MF	p	transcription regulator activity	0/5	273/6920	1.0	1	0	1.0	
GO:0106378	MF	p	2-hydroxy-dATP hydrolase activity	0/5	1/6920	1.0	7	0	1.0	
GO:0004049	MF	p	anthranilate synthase activity	0/5	3/6920	1.0	5	0	1.0	
GO:0004333	MF	p	fumarate hydratase activity	0/5	1/6920	1.0	5	0	1.0	
GO:0016776	MF	p	phosphotransferase activity, phosphate group as acceptor	0/5	17/6920	1.0	4	0	1.0	
GO:0001096	MF	p	TFIIF-class transcription factor complex binding	0/5	1/6920	1.0	6	0	1.0	
GO:0034480	MF	p	phosphatidylcholine phospholipase C activity	0/5	1/6920	1.0	7	0	1.0	
GO:0097110	MF	p	scaffold protein binding	0/5	2/6920	1.0	3	0	1.0	
GO:0004651	MF	p	polynucleotide 5'-phosphatase activity	0/5	2/6920	1.0	6	0	1.0	
GO:0003955	MF	p	NAD(P)H dehydrogenase (quinone) activity	0/5	6/6920	1.0	5	0	1.0	
GO:0106345	MF	p	glyoxylate reductase activity	0/5	3/6920	1.0	5	0	1.0	
GO:0033699	MF	p	DNA 5'-adenosine monophosphate hydrolase activity	0/5	1/6920	1.0	8	0	1.0	
GO:0048039	MF	p	ubiquinone binding	0/5	5/6920	1.0	4	0	1.0	
GO:0098808	MF	p	mRNA cap binding	0/5	1/6920	1.0	5	0	1.0	
GO:0000310	MF	p	xanthine phosphoribosyltransferase activity	0/5	1/6920	1.0	6	0	1.0	
GO:0019781	MF	p	NEDD8 activating enzyme activity	0/5	3/6920	1.0	5	0	1.0	
GO:0017110	MF	p	nucleoside diphosphate phosphatase activity	0/5	3/6920	1.0	6	0	1.0	
GO:0140580	MF	p	mitochondrion autophagosome adaptor activity	0/5	2/6920	1.0	5	0	1.0	
GO:0000215	MF	p	tRNA 2'-phosphotransferase activity	0/5	1/6920	1.0	5	0	1.0	
GO:0004072	MF	p	aspartate kinase activity	0/5	1/6920	1.0	6	0	1.0	
GO:0016628	MF	p	oxidoreductase activity, acting on the CH-CH group of donors, NAD or NADP as acceptor	0/5	17/6920	1.0	4	0	1.0	
GO:0005274	MF	p	allantoin:proton symporter activity	0/5	1/6920	1.0	8	0	1.0	
GO:0004427	MF	p	inorganic diphosphate phosphatase activity	0/5	2/6920	1.0	6	0	1.0	
GO:0008157	MF	p	protein phosphatase 1 binding	0/5	10/6920	1.0	6	0	1.0	
GO:0015275	MF	p	stretch-activated, monoatomic cation-selective, calcium channel activity	0/5	1/6920	1.0	8	0	1.0	
GO:0004815	MF	p	aspartate-tRNA ligase activity	0/5	2/6920	1.0	6	0	1.0	
GO:0015379	MF	p	potassium:chloride symporter activity	0/5	1/6920	1.0	9	0	1.0	
GO:0051730	MF	p	GTP-dependent polyribonucleotide 5'-hydroxyl-kinase activity	0/5	1/6920	1.0	8	0	1.0	
GO:0015105	MF	p	arsenite transmembrane transporter activity	0/5	1/6920	1.0	5	0	1.0	
GO:0070003	MF	p	threonine-type peptidase activity	0/5	8/6920	1.0	4	0	1.0	
GO:0008574	MF	p	plus-end-directed microtubule motor activity	0/5	7/6920	1.0	6	0	1.0	
GO:0015146	MF	p	pentose transmembrane transporter activity	0/5	4/6920	1.0	6	0	1.0	
GO:0051537	MF	p	2 iron, 2 sulfur cluster binding	0/5	19/6920	1.0	5	0	1.0	
GO:0003850	MF	p	2-deoxyglucose-6-phosphatase activity	0/5	2/6920	1.0	8	0	1.0	
GO:0016638	MF	p	oxidoreductase activity, acting on the CH-NH2 group of donors	0/5	9/6920	1.0	3	0	1.0	
GO:1904931	MF	p	MCM complex binding	0/5	2/6920	1.0	3	0	1.0	
GO:0004730	MF	p	pseudouridylate synthase activity	0/5	1/6920	1.0	5	0	1.0	
GO:0004679	MF	p	AMP-activated protein kinase activity	0/5	5/6920	1.0	7	0	1.0	
GO:0050263	MF	p	ribosylpyrimidine nucleosidase activity	0/5	1/6920	1.0	5	0	1.0	
GO:0004482	MF	p	mRNA 5'-cap (guanine-N7-)-methyltransferase activity	0/5	1/6920	1.0	7	0	1.0	
GO:0042030	MF	p	ATPase inhibitor activity	0/5	9/6920	1.0	3	0	1.0	
GO:0005186	MF	p	pheromone activity	0/5	4/6920	1.0	5	0	1.0	
GO:0035091	MF	p	phosphatidylinositol binding	0/5	86/6920	1.0	4	0	1.0	
GO:0004848	MF	p	ureidoglycolate hydrolase activity	0/5	1/6920	1.0	5	0	1.0	
GO:0051117	MF	p	ATPase binding	0/5	3/6920	1.0	4	0	1.0	
GO:0033550	MF	p	MAP kinase tyrosine phosphatase activity	0/5	2/6920	1.0	8	0	1.0	
GO:0034595	MF	p	phosphatidylinositol phosphate 5-phosphatase activity	0/5	5/6920	1.0	7	0	1.0	
GO:0004617	MF	p	phosphoglycerate dehydrogenase activity	0/5	3/6920	1.0	5	0	1.0	
GO:0004573	MF	p	Glc3Man9GlcNAc2 oligosaccharide glucosidase activity	0/5	2/6920	1.0	7	0	1.0	
GO:0019209	MF	p	kinase activator activity	0/5	25/6920	1.0	4	0	1.0	
GO:0022843	MF	p	voltage-gated monoatomic cation channel activity	0/5	2/6920	1.0	8	0	1.0	
GO:0016730	MF	p	oxidoreductase activity, acting on iron-sulfur proteins as donors	0/5	3/6920	1.0	3	0	1.0	
GO:0140303	MF	p	intramembrane lipid transporter activity	0/5	13/6920	1.0	3	0	1.0	
GO:0016409	MF	p	palmitoyltransferase activity	0/5	14/6920	1.0	5	0	1.0	
GO:0140946	MF	p	histone H3K4 dimethyltransferase activity	0/5	1/6920	1.0	9	0	1.0	
GO:0003917	MF	p	DNA topoisomerase type I (single strand cut, ATP-independent) activity	0/5	3/6920	1.0	6	0	1.0	
GO:0001067	MF	p	transcription regulatory region nucleic acid binding	0/5	176/6920	1.0	3	0	1.0	
GO:0008757	MF	p	S-adenosylmethionine-dependent methyltransferase activity	0/5	84/6920	1.0	5	0	1.0	
GO:0160246	MF	p	NADPH-iron-sulfur [2Fe-2S] protein oxidoreductase activity	0/5	1/6920	1.0	5	0	1.0	
GO:0030554	MF	p	adenyl nucleotide binding	0/5	764/6920	1.0	6	0	1.0	
GO:0015288	MF	p	porin activity	0/5	4/6920	1.0	6	0	1.0	
GO:0004324	MF	p	ferredoxin-NADP+ reductase activity	0/5	1/6920	1.0	6	0	1.0	
GO:0046964	MF	p	3'-phosphoadenosine 5'-phosphosulfate transmembrane transporter activity	0/5	1/6920	1.0	7	0	1.0	
GO:0016150	MF	p	translation release factor activity, codon nonspecific	0/5	1/6920	1.0	4	0	1.0	
GO:1901981	MF	p	phosphatidylinositol phosphate binding	0/5	69/6920	1.0	5	0	1.0	
GO:0046915	MF	p	transition metal ion transmembrane transporter activity	0/5	33/6920	1.0	6	0	1.0	
GO:0016671	MF	p	oxidoreductase activity, acting on a sulfur group of donors, disulfide as acceptor	0/5	7/6920	1.0	4	0	1.0	
GO:0008907	MF	p	integrase activity	0/5	1/6920	1.0	4	0	1.0	
GO:0003924	MF	p	GTPase activity	0/5	89/6920	1.0	7	0	1.0	
GO:0052875	MF	p	riboflavin reductase [NAD(P)H] activity	0/5	1/6920	1.0	5	0	1.0	
GO:0090554	MF	p	phosphatidylcholine floppase activity	0/5	3/6920	1.0	6	0	1.0	
GO:0004038	MF	p	allantoinase activity	0/5	1/6920	1.0	5	0	1.0	
GO:0005462	MF	p	UDP-N-acetylglucosamine transmembrane transporter activity	0/5	1/6920	1.0	6	0	1.0	
GO:0046547	MF	p	trans-aconitate 3-methyltransferase activity	0/5	1/6920	1.0	6	0	1.0	
GO:0008568	MF	p	microtubule severing ATPase activity	0/5	2/6920	1.0	5	0	1.0	
GO:0001073	MF	p	transcription antitermination factor activity, DNA binding	0/5	1/6920	1.0	2	0	1.0	
GO:0004576	MF	p	oligosaccharyl transferase activity	0/5	6/6920	1.0	5	0	1.0	
GO:0015930	MF	p	glutamate synthase activity	0/5	1/6920	1.0	4	0	1.0	
GO:0106407	MF	p	Glc2Man9GlcNAc2 oligosaccharide glucosidase activity	0/5	1/6920	1.0	7	0	1.0	
GO:0003885	MF	p	D-arabinono-1,4-lactone oxidase activity	0/5	1/6920	1.0	5	0	1.0	
GO:0003684	MF	p	damaged DNA binding	0/5	25/6920	1.0	4	0	1.0	
GO:1990932	MF	p	5.8S rRNA binding	0/5	1/6920	1.0	5	0	1.0	
GO:0120015	MF	p	sterol transfer activity	0/5	11/6920	1.0	4	0	1.0	
GO:0016701	MF	p	oxidoreductase activity, acting on single donors with incorporation of molecular oxygen	0/5	5/6920	1.0	3	0	1.0	
GO:0051880	MF	p	G-quadruplex DNA binding	0/5	14/6920	1.0	4	0	1.0	
GO:0008721	MF	p	D-serine ammonia-lyase activity	0/5	2/6920	1.0	5	0	1.0	
GO:0008170	MF	p	N-methyltransferase activity	0/5	43/6920	1.0	5	0	1.0	
GO:0008410	MF	p	CoA-transferase activity	0/5	1/6920	1.0	4	0	1.0	
GO:0015175	MF	p	neutral L-amino acid transmembrane transporter activity	0/5	15/6920	1.0	4	0	1.0	
GO:0004775	MF	p	succinate-CoA ligase (ADP-forming) activity	0/5	3/6920	1.0	6	0	1.0	
GO:0008486	MF	p	diphosphoinositol-polyphosphate diphosphatase activity	0/5	4/6920	1.0	6	0	1.0	
GO:0016156	MF	p	fumarate reductase (NADH) activity	0/5	2/6920	1.0	5	0	1.0	
GO:0140828	MF	p	metal cation:monoatomic cation antiporter activity	0/5	5/6920	1.0	6	0	1.0	
GO:0034618	MF	p	arginine binding	0/5	2/6920	1.0	6	0	1.0	
GO:0004575	MF	p	sucrose alpha-glucosidase activity	0/5	8/6920	1.0	7	0	1.0	
GO:0004708	MF	p	MAP kinase kinase activity	0/5	5/6920	1.0	7	0	1.0	
GO:0000995	MF	p	RNA polymerase III general transcription initiation factor activity	0/5	5/6920	1.0	2	0	1.0	
GO:0000772	MF	p	mating pheromone activity	0/5	4/6920	1.0	6	0	1.0	
GO:0003725	MF	p	double-stranded RNA binding	0/5	10/6920	1.0	4	0	1.0	
GO:0016992	MF	p	lipoate synthase activity	0/5	1/6920	1.0	5	0	1.0	
GO:0008474	MF	p	palmitoyl-(protein) hydrolase activity	0/5	3/6920	1.0	5	0	1.0	
GO:0034658	MF	p	isopropylmalate transmembrane transporter activity	0/5	1/6920	1.0	6	0	1.0	
GO:0097023	MF	p	fructose 6-phosphate aldolase activity	0/5	1/6920	1.0	5	0	1.0	
GO:0000252	MF	p	3-beta-hydroxysteroid dehydrogenase [NAD(P)+]/C4-decarboxylase activity	0/5	1/6920	1.0	6	0	1.0	
GO:0052816	MF	p	long-chain fatty acyl-CoA hydrolase activity	0/5	1/6920	1.0	7	0	1.0	
GO:0015318	MF	p	inorganic molecular entity transmembrane transporter activity	0/5	195/6920	1.0	3	0	1.0	
GO:0052745	MF	p	inositol phosphate phosphatase activity	0/5	5/6920	1.0	6	0	1.0	
GO:0016297	MF	p	fatty acyl-[ACP] hydrolase activity	0/5	1/6920	1.0	5	0	1.0	
GO:0017169	MF	p	CDP-alcohol phosphatidyltransferase activity	0/5	5/6920	1.0	5	0	1.0	
GO:0004359	MF	p	glutaminase activity	0/5	7/6920	1.0	5	0	1.0	
GO:0033765	MF	p	steroid dehydrogenase activity, acting on the CH-CH group of donors	0/5	1/6920	1.0	4	0	1.0	
GO:0018820	MF	p	cyanamide hydratase activity	0/5	2/6920	1.0	5	0	1.0	
GO:0016615	MF	p	malate dehydrogenase activity	0/5	4/6920	1.0	4	0	1.0	
GO:0003839	MF	p	gamma-glutamylcyclotransferase activity	0/5	1/6920	1.0	5	0	1.0	
GO:0015267	MF	p	channel activity	0/5	47/6920	1.0	4	0	1.0	
GO:0042281	MF	p	dolichyl pyrophosphate Man9GlcNAc2 alpha-1,3-glucosyltransferase activity	0/5	1/6920	1.0	7	0	1.0	
GO:0043905	MF	p	L-seryl-tRNA(Thr) hydrolase activity	0/5	1/6920	1.0	5	0	1.0	
GO:0022834	MF	p	ligand-gated channel activity	0/5	6/6920	1.0	6	0	1.0	
GO:0003712	MF	p	transcription coregulator activity	0/5	92/6920	1.0	3	0	1.0	
GO:0017168	MF	p	5-oxoprolinase (ATP-hydrolyzing) activity	0/5	1/6920	1.0	5	0	1.0	
GO:0008234	MF	p	cysteine-type peptidase activity	0/5	32/6920	1.0	4	0	1.0	
GO:0061710	MF	p	L-threonylcarbamoyladenylate synthase	0/5	1/6920	1.0	5	0	1.0	
GO:0005515	MF	p	protein binding	0/5	807/6920	1.0	2	0	1.0	
GO:0015086	MF	p	cadmium ion transmembrane transporter activity	0/5	4/6920	1.0	7	0	1.0	
GO:0051724	MF	p	NAD transmembrane transporter activity	0/5	2/6920	1.0	7	0	1.0	
GO:0015233	MF	p	pantothenate transmembrane transporter activity	0/5	1/6920	1.0	5	0	1.0	
GO:0052856	MF	p	NAD(P)HX epimerase activity	0/5	1/6920	1.0	4	0	1.0	
GO:0031435	MF	p	mitogen-activated protein kinase kinase kinase binding	0/5	1/6920	1.0	6	0	1.0	
GO:0015137	MF	p	citrate transmembrane transporter activity	0/5	2/6920	1.0	6	0	1.0	
GO:0004529	MF	p	DNA exonuclease activity	0/5	19/6920	1.0	5	0	1.0	
GO:0009922	MF	p	fatty acid elongase activity	0/5	3/6920	1.0	5	0	1.0	
GO:0004313	MF	p	[acyl-carrier-protein] S-acetyltransferase activity	0/5	1/6920	1.0	7	0	1.0	
GO:0016728	MF	p	oxidoreductase activity, acting on CH or CH2 groups, disulfide as acceptor	0/5	6/6920	1.0	4	0	1.0	
GO:0015343	MF	p	siderophore-iron transmembrane transporter activity	0/5	6/6920	1.0	4	0	1.0	
GO:0070279	MF	p	vitamin B6 binding	0/5	39/6920	1.0	4	0	1.0	
GO:0004621	MF	p	glycosylphosphatidylinositol phospholipase D activity	0/5	1/6920	1.0	7	0	1.0	
GO:0003972	MF	p	RNA ligase (ATP) activity	0/5	1/6920	1.0	5	0	1.0	
GO:0019207	MF	p	kinase regulator activity	0/5	67/6920	1.0	3	0	1.0	
GO:0008793	MF	p	aromatic-amino-acid transaminase activity	0/5	2/6920	1.0	5	0	1.0	
GO:0050278	MF	p	sedoheptulose-bisphosphatase activity	0/5	1/6920	1.0	6	0	1.0	
GO:0001093	MF	p	TFIIB-class transcription factor binding	0/5	2/6920	1.0	6	0	1.0	
GO:0071916	MF	p	dipeptide transmembrane transporter activity	0/5	3/6920	1.0	5	0	1.0	
GO:0097506	MF	p	deaminated base DNA N-glycosylase activity	0/5	1/6920	1.0	6	0	1.0	
GO:0102772	MF	p	sphingolipid C4-monooxygenase activity	0/5	2/6920	1.0	5	0	1.0	
GO:0005364	MF	p	maltose:proton symporter activity	0/5	1/6920	1.0	9	0	1.0	
GO:0098505	MF	p	G-rich strand telomeric DNA binding	0/5	1/6920	1.0	7	0	1.0	
GO:0000006	MF	p	high-affinity zinc transmembrane transporter activity	0/5	1/6920	1.0	8	0	1.0	
GO:0160148	MF	p	tRNA pseudouridine(55) synthase activity	0/5	1/6920	1.0	6	0	1.0	
GO:0042602	MF	p	riboflavin reductase (NADPH) activity	0/5	1/6920	1.0	6	0	1.0	
GO:0106073	MF	p	dolichyl pyrophosphate Glc2Man9GlcNAc2 alpha-1,2-glucosyltransferase activity	0/5	1/6920	1.0	7	0	1.0	
GO:0015091	MF	p	ferric iron transmembrane transporter activity	0/5	1/6920	1.0	8	0	1.0	
GO:0004813	MF	p	alanine-tRNA ligase activity	0/5	1/6920	1.0	6	0	1.0	
GO:0000155	MF	p	phosphorelay sensor kinase activity	0/5	1/6920	1.0	7	0	1.0	
GO:1903425	MF	p	fluoride transmembrane transporter activity	0/5	2/6920	1.0	5	0	1.0	
GO:0004130	MF	p	cytochrome-c peroxidase activity	0/5	1/6920	1.0	5	0	1.0	
GO:0001164	MF	p	RNA polymerase I core promoter sequence-specific DNA binding	0/5	3/6920	1.0	8	0	1.0	
GO:0070095	MF	p	fructose-6-phosphate binding	0/5	3/6920	1.0	5	0	1.0	
GO:0062105	MF	p	RNA 2'-O-methyltransferase activity	0/5	4/6920	1.0	6	0	1.0	
GO:0005034	MF	p	osmosensor activity	0/5	5/6920	1.0	4	0	1.0	
GO:0120227	MF	p	acyl-CoA binding	0/5	1/6920	1.0	5	0	1.0	
GO:0070704	MF	p	sterol desaturase activity	0/5	2/6920	1.0	5	0	1.0	
GO:0004608	MF	p	phosphatidylethanolamine N-methyltransferase activity	0/5	2/6920	1.0	6	0	1.0	
GO:0072341	MF	p	modified amino acid binding	0/5	11/6920	1.0	2	0	1.0	
GO:0030551	MF	p	cyclic nucleotide binding	0/5	1/6920	1.0	5	0	1.0	
GO:0004368	MF	p	glycerol-3-phosphate dehydrogenase (quinone) activity	0/5	1/6920	1.0	5	0	1.0	
GO:0043023	MF	p	ribosomal large subunit binding	0/5	11/6920	1.0	5	0	1.0	
GO:0032050	MF	p	clathrin heavy chain binding	0/5	3/6920	1.0	4	0	1.0	
GO:0004170	MF	p	dUTP diphosphatase activity	0/5	2/6920	1.0	7	0	1.0	
GO:0016783	MF	p	sulfurtransferase activity	0/5	11/6920	1.0	4	0	1.0	
GO:0004460	MF	p	L-lactate dehydrogenase (cytochrome) activity	0/5	1/6920	1.0	6	0	1.0	
GO:0004298	MF	p	threonine-type endopeptidase activity	0/5	4/6920	1.0	5	0	1.0	
GO:0004825	MF	p	methionine-tRNA ligase activity	0/5	2/6920	1.0	6	0	1.0	
GO:0017118	MF	p	lipoyltransferase activity	0/5	1/6920	1.0	5	0	1.0	
GO:0019902	MF	p	phosphatase binding	0/5	18/6920	1.0	4	0	1.0	
GO:0015035	MF	p	protein-disulfide reductase activity	0/5	17/6920	1.0	5	0	1.0	
GO:0009383	MF	p	rRNA (cytosine-C5-)-methyltransferase activity	0/5	2/6920	1.0	8	0	1.0	
GO:0004661	MF	p	protein geranylgeranyltransferase activity	0/5	7/6920	1.0	6	0	1.0	
GO:0046912	MF	p	acyltransferase activity, acyl groups converted into alkyl on transfer	0/5	10/6920	1.0	4	0	1.0	
GO:0070182	MF	p	DNA polymerase binding	0/5	1/6920	1.0	4	0	1.0	
GO:0016435	MF	p	rRNA (guanine) methyltransferase activity	0/5	4/6920	1.0	7	0	1.0	
GO:0009013	MF	p	succinate-semialdehyde dehydrogenase [NAD(P)+] activity	0/5	1/6920	1.0	5	0	1.0	
GO:0008179	MF	p	adenylate cyclase binding	0/5	1/6920	1.0	4	0	1.0	
GO:0097472	MF	p	cyclin-dependent protein kinase activity	0/5	24/6920	1.0	6	0	1.0	
GO:0106364	MF	p	4-hydroxy-3-all-trans-polyprenylbenzoate oxygenase activity	0/5	1/6920	1.0	5	0	1.0	
GO:0045504	MF	p	dynein heavy chain binding	0/5	1/6920	1.0	3	0	1.0	
GO:0072349	MF	p	modified amino acid transmembrane transporter activity	0/5	7/6920	1.0	3	0	1.0	
GO:0004742	MF	p	dihydrolipoyllysine-residue acetyltransferase activity	0/5	1/6920	1.0	7	0	1.0	
GO:0046421	MF	p	methylisocitrate lyase activity	0/5	2/6920	1.0	5	0	1.0	
GO:0004740	MF	p	pyruvate dehydrogenase (acetyl-transferring) kinase activity	0/5	2/6920	1.0	7	0	1.0	
GO:0018484	MF	p	4-hydroxybenzaldehyde dehydrogenase (NAD+) activity	0/5	1/6920	1.0	7	0	1.0	
GO:0003711	MF	p	transcription elongation factor activity	0/5	2/6920	1.0	2	0	1.0	
GO:0097358	MF	p	D-leucyl-tRNA(Leu) deacylase activity	0/5	1/6920	1.0	7	0	1.0	
GO:0000179	MF	p	rRNA (adenine-N6,N6-)-dimethyltransferase activity	0/5	1/6920	1.0	8	0	1.0	
GO:1990883	MF	p	18S rRNA cytidine N-acetyltransferase activity	0/5	1/6920	1.0	7	0	1.0	
GO:0070568	MF	p	guanylyltransferase activity	0/5	4/6920	1.0	5	0	1.0	
GO:0140101	MF	p	catalytic activity, acting on a tRNA	0/5	120/6920	1.0	4	0	1.0	
GO:0005215	MF	p	transporter activity	0/5	464/6920	1.0	1	0	1.0	
GO:0003958	MF	p	NADPH-hemoprotein reductase activity	0/5	1/6920	1.0	5	0	1.0	
GO:0140065	MF	p	peptide butyryltransferase activity	0/5	1/6920	1.0	6	0	1.0	
GO:0160152	MF	p	tRNA pseudouridine(31) synthase activity	0/5	1/6920	1.0	6	0	1.0	
GO:0043022	MF	p	ribosome binding	0/5	119/6920	1.0	4	0	1.0	
GO:0043998	MF	p	histone H2A acetyltransferase activity	0/5	1/6920	1.0	10	0	1.0	
GO:0061575	MF	p	cyclin-dependent protein serine/threonine kinase activator activity	0/5	4/6920	1.0	7	0	1.0	
GO:0000774	MF	p	adenyl-nucleotide exchange factor activity	0/5	7/6920	1.0	3	0	1.0	
GO:0004042	MF	p	L-glutamate N-acetyltransferase activity	0/5	3/6920	1.0	8	0	1.0	
GO:0046029	MF	p	mannitol dehydrogenase activity	0/5	2/6920	1.0	5	0	1.0	
GO:0004586	MF	p	ornithine decarboxylase activity	0/5	1/6920	1.0	5	0	1.0	
GO:0008478	MF	p	pyridoxal kinase activity	0/5	2/6920	1.0	5	0	1.0	
GO:0032934	MF	p	sterol binding	0/5	18/6920	1.0	4	0	1.0	
GO:0045134	MF	p	UDP phosphatase activity	0/5	2/6920	1.0	7	0	1.0	
GO:0016667	MF	p	oxidoreductase activity, acting on a sulfur group of donors	0/5	40/6920	1.0	3	0	1.0	
GO:0004611	MF	p	phosphoenolpyruvate carboxykinase activity	0/5	1/6920	1.0	5	0	1.0	
GO:0004799	MF	p	thymidylate synthase activity	0/5	1/6920	1.0	6	0	1.0	
GO:0090422	MF	p	thiamine pyrophosphate transmembrane transporter activity	0/5	1/6920	1.0	5	0	1.0	
GO:0004558	MF	p	alpha-1,4-glucosidase activity	0/5	11/6920	1.0	7	0	1.0	
GO:0009982	MF	p	pseudouridine synthase activity	0/5	11/6920	1.0	4	0	1.0	
GO:0003905	MF	p	alkylbase DNA N-glycosylase activity	0/5	1/6920	1.0	6	0	1.0	
GO:0015250	MF	p	water channel activity	0/5	5/6920	1.0	5	0	1.0	
GO:0008843	MF	p	endochitinase activity	0/5	2/6920	1.0	6	0	1.0	
GO:0004869	MF	p	cysteine-type endopeptidase inhibitor activity	0/5	1/6920	1.0	6	0	1.0	
GO:0016421	MF	p	CoA carboxylase activity	0/5	2/6920	1.0	4	0	1.0	
GO:0008160	MF	p	protein tyrosine phosphatase activator activity	0/5	2/6920	1.0	6	0	1.0	
GO:0008375	MF	p	acetylglucosaminyltransferase activity	0/5	12/6920	1.0	5	0	1.0	
GO:0004622	MF	p	phosphatidylcholine lysophospholipase activity	0/5	6/6920	1.0	7	0	1.0	
GO:0003843	MF	p	1,3-beta-D-glucan synthase activity	0/5	4/6920	1.0	7	0	1.0	
GO:0047710	MF	p	bis(5'-adenosyl)-triphosphatase activity	0/5	1/6920	1.0	6	0	1.0	
GO:0000510	MF	p	H3-H4 histone complex chaperone activity	0/5	2/6920	1.0	4	0	1.0	
GO:0031490	MF	p	chromatin DNA binding	0/5	18/6920	1.0	4	0	1.0	
GO:0061133	MF	p	endopeptidase activator activity	0/5	2/6920	1.0	5	0	1.0	
GO:0036424	MF	p	L-phosphoserine phosphatase activity	0/5	2/6920	1.0	6	0	1.0	
GO:0008686	MF	p	3,4-dihydroxy-2-butanone-4-phosphate synthase activity	0/5	1/6920	1.0	4	0	1.0	
GO:0016803	MF	p	ether hydrolase activity	0/5	2/6920	1.0	4	0	1.0	
GO:0008528	MF	p	G protein-coupled peptide receptor activity	0/5	2/6920	1.0	5	0	1.0	
GO:0061733	MF	p	protein-lysine-acetyltransferase activity	0/5	32/6920	1.0	8	0	1.0	
GO:0160154	MF	p	tRNA pseudouridine(38/39) synthase activity	0/5	1/6920	1.0	6	0	1.0	
GO:0141107	MF	p	methyltransferase regulator activity	0/5	1/6920	1.0	3	0	1.0	
GO:0046943	MF	p	carboxylic acid transmembrane transporter activity	0/5	66/6920	1.0	4	0	1.0	
GO:0017128	MF	p	phospholipid scramblase activity	0/5	4/6920	1.0	4	0	1.0	
GO:0004816	MF	p	asparagine-tRNA ligase activity	0/5	2/6920	1.0	6	0	1.0	
GO:0140006	MF	p	histone H3 reader activity	0/5	18/6920	1.0	5	0	1.0	
GO:0000036	MF	p	acyl carrier activity	0/5	1/6920	1.0	4	0	1.0	
GO:0140260	MF	p	mitochondrial proton-transporting ATP synthase complex binding	0/5	1/6920	1.0	3	0	1.0	
GO:0047812	MF	p	D-amino-acid N-acetyltransferase activity	0/5	1/6920	1.0	7	0	1.0	
GO:0140932	MF	p	5'-(N(7)-methyl 5'-triphosphoguanosine)-[mRNA] diphosphatase activity	0/5	1/6920	1.0	6	0	1.0	
GO:0004029	MF	p	aldehyde dehydrogenase (NAD+) activity	0/5	12/6920	1.0	6	0	1.0	
GO:0004820	MF	p	glycine-tRNA ligase activity	0/5	2/6920	1.0	6	0	1.0	
GO:0030620	MF	p	U2 snRNA binding	0/5	10/6920	1.0	5	0	1.0	
GO:0071913	MF	p	citrate secondary active transmembrane transporter activity	0/5	2/6920	1.0	7	0	1.0	
GO:0016748	MF	p	succinyltransferase activity	0/5	2/6920	1.0	5	0	1.0	
GO:0000987	MF	p	cis-regulatory region sequence-specific DNA binding	0/5	116/6920	1.0	7	0	1.0	
GO:0071885	MF	p	N-terminal protein N-methyltransferase activity	0/5	2/6920	1.0	6	0	1.0	
GO:0004329	MF	p	formate-tetrahydrofolate ligase activity	0/5	2/6920	1.0	4	0	1.0	
GO:0034593	MF	p	phosphatidylinositol bisphosphate phosphatase activity	0/5	6/6920	1.0	7	0	1.0	
GO:0016896	MF	p	RNA exonuclease activity, producing 5'-phosphomonoesters	0/5	25/6920	1.0	6	0	1.0	
GO:0030276	MF	p	clathrin binding	0/5	16/6920	1.0	3	0	1.0	
GO:0004691	MF	p	cAMP-dependent protein kinase activity	0/5	3/6920	1.0	8	0	1.0	
GO:0031320	MF	p	hexitol dehydrogenase activity	0/5	6/6920	1.0	4	0	1.0	
GO:0000156	MF	p	phosphorelay response regulator activity	0/5	2/6920	1.0	2	0	1.0	
GO:0000146	MF	p	microfilament motor activity	0/5	6/6920	1.0	5	0	1.0	
GO:0106322	MF	p	S-(hydroxymethyl)glutathione dehydrogenase (NAD+) activity	0/5	1/6920	1.0	6	0	1.0	
GO:0008121	MF	p	quinol-cytochrome-c reductase activity	0/5	11/6920	1.0	6	0	1.0	
GO:1990119	MF	p	RNA helicase inhibitor activity	0/5	1/6920	1.0	4	0	1.0	
GO:0042277	MF	p	peptide binding	0/5	42/6920	1.0	2	0	1.0	
GO:0005388	MF	p	P-type calcium transporter activity	0/5	2/6920	1.0	8	0	1.0	
GO:0015217	MF	p	ADP transmembrane transporter activity	0/5	7/6920	1.0	7	0	1.0	
GO:0030555	MF	p	RNA modification guide activity	0/5	70/6920	1.0	4	0	1.0	
GO:0016408	MF	p	C-acyltransferase activity	0/5	8/6920	1.0	5	0	1.0	
GO:0160151	MF	p	tRNA pseudouridine(32) synthase activity	0/5	2/6920	1.0	6	0	1.0	
GO:0008972	MF	p	phosphomethylpyrimidine kinase activity	0/5	3/6920	1.0	5	0	1.0	
GO:0004835	MF	p	tubulin-tyrosine ligase activity	0/5	1/6920	1.0	5	0	1.0	
GO:0000295	MF	p	adenine nucleotide transmembrane transporter activity	0/5	10/6920	1.0	6	0	1.0	
GO:0005096	MF	p	GTPase activator activity	0/5	57/6920	1.0	5	0	1.0	
GO:0001046	MF	p	core promoter sequence-specific DNA binding	0/5	19/6920	1.0	7	0	1.0	
GO:0030371	MF	p	translation repressor activity	0/5	48/6920	1.0	2	0	1.0	
GO:0000319	MF	p	sulfite transmembrane transporter activity	0/5	1/6920	1.0	5	0	1.0	
GO:0016775	MF	p	phosphotransferase activity, nitrogenous group as acceptor	0/5	1/6920	1.0	4	0	1.0	
GO:0045309	MF	p	protein phosphorylated amino acid binding	0/5	9/6920	1.0	4	0	1.0	
GO:0106271	MF	p	D-arabinose 1-dehydrogenase (NADP+) activity	0/5	1/6920	1.0	6	0	1.0	
GO:0097030	MF	p	CENP-A containing nucleosome binding	0/5	1/6920	1.0	4	0	1.0	
GO:0003987	MF	p	acetate-CoA ligase activity	0/5	2/6920	1.0	5	0	1.0	
GO:0015204	MF	p	urea transmembrane transporter activity	0/5	1/6920	1.0	4	0	1.0	
GO:0008194	MF	p	UDP-glycosyltransferase activity	0/5	26/6920	1.0	4	0	1.0	
GO:0052588	MF	p	diacetyl reductase ((S)-acetoin forming) (NAD+) activity	0/5	3/6920	1.0	6	0	1.0	
GO:0008453	MF	p	alanine-glyoxylate transaminase activity	0/5	1/6920	1.0	5	0	1.0	
GO:0031369	MF	p	translation initiation factor binding	0/5	25/6920	1.0	3	0	1.0	
GO:0008169	MF	p	C-methyltransferase activity	0/5	5/6920	1.0	5	0	1.0	
GO:0010209	MF	p	vacuolar sorting signal binding	0/5	1/6920	1.0	4	0	1.0	
GO:1990050	MF	p	phosphatidic acid transfer activity	0/5	4/6920	1.0	5	0	1.0	
GO:0033934	MF	p	glucan 1,4-alpha-maltotriohydrolase activity	0/5	7/6920	1.0	5	0	1.0	
GO:0004035	MF	p	alkaline phosphatase activity	0/5	2/6920	1.0	6	0	1.0	
GO:0017061	MF	p	S-methyl-5-thioadenosine phosphorylase activity	0/5	1/6920	1.0	6	0	1.0	
GO:1990935	MF	p	splicing factor binding	0/5	2/6920	1.0	3	0	1.0	
GO:0005452	MF	p	solute:inorganic anion antiporter activity	0/5	1/6920	1.0	6	0	1.0	
GO:0036243	MF	p	succinate-semialdehyde dehydrogenase (NADP+) activity	0/5	1/6920	1.0	6	0	1.0	
GO:0051998	MF	p	protein carboxyl O-methyltransferase activity	0/5	2/6920	1.0	7	0	1.0	
GO:0008408	MF	p	3'-5' exonuclease activity	0/5	32/6920	1.0	5	0	1.0	
GO:0170055	MF	p	lipid transmembrane transporter activity	0/5	6/6920	1.0	3	0	1.0	
GO:0016866	MF	p	intramolecular transferase activity	0/5	21/6920	1.0	3	0	1.0	
GO:0016772	MF	p	transferase activity, transferring phosphorus-containing groups	0/5	421/6920	1.0	3	0	1.0	
GO:0042805	MF	p	actinin binding	0/5	1/6920	1.0	4	0	1.0	
GO:0004089	MF	p	carbonate dehydratase activity	0/5	1/6920	1.0	5	0	1.0	
GO:0004637	MF	p	phosphoribosylamine-glycine ligase activity	0/5	1/6920	1.0	4	0	1.0	
GO:0008199	MF	p	ferric iron binding	0/5	2/6920	1.0	8	0	1.0	
GO:0016314	MF	p	phosphatidylinositol-3,4,5-trisphosphate 3-phosphatase activity	0/5	1/6920	1.0	8	0	1.0	
GO:0061769	MF	p	ribosylnicotinate kinase activity	0/5	1/6920	1.0	5	0	1.0	
GO:0016790	MF	p	thiolester hydrolase activity	0/5	11/6920	1.0	4	0	1.0	
GO:0042393	MF	p	histone binding	0/5	44/6920	1.0	3	0	1.0	
GO:0097748	MF	p	3'-5' RNA polymerase activity	0/5	1/6920	1.0	6	0	1.0	
GO:0070004	MF	p	cysteine-type exopeptidase activity	0/5	3/6920	1.0	5	0	1.0	
GO:0004660	MF	p	protein farnesyltransferase activity	0/5	3/6920	1.0	6	0	1.0	
GO:0008379	MF	p	thioredoxin peroxidase activity	0/5	5/6920	1.0	7	0	1.0	
GO:0003942	MF	p	N-acetyl-gamma-glutamyl-phosphate reductase activity	0/5	1/6920	1.0	5	0	1.0	
GO:0019003	MF	p	GDP binding	0/5	7/6920	1.0	8	0	1.0	
GO:0015923	MF	p	mannosidase activity	0/5	7/6920	1.0	5	0	1.0	
GO:0019211	MF	p	phosphatase activator activity	0/5	10/6920	1.0	4	0	1.0	
GO:1903135	MF	p	cupric ion binding	0/5	2/6920	1.0	8	0	1.0	
GO:0008309	MF	p	double-stranded DNA exodeoxyribonuclease activity	0/5	4/6920	1.0	7	0	1.0	
GO:0008195	MF	p	phosphatidate phosphatase activity	0/5	4/6920	1.0	7	0	1.0	
GO:0047964	MF	p	glyoxylate reductase (NADH) activity	0/5	1/6920	1.0	6	0	1.0	
GO:0003988	MF	p	acetyl-CoA C-acyltransferase activity	0/5	2/6920	1.0	6	0	1.0	
GO:0015216	MF	p	purine nucleotide transmembrane transporter activity	0/5	11/6920	1.0	5	0	1.0	
GO:0008901	MF	p	ferredoxin hydrogenase activity	0/5	1/6920	1.0	5	0	1.0	
GO:0051734	MF	p	ATP-dependent polynucleotide 5'-hydroxyl-kinase activity	0/5	1/6920	1.0	7	0	1.0	
GO:0052840	MF	p	inositol diphosphate tetrakisphosphate diphosphatase activity	0/5	2/6920	1.0	7	0	1.0	
GO:0004831	MF	p	tyrosine-tRNA ligase activity	0/5	2/6920	1.0	6	0	1.0	
GO:0001761	MF	p	beta-alanine transmembrane transporter activity	0/5	1/6920	1.0	5	0	1.0	
GO:0016703	MF	p	oxidoreductase activity, acting on single donors with incorporation of molecular oxygen, incorporation of one atom of oxygen (internal monooxygenases or internal mixed function oxidases)	0/5	1/6920	1.0	4	0	1.0	
GO:0004856	MF	p	D-xylulokinase activity	0/5	1/6920	1.0	6	0	1.0	
GO:0004144	MF	p	diacylglycerol O-acyltransferase activity	0/5	1/6920	1.0	7	0	1.0	
GO:0004430	MF	p	1-phosphatidylinositol 4-kinase activity	0/5	4/6920	1.0	7	0	1.0	
GO:0019237	MF	p	centromeric DNA binding	0/5	14/6920	1.0	6	0	1.0	
GO:0005275	MF	p	amine transmembrane transporter activity	0/5	2/6920	1.0	3	0	1.0	
GO:0004616	MF	p	phosphogluconate dehydrogenase (decarboxylating) activity	0/5	2/6920	1.0	5	0	1.0	
GO:0004198	MF	p	calcium-dependent cysteine-type endopeptidase activity	0/5	2/6920	1.0	6	0	1.0	
GO:0004088	MF	p	carbamoyl-phosphate synthase (glutamine-hydrolyzing) activity	0/5	5/6920	1.0	5	0	1.0	
GO:0015179	MF	p	L-amino acid transmembrane transporter activity	0/5	28/6920	1.0	5	0	1.0	
GO:0016530	MF	p	metallochaperone activity	0/5	11/6920	1.0	2	0	1.0	
GO:0003713	MF	p	transcription coactivator activity	0/5	45/6920	1.0	4	0	1.0	
GO:0015391	MF	p	nucleobase:monoatomic cation symporter activity	0/5	1/6920	1.0	7	0	1.0	
GO:0004638	MF	p	phosphoribosylaminoimidazole carboxylase activity	0/5	1/6920	1.0	5	0	1.0	
GO:0034353	MF	p	mRNA 5'-diphosphatase activity	0/5	5/6920	1.0	6	0	1.0	
GO:0047631	MF	p	ADP-ribose diphosphatase activity	0/5	1/6920	1.0	6	0	1.0	
GO:0034479	MF	p	phosphatidylglycerol phospholipase C activity	0/5	1/6920	1.0	7	0	1.0	
GO:0036220	MF	p	ITP diphosphatase activity	0/5	1/6920	1.0	7	0	1.0	
GO:0008266	MF	p	poly(U) RNA binding	0/5	7/6920	1.0	6	0	1.0	
GO:0004143	MF	p	ATP-dependent diacylglycerol kinase activity	0/5	1/6920	1.0	6	0	1.0	
GO:0061135	MF	p	endopeptidase regulator activity	0/5	7/6920	1.0	4	0	1.0	
GO:0015292	MF	p	uniporter activity	0/5	1/6920	1.0	5	0	1.0	
GO:0035591	MF	p	signaling adaptor activity	0/5	9/6920	1.0	3	0	1.0	
GO:0051540	MF	p	metal cluster binding	0/5	48/6920	1.0	3	0	1.0	
GO:0052735	MF	p	tRNA (cytidine-3-)-methyltransferase activity	0/5	1/6920	1.0	8	0	1.0	
GO:0001094	MF	p	TFIID-class transcription factor complex binding	0/5	5/6920	1.0	6	0	1.0	
GO:0001882	MF	p	nucleoside binding	0/5	3/6920	1.0	4	0	1.0	
GO:0061542	MF	p	3-demethylubiquinol 3-O-methyltransferase activity	0/5	1/6920	1.0	6	0	1.0	
GO:0034318	MF	p	alcohol O-acyltransferase activity	0/5	4/6920	1.0	6	0	1.0	
GO:0102263	MF	p	tRNA-dihydrouridine17 synthase activity	0/5	1/6920	1.0	7	0	1.0	
GO:0051879	MF	p	Hsp90 protein binding	0/5	5/6920	1.0	4	0	1.0	
GO:0008297	MF	p	single-stranded DNA exodeoxyribonuclease activity	0/5	7/6920	1.0	7	0	1.0	
GO:0015606	MF	p	spermidine transmembrane transporter activity	0/5	4/6920	1.0	4	0	1.0	
GO:0047884	MF	p	FAD diphosphatase activity	0/5	1/6920	1.0	7	0	1.0	
GO:0008198	MF	p	ferrous iron binding	0/5	8/6920	1.0	8	0	1.0	
GO:0004451	MF	p	isocitrate lyase activity	0/5	2/6920	1.0	5	0	1.0	
GO:0016815	MF	p	hydrolase activity, acting on carbon-nitrogen (but not peptide) bonds, in nitriles	0/5	1/6920	1.0	4	0	1.0	
GO:0004455	MF	p	ketol-acid reductoisomerase activity	0/5	1/6920	1.0	5	0	1.0	
GO:0016818	MF	p	hydrolase activity, acting on acid anhydrides, in phosphorus-containing anhydrides	0/5	367/6920	1.0	4	0	1.0	
GO:1902936	MF	p	phosphatidylinositol bisphosphate binding	0/5	29/6920	1.0	6	0	1.0	
GO:0030533	MF	p	triplet codon-amino acid adaptor activity	0/5	299/6920	1.0	5	0	1.0	
GO:0004930	MF	p	G protein-coupled receptor activity	0/5	3/6920	1.0	4	0	1.0	
GO:0003986	MF	p	acetyl-CoA hydrolase activity	0/5	2/6920	1.0	6	0	1.0	
GO:0051722	MF	p	protein C-terminal methylesterase activity	0/5	1/6920	1.0	6	0	1.0	
GO:0008962	MF	p	phosphatidylglycerophosphatase activity	0/5	1/6920	1.0	6	0	1.0	
GO:0034738	MF	p	lanosterol O-acyltransferase activity	0/5	1/6920	1.0	7	0	1.0	
GO:0004612	MF	p	phosphoenolpyruvate carboxykinase (ATP) activity	0/5	1/6920	1.0	6	0	1.0	
GO:0004729	MF	p	oxygen-dependent protoporphyrinogen oxidase activity	0/5	1/6920	1.0	5	0	1.0	
GO:0017017	MF	p	MAP kinase tyrosine/serine/threonine phosphatase activity	0/5	2/6920	1.0	8	0	1.0	
GO:0061608	MF	p	nuclear import signal receptor activity	0/5	14/6920	1.0	3	0	1.0	
GO:0001147	MF	p	transcription termination site sequence-specific DNA binding	0/5	1/6920	1.0	7	0	1.0	
GO:0033897	MF	p	ribonuclease T2 activity	0/5	1/6920	1.0	6	0	1.0	
GO:0004636	MF	p	phosphoribosyl-ATP diphosphatase activity	0/5	1/6920	1.0	6	0	1.0	
GO:0003841	MF	p	1-acylglycerol-3-phosphate O-acyltransferase activity	0/5	4/6920	1.0	7	0	1.0	
GO:0106050	MF	p	tRNA 2'-O-methyltransferase activity	0/5	2/6920	1.0	7	0	1.0	
GO:0003910	MF	p	DNA ligase (ATP) activity	0/5	2/6920	1.0	5	0	1.0	
GO:0141101	MF	p	tRNA(Ser) (uridine(44)-2'-O-)-methyltransferase activity	0/5	1/6920	1.0	8	0	1.0	
GO:0000150	MF	p	DNA strand exchange activity	0/5	5/6920	1.0	4	0	1.0	
GO:0061752	MF	p	telomeric repeat-containing RNA binding	0/5	1/6920	1.0	4	0	1.0	
GO:0003864	MF	p	3-methyl-2-oxobutanoate hydroxymethyltransferase activity	0/5	1/6920	1.0	5	0	1.0	
GO:0106405	MF	p	isoprenoid diphosphate phosphatase activity	0/5	1/6920	1.0	6	0	1.0	
GO:1902485	MF	p	L-cysteine binding	0/5	1/6920	1.0	6	0	1.0	
GO:0004350	MF	p	glutamate-5-semialdehyde dehydrogenase activity	0/5	1/6920	1.0	5	0	1.0	
GO:0140767	MF	p	enzyme-substrate adaptor activity	0/5	6/6920	1.0	3	0	1.0	
GO:0003913	MF	p	DNA photolyase activity	0/5	1/6920	1.0	4	0	1.0	
GO:0140998	MF	p	histone H2B kinase activity	0/5	1/6920	1.0	7	0	1.0	
GO:0141100	MF	p	tRNA (guanine(18)-2'-O)-methyltransferase activity	0/5	1/6920	1.0	8	0	1.0	
GO:0004252	MF	p	serine-type endopeptidase activity	0/5	13/6920	1.0	5	0	1.0	
GO:0031386	MF	p	protein tag activity	0/5	10/6920	1.0	2	0	1.0	
GO:0004306	MF	p	ethanolamine-phosphate cytidylyltransferase activity	0/5	1/6920	1.0	6	0	1.0	
GO:0016901	MF	p	oxidoreductase activity, acting on the CH-OH group of donors, quinone or similar compound as acceptor	0/5	1/6920	1.0	4	0	1.0	
GO:0004376	MF	p	GPI mannosyltransferase activity	0/5	2/6920	1.0	6	0	1.0	
GO:0004438	MF	p	phosphatidylinositol-3-phosphate phosphatase activity	0/5	4/6920	1.0	8	0	1.0	
GO:0004556	MF	p	alpha-amylase activity	0/5	7/6920	1.0	6	0	1.0	
GO:0016725	MF	p	oxidoreductase activity, acting on CH or CH2 groups	0/5	7/6920	1.0	3	0	1.0	
GO:0098772	MF	p	molecular function regulator activity	0/5	396/6920	1.0	1	0	1.0	
GO:0003933	MF	p	GTP cyclohydrolase activity	0/5	2/6920	1.0	6	0	1.0	
GO:0004933	MF	p	mating-type a-factor pheromone receptor activity	0/5	1/6920	1.0	7	0	1.0	
GO:0000402	MF	p	crossed form four-way junction DNA binding	0/5	2/6920	1.0	6	0	1.0	
GO:0047840	MF	p	dCTP diphosphatase activity	0/5	1/6920	1.0	7	0	1.0	
GO:0016642	MF	p	oxidoreductase activity, acting on the CH-NH2 group of donors, disulfide as acceptor	0/5	3/6920	1.0	4	0	1.0	
GO:0005253	MF	p	monoatomic anion channel activity	0/5	5/6920	1.0	6	0	1.0	
GO:0008420	MF	p	RNA polymerase II CTD heptapeptide repeat phosphatase activity	0/5	4/6920	1.0	8	0	1.0	
GO:0015271	MF	p	outward rectifier potassium channel activity	0/5	1/6920	1.0	10	0	1.0	
GO:0016708	MF	p	oxidoreductase activity, acting on paired donors, with incorporation or reduction of molecular oxygen, NAD(P)H as one donor, and incorporation of two atoms of oxygen into one donor	0/5	2/6920	1.0	4	0	1.0	
GO:0032542	MF	p	sulfiredoxin activity	0/5	1/6920	1.0	4	0	1.0	
GO:0003777	MF	p	microtubule motor activity	0/5	10/6920	1.0	5	0	1.0	
GO:0008233	MF	p	peptidase activity	0/5	165/6920	1.0	3	0	1.0	
GO:0015230	MF	p	FAD transmembrane transporter activity	0/5	4/6920	1.0	5	0	1.0	
GO:0015194	MF	p	L-serine transmembrane transporter activity	0/5	3/6920	1.0	6	0	1.0	
GO:0061654	MF	p	NEDD8 conjugating enzyme activity	0/5	1/6920	1.0	7	0	1.0	
GO:0017108	MF	p	5'-flap endonuclease activity	0/5	8/6920	1.0	7	0	1.0	
GO:0004635	MF	p	phosphoribosyl-AMP cyclohydrolase activity	0/5	1/6920	1.0	6	0	1.0	
GO:0004499	MF	p	N,N-dimethylaniline monooxygenase activity	0/5	1/6920	1.0	5	0	1.0	
GO:0140566	MF	p	histone reader activity	0/5	19/6920	1.0	4	0	1.0	
GO:0001223	MF	p	transcription coactivator binding	0/5	1/6920	1.0	5	0	1.0	
GO:0061840	MF	p	high-affinity ferrous iron transmembrane transporter activity	0/5	1/6920	1.0	9	0	1.0	
GO:0002196	MF	p	Ser-tRNA(Ala) deacylase activity	0/5	1/6920	1.0	6	0	1.0	
GO:0140345	MF	p	phosphatidylcholine flippase activity	0/5	4/6920	1.0	7	0	1.0	
GO:0008597	MF	p	calcium-dependent protein serine/threonine phosphatase regulator activity	0/5	2/6920	1.0	5	0	1.0	
GO:0019789	MF	p	SUMO transferase activity	0/5	13/6920	1.0	6	0	1.0	
GO:0004349	MF	p	glutamate 5-kinase activity	0/5	2/6920	1.0	6	0	1.0	
GO:0043865	MF	p	methionine transmembrane transporter activity	0/5	2/6920	1.0	6	0	1.0	
GO:0030562	MF	p	rRNA 2'-O-ribose methylation guide activity	0/5	42/6920	1.0	6	0	1.0	
GO:0055106	MF	p	ubiquitin-protein transferase regulator activity	0/5	11/6920	1.0	3	0	1.0	
GO:0016406	MF	p	carnitine O-acyltransferase activity	0/5	3/6920	1.0	6	0	1.0	
GO:0016716	MF	p	oxidoreductase activity, acting on paired donors, with incorporation or reduction of molecular oxygen, another compound as one donor, and incorporation of one atom of oxygen	0/5	3/6920	1.0	4	0	1.0	
GO:0004222	MF	p	metalloendopeptidase activity	0/5	20/6920	1.0	5	0	1.0	
GO:0016018	MF	p	cyclosporin A binding	0/5	8/6920	1.0	3	0	1.0	
GO:0004780	MF	p	sulfate adenylyltransferase (ADP) activity	0/5	2/6920	1.0	7	0	1.0	
GO:0016420	MF	p	malonyltransferase activity	0/5	2/6920	1.0	5	0	1.0	
GO:0004767	MF	p	sphingomyelin phosphodiesterase activity	0/5	1/6920	1.0	6	0	1.0	
GO:0044877	MF	p	protein-containing complex binding	0/5	290/6920	1.0	2	0	1.0	
GO:0000033	MF	p	alpha-1,3-mannosyltransferase activity	0/5	6/6920	1.0	6	0	1.0	
GO:0022821	MF	p	solute:potassium antiporter activity	0/5	4/6920	1.0	7	0	1.0	
GO:0016668	MF	p	oxidoreductase activity, acting on a sulfur group of donors, NAD(P) as acceptor	0/5	11/6920	1.0	4	0	1.0	
GO:0004713	MF	p	protein tyrosine kinase activity	0/5	12/6920	1.0	6	0	1.0	
GO:0015185	MF	p	gamma-aminobutyric acid transmembrane transporter activity	0/5	4/6920	1.0	6	0	1.0	
GO:0051119	MF	p	sugar transmembrane transporter activity	0/5	20/6920	1.0	4	0	1.0	
GO:0004114	MF	p	3',5'-cyclic-nucleotide phosphodiesterase activity	0/5	2/6920	1.0	7	0	1.0	
GO:0047134	MF	p	protein-disulfide reductase [NAD(P)H] activity	0/5	2/6920	1.0	6	0	1.0	
GO:0030552	MF	p	cAMP binding	0/5	1/6920	1.0	8	0	1.0	
GO:0004373	MF	p	alpha-1,4-glucan glucosyltransferase (UDP-glucose donor) activity	0/5	2/6920	1.0	7	0	1.0	
GO:0009927	MF	p	histidine phosphotransfer kinase activity	0/5	2/6920	1.0	6	0	1.0	
GO:0016855	MF	p	racemase and epimerase activity, acting on amino acids and derivatives	0/5	2/6920	1.0	4	0	1.0	
GO:1904091	MF	p	non-ribosomal peptide synthetase activity	0/5	1/6920	1.0	2	0	1.0	
GO:1901239	MF	p	malonate(1-) transmembrane transporter activity	0/5	1/6920	1.0	6	0	1.0	
GO:0003991	MF	p	acetylglutamate kinase activity	0/5	2/6920	1.0	5	0	1.0	
GO:0031151	MF	p	histone H3K79 methyltransferase activity	0/5	1/6920	1.0	8	0	1.0	
GO:0016308	MF	p	1-phosphatidylinositol-4-phosphate 5-kinase activity	0/5	1/6920	1.0	7	0	1.0	
GO:0048257	MF	p	3'-flap endonuclease activity	0/5	1/6920	1.0	7	0	1.0	
GO:0044715	MF	p	8-oxo-dGDP phosphatase activity	0/5	1/6920	1.0	7	0	1.0	
GO:0032266	MF	p	phosphatidylinositol-3-phosphate binding	0/5	36/6920	1.0	6	0	1.0	
GO:0016746	MF	p	acyltransferase activity	0/5	285/6920	1.0	3	0	1.0	
GO:0008865	MF	p	fructokinase activity	0/5	5/6920	1.0	7	0	1.0	
GO:0106262	MF	p	1-acylglycerophosphoethanolamine O-acyltransferase activity	0/5	2/6920	1.0	6	0	1.0	
GO:0004050	MF	p	apyrase activity	0/5	1/6920	1.0	6	0	1.0	
GO:0004332	MF	p	fructose-bisphosphate aldolase activity	0/5	1/6920	1.0	5	0	1.0	
GO:0004069	MF	p	L-aspartate:2-oxoglutarate aminotransferase activity	0/5	2/6920	1.0	5	0	1.0	
GO:0047617	MF	p	fatty acyl-CoA hydrolase activity	0/5	3/6920	1.0	6	0	1.0	
GO:0016436	MF	p	rRNA (uridine) methyltransferase activity	0/5	4/6920	1.0	7	0	1.0	
GO:1990165	MF	p	single-strand break-containing DNA binding	0/5	2/6920	1.0	5	0	1.0	
GO:0016278	MF	p	lysine N-methyltransferase activity	0/5	23/6920	1.0	6	0	1.0	
GO:0043295	MF	p	glutathione binding	0/5	2/6920	1.0	5	0	1.0	
GO:0004834	MF	p	tryptophan synthase activity	0/5	1/6920	1.0	5	0	1.0	
GO:0008310	MF	p	single-stranded DNA 3'-5' DNA exonuclease activity	0/5	6/6920	1.0	8	0	1.0	
GO:0019210	MF	p	kinase inhibitor activity	0/5	17/6920	1.0	4	0	1.0	
GO:0016614	MF	p	oxidoreductase activity, acting on CH-OH group of donors	0/5	92/6920	1.0	3	0	1.0	
GO:0140030	MF	p	modification-dependent protein binding	0/5	16/6920	1.0	3	0	1.0	
GO:0052926	MF	p	dol-P-Man:Man(6)GlcNAc(2)-PP-Dol alpha-1,2-mannosyltransferase activity	0/5	1/6920	1.0	7	0	1.0	
GO:0033719	MF	p	(2R)-oxo-acid reductase activity	0/5	3/6920	1.0	4	0	1.0	
GO:0008999	MF	p	protein-N-terminal-alanine acetyltransferase activity	0/5	2/6920	1.0	9	0	1.0	
GO:0001227	MF	p	DNA-binding transcription repressor activity, RNA polymerase II-specific	0/5	21/6920	1.0	4	0	1.0	
GO:0044025	MF	p	histone H2BS14 kinase activity	0/5	1/6920	1.0	8	0	1.0	
GO:0050136	MF	p	NADH dehydrogenase (quinone) (non-electrogenic) activity	0/5	3/6920	1.0	6	0	1.0	
GO:0061759	MF	p	alpha-ketoglutarate reductase activity	0/5	2/6920	1.0	5	0	1.0	
GO:0004532	MF	p	RNA exonuclease activity	0/5	25/6920	1.0	5	0	1.0	
GO:0003774	MF	p	cytoskeletal motor activity	0/5	17/6920	1.0	1	0	1.0	
GO:0016929	MF	p	deSUMOylase activity	0/5	2/6920	1.0	5	0	1.0	
GO:0003697	MF	p	single-stranded DNA binding	0/5	77/6920	1.0	4	0	1.0	
GO:0016002	MF	p	sulfite reductase activity	0/5	3/6920	1.0	4	0	1.0	
GO:0003881	MF	p	CDP-diacylglycerol-inositol 3-phosphatidyltransferase activity	0/5	1/6920	1.0	6	0	1.0	
GO:0052587	MF	p	diacetyl reductase ((R)-acetoin forming) (NAD+) activity	0/5	1/6920	1.0	6	0	1.0	
GO:0003855	MF	p	3-dehydroquinate dehydratase activity	0/5	1/6920	1.0	5	0	1.0	
GO:0004452	MF	p	isopentenyl-diphosphate delta-isomerase activity	0/5	2/6920	1.0	5	0	1.0	
GO:0035299	MF	p	inositol-1,3,4,5,6-pentakisphosphate 2-kinase activity	0/5	1/6920	1.0	7	0	1.0	
GO:0051192	MF	p	prosthetic group binding	0/5	1/6920	1.0	2	0	1.0	
GO:0016882	MF	p	cyclo-ligase activity	0/5	4/6920	1.0	4	0	1.0	
GO:0045159	MF	p	myosin II binding	0/5	8/6920	1.0	5	0	1.0	
GO:0036042	MF	p	long-chain fatty acyl-CoA binding	0/5	1/6920	1.0	7	0	1.0	
GO:0045145	MF	p	single-stranded DNA 5'-3' DNA exonuclease activity	0/5	1/6920	1.0	8	0	1.0	
GO:0003678	MF	p	DNA helicase activity	0/5	43/6920	1.0	6	0	1.0	
GO:0046941	MF	p	azetidine-2-carboxylic acid acetyltransferase activity	0/5	1/6920	1.0	7	0	1.0	
GO:0003978	MF	p	UDP-glucose 4-epimerase activity	0/5	1/6920	1.0	5	0	1.0	
GO:1901612	MF	p	cardiolipin binding	0/5	4/6920	1.0	6	0	1.0	
GO:0018580	MF	p	nitronate monooxygenase activity	0/5	1/6920	1.0	5	0	1.0	
GO:0019904	MF	p	protein domain specific binding	0/5	11/6920	1.0	3	0	1.0	
GO:0047547	MF	p	2-methylcitrate dehydratase activity	0/5	1/6920	1.0	5	0	1.0	
GO:0032036	MF	p	myosin heavy chain binding	0/5	6/6920	1.0	5	0	1.0	
GO:0016301	MF	p	kinase activity	0/5	262/6920	1.0	4	0	1.0	
GO:0015205	MF	p	nucleobase transmembrane transporter activity	0/5	10/6920	1.0	3	0	1.0	
GO:0004618	MF	p	phosphoglycerate kinase activity	0/5	1/6920	1.0	5	0	1.0	
GO:0005476	MF	p	carnitine:O-acyl-L-carnitine antiporter activity	0/5	1/6920	1.0	6	0	1.0	
GO:0051959	MF	p	dynein light intermediate chain binding	0/5	1/6920	1.0	3	0	1.0	
GO:0003873	MF	p	6-phosphofructo-2-kinase activity	0/5	4/6920	1.0	7	0	1.0	
GO:0004857	MF	p	enzyme inhibitor activity	0/5	58/6920	1.0	3	0	1.0	
GO:0004518	MF	p	nuclease activity	0/5	185/6920	1.0	3	0	1.0	
GO:0001965	MF	p	G-protein alpha-subunit binding	0/5	3/6920	1.0	3	0	1.0	
GO:0070780	MF	p	dihydrosphingosine-1-phosphate phosphatase activity	0/5	2/6920	1.0	6	0	1.0	
GO:0003743	MF	p	translation initiation factor activity	0/5	38/6920	1.0	2	0	1.0	
GO:0000171	MF	p	ribonuclease MRP activity	0/5	10/6920	1.0	6	0	1.0	
GO:0045131	MF	p	pre-mRNA branch point binding	0/5	4/6920	1.0	5	0	1.0	
GO:0071617	MF	p	lysophospholipid acyltransferase activity	0/5	11/6920	1.0	5	0	1.0	
GO:0000031	MF	p	mannosylphosphate transferase activity	0/5	1/6920	1.0	5	0	1.0	
GO:0000900	MF	p	mRNA regulatory element binding translation repressor activity	0/5	2/6920	1.0	3	0	1.0	
GO:0016891	MF	p	RNA endonuclease activity producing 5'-phosphomonoesters, hydrolytic mechanism	0/5	74/6920	1.0	6	0	1.0	
GO:0019208	MF	p	phosphatase regulator activity	0/5	41/6920	1.0	3	0	1.0	
GO:0003925	MF	p	G protein activity	0/5	3/6920	1.0	8	0	1.0	
GO:0016274	MF	p	protein-arginine N-methyltransferase activity	0/5	5/6920	1.0	7	0	1.0	
GO:0004842	MF	p	ubiquitin-protein transferase activity	0/5	115/6920	1.0	6	0	1.0	
GO:0052843	MF	p	inositol-1-diphosphate-2,3,4,5,6-pentakisphosphate diphosphatase activity	0/5	1/6920	1.0	8	0	1.0	
GO:0170068	MF	p	geranylgeranyltransferase type III activity	0/5	1/6920	1.0	7	0	1.0	
GO:0016151	MF	p	nickel cation binding	0/5	1/6920	1.0	7	0	1.0	
GO:0019900	MF	p	kinase binding	0/5	36/6920	1.0	4	0	1.0	
GO:0046899	MF	p	nucleoside triphosphate adenylate kinase activity	0/5	1/6920	1.0	6	0	1.0	
GO:0022836	MF	p	gated channel activity	0/5	12/6920	1.0	5	0	1.0	
GO:0003861	MF	p	3-isopropylmalate dehydratase activity	0/5	1/6920	1.0	5	0	1.0	
GO:0015291	MF	p	secondary active transmembrane transporter activity	0/5	88/6920	1.0	4	0	1.0	
GO:0097001	MF	p	ceramide binding	0/5	1/6920	1.0	4	0	1.0	
GO:0043337	MF	p	cardiolipin synthase (CMP-forming)	0/5	1/6920	1.0	6	0	1.0	
GO:0102158	MF	p	very-long-chain (3R)-3-hydroxyacyl-CoA dehydratase activity	0/5	1/6920	1.0	7	0	1.0	
GO:0046523	MF	p	S-methyl-5-thioribose-1-phosphate isomerase activity	0/5	1/6920	1.0	5	0	1.0	
GO:0103064	MF	p	inositol phosphorylceramide mannosyltransferase activity	0/5	2/6920	1.0	6	0	1.0	
GO:0004026	MF	p	alcohol O-acetyltransferase activity	0/5	4/6920	1.0	7	0	1.0	
GO:0015562	MF	p	efflux transmembrane transporter activity	0/5	7/6920	1.0	3	0	1.0	
GO:0003856	MF	p	3-dehydroquinate synthase activity	0/5	1/6920	1.0	5	0	1.0	
GO:0004582	MF	p	dolichyl-phosphate beta-D-mannosyltransferase activity	0/5	1/6920	1.0	6	0	1.0	
GO:0018812	MF	p	3-hydroxyacyl-CoA dehydratase activity	0/5	2/6920	1.0	6	0	1.0	
GO:0004536	MF	p	DNA nuclease activity	0/5	40/6920	1.0	4	0	1.0	
GO:0070628	MF	p	proteasome binding	0/5	16/6920	1.0	3	0	1.0	
GO:0070530	MF	p	K63-linked polyubiquitin modification-dependent protein binding	0/5	7/6920	1.0	5	0	1.0	
GO:0036440	MF	p	citrate synthase activity	0/5	3/6920	1.0	5	0	1.0	
GO:0000140	MF	p	acylglycerone-phosphate reductase (NADP+) activity	0/5	1/6920	1.0	5	0	1.0	
GO:0120556	MF	p	polyprenyl diphosphate phosphatase activity	0/5	1/6920	1.0	7	0	1.0	
GO:0070733	MF	p	AMPylase activity	0/5	1/6920	1.0	6	0	1.0	
GO:0015112	MF	p	nitrate transmembrane transporter activity	0/5	1/6920	1.0	5	0	1.0	
GO:0016631	MF	p	enoyl-[acyl-carrier-protein] reductase [NAD(P)H] activity	0/5	2/6920	1.0	5	0	1.0	
GO:0042800	MF	p	histone H3K4 methyltransferase activity	0/5	11/6920	1.0	8	0	1.0	
GO:0003899	MF	p	DNA-directed RNA polymerase activity	0/5	37/6920	1.0	7	0	1.0	
GO:0120558	MF	p	lysophospholipase activity	0/5	6/6920	1.0	6	0	1.0	
GO:0032931	MF	p	histone H3K56 acetyltransferase activity	0/5	1/6920	1.0	11	0	1.0	
GO:0071164	MF	p	RNA cap trimethylguanosine synthase activity	0/5	1/6920	1.0	6	0	1.0	
GO:0004525	MF	p	ribonuclease III activity	0/5	3/6920	1.0	7	0	1.0	
GO:0016597	MF	p	amino acid binding	0/5	6/6920	1.0	2	0	1.0	
GO:0034236	MF	p	protein kinase A catalytic subunit binding	0/5	1/6920	1.0	6	0	1.0	
GO:0042625	MF	p	ATPase-coupled ion transmembrane transporter activity	0/5	20/6920	1.0	6	0	1.0	
GO:0016888	MF	p	DNA endonuclease activity, producing 5'-phosphomonoesters	0/5	8/6920	1.0	6	0	1.0	
GO:0004776	MF	p	succinate-CoA ligase (GDP-forming) activity	0/5	1/6920	1.0	6	0	1.0	
GO:0030697	MF	p	tRNA (uracil(54)-C5)-methyltransferase activity, S-adenosyl methionine-dependent	0/5	1/6920	1.0	8	0	1.0	
GO:0140693	MF	p	molecular condensate scaffold activity	0/5	1/6920	1.0	3	0	1.0	
GO:1990838	MF	p	poly(U)-specific exoribonuclease activity, producing 3' uridine cyclic phosphate ends	0/5	1/6920	1.0	8	0	1.0	
GO:0140938	MF	p	histone H3 methyltransferase activity	0/5	13/6920	1.0	7	0	1.0	
GO:0008171	MF	p	O-methyltransferase activity	0/5	8/6920	1.0	5	0	1.0	
GO:0047453	MF	p	ATP-dependent NAD(P)H-hydrate dehydratase activity	0/5	1/6920	1.0	5	0	1.0	
GO:0031132	MF	p	serine 3-dehydrogenase activity	0/5	1/6920	1.0	5	0	1.0	
GO:0004657	MF	p	proline dehydrogenase activity	0/5	1/6920	1.0	5	0	1.0	
GO:0004615	MF	p	phosphomannomutase activity	0/5	1/6920	1.0	5	0	1.0	
GO:0004588	MF	p	orotate phosphoribosyltransferase activity	0/5	2/6920	1.0	5	0	1.0	
GO:0030946	MF	p	protein tyrosine phosphatase activity, metal-dependent	0/5	1/6920	1.0	8	0	1.0	
GO:0043892	MF	p	methylglyoxal reductase (NADPH) activity	0/5	1/6920	1.0	5	0	1.0	
GO:0017057	MF	p	6-phosphogluconolactonase activity	0/5	4/6920	1.0	5	0	1.0	
GO:0003730	MF	p	mRNA 3'-UTR binding	0/5	21/6920	1.0	5	0	1.0	
GO:0070064	MF	p	proline-rich region binding	0/5	1/6920	1.0	3	0	1.0	
GO:0002054	MF	p	nucleobase binding	0/5	2/6920	1.0	4	0	1.0	
GO:0052861	MF	p	endo-1,3(4)-beta-glucanase activity	0/5	2/6920	1.0	6	0	1.0	
GO:0098847	MF	p	sequence-specific single stranded DNA binding	0/5	12/6920	1.0	5	0	1.0	
GO:0140933	MF	p	5'-(N(7)-methylguanosine 5'-triphospho)-[mRNA] hydrolase activity	0/5	2/6920	1.0	6	0	1.0	
GO:0019779	MF	p	Atg8 activating enzyme activity	0/5	1/6920	1.0	5	0	1.0	
GO:0008821	MF	p	crossover junction DNA endonuclease activity	0/5	5/6920	1.0	7	0	1.0	
GO:0019200	MF	p	carbohydrate kinase activity	0/5	18/6920	1.0	5	0	1.0	
GO:0003922	MF	p	GMP synthase (glutamine-hydrolyzing) activity	0/5	2/6920	1.0	5	0	1.0	
GO:0008977	MF	p	prephenate dehydrogenase (NAD+) activity	0/5	1/6920	1.0	5	0	1.0	
GO:0000405	MF	p	bubble DNA binding	0/5	2/6920	1.0	5	0	1.0	
GO:0070290	MF	p	N-acylphosphatidylethanolamine-specific phospholipase D activity	0/5	1/6920	1.0	6	0	1.0	
GO:0005272	MF	p	sodium channel activity	0/5	1/6920	1.0	7	0	1.0	
GO:0008941	MF	p	nitric oxide dioxygenase NAD(P)H activity	0/5	2/6920	1.0	5	0	1.0	
GO:0004379	MF	p	glycylpeptide N-tetradecanoyltransferase activity	0/5	1/6920	1.0	6	0	1.0	
GO:0052742	MF	p	phosphatidylinositol kinase activity	0/5	10/6920	1.0	6	0	1.0	
GO:0004644	MF	p	phosphoribosylglycinamide formyltransferase activity	0/5	1/6920	1.0	5	0	1.0	
GO:0001653	MF	p	peptide receptor activity	0/5	2/6920	1.0	3	0	1.0	
GO:1990275	MF	p	preribosome binding	0/5	5/6920	1.0	4	0	1.0	
GO:0004564	MF	p	beta-fructofuranosidase activity	0/5	13/6920	1.0	5	0	1.0	
GO:0050291	MF	p	sphingosine N-acyltransferase activity	0/5	5/6920	1.0	6	0	1.0	
GO:0097602	MF	p	cullin family protein binding	0/5	4/6920	1.0	3	0	1.0	
GO:0017076	MF	p	purine nucleotide binding	0/5	867/6920	1.0	5	0	1.0	
GO:0034513	MF	p	box H/ACA snoRNA binding	0/5	3/6920	1.0	5	0	1.0	
GO:0043136	MF	p	glycerol-3-phosphatase activity	0/5	3/6920	1.0	6	0	1.0	
GO:0032404	MF	p	mismatch repair complex binding	0/5	1/6920	1.0	3	0	1.0	
GO:0004610	MF	p	phosphoacetylglucosamine mutase activity	0/5	1/6920	1.0	5	0	1.0	
GO:0016289	MF	p	acyl-CoA hydrolase activity	0/5	5/6920	1.0	5	0	1.0	
GO:0008113	MF	p	peptide-methionine (S)-S-oxide reductase activity	0/5	1/6920	1.0	5	0	1.0	
GO:0098809	MF	p	nitrite reductase activity	0/5	1/6920	1.0	4	0	1.0	
GO:0019829	MF	p	ATPase-coupled monoatomic cation transmembrane transporter activity	0/5	33/6920	1.0	6	0	1.0	
GO:0034202	MF	p	glycolipid floppase activity	0/5	1/6920	1.0	6	0	1.0	
GO:0033919	MF	p	glucan 1,3-alpha-glucosidase activity	0/5	2/6920	1.0	7	0	1.0	
GO:0004791	MF	p	thioredoxin-disulfide reductase (NADPH) activity	0/5	2/6920	1.0	7	0	1.0	
GO:0120136	MF	p	dUMP kinase activity	0/5	1/6920	1.0	7	0	1.0	
GO:0005459	MF	p	UDP-galactose transmembrane transporter activity	0/5	1/6920	1.0	6	0	1.0	
GO:0005102	MF	p	signaling receptor binding	0/5	10/6920	1.0	3	0	1.0	
GO:0004044	MF	p	amidophosphoribosyltransferase activity	0/5	2/6920	1.0	5	0	1.0	
GO:0051139	MF	p	metal cation:proton antiporter activity	0/5	5/6920	1.0	7	0	1.0	
GO:0004739	MF	p	pyruvate dehydrogenase (acetyl-transferring) activity	0/5	2/6920	1.0	5	0	1.0	
GO:0004639	MF	p	phosphoribosylaminoimidazolesuccinocarboxamide synthase activity	0/5	1/6920	1.0	5	0	1.0	
GO:0047661	MF	p	amino-acid racemase activity	0/5	2/6920	1.0	5	0	1.0	
GO:0016887	MF	p	ATP hydrolysis activity	0/5	238/6920	1.0	7	0	1.0	
GO:0000825	MF	p	inositol-1,3,4,5-tetrakisphosphate 6-kinase activity	0/5	1/6920	1.0	7	0	1.0	
GO:0140691	MF	p	RNA folding chaperone	0/5	4/6920	1.0	1	0	1.0	
GO:0140662	MF	p	ATP-dependent protein folding chaperone	0/5	26/6920	1.0	2	0	1.0	
GO:0015369	MF	p	calcium:proton antiporter activity	0/5	2/6920	1.0	8	0	1.0	
GO:0019903	MF	p	protein phosphatase binding	0/5	17/6920	1.0	5	0	1.0	
GO:0030060	MF	p	L-malate dehydrogenase (NAD+) activity	0/5	3/6920	1.0	5	0	1.0	
GO:0030627	MF	p	pre-mRNA 5'-splice site binding	0/5	8/6920	1.0	5	0	1.0	
GO:0051009	MF	p	O-acetylhomoserine sulfhydrylase activity	0/5	2/6920	1.0	5	0	1.0	
GO:0005381	MF	p	iron ion transmembrane transporter activity	0/5	9/6920	1.0	7	0	1.0	
GO:0000309	MF	p	nicotinamide-nucleotide adenylyltransferase activity	0/5	3/6920	1.0	6	0	1.0	
GO:0016662	MF	p	oxidoreductase activity, acting on other nitrogenous compounds as donors, cytochrome as acceptor	0/5	2/6920	1.0	4	0	1.0	
GO:0015145	MF	p	monosaccharide transmembrane transporter activity	0/5	20/6920	1.0	5	0	1.0	
GO:0000102	MF	p	L-methionine secondary active transmembrane transporter activity	0/5	1/6920	1.0	8	0	1.0	
GO:0004100	MF	p	chitin synthase activity	0/5	3/6920	1.0	6	0	1.0	
GO:0061731	MF	p	ribonucleoside-diphosphate reductase activity	0/5	6/6920	1.0	5	0	1.0	
GO:0140670	MF	p	cohesin unloader activity	0/5	1/6920	1.0	4	0	1.0	
GO:0002953	MF	p	5'-deoxynucleotidase activity	0/5	2/6920	1.0	6	0	1.0	
GO:0140008	MF	p	histone H4 reader activity	0/5	4/6920	1.0	5	0	1.0	
GO:0004316	MF	p	3-oxoacyl-[acyl-carrier-protein] reductase (NADPH) activity	0/5	2/6920	1.0	5	0	1.0	
GO:0033218	MF	p	amide binding	0/5	23/6920	1.0	2	0	1.0	
GO:0004311	MF	p	geranylgeranyl diphosphate synthase activity	0/5	1/6920	1.0	6	0	1.0	
GO:0032033	MF	p	myosin II light chain binding	0/5	2/6920	1.0	6	0	1.0	
GO:0008725	MF	p	DNA-3-methyladenine glycosylase activity	0/5	1/6920	1.0	8	0	1.0	
GO:0080007	MF	p	S-nitrosoglutathione reductase (NADH) activity	0/5	1/6920	1.0	5	0	1.0	
GO:0004847	MF	p	urea carboxylase activity	0/5	1/6920	1.0	4	0	1.0	
GO:0033883	MF	p	pyridoxal phosphatase activity	0/5	1/6920	1.0	6	0	1.0	
GO:0000979	MF	p	RNA polymerase II core promoter sequence-specific DNA binding	0/5	8/6920	1.0	8	0	1.0	
GO:0120517	MF	p	inositol pentakisphosphate kinase activity	0/5	1/6920	1.0	6	0	1.0	
GO:0030234	MF	p	enzyme regulator activity	0/5	328/6920	1.0	2	0	1.0	
GO:0004722	MF	p	protein serine/threonine phosphatase activity	0/5	36/6920	1.0	7	0	1.0	
GO:0016885	MF	p	ligase activity, forming carbon-carbon bonds	0/5	4/6920	1.0	3	0	1.0	
GO:0005353	MF	p	fructose transmembrane transporter activity	0/5	15/6920	1.0	7	0	1.0	
GO:0016878	MF	p	acid-thiol ligase activity	0/5	13/6920	1.0	4	0	1.0	
GO:0016653	MF	p	oxidoreductase activity, acting on NAD(P)H, heme protein as acceptor	0/5	8/6920	1.0	4	0	1.0	
GO:0004057	MF	p	arginyl-tRNA--protein transferase activity	0/5	1/6920	1.0	5	0	1.0	
GO:0033678	MF	p	5'-3' DNA/RNA helicase activity	0/5	1/6920	1.0	7	0	1.0	
GO:0004932	MF	p	mating-type factor pheromone receptor activity	0/5	2/6920	1.0	6	0	1.0	
GO:0008934	MF	p	inositol monophosphate 1-phosphatase activity	0/5	2/6920	1.0	8	0	1.0	
GO:0102521	MF	p	tRNA-4-demethylwyosine synthase activity	0/5	1/6920	1.0	5	0	1.0	
GO:0005048	MF	p	signal sequence binding	0/5	41/6920	1.0	3	0	1.0	
GO:0034737	MF	p	ergosterol O-acyltransferase activity	0/5	2/6920	1.0	7	0	1.0	
GO:0000249	MF	p	C-22 sterol desaturase (NADPH) activity	0/5	1/6920	1.0	6	0	1.0	
GO:0016822	MF	p	hydrolase activity, acting on acid carbon-carbon bonds	0/5	2/6920	1.0	3	0	1.0	
GO:0170053	MF	p	nuclease activator activity	0/5	2/6920	1.0	4	0	1.0	
GO:0008496	MF	p	mannan endo-1,6-alpha-mannosidase activity	0/5	2/6920	1.0	7	0	1.0	
GO:0051392	MF	p	tRNA cytidine N4-acetyltransferase activity	0/5	1/6920	1.0	7	0	1.0	
GO:1901567	MF	p	fatty acid derivative binding	0/5	1/6920	1.0	3	0	1.0	
GO:0016757	MF	p	glycosyltransferase activity	0/5	111/6920	1.0	3	0	1.0	
GO:0004015	MF	p	adenosylmethionine-8-amino-7-oxononanoate transaminase activity	0/5	1/6920	1.0	5	0	1.0	
GO:0004643	MF	p	phosphoribosylaminoimidazolecarboxamide formyltransferase activity	0/5	2/6920	1.0	5	0	1.0	
GO:0008428	MF	p	ribonuclease inhibitor activity	0/5	2/6920	1.0	5	0	1.0	
GO:0004779	MF	p	sulfate adenylyltransferase activity	0/5	3/6920	1.0	6	0	1.0	
GO:0005471	MF	p	ATP:ADP antiporter activity	0/5	6/6920	1.0	8	0	1.0	
GO:0017022	MF	p	myosin binding	0/5	13/6920	1.0	4	0	1.0	
GO:0004326	MF	p	tetrahydrofolylpolyglutamate synthase activity	0/5	3/6920	1.0	5	0	1.0	
GO:0047066	MF	p	phospholipid-hydroperoxide glutathione peroxidase activity	0/5	3/6920	1.0	5	0	1.0	
GO:0000213	MF	p	tRNA-intron lyase activity	0/5	5/6920	1.0	6	0	1.0	
GO:0005464	MF	p	UDP-xylose transmembrane transporter activity	0/5	1/6920	1.0	6	0	1.0	
GO:0015513	MF	p	high-affinity secondary active nitrite transmembrane transporter activity	0/5	1/6920	1.0	6	0	1.0	
GO:0004439	MF	p	phosphatidylinositol-4,5-bisphosphate 5-phosphatase activity	0/5	4/6920	1.0	9	0	1.0	
GO:1990400	MF	p	mitochondrial ribosomal large subunit rRNA binding	0/5	1/6920	1.0	6	0	1.0	
GO:0019187	MF	p	beta-1,4-mannosyltransferase activity	0/5	1/6920	1.0	6	0	1.0	
GO:0003904	MF	p	deoxyribodipyrimidine photo-lyase activity	0/5	1/6920	1.0	5	0	1.0	
GO:0120543	MF	p	macromolecular conformation isomerase activity	0/5	144/6920	1.0	3	0	1.0	
GO:0004413	MF	p	homoserine kinase activity	0/5	1/6920	1.0	6	0	1.0	
GO:0180016	MF	p	SUMO ligase regulator activity	0/5	1/6920	1.0	4	0	1.0	
GO:0016836	MF	p	hydro-lyase activity	0/5	37/6920	1.0	4	0	1.0	
GO:0015193	MF	p	L-proline transmembrane transporter activity	0/5	4/6920	1.0	6	0	1.0	
GO:0035251	MF	p	UDP-glucosyltransferase activity	0/5	14/6920	1.0	6	0	1.0	
GO:0047635	MF	p	alanine-oxo-acid transaminase activity	0/5	2/6920	1.0	5	0	1.0	
GO:0140311	MF	p	protein sequestering activity	0/5	5/6920	1.0	2	0	1.0	
GO:0016298	MF	p	lipase activity	0/5	40/6920	1.0	4	0	1.0	
GO:0008484	MF	p	sulfuric ester hydrolase activity	0/5	1/6920	1.0	4	0	1.0	
GO:0004571	MF	p	mannosyl-oligosaccharide 1,2-alpha-mannosidase activity	0/5	4/6920	1.0	8	0	1.0	
GO:0046030	MF	p	inositol trisphosphate phosphatase activity	0/5	3/6920	1.0	7	0	1.0	
GO:0008301	MF	p	DNA binding, bending	0/5	28/6920	1.0	4	0	1.0	
GO:0004364	MF	p	glutathione transferase activity	0/5	9/6920	1.0	4	0	1.0	
GO:0004818	MF	p	glutamate-tRNA ligase activity	0/5	2/6920	1.0	6	0	1.0	
GO:0004001	MF	p	adenosine kinase activity	0/5	1/6920	1.0	7	0	1.0	
GO:0016407	MF	p	acetyltransferase activity	0/5	70/6920	1.0	5	0	1.0	
GO:0046557	MF	p	glucan endo-1,6-beta-glucosidase activity	0/5	1/6920	1.0	7	0	1.0	
GO:0030145	MF	p	manganese ion binding	0/5	8/6920	1.0	7	0	1.0	
GO:0032555	MF	p	purine ribonucleotide binding	0/5	825/6920	1.0	6	0	1.0	
GO:0015645	MF	p	fatty acid ligase activity	0/5	6/6920	1.0	5	0	1.0	
GO:0008870	MF	p	galactoside O-acetyltransferase activity	0/5	1/6920	1.0	7	0	1.0	
GO:0030247	MF	p	polysaccharide binding	0/5	6/6920	1.0	3	0	1.0	
GO:0045547	MF	p	ditrans,polycis-polyprenyl diphosphate synthase [(2E,6E)-farnesyl diphosphate specific] activity	0/5	5/6920	1.0	6	0	1.0	
GO:0030572	MF	p	phosphatidyltransferase activity	0/5	1/6920	1.0	5	0	1.0	
GO:0141035	MF	p	CTP-dependent diacylglycerol kinase activity	0/5	1/6920	1.0	6	0	1.0	
GO:0032139	MF	p	dinucleotide insertion or deletion binding	0/5	2/6920	1.0	7	0	1.0	
GO:0004417	MF	p	hydroxyethylthiazole kinase activity	0/5	1/6920	1.0	5	0	1.0	
GO:0015926	MF	p	glucosidase activity	0/5	35/6920	1.0	5	0	1.0	
GO:0019894	MF	p	kinesin binding	0/5	1/6920	1.0	4	0	1.0	
GO:0003727	MF	p	single-stranded RNA binding	0/5	34/6920	1.0	4	0	1.0	
GO:0004822	MF	p	isoleucine-tRNA ligase activity	0/5	2/6920	1.0	6	0	1.0	
GO:0015168	MF	p	glycerol transmembrane transporter activity	0/5	2/6920	1.0	4	0	1.0	
GO:0042973	MF	p	glucan endo-1,3-beta-D-glucosidase activity	0/5	6/6920	1.0	7	0	1.0	
GO:0015605	MF	p	organophosphate ester transmembrane transporter activity	0/5	29/6920	1.0	3	0	1.0	
GO:0015925	MF	p	galactosidase activity	0/5	10/6920	1.0	5	0	1.0	
GO:0004721	MF	p	phosphoprotein phosphatase activity	0/5	58/6920	1.0	6	0	1.0	
GO:0005371	MF	p	tricarboxylate secondary active transmembrane transporter activity	0/5	2/6920	1.0	5	0	1.0	
GO:0061860	MF	p	DNA clamp unloader activity	0/5	1/6920	1.0	5	0	1.0	
GO:0032093	MF	p	SAM domain binding	0/5	2/6920	1.0	4	0	1.0	
GO:0140955	MF	p	histone H3K36 trimethyltransferase activity	0/5	1/6920	1.0	9	0	1.0	
GO:0061849	MF	p	telomeric G-quadruplex DNA binding	0/5	1/6920	1.0	6	0	1.0	
GO:0004081	MF	p	bis(5'-nucleosyl)-tetraphosphatase (asymmetrical) activity	0/5	1/6920	1.0	7	0	1.0	
GO:0030613	MF	p	oxidoreductase activity, acting on phosphorus or arsenic in donors	0/5	1/6920	1.0	3	0	1.0	
GO:0004484	MF	p	mRNA guanylyltransferase activity	0/5	2/6920	1.0	7	0	1.0	
GO:0004175	MF	p	endopeptidase activity	0/5	101/6920	1.0	4	0	1.0	
GO:0005543	MF	p	phospholipid binding	0/5	120/6920	1.0	3	0	1.0	
GO:0008681	MF	p	2-octaprenyl-6-methoxyphenol hydroxylase activity	0/5	1/6920	1.0	5	0	1.0	
GO:0019150	MF	p	D-ribulokinase activity	0/5	2/6920	1.0	6	0	1.0	
GO:0043548	MF	p	phosphatidylinositol 3-kinase binding	0/5	1/6920	1.0	3	0	1.0	
GO:0044374	MF	p	sequence-specific DNA binding, bending	0/5	3/6920	1.0	6	0	1.0	
GO:0016755	MF	p	aminoacyltransferase activity	0/5	137/6920	1.0	4	0	1.0	
GO:0032032	MF	p	myosin I tail binding	0/5	1/6920	1.0	7	0	1.0	
GO:0004753	MF	p	saccharopine dehydrogenase activity	0/5	2/6920	1.0	5	0	1.0	
GO:0052903	MF	p	N(1)-acetylpolyamine oxidase (3-acetamidopropanal-forming) activity	0/5	1/6920	1.0	6	0	1.0	
GO:0035529	MF	p	NADH pyrophosphatase activity	0/5	1/6920	1.0	7	0	1.0	
GO:0001068	MF	p	transcription regulatory region RNA binding	0/5	2/6920	1.0	5	0	1.0	
GO:0032453	MF	p	histone H3K4 demethylase activity	0/5	1/6920	1.0	6	0	1.0	
GO:0043399	MF	p	tRNA adenosine(64)-2'-O-ribosylphosphate transferase activity	0/5	1/6920	1.0	5	0	1.0	
GO:0001003	MF	p	RNA polymerase III type 2 promoter sequence-specific DNA binding	0/5	7/6920	1.0	9	0	1.0	
GO:0140098	MF	p	catalytic activity, acting on RNA	0/5	351/6920	1.0	3	0	1.0	
GO:0005385	MF	p	zinc ion transmembrane transporter activity	0/5	9/6920	1.0	7	0	1.0	
GO:0016279	MF	p	protein-lysine N-methyltransferase activity	0/5	23/6920	1.0	7	0	1.0	
GO:0140663	MF	p	ATP-dependent FeS chaperone activity	0/5	2/6920	1.0	3	0	1.0	
GO:0035925	MF	p	mRNA 3'-UTR AU-rich region binding	0/5	7/6920	1.0	6	0	1.0	
GO:0042283	MF	p	dolichyl pyrophosphate Glc1Man9GlcNAc2 alpha-1,3-glucosyltransferase activity	0/5	1/6920	1.0	7	0	1.0	
GO:0008649	MF	p	rRNA methyltransferase activity	0/5	15/6920	1.0	6	0	1.0	
GO:0140171	MF	p	L-lactate dehydrogenase activity	0/5	1/6920	1.0	5	0	1.0	
GO:0032451	MF	p	demethylase activity	0/5	6/6920	1.0	2	0	1.0	
GO:0005280	MF	p	amino acid:proton symporter activity	0/5	1/6920	1.0	8	0	1.0	
GO:0015214	MF	p	pyrimidine nucleoside transmembrane transporter activity	0/5	2/6920	1.0	5	0	1.0	
GO:0004534	MF	p	5'-3' RNA exonuclease activity	0/5	6/6920	1.0	7	0	1.0	
GO:0052642	MF	p	lysophosphatidic acid phosphatase activity	0/5	3/6920	1.0	6	0	1.0	
GO:0008138	MF	p	protein tyrosine/serine/threonine phosphatase activity	0/5	4/6920	1.0	7	0	1.0	
GO:0005053	MF	p	peroxisome matrix targeting signal-2 binding	0/5	3/6920	1.0	5	0	1.0	
GO:0004832	MF	p	valine-tRNA ligase activity	0/5	1/6920	1.0	6	0	1.0	
GO:0015434	MF	p	ABC-type cadmium transporter activity	0/5	2/6920	1.0	8	0	1.0	
GO:0019171	MF	p	(3R)-hydroxyacyl-[acyl-carrier-protein] dehydratase activity	0/5	2/6920	1.0	5	0	1.0	
GO:0022804	MF	p	active transmembrane transporter activity	0/5	177/6920	1.0	3	0	1.0	
GO:1904680	MF	p	peptide transmembrane transporter activity	0/5	4/6920	1.0	3	0	1.0	
GO:0008324	MF	p	monoatomic cation transmembrane transporter activity	0/5	172/6920	1.0	4	0	1.0	
GO:0004807	MF	p	triose-phosphate isomerase activity	0/5	1/6920	1.0	5	0	1.0	
GO:0004733	MF	p	pyridoxamine phosphate oxidase activity	0/5	2/6920	1.0	5	0	1.0	
GO:0141047	MF	p	molecular tag activity	0/5	10/6920	1.0	1	0	1.0	
GO:0004132	MF	p	dCMP deaminase activity	0/5	1/6920	1.0	5	0	1.0	
GO:0008353	MF	p	RNA polymerase II CTD heptapeptide repeat kinase activity	0/5	8/6920	1.0	7	0	1.0	
GO:0004632	MF	p	phosphopantothenate--cysteine ligase activity	0/5	1/6920	1.0	5	0	1.0	
GO:0015186	MF	p	L-glutamine transmembrane transporter activity	0/5	3/6920	1.0	6	0	1.0	
GO:0019707	MF	p	protein-cysteine S-acyltransferase activity	0/5	8/6920	1.0	6	0	1.0	
GO:0042937	MF	p	tripeptide transmembrane transporter activity	0/5	2/6920	1.0	5	0	1.0	
GO:0004579	MF	p	dolichyl-diphosphooligosaccharide-protein glycotransferase activity	0/5	5/6920	1.0	6	0	1.0	
GO:0046527	MF	p	glucosyltransferase activity	0/5	17/6920	1.0	5	0	1.0	
GO:0005227	MF	p	calcium-activated cation channel activity	0/5	5/6920	1.0	9	0	1.0	
GO:0050406	MF	p	[acetyl-CoA carboxylase]-phosphatase activity	0/5	1/6920	1.0	7	0	1.0	
GO:0070635	MF	p	nicotinamide riboside hydrolase activity	0/5	2/6920	1.0	5	0	1.0	
GO:0000253	MF	p	3-beta-hydroxysteroid 3-dehydrogenase (NADP+) activity	0/5	1/6920	1.0	6	0	1.0	
GO:0005178	MF	p	integrin binding	0/5	1/6920	1.0	4	0	1.0	
GO:0008989	MF	p	rRNA (guanine-N1-)-methyltransferase activity	0/5	1/6920	1.0	8	0	1.0	
GO:0045703	MF	p	ketoreductase activity	0/5	1/6920	1.0	4	0	1.0	
GO:0052654	MF	p	L-leucine-2-oxoglutarate transaminase activity	0/5	2/6920	1.0	6	0	1.0	
GO:0004553	MF	p	hydrolase activity, hydrolyzing O-glycosyl compounds	0/5	68/6920	1.0	4	0	1.0	
GO:0016423	MF	p	tRNA (guanine) methyltransferase activity	0/5	9/6920	1.0	7	0	1.0	
GO:0008466	MF	p	glycogenin glucosyltransferase activity	0/5	2/6920	1.0	7	0	1.0	
GO:0004161	MF	p	dimethylallyltranstransferase activity	0/5	2/6920	1.0	6	0	1.0	
GO:0102262	MF	p	tRNA-dihydrouridine16 synthase activity	0/5	1/6920	1.0	7	0	1.0	
GO:0016635	MF	p	oxidoreductase activity, acting on the CH-CH group of donors, quinone or related compound as acceptor	0/5	7/6920	1.0	4	0	1.0	
GO:0140297	MF	p	DNA-binding transcription factor binding	0/5	47/6920	1.0	4	0	1.0	
GO:0140003	MF	p	histone H3K36me3 reader activity	0/5	2/6920	1.0	6	0	1.0	
GO:0005363	MF	p	maltose transmembrane transporter activity	0/5	6/6920	1.0	6	0	1.0	
GO:0016747	MF	p	acyltransferase activity, transferring groups other than amino-acyl groups	0/5	132/6920	1.0	4	0	1.0	
GO:0034986	MF	p	iron chaperone activity	0/5	1/6920	1.0	3	0	1.0	
GO:0047545	MF	p	2-hydroxyglutarate dehydrogenase activity	0/5	2/6920	1.0	4	0	1.0	
GO:0106142	MF	p	rRNA (adenine-N1-)-methyltransferase activity	0/5	1/6920	1.0	8	0	1.0	
GO:0047555	MF	p	3',5'-cyclic-GMP phosphodiesterase activity	0/5	2/6920	1.0	8	0	1.0	
GO:0017069	MF	p	snRNA binding	0/5	25/6920	1.0	4	0	1.0	
GO:0004113	MF	p	2',3'-cyclic-nucleotide 3'-phosphodiesterase activity	0/5	2/6920	1.0	7	0	1.0	
GO:0070063	MF	p	RNA polymerase binding	0/5	28/6920	1.0	4	0	1.0	
GO:0044390	MF	p	ubiquitin-like protein conjugating enzyme binding	0/5	6/6920	1.0	4	0	1.0	
GO:0003906	MF	p	DNA-(apurinic or apyrimidinic site) endonuclease activity	0/5	6/6920	1.0	6	0	1.0	
GO:0030429	MF	p	kynureninase activity	0/5	1/6920	1.0	5	0	1.0	
GO:0030623	MF	p	U5 snRNA binding	0/5	5/6920	1.0	5	0	1.0	
GO:0036218	MF	p	dTTP diphosphatase activity	0/5	2/6920	1.0	7	0	1.0	
GO:0010309	MF	p	acireductone dioxygenase [iron(II)-requiring] activity	0/5	1/6920	1.0	5	0	1.0	
GO:0008308	MF	p	voltage-gated monoatomic anion channel activity	0/5	3/6920	1.0	8	0	1.0	
GO:0017178	MF	p	diphthine-ammonia ligase activity	0/5	1/6920	1.0	5	0	1.0	
GO:0098744	MF	p	1-phosphatidylinositol 4-kinase activator activity	0/5	1/6920	1.0	5	0	1.0	
GO:0001163	MF	p	RNA polymerase I transcription regulatory region sequence-specific DNA binding	0/5	9/6920	1.0	7	0	1.0	
GO:0004146	MF	p	dihydrofolate reductase activity	0/5	1/6920	1.0	5	0	1.0	
GO:0005200	MF	p	structural constituent of cytoskeleton	0/5	21/6920	1.0	2	0	1.0	
GO:0005351	MF	p	carbohydrate:proton symporter activity	0/5	25/6920	1.0	8	0	1.0	
GO:0004325	MF	p	ferrochelatase activity	0/5	2/6920	1.0	3	0	1.0	
GO:0004697	MF	p	diacylglycerol-dependent serine/threonine kinase activity	0/5	1/6920	1.0	7	0	1.0	
GO:0003746	MF	p	translation elongation factor activity	0/5	16/6920	1.0	2	0	1.0	
GO:0015117	MF	p	thiosulfate transmembrane transporter activity	0/5	1/6920	1.0	5	0	1.0	
GO:0046624	MF	p	sphingolipid transporter activity	0/5	2/6920	1.0	3	0	1.0	
GO:0004839	MF	p	ubiquitin activating enzyme activity	0/5	1/6920	1.0	5	0	1.0	
GO:0033845	MF	p	hydroxymethylfurfural reductase (NADPH) activity	0/5	1/6920	1.0	5	0	1.0	
GO:1990757	MF	p	ubiquitin ligase activator activity	0/5	4/6920	1.0	5	0	1.0	
GO:0004181	MF	p	metallocarboxypeptidase activity	0/5	3/6920	1.0	6	0	1.0	
GO:0031681	MF	p	G-protein beta-subunit binding	0/5	4/6920	1.0	3	0	1.0	
GO:0003883	MF	p	CTP synthase activity	0/5	2/6920	1.0	4	0	1.0	
GO:0005525	MF	p	GTP binding	0/5	115/6920	1.0	8	0	1.0	
GO:0001069	MF	p	regulatory region RNA binding	0/5	2/6920	1.0	4	0	1.0	
GO:0019788	MF	p	NEDD8 transferase activity	0/5	1/6920	1.0	6	0	1.0	
GO:0015254	MF	p	glycerol channel activity	0/5	2/6920	1.0	5	0	1.0	
GO:0010326	MF	p	methionine-oxo-acid transaminase activity	0/5	2/6920	1.0	5	0	1.0	
GO:0004557	MF	p	alpha-galactosidase activity	0/5	10/6920	1.0	6	0	1.0	
GO:0004092	MF	p	carnitine O-acetyltransferase activity	0/5	3/6920	1.0	7	0	1.0	
GO:0047770	MF	p	carboxylate reductase activity	0/5	1/6920	1.0	4	0	1.0	
GO:0000406	MF	p	double-strand/single-strand DNA junction binding	0/5	4/6920	1.0	5	0	1.0	
GO:0004749	MF	p	ribose phosphate diphosphokinase activity	0/5	5/6920	1.0	5	0	1.0	
GO:0015658	MF	p	branched-chain amino acid transmembrane transporter activity	0/5	3/6920	1.0	5	0	1.0	
GO:0019238	MF	p	cyclohydrolase activity	0/5	7/6920	1.0	5	0	1.0	
GO:0015440	MF	p	ABC-type peptide transporter activity	0/5	1/6920	1.0	7	0	1.0	
GO:2001069	MF	p	glycogen binding	0/5	6/6920	1.0	4	0	1.0	
GO:0042162	MF	p	telomeric DNA binding	0/5	33/6920	1.0	5	0	1.0	
GO:0035243	MF	p	protein-arginine omega-N symmetric methyltransferase activity	0/5	2/6920	1.0	8	0	1.0	
GO:0106141	MF	p	flavin prenyltransferase activity	0/5	1/6920	1.0	5	0	1.0	
GO:0004605	MF	p	phosphatidate cytidylyltransferase activity	0/5	2/6920	1.0	6	0	1.0	
GO:0004743	MF	p	pyruvate kinase activity	0/5	2/6920	1.0	5	0	1.0	
GO:0140046	MF	p	histone H4K16ac reader activity	0/5	1/6920	1.0	6	0	1.0	
GO:0019706	MF	p	protein-cysteine S-palmitoyltransferase activity	0/5	8/6920	1.0	7	0	1.0	
GO:0004169	MF	p	dolichyl-phosphate-mannose-protein mannosyltransferase activity	0/5	9/6920	1.0	6	0	1.0	
GO:0016426	MF	p	tRNA (adenine) methyltransferase activity	0/5	3/6920	1.0	7	0	1.0	
GO:0000247	MF	p	C-8 sterol isomerase activity	0/5	1/6920	1.0	5	0	1.0	
GO:0004642	MF	p	phosphoribosylformylglycinamidine synthase activity	0/5	1/6920	1.0	5	0	1.0	
GO:0022829	MF	p	wide pore channel activity	0/5	4/6920	1.0	5	0	1.0	
GO:0015294	MF	p	solute:monoatomic cation symporter activity	0/5	37/6920	1.0	6	0	1.0	
GO:0015505	MF	p	uracil:monoatomic cation symporter activity	0/5	1/6920	1.0	8	0	1.0	
GO:0019905	MF	p	syntaxin binding	0/5	11/6920	1.0	4	0	1.0	
GO:0008514	MF	p	organic anion transmembrane transporter activity	0/5	86/6920	1.0	3	0	1.0	
GO:0004066	MF	p	asparagine synthase (glutamine-hydrolyzing) activity	0/5	3/6920	1.0	5	0	1.0	
GO:1990644	MF	p	microtubule site clamp	0/5	1/6920	1.0	3	0	1.0	
GO:0003997	MF	p	acyl-CoA oxidase activity	0/5	1/6920	1.0	5	0	1.0	
GO:0080139	MF	p	borate efflux transmembrane transporter activity	0/5	3/6920	1.0	5	0	1.0	
GO:0003951	MF	p	NAD+ kinase activity	0/5	3/6920	1.0	5	0	1.0	
GO:0004795	MF	p	threonine synthase activity	0/5	1/6920	1.0	5	0	1.0	
GO:0003961	MF	p	O-acetylhomoserine aminocarboxypropyltransferase activity	0/5	2/6920	1.0	4	0	1.0	
GO:0052905	MF	p	tRNA (guanosine(9)-N1)-methyltransferase activity	0/5	1/6920	1.0	8	0	1.0	
GO:0008271	MF	p	secondary active sulfate transmembrane transporter activity	0/5	3/6920	1.0	6	0	1.0	
GO:0061503	MF	p	tRNA threonylcarbamoyladenosine dehydratase	0/5	2/6920	1.0	5	0	1.0	
GO:0106310	MF	p	protein serine kinase activity	0/5	120/6920	1.0	6	0	1.0	
GO:0042132	MF	p	fructose 1,6-bisphosphate 1-phosphatase activity	0/5	1/6920	1.0	8	0	1.0	
GO:0070001	MF	p	aspartic-type peptidase activity	0/5	55/6920	1.0	4	0	1.0	
GO:0070337	MF	p	3'-flap-structured DNA binding	0/5	2/6920	1.0	5	0	1.0	
GO:0004806	MF	p	triacylglycerol lipase activity	0/5	12/6920	1.0	5	0	1.0	
GO:0140677	MF	p	molecular function activator activity	0/5	174/6920	1.0	2	0	1.0	
GO:0022839	MF	p	monoatomic ion-gated channel activity	0/5	5/6920	1.0	7	0	1.0	
GO:0043515	MF	p	kinetochore binding	0/5	5/6920	1.0	2	0	1.0	
GO:0005245	MF	p	voltage-gated calcium channel activity	0/5	1/6920	1.0	9	0	1.0	
GO:0140678	MF	p	molecular function inhibitor activity	0/5	65/6920	1.0	2	0	1.0	
GO:0016763	MF	p	pentosyltransferase activity	0/5	17/6920	1.0	4	0	1.0	
GO:0019206	MF	p	nucleoside kinase activity	0/5	3/6920	1.0	6	0	1.0	
GO:0042910	MF	p	xenobiotic transmembrane transporter activity	0/5	11/6920	1.0	3	0	1.0	
GO:0015293	MF	p	symporter activity	0/5	43/6920	1.0	5	0	1.0	
GO:0016418	MF	p	S-acetyltransferase activity	0/5	2/6920	1.0	6	0	1.0	
GO:0016832	MF	p	aldehyde-lyase activity	0/5	6/6920	1.0	4	0	1.0	
GO:0008775	MF	p	acetate CoA-transferase activity	0/5	1/6920	1.0	5	0	1.0	
GO:0140002	MF	p	histone H3K4me3 reader activity	0/5	10/6920	1.0	6	0	1.0	
GO:0008967	MF	p	phosphoglycolate phosphatase activity	0/5	1/6920	1.0	6	0	1.0	
GO:0033754	MF	p	indoleamine 2,3-dioxygenase activity	0/5	1/6920	1.0	5	0	1.0	
GO:0004683	MF	p	calcium/calmodulin-dependent protein kinase activity	0/5	4/6920	1.0	7	0	1.0	
GO:0043531	MF	p	ADP binding	0/5	5/6920	1.0	8	0	1.0	
GO:0019104	MF	p	DNA N-glycosylase activity	0/5	5/6920	1.0	5	0	1.0	
GO:0005085	MF	p	guanyl-nucleotide exchange factor activity	0/5	58/6920	1.0	5	0	1.0	
GO:0030566	MF	p	snRNA modification guide activity	0/5	1/6920	1.0	5	0	1.0	
GO:0004528	MF	p	phosphodiesterase I activity	0/5	2/6920	1.0	6	0	1.0	
GO:0004338	MF	p	glucan exo-1,3-beta-glucosidase activity	0/5	5/6920	1.0	7	0	1.0	
GO:0008441	MF	p	3'(2'),5'-bisphosphate nucleotidase activity	0/5	1/6920	1.0	7	0	1.0	
GO:0010308	MF	p	acireductone dioxygenase (Ni2+-requiring) activity	0/5	1/6920	1.0	5	0	1.0	
GO:0016979	MF	p	lipoate-protein ligase activity	0/5	1/6920	1.0	5	0	1.0	
GO:0140586	MF	p	promoter-terminator loop anchoring activity	0/5	1/6920	1.0	7	0	1.0	
GO:0030170	MF	p	pyridoxal phosphate binding	0/5	39/6920	1.0	5	0	1.0	
GO:0046820	MF	p	4-amino-4-deoxychorismate synthase activity	0/5	1/6920	1.0	5	0	1.0	
GO:0036402	MF	p	proteasome-activating activity	0/5	6/6920	1.0	5	0	1.0	
GO:1901505	MF	p	carbohydrate derivative transmembrane transporter activity	0/5	24/6920	1.0	3	0	1.0	
GO:0120544	MF	p	polypeptide conformation or assembly isomerase activity	0/5	24/6920	1.0	4	0	1.0	
GO:0016751	MF	p	S-succinyltransferase activity	0/5	1/6920	1.0	6	0	1.0	
GO:0140015	MF	p	histone H3K14ac reader activity	0/5	2/6920	1.0	6	0	1.0	
GO:0004019	MF	p	adenylosuccinate synthase activity	0/5	1/6920	1.0	4	0	1.0	
GO:0030983	MF	p	mismatched DNA binding	0/5	16/6920	1.0	5	0	1.0	
GO:0015578	MF	p	mannose transmembrane transporter activity	0/5	15/6920	1.0	7	0	1.0	
GO:0004865	MF	p	protein serine/threonine phosphatase inhibitor activity	0/5	7/6920	1.0	6	0	1.0	
GO:0005545	MF	p	1-phosphatidylinositol binding	0/5	3/6920	1.0	5	0	1.0	
GO:0019784	MF	p	deNEDDylase activity	0/5	1/6920	1.0	5	0	1.0	
GO:0008898	MF	p	S-adenosylmethionine-homocysteine S-methyltransferase activity	0/5	2/6920	1.0	6	0	1.0	
GO:0140475	MF	p	spindle pole body anchor activity	0/5	1/6920	1.0	4	0	1.0	
GO:0000277	MF	p	[cytochrome c]-lysine N-methyltransferase activity	0/5	1/6920	1.0	8	0	1.0	
GO:0102244	MF	p	3-aminopropanal dehydrogenase (NAD+) activity	0/5	2/6920	1.0	7	0	1.0	
GO:0032183	MF	p	SUMO binding	0/5	6/6920	1.0	4	0	1.0	
GO:0034431	MF	p	bis(5'-adenosyl)-hexaphosphatase activity	0/5	1/6920	1.0	6	0	1.0	
GO:0032138	MF	p	single base insertion or deletion binding	0/5	2/6920	1.0	7	0	1.0	
GO:0015142	MF	p	tricarboxylic acid transmembrane transporter activity	0/5	2/6920	1.0	5	0	1.0	
GO:0019135	MF	p	deoxyhypusine monooxygenase activity	0/5	1/6920	1.0	4	0	1.0	
GO:0140346	MF	p	phosphatidylserine flippase activity	0/5	5/6920	1.0	7	0	1.0	
GO:0005384	MF	p	manganese ion transmembrane transporter activity	0/5	8/6920	1.0	7	0	1.0	
GO:0004185	MF	p	serine-type carboxypeptidase activity	0/5	3/6920	1.0	6	0	1.0	
GO:0140358	MF	p	P-type transmembrane transporter activity	0/5	13/6920	1.0	6	0	1.0	
GO:0016744	MF	p	transketolase or transaldolase activity	0/5	7/6920	1.0	3	0	1.0	
GO:0015171	MF	p	amino acid transmembrane transporter activity	0/5	51/6920	1.0	3	0	1.0	
GO:0051087	MF	p	protein-folding chaperone binding	0/5	30/6920	1.0	3	0	1.0	
GO:0004798	MF	p	dTMP kinase activity	0/5	1/6920	1.0	7	0	1.0	
GO:0016655	MF	p	oxidoreductase activity, acting on NAD(P)H, quinone or similar compound as acceptor	0/5	8/6920	1.0	4	0	1.0	
GO:0003842	MF	p	L-glutamate gamma-semialdehyde dehydrogenase activity	0/5	1/6920	1.0	5	0	1.0	
GO:1990189	MF	p	protein N-terminal-serine acetyltransferase activity	0/5	3/6920	1.0	9	0	1.0	
GO:0102559	MF	p	peptide chain release factor N(5)-glutamine methyltransferase activity	0/5	2/6920	1.0	7	0	1.0	
GO:0004591	MF	p	oxoglutarate dehydrogenase (succinyl-transferring) activity	0/5	4/6920	1.0	5	0	1.0	
GO:0001734	MF	p	mRNA m(6)A methyltransferase activity	0/5	1/6920	1.0	7	0	1.0	
GO:0004047	MF	p	aminomethyltransferase activity	0/5	1/6920	1.0	5	0	1.0	
GO:0070569	MF	p	uridylyltransferase activity	0/5	4/6920	1.0	5	0	1.0	
GO:0051731	MF	p	polynucleotide 5'-hydroxyl-kinase activity	0/5	4/6920	1.0	6	0	1.0	
GO:0070404	MF	p	NADH binding	0/5	1/6920	1.0	8	0	1.0	
GO:0008381	MF	p	mechanosensitive monoatomic ion channel activity	0/5	1/6920	1.0	6	0	1.0	
GO:0004475	MF	p	mannose-1-phosphate guanylyltransferase (GTP) activity	0/5	1/6920	1.0	6	0	1.0	
GO:0004315	MF	p	3-oxoacyl-[acyl-carrier-protein] synthase activity	0/5	2/6920	1.0	5	0	1.0	
GO:0140618	MF	p	ferric-chelate reductase (NADH) activity	0/5	1/6920	1.0	5	0	1.0	
GO:0106414	MF	p	mRNA dihydrouridine synthase activity	0/5	4/6920	1.0	6	0	1.0	
GO:0004764	MF	p	shikimate 3-dehydrogenase (NADP+) activity	0/5	1/6920	1.0	5	0	1.0	
GO:0005093	MF	p	Rab GDP-dissociation inhibitor activity	0/5	1/6920	1.0	6	0	1.0	
GO:0004445	MF	p	inositol-polyphosphate 5-phosphatase activity	0/5	3/6920	1.0	8	0	1.0	
GO:0003848	MF	p	2-amino-4-hydroxy-6-hydroxymethyldihydropteridine diphosphokinase activity	0/5	1/6920	1.0	5	0	1.0	
GO:0016647	MF	p	oxidoreductase activity, acting on the CH-NH group of donors, oxygen as acceptor	0/5	1/6920	1.0	4	0	1.0	
GO:1990380	MF	p	K48-linked deubiquitinase activity	0/5	2/6920	1.0	6	0	1.0	
GO:0035800	MF	p	deubiquitinase activator activity	0/5	1/6920	1.0	5	0	1.0	
GO:0004478	MF	p	methionine adenosyltransferase activity	0/5	2/6920	1.0	4	0	1.0	
GO:0036221	MF	p	UTP diphosphatase activity	0/5	2/6920	1.0	7	0	1.0	
GO:0004640	MF	p	phosphoribosylanthranilate isomerase activity	0/5	1/6920	1.0	5	0	1.0	
GO:0016624	MF	p	oxidoreductase activity, acting on the aldehyde or oxo group of donors, disulfide as acceptor	0/5	6/6920	1.0	4	0	1.0	
GO:0043733	MF	p	DNA-3-methylbase glycosylase activity	0/5	1/6920	1.0	7	0	1.0	
GO:1904408	MF	p	melatonin binding	0/5	9/6920	1.0	3	0	1.0	
GO:0005249	MF	p	voltage-gated potassium channel activity	0/5	1/6920	1.0	9	0	1.0	
GO:0030611	MF	p	arsenate reductase activity	0/5	1/6920	1.0	4	0	1.0	
GO:0015092	MF	p	high-affinity ferric iron transmembrane transporter activity	0/5	1/6920	1.0	9	0	1.0	
GO:0004802	MF	p	transketolase activity	0/5	2/6920	1.0	4	0	1.0	
GO:0003688	MF	p	DNA replication origin binding	0/5	39/6920	1.0	6	0	1.0	
GO:0003724	MF	p	RNA helicase activity	0/5	46/6920	1.0	6	0	1.0	
GO:0004514	MF	p	nicotinate-nucleotide diphosphorylase (carboxylating) activity	0/5	1/6920	1.0	5	0	1.0	
GO:0032029	MF	p	myosin tail binding	0/5	2/6920	1.0	6	0	1.0	
GO:0008252	MF	p	nucleotidase activity	0/5	10/6920	1.0	6	0	1.0	
GO:0102522	MF	p	tRNA 4-demethylwyosine alpha-amino-alpha-carboxypropyltransferase activity	0/5	1/6920	1.0	5	0	1.0	
GO:0016209	MF	p	antioxidant activity	0/5	33/6920	1.0	1	0	1.0	
GO:0031957	MF	p	very long-chain fatty acid-CoA ligase activity	0/5	3/6920	1.0	7	0	1.0	
GO:0031625	MF	p	ubiquitin protein ligase binding	0/5	26/6920	1.0	5	0	1.0	
GO:0002151	MF	p	G-quadruplex RNA binding	0/5	3/6920	1.0	4	0	1.0	
GO:0032131	MF	p	alkylated DNA binding	0/5	1/6920	1.0	5	0	1.0	
GO:0046568	MF	p	3-methylbutanal reductase [NAD(P)H] activity	0/5	3/6920	1.0	6	0	1.0	
GO:0051019	MF	p	mitogen-activated protein kinase binding	0/5	3/6920	1.0	6	0	1.0	
GO:0004115	MF	p	3',5'-cyclic-AMP phosphodiesterase activity	0/5	2/6920	1.0	8	0	1.0	
GO:0008253	MF	p	5'-nucleotidase activity	0/5	5/6920	1.0	7	0	1.0	
GO:0033164	MF	p	initiation-specific glycolipid 1,6-alpha-mannosyltransferase activity	0/5	2/6920	1.0	7	0	1.0	
GO:0015450	MF	p	protein-transporting ATPase activity	0/5	4/6920	1.0	6	0	1.0	
GO:0044769	MF	p	ATPase activity, coupled to transmembrane movement of ions, rotational mechanism	0/5	20/6920	1.0	7	0	1.0	
GO:0015123	MF	p	acetate transmembrane transporter activity	0/5	3/6920	1.0	6	0	1.0	
GO:0008429	MF	p	phosphatidylethanolamine binding	0/5	2/6920	1.0	4	0	1.0	
GO:1990362	MF	p	butanol dehydrogenase (NAD+) activity	0/5	3/6920	1.0	7	0	1.0	
GO:0001221	MF	p	transcription coregulator binding	0/5	1/6920	1.0	4	0	1.0	
GO:0015924	MF	p	mannosyl-oligosaccharide mannosidase activity	0/5	4/6920	1.0	7	0	1.0	
GO:0035615	MF	p	clathrin adaptor activity	0/5	7/6920	1.0	4	0	1.0	
GO:0102682	MF	p	cytokinin riboside 5'-monophosphate phosphoribohydrolase activity	0/5	1/6920	1.0	5	0	1.0	
GO:0032135	MF	p	DNA insertion or deletion binding	0/5	7/6920	1.0	6	0	1.0	
GO:0008117	MF	p	sphinganine-1-phosphate aldolase activity	0/5	1/6920	1.0	5	0	1.0	
GO:0017024	MF	p	myosin I binding	0/5	1/6920	1.0	5	0	1.0	
GO:0032041	MF	p	histone H3K14 deacetylase activity, NAD-dependent	0/5	2/6920	1.0	8	0	1.0	
GO:0140088	MF	p	acetaldehyde dehydrogenase (NADP+) activity	0/5	3/6920	1.0	7	0	1.0	
GO:0008193	MF	p	tRNA guanylyltransferase activity	0/5	1/6920	1.0	7	0	1.0	
GO:0043130	MF	p	ubiquitin binding	0/5	54/6920	1.0	4	0	1.0	
GO:0004420	MF	p	hydroxymethylglutaryl-CoA reductase (NADPH) activity	0/5	2/6920	1.0	5	0	1.0	
GO:0032035	MF	p	myosin II tail binding	0/5	1/6920	1.0	7	0	1.0	
GO:0010314	MF	p	phosphatidylinositol-5-phosphate binding	0/5	10/6920	1.0	6	0	1.0	
GO:0005095	MF	p	GTPase inhibitor activity	0/5	2/6920	1.0	5	0	1.0	
GO:0070636	MF	p	nicotinic acid riboside hydrolase activity	0/5	1/6920	1.0	5	0	1.0	
GO:0000009	MF	p	alpha-1,6-mannosyltransferase activity	0/5	11/6920	1.0	6	0	1.0	
GO:0004620	MF	p	phospholipase activity	0/5	19/6920	1.0	5	0	1.0	
GO:0000210	MF	p	NAD+ diphosphatase activity	0/5	1/6920	1.0	7	0	1.0	
GO:0016838	MF	p	carbon-oxygen lyase activity, acting on phosphates	0/5	3/6920	1.0	4	0	1.0	
GO:0015385	MF	p	sodium:proton antiporter activity	0/5	3/6920	1.0	8	0	1.0	
GO:0004867	MF	p	serine-type endopeptidase inhibitor activity	0/5	2/6920	1.0	6	0	1.0	
GO:0008670	MF	p	2,4-dienoyl-CoA reductase (NADPH) activity	0/5	1/6920	1.0	5	0	1.0	
GO:1990259	MF	p	histone H2AQ104 methyltransferase activity	0/5	2/6920	1.0	8	0	1.0	
GO:0120537	MF	p	3-demethylubiquinone 3-O-methyltransferase activity	0/5	1/6920	1.0	6	0	1.0	
GO:0140068	MF	p	histone crotonyltransferase activity	0/5	2/6920	1.0	7	0	1.0	
GO:0016531	MF	p	copper chaperone activity	0/5	7/6920	1.0	3	0	1.0	
GO:0000297	MF	p	spermine transmembrane transporter activity	0/5	4/6920	1.0	4	0	1.0	
GO:0015104	MF	p	antimonite transmembrane transporter activity	0/5	1/6920	1.0	5	0	1.0	
GO:0070626	MF	p	(S)-2-(5-amino-1-(5-phospho-D-ribosyl)imidazole-4-carboxamido) succinate lyase (fumarate-forming) activity	0/5	1/6920	1.0	5	0	1.0	
GO:0004741	MF	p	[pyruvate dehydrogenase (acetyl-transferring)]-phosphatase activity	0/5	2/6920	1.0	8	0	1.0	
GO:0051539	MF	p	4 iron, 4 sulfur cluster binding	0/5	26/6920	1.0	5	0	1.0	
GO:0140054	MF	p	histone H2A reader activity	0/5	1/6920	1.0	5	0	1.0	
GO:0015421	MF	p	ABC-type oligopeptide transporter activity	0/5	3/6920	1.0	7	0	1.0	
GO:0015295	MF	p	solute:proton symporter activity	0/5	34/6920	1.0	7	0	1.0	
GO:0004000	MF	p	adenosine deaminase activity	0/5	4/6920	1.0	5	0	1.0	
GO:0019948	MF	p	SUMO activating enzyme activity	0/5	2/6920	1.0	5	0	1.0	
GO:0004595	MF	p	pantetheine-phosphate adenylyltransferase activity	0/5	1/6920	1.0	6	0	1.0	
GO:0004357	MF	p	glutamate-cysteine ligase activity	0/5	1/6920	1.0	5	0	1.0	
GO:0016875	MF	p	ligase activity, forming carbon-oxygen bonds	0/5	38/6920	1.0	3	0	1.0	
GO:0033745	MF	p	L-methionine-(R)-S-oxide reductase activity	0/5	1/6920	1.0	5	0	1.0	
GO:0044692	MF	p	exoribonuclease activator activity	0/5	1/6920	1.0	6	0	1.0	
GO:0015140	MF	p	malate transmembrane transporter activity	0/5	1/6920	1.0	6	0	1.0	
GO:0015174	MF	p	basic amino acid transmembrane transporter activity	0/5	14/6920	1.0	4	0	1.0	
GO:1901682	MF	p	sulfur compound transmembrane transporter activity	0/5	24/6920	1.0	3	0	1.0	
GO:0016618	MF	p	hydroxypyruvate reductase [NAD(P)H] activity	0/5	3/6920	1.0	5	0	1.0	
GO:0008237	MF	p	metallopeptidase activity	0/5	48/6920	1.0	4	0	1.0	
GO:0043916	MF	p	DNA-7-methylguanine glycosylase activity	0/5	1/6920	1.0	7	0	1.0	
GO:0004552	MF	p	octanol dehydrogenase (NAD+) activity	0/5	1/6920	1.0	7	0	1.0	
GO:0003870	MF	p	5-aminolevulinate synthase activity	0/5	1/6920	1.0	7	0	1.0	
GO:0004014	MF	p	adenosylmethionine decarboxylase activity	0/5	1/6920	1.0	5	0	1.0	
GO:0003877	MF	p	ATP:ADP adenylyltransferase activity	0/5	2/6920	1.0	6	0	1.0	
GO:0015124	MF	p	allantoate transmembrane transporter activity	0/5	2/6920	1.0	5	0	1.0	
GO:0005287	MF	p	high-affinity basic amino acid transmembrane transporter activity	0/5	1/6920	1.0	5	0	1.0	
GO:0140223	MF	p	general transcription initiation factor activity	0/5	34/6920	1.0	1	0	1.0	
GO:0015195	MF	p	L-threonine transmembrane transporter activity	0/5	3/6920	1.0	6	0	1.0	
GO:0003690	MF	p	double-stranded DNA binding	0/5	302/6920	1.0	4	0	1.0	
GO:0004448	MF	p	isocitrate dehydrogenase [NAD(P)+] activity	0/5	6/6920	1.0	5	0	1.0	
GO:0061630	MF	p	ubiquitin protein ligase activity	0/5	78/6920	1.0	7	0	1.0	
GO:0016641	MF	p	oxidoreductase activity, acting on the CH-NH2 group of donors, oxygen as acceptor	0/5	2/6920	1.0	4	0	1.0	
GO:0000823	MF	p	inositol-1,4,5-trisphosphate 6-kinase activity	0/5	1/6920	1.0	7	0	1.0	
GO:0031593	MF	p	polyubiquitin modification-dependent protein binding	0/5	16/6920	1.0	4	0	1.0	
GO:0008452	MF	p	RNA ligase activity	0/5	1/6920	1.0	4	0	1.0	
GO:1903089	MF	p	5-amino-1-ribofuranosylimidazole-4-carboxamide transmembrane transporter activity	0/5	3/6920	1.0	4	0	1.0	
GO:0004409	MF	p	homoaconitate hydratase activity	0/5	1/6920	1.0	5	0	1.0	
GO:0050546	MF	p	4-hydroxyphenylpyruvate decarboxylase activity	0/5	1/6920	1.0	5	0	1.0	
GO:0030291	MF	p	protein serine/threonine kinase inhibitor activity	0/5	12/6920	1.0	6	0	1.0	
GO:0004382	MF	p	GDP phosphatase activity	0/5	2/6920	1.0	7	0	1.0	
GO:0022840	MF	p	leak channel activity	0/5	1/6920	1.0	6	0	1.0	
GO:0061711	MF	p	N(6)-L-threonylcarbamoyladenine synthase activity	0/5	2/6920	1.0	5	0	1.0	
GO:0000095	MF	p	S-adenosyl-L-methionine transmembrane transporter activity	0/5	2/6920	1.0	4	0	1.0	
GO:0017025	MF	p	TBP-class protein binding	0/5	15/6920	1.0	5	0	1.0	
GO:0070260	MF	p	5'-tyrosyl-DNA phosphodiesterase activity	0/5	1/6920	1.0	7	0	1.0	
GO:0030976	MF	p	thiamine pyrophosphate binding	0/5	8/6920	1.0	5	0	1.0	
GO:0004141	MF	p	dethiobiotin synthase activity	0/5	2/6920	1.0	5	0	1.0	
GO:0031491	MF	p	nucleosome binding	0/5	33/6920	1.0	3	0	1.0	
GO:0140818	MF	p	mRNA 5'-triphosphate monophosphatase activity	0/5	2/6920	1.0	6	0	1.0	
GO:0046625	MF	p	sphingolipid binding	0/5	3/6920	1.0	3	0	1.0	
GO:0004849	MF	p	uridine kinase activity	0/5	2/6920	1.0	7	0	1.0	
GO:0001786	MF	p	phosphatidylserine binding	0/5	8/6920	1.0	4	0	1.0	
GO:0016868	MF	p	intramolecular phosphotransferase activity	0/5	8/6920	1.0	4	0	1.0	
GO:0005375	MF	p	copper ion transmembrane transporter activity	0/5	6/6920	1.0	7	0	1.0	
GO:0034317	MF	p	nicotinate riboside kinase activity	0/5	1/6920	1.0	5	0	1.0	
GO:0019239	MF	p	deaminase activity	0/5	13/6920	1.0	4	0	1.0	
GO:0051903	MF	p	S-(hydroxymethyl)glutathione dehydrogenase [NAD(P)+] activity	0/5	1/6920	1.0	5	0	1.0	
GO:0051670	MF	p	inulinase activity	0/5	1/6920	1.0	5	0	1.0	
GO:0043743	MF	p	LPPG:FO 2-phospho-L-lactate transferase activity	0/5	1/6920	1.0	5	0	1.0	
GO:0043812	MF	p	phosphatidylinositol-4-phosphate phosphatase activity	0/5	3/6920	1.0	8	0	1.0	
GO:0000010	MF	p	heptaprenyl diphosphate synthase activity	0/5	1/6920	1.0	6	0	1.0	
GO:0001097	MF	p	TFIIH-class transcription factor complex binding	0/5	4/6920	1.0	6	0	1.0	
GO:0004559	MF	p	alpha-mannosidase activity	0/5	7/6920	1.0	6	0	1.0	
GO:0033229	MF	p	cysteine transmembrane transporter activity	0/5	1/6920	1.0	6	0	1.0	
GO:0004650	MF	p	polygalacturonase activity	0/5	1/6920	1.0	5	0	1.0	
