0	370
0	471
0	536
2	44
2	772
5	136
5	185
5	186
5	459
5	505
5	525
5	621
5	639
5	669
5	736
5	777
5	806
11	392
11	570
11	586
11	588
11	632
11	806
12	586
15	26
15	58
15	80
15	115
15	122
15	132
15	172
15	189
15	315
15	323
15	325
15	382
15	428
15	491
15	500
15	515
15	567
15	615
15	618
15	627
15	663
15	707
15	744
15	810
15	819
15	838
15	839
19	107
19	233
19	316
19	430
19	518
19	572
20	30
20	76
20	124
20	132
20	179
20	220
20	261
20	264
20	277
20	288
20	360
20	409
20	479
20	505
20	507
20	513
20	519
20	544
20	575
20	576
20	588
20	593
20	625
20	632
20	651
20	657
20	669
20	692
20	712
20	736
20	791
20	815
26	58
26	76
26	99
26	115
26	132
26	172
26	185
26	189
26	220
26	277
26	282
26	288
26	305
26	315
26	325
26	360
26	459
26	479
26	500
26	505
26	507
26	513
26	515
26	544
26	554
26	575
26	576
26	588
26	593
26	615
26	616
26	618
26	621
26	625
26	627
26	632
26	636
26	657
26	663
26	669
26	736
26	777
26	791
26	806
26	839
28	176
28	279
28	636
28	792
30	132
30	179
30	220
30	261
30	264
30	277
30	288
30	479
30	507
30	544
30	575
30	576
30	588
30	593
30	625
30	651
30	657
30	692
30	712
30	736
31	471
39	361
39	513
39	554
39	736
45	367
45	459
45	499
45	505
45	507
45	593
45	608
45	627
45	636
45	642
45	649
45	713
45	736
45	766
45	806
45	808
45	815
49	117
54	597
58	99
58	115
58	132
58	189
58	325
58	382
58	459
58	473
58	615
58	618
58	663
58	669
58	673
58	810
58	819
58	839
63	138
63	387
68	315
73	209
76	115
76	132
76	179
76	185
76	220
76	264
76	277
76	288
76	360
76	409
76	440
76	479
76	505
76	507
76	513
76	519
76	544
76	554
76	575
76	576
76	588
76	593
76	619
76	625
76	632
76	651
76	657
76	663
76	669
76	692
76	693
76	736
76	753
76	759
76	791
76	799
76	815
77	109
77	327
77	336
77	372
80	115
80	132
80	172
80	189
80	315
80	323
80	382
80	423
80	428
80	459
80	491
80	500
80	515
80	567
80	615
80	618
80	653
80	663
80	744
80	810
80	819
80	838
80	839
81	813
83	138
83	213
83	391
83	461
83	512
83	514
83	551
83	702
83	792
83	821
85	170
85	368
85	783
87	152
87	225
87	797
87	813
89	764
91	362
91	806
92	425
93	518
93	631
93	809
96	259
96	427
97	106
97	329
97	598
97	830
99	132
99	220
99	305
99	311
99	459
99	473
99	673
99	819
105	643
106	598
106	830
107	316
107	518
107	631
107	809
109	327
109	336
109	372
109	849
110	272
111	119
112	270
112	301
112	307
112	393
112	746
112	756
112	758
112	797
113	410
115	132
115	172
115	189
115	315
115	323
115	325
115	382
115	428
115	459
115	491
115	500
115	515
115	615
115	618
115	627
115	663
115	707
115	810
115	839
116	129
116	417
116	474
116	486
116	739
116	755
116	756
116	758
116	835
116	850
121	640
123	378
123	451
124	179
124	185
124	220
124	277
124	288
124	360
124	409
124	459
124	479
124	495
124	505
124	507
124	554
124	575
124	576
124	588
124	593
124	625
124	632
124	636
124	649
124	651
124	669
124	692
124	713
124	736
124	791
124	806
124	811
129	417
129	474
129	486
129	739
129	755
129	758
129	850
131	637
132	179
132	185
132	189
132	220
132	261
132	264
132	277
132	282
132	288
132	305
132	315
132	325
132	382
132	409
132	440
132	459
132	479
132	500
132	505
132	507
132	513
132	515
132	538
132	544
132	570
132	575
132	576
132	583
132	588
132	593
132	615
132	616
132	618
132	619
132	625
132	628
132	632
132	651
132	657
132	663
132	669
132	673
132	692
132	712
132	736
132	744
132	788
132	791
132	806
132	810
132	811
132	815
132	819
132	839
132	849
135	213
135	241
135	279
135	367
135	461
135	495
135	499
135	608
135	636
135	642
135	649
135	716
135	754
135	766
135	808
135	821
136	525
136	621
136	639
138	213
138	264
138	277
138	367
138	391
138	461
138	495
138	505
138	514
138	642
138	660
138	702
138	736
138	792
138	808
138	815
138	821
143	333
146	280
146	350
146	602
146	626
146	816
150	476
152	225
152	300
152	563
152	769
152	797
152	813
154	312
154	814
156	159
156	302
156	518
156	803
158	690
159	302
159	518
159	803
160	208
160	437
160	555
160	786
164	475
169	258
169	407
169	550
169	558
169	601
169	605
170	368
170	783
172	181
172	189
172	315
172	323
172	382
172	423
172	428
172	491
172	500
172	515
172	567
172	615
172	618
172	653
172	663
172	744
172	810
172	819
172	838
172	839
177	325
179	185
179	220
179	264
179	277
179	409
179	479
179	505
179	507
179	513
179	544
179	554
179	575
179	576
179	588
179	593
179	625
179	632
179	651
179	657
179	692
179	711
179	736
179	759
179	811
179	815
181	323
181	428
181	615
184	282
184	809
184	831
185	264
185	277
185	288
185	360
185	361
185	409
185	479
185	505
185	513
185	519
185	554
185	575
185	576
185	588
185	593
185	625
185	632
185	651
185	669
185	736
185	811
185	815
186	525
186	621
186	639
186	753
186	777
189	290
189	315
189	323
189	325
189	382
189	423
189	428
189	459
189	491
189	500
189	515
189	567
189	615
189	618
189	653
189	663
189	744
189	810
189	819
189	838
189	839
193	331
193	595
193	738
195	369
197	727
202	263
204	728
205	300
206	227
206	452
206	603
208	437
208	555
208	786
213	241
213	264
213	279
213	361
213	367
213	391
213	461
213	478
213	495
213	499
213	505
213	506
213	514
213	541
213	551
213	565
213	577
213	608
213	636
213	642
213	649
213	660
213	702
213	716
213	736
213	754
213	766
213	792
213	806
213	808
213	815
213	821
220	261
220	264
220	277
220	288
220	360
220	409
220	459
220	479
220	505
220	507
220	513
220	519
220	544
220	554
220	575
220	576
220	588
220	593
220	619
220	625
220	632
220	651
220	657
220	669
220	692
220	712
220	736
220	759
220	791
220	806
220	815
225	797
225	813
227	553
227	557
227	575
231	325
232	519
232	625
233	430
234	280
234	350
236	701
237	321
237	592
237	647
238	262
238	395
238	735
239	268
239	282
239	329
239	724
241	279
241	367
241	391
241	461
241	478
241	499
241	506
241	577
241	608
241	636
241	642
241	649
241	660
241	716
241	736
241	754
241	766
241	792
241	808
241	821
246	511
250	358
250	605
255	540
258	407
258	550
258	558
258	601
258	605
258	769
261	277
261	544
261	576
261	588
261	593
261	625
261	632
261	657
261	692
261	693
261	712
262	315
262	395
262	568
262	735
262	740
263	416
264	277
264	288
264	304
264	360
264	361
264	367
264	409
264	479
264	505
264	507
264	513
264	519
264	544
264	551
264	575
264	576
264	588
264	593
264	619
264	625
264	632
264	642
264	651
264	660
264	663
264	716
264	736
264	753
264	792
264	811
264	815
264	821
268	329
268	724
270	301
270	307
270	393
270	746
270	756
270	758
270	797
274	539
274	574
277	288
277	360
277	361
277	367
277	409
277	459
277	478
277	479
277	495
277	505
277	507
277	513
277	544
277	551
277	554
277	555
277	565
277	575
277	576
277	588
277	593
277	619
277	625
277	632
277	651
277	657
277	660
277	669
277	692
277	693
277	712
277	736
277	791
277	792
277	806
277	811
277	815
278	298
279	367
279	391
279	461
279	478
279	499
279	506
279	541
279	608
279	636
279	642
279	649
279	660
279	716
279	736
279	754
279	766
279	792
279	808
279	821
280	350
280	602
280	626
280	816
282	328
282	459
282	618
282	663
282	677
282	736
282	831
288	360
288	409
288	461
288	479
288	505
288	507
288	554
288	565
288	576
288	588
288	593
288	625
288	632
288	636
288	651
288	657
288	669
288	712
288	736
288	792
288	806
288	815
288	821
290	325
290	382
290	515
295	849
300	563
300	813
301	307
301	393
301	746
301	756
301	758
301	797
302	518
302	803
302	827
304	479
304	544
305	636
305	673
305	736
307	393
307	746
310	435
310	596
310	667
312	814
315	323
315	382
315	395
315	428
315	459
315	515
315	567
315	615
315	618
315	627
315	636
315	663
315	735
315	736
315	810
315	839
316	430
316	518
316	631
316	809
321	592
321	647
323	382
323	428
323	500
323	515
323	615
323	618
323	663
323	810
323	839
325	382
325	491
325	500
325	515
325	567
325	615
325	625
325	663
325	810
325	839
327	336
327	372
327	849
329	432
329	724
329	753
331	595
331	738
336	372
338	510
343	656
350	602
352	640
358	605
359	658
360	409
360	459
360	479
360	505
360	507
360	513
360	575
360	576
360	588
360	593
360	619
360	625
360	632
360	651
360	669
360	736
360	791
360	806
360	811
361	367
361	459
361	479
361	505
361	625
361	636
361	651
361	702
361	736
361	792
361	806
361	815
361	849
367	391
367	461
367	478
367	495
367	499
367	505
367	506
367	514
367	541
367	577
367	608
367	627
367	632
367	636
367	642
367	649
367	660
367	713
367	716
367	736
367	754
367	766
367	792
367	808
367	821
368	783
369	688
370	536
370	674
373	391
373	461
373	514
373	702
373	792
378	451
382	423
382	428
382	459
382	491
382	500
382	515
382	567
382	615
382	618
382	653
382	663
382	744
382	810
382	838
382	839
391	461
391	495
391	499
391	506
391	514
391	608
391	636
391	642
391	649
391	660
391	702
391	716
391	736
391	754
391	766
391	792
391	808
391	821
392	570
392	586
392	619
393	746
393	756
393	758
393	797
395	400
395	472
395	568
395	735
395	740
400	610
400	633
400	804
407	550
407	558
407	601
407	605
407	769
409	459
409	479
409	505
409	507
409	513
409	554
409	575
409	576
409	583
409	588
409	593
409	619
409	625
409	632
409	636
409	651
409	657
409	663
409	669
409	692
409	713
409	716
409	736
409	753
409	754
409	799
409	806
409	815
414	631
414	809
415	812
417	474
417	486
417	739
417	755
417	758
417	835
417	850
423	428
423	515
423	567
423	615
424	727
426	616
428	500
428	515
428	567
428	615
428	618
428	663
428	810
428	838
428	839
430	518
430	572
432	724
433	449
433	681
433	756
433	774
433	835
435	596
435	667
437	786
438	490
438	585
440	479
440	588
440	619
440	669
440	736
440	832
445	462
445	725
449	681
449	756
449	758
449	774
449	835
452	555
459	505
459	507
459	519
459	575
459	586
459	588
459	593
459	615
459	616
459	618
459	627
459	632
459	636
459	651
459	663
459	669
459	736
459	753
459	788
459	791
459	806
459	810
459	811
459	839
461	495
461	499
461	505
461	506
461	565
461	608
461	636
461	642
461	649
461	660
461	702
461	716
461	736
461	754
461	766
461	792
461	806
461	808
461	815
461	821
462	636
462	649
462	725
471	536
472	735
473	669
473	673
473	819
474	486
474	739
474	755
474	758
474	835
474	850
476	753
478	495
478	499
478	505
478	506
478	507
478	526
478	541
478	608
478	636
478	642
478	649
478	716
478	736
478	754
478	766
478	792
478	808
479	505
479	507
479	513
479	544
479	554
479	565
479	575
479	576
479	588
479	593
479	619
479	625
479	632
479	651
479	657
479	663
479	669
479	692
479	693
479	712
479	736
479	799
479	806
479	811
479	815
486	739
486	755
486	756
486	758
486	835
486	850
490	585
491	500
491	515
491	567
491	615
491	618
491	663
491	839
495	499
495	505
495	506
495	507
495	541
495	636
495	642
495	649
495	660
495	702
495	716
495	736
495	754
495	792
495	806
495	821
499	505
499	506
499	514
499	541
499	608
499	627
499	636
499	642
499	649
499	660
499	716
499	736
499	754
499	766
499	792
499	806
499	808
499	821
500	515
500	567
500	615
500	663
500	810
500	838
500	839
505	506
505	507
505	513
505	526
505	570
505	575
505	576
505	588
505	593
505	619
505	625
505	632
505	636
505	642
505	649
505	651
505	661
505	663
505	669
505	692
505	713
505	716
505	736
505	754
505	766
505	791
505	792
505	806
505	808
505	811
505	815
505	821
506	507
506	577
506	608
506	636
506	642
506	649
506	660
506	713
506	716
506	736
506	754
506	766
506	792
506	806
506	808
506	821
507	513
507	526
507	544
507	554
507	570
507	576
507	588
507	593
507	625
507	627
507	632
507	636
507	642
507	651
507	657
507	663
507	669
507	692
507	712
507	713
507	716
507	736
507	753
507	754
507	791
507	792
507	806
507	811
512	551
512	702
512	792
513	519
513	544
513	554
513	575
513	576
513	588
513	593
513	619
513	625
513	632
513	651
513	657
513	661
513	663
513	669
513	692
513	736
513	759
513	791
513	806
513	811
513	815
514	603
514	642
514	702
514	746
514	792
515	567
515	615
515	618
515	663
515	744
515	810
515	819
515	836
515	838
515	839
518	631
518	809
519	576
519	588
519	593
519	632
519	651
519	661
519	736
519	806
519	815
525	621
525	639
525	777
526	713
526	716
536	717
538	657
541	608
541	636
541	642
541	649
541	716
541	736
541	754
541	792
541	808
542	576
544	575
544	576
544	588
544	593
544	625
544	632
544	651
544	657
544	669
544	693
544	711
544	712
544	736
550	558
550	601
550	605
551	702
551	736
551	792
551	815
553	557
554	575
554	576
554	588
554	593
554	625
554	632
554	651
554	663
554	669
554	692
554	711
554	791
554	811
554	815
557	803
558	601
558	605
565	575
565	736
566	735
567	615
567	663
567	810
567	838
567	839
568	735
568	740
570	586
570	593
570	636
570	669
570	806
575	576
575	588
575	593
575	625
575	632
575	651
575	657
575	669
575	692
575	712
575	736
575	791
575	806
575	811
576	588
576	593
576	619
576	625
576	632
576	636
576	651
576	657
576	663
576	669
576	692
576	712
576	713
576	736
576	791
576	806
576	811
576	815
577	608
577	632
577	636
577	649
577	716
577	736
577	754
577	792
577	800
577	806
577	808
586	724
586	736
586	806
588	593
588	619
588	625
588	632
588	636
588	651
588	657
588	663
588	669
588	692
588	712
588	736
588	753
588	791
588	806
588	811
588	815
589	685
589	842
592	647
593	619
593	625
593	632
593	636
593	642
593	649
593	651
593	657
593	661
593	669
593	692
593	712
593	713
593	736
593	753
593	759
593	791
593	792
593	799
593	806
593	811
593	815
595	738
596	667
598	830
600	603
601	605
603	746
605	797
608	627
608	636
608	642
608	649
608	660
608	716
608	736
608	754
608	766
608	792
608	808
608	821
610	633
612	717
615	618
615	653
615	663
615	744
615	810
615	819
615	838
615	839
616	849
618	627
618	653
618	663
618	707
618	810
618	838
618	839
619	625
619	632
619	651
619	669
619	692
619	736
619	753
619	791
619	799
619	806
619	815
621	639
621	753
621	777
621	788
625	632
625	651
625	657
625	663
625	669
625	692
625	693
625	712
625	736
625	806
625	811
626	816
627	636
627	649
627	663
627	713
627	716
627	754
627	766
628	669
631	809
632	636
632	642
632	651
632	657
632	669
632	692
632	693
632	712
632	713
632	716
632	736
632	753
632	754
632	759
632	791
632	792
632	806
632	811
632	815
633	804
636	642
636	649
636	651
636	660
636	663
636	713
636	716
636	736
636	754
636	766
636	792
636	806
636	808
636	811
636	821
639	753
639	777
641	790
642	649
642	660
642	702
642	713
642	716
642	736
642	754
642	766
642	792
642	808
642	815
642	821
649	660
649	713
649	716
649	736
649	754
649	766
649	792
649	806
649	808
649	811
649	821
651	657
651	669
651	692
651	711
651	712
651	736
651	753
651	791
651	799
651	806
651	811
651	815
651	832
653	838
653	839
657	669
657	692
657	712
657	736
657	791
657	800
660	716
660	736
660	754
660	766
660	792
660	808
660	821
661	736
663	669
663	736
663	788
663	791
663	806
663	810
663	838
663	839
669	692
669	712
669	736
669	791
669	806
673	734
673	744
673	819
681	756
681	758
681	774
681	835
685	842
691	743
691	757
692	736
692	753
692	754
692	791
692	815
702	736
702	792
702	815
702	821
707	810
712	736
712	791
713	716
713	736
713	754
713	766
713	806
716	736
716	754
716	766
716	792
716	806
716	808
724	767
735	740
736	754
736	766
736	791
736	792
736	799
736	806
736	808
736	811
736	815
736	821
736	849
739	755
739	756
739	758
739	769
739	835
739	850
744	819
746	756
746	758
746	797
753	777
753	788
753	791
753	815
754	766
754	792
754	808
754	821
755	756
755	758
755	835
755	850
756	758
756	774
756	835
756	850
758	774
758	797
758	835
758	850
766	792
766	806
766	808
774	835
791	806
792	806
792	808
792	815
792	821
792	832
797	813
799	815
806	808
806	811
808	821
809	831
810	836
810	838
810	839
811	832
815	821
819	839
835	850
838	839
370	0
471	0
536	0
44	2
772	2
136	5
185	5
186	5
459	5
505	5
525	5
621	5
639	5
669	5
736	5
777	5
806	5
392	11
570	11
586	11
588	11
632	11
806	11
586	12
26	15
58	15
80	15
115	15
122	15
132	15
172	15
189	15
315	15
323	15
325	15
382	15
428	15
491	15
500	15
515	15
567	15
615	15
618	15
627	15
663	15
707	15
744	15
810	15
819	15
838	15
839	15
107	19
233	19
316	19
430	19
518	19
572	19
30	20
76	20
124	20
132	20
179	20
220	20
261	20
264	20
277	20
288	20
360	20
409	20
479	20
505	20
507	20
513	20
519	20
544	20
575	20
576	20
588	20
593	20
625	20
632	20
651	20
657	20
669	20
692	20
712	20
736	20
791	20
815	20
58	26
76	26
99	26
115	26
132	26
172	26
185	26
189	26
220	26
277	26
282	26
288	26
305	26
315	26
325	26
360	26
459	26
479	26
500	26
505	26
507	26
513	26
515	26
544	26
554	26
575	26
576	26
588	26
593	26
615	26
616	26
618	26
621	26
625	26
627	26
632	26
636	26
657	26
663	26
669	26
736	26
777	26
791	26
806	26
839	26
176	28
279	28
636	28
792	28
132	30
179	30
220	30
261	30
264	30
277	30
288	30
479	30
507	30
544	30
575	30
576	30
588	30
593	30
625	30
651	30
657	30
692	30
712	30
736	30
471	31
361	39
513	39
554	39
736	39
367	45
459	45
499	45
505	45
507	45
593	45
608	45
627	45
636	45
642	45
649	45
713	45
736	45
766	45
806	45
808	45
815	45
117	49
597	54
99	58
115	58
132	58
189	58
325	58
382	58
459	58
473	58
615	58
618	58
663	58
669	58
673	58
810	58
819	58
839	58
138	63
387	63
315	68
209	73
115	76
132	76
179	76
185	76
220	76
264	76
277	76
288	76
360	76
409	76
440	76
479	76
505	76
507	76
513	76
519	76
544	76
554	76
575	76
576	76
588	76
593	76
619	76
625	76
632	76
651	76
657	76
663	76
669	76
692	76
693	76
736	76
753	76
759	76
791	76
799	76
815	76
109	77
327	77
336	77
372	77
115	80
132	80
172	80
189	80
315	80
323	80
382	80
423	80
428	80
459	80
491	80
500	80
515	80
567	80
615	80
618	80
653	80
663	80
744	80
810	80
819	80
838	80
839	80
813	81
138	83
213	83
391	83
461	83
512	83
514	83
551	83
702	83
792	83
821	83
170	85
368	85
783	85
152	87
225	87
797	87
813	87
764	89
362	91
806	91
425	92
518	93
631	93
809	93
259	96
427	96
106	97
329	97
598	97
830	97
132	99
220	99
305	99
311	99
459	99
473	99
673	99
819	99
643	105
598	106
830	106
316	107
518	107
631	107
809	107
327	109
336	109
372	109
849	109
272	110
119	111
270	112
301	112
307	112
393	112
746	112
756	112
758	112
797	112
410	113
132	115
172	115
189	115
315	115
323	115
325	115
382	115
428	115
459	115
491	115
500	115
515	115
615	115
618	115
627	115
663	115
707	115
810	115
839	115
129	116
417	116
474	116
486	116
739	116
755	116
756	116
758	116
835	116
850	116
640	121
378	123
451	123
179	124
185	124
220	124
277	124
288	124
360	124
409	124
459	124
479	124
495	124
505	124
507	124
554	124
575	124
576	124
588	124
593	124
625	124
632	124
636	124
649	124
651	124
669	124
692	124
713	124
736	124
791	124
806	124
811	124
417	129
474	129
486	129
739	129
755	129
758	129
850	129
637	131
179	132
185	132
189	132
220	132
261	132
264	132
277	132
282	132
288	132
305	132
315	132
325	132
382	132
409	132
440	132
459	132
479	132
500	132
505	132
507	132
513	132
515	132
538	132
544	132
570	132
575	132
576	132
583	132
588	132
593	132
615	132
616	132
618	132
619	132
625	132
628	132
632	132
651	132
657	132
663	132
669	132
673	132
692	132
712	132
736	132
744	132
788	132
791	132
806	132
810	132
811	132
815	132
819	132
839	132
849	132
213	135
241	135
279	135
367	135
461	135
495	135
499	135
608	135
636	135
642	135
649	135
716	135
754	135
766	135
808	135
821	135
525	136
621	136
639	136
213	138
264	138
277	138
367	138
391	138
461	138
495	138
505	138
514	138
642	138
660	138
702	138
736	138
792	138
808	138
815	138
821	138
333	143
280	146
350	146
602	146
626	146
816	146
476	150
225	152
300	152
563	152
769	152
797	152
813	152
312	154
814	154
159	156
302	156
518	156
803	156
690	158
302	159
518	159
803	159
208	160
437	160
555	160
786	160
475	164
258	169
407	169
550	169
558	169
601	169
605	169
368	170
783	170
181	172
189	172
315	172
323	172
382	172
423	172
428	172
491	172
500	172
515	172
567	172
615	172
618	172
653	172
663	172
744	172
810	172
819	172
838	172
839	172
325	177
185	179
220	179
264	179
277	179
409	179
479	179
505	179
507	179
513	179
544	179
554	179
575	179
576	179
588	179
593	179
625	179
632	179
651	179
657	179
692	179
711	179
736	179
759	179
811	179
815	179
323	181
428	181
615	181
282	184
809	184
831	184
264	185
277	185
288	185
360	185
361	185
409	185
479	185
505	185
513	185
519	185
554	185
575	185
576	185
588	185
593	185
625	185
632	185
651	185
669	185
736	185
811	185
815	185
525	186
621	186
639	186
753	186
777	186
290	189
315	189
323	189
325	189
382	189
423	189
428	189
459	189
491	189
500	189
515	189
567	189
615	189
618	189
653	189
663	189
744	189
810	189
819	189
838	189
839	189
331	193
595	193
738	193
369	195
727	197
263	202
728	204
300	205
227	206
452	206
603	206
437	208
555	208
786	208
241	213
264	213
279	213
361	213
367	213
391	213
461	213
478	213
495	213
499	213
505	213
506	213
514	213
541	213
551	213
565	213
577	213
608	213
636	213
642	213
649	213
660	213
702	213
716	213
736	213
754	213
766	213
792	213
806	213
808	213
815	213
821	213
261	220
264	220
277	220
288	220
360	220
409	220
459	220
479	220
505	220
507	220
513	220
519	220
544	220
554	220
575	220
576	220
588	220
593	220
619	220
625	220
632	220
651	220
657	220
669	220
692	220
712	220
736	220
759	220
791	220
806	220
815	220
797	225
813	225
553	227
557	227
575	227
325	231
519	232
625	232
430	233
280	234
350	234
701	236
321	237
592	237
647	237
262	238
395	238
735	238
268	239
282	239
329	239
724	239
279	241
367	241
391	241
461	241
478	241
499	241
506	241
577	241
608	241
636	241
642	241
649	241
660	241
716	241
736	241
754	241
766	241
792	241
808	241
821	241
511	246
358	250
605	250
540	255
407	258
550	258
558	258
601	258
605	258
769	258
277	261
544	261
576	261
588	261
593	261
625	261
632	261
657	261
692	261
693	261
712	261
315	262
395	262
568	262
735	262
740	262
416	263
277	264
288	264
304	264
360	264
361	264
367	264
409	264
479	264
505	264
507	264
513	264
519	264
544	264
551	264
575	264
576	264
588	264
593	264
619	264
625	264
632	264
642	264
651	264
660	264
663	264
716	264
736	264
753	264
792	264
811	264
815	264
821	264
329	268
724	268
301	270
307	270
393	270
746	270
756	270
758	270
797	270
539	274
574	274
288	277
360	277
361	277
367	277
409	277
459	277
478	277
479	277
495	277
505	277
507	277
513	277
544	277
551	277
554	277
555	277
565	277
575	277
576	277
588	277
593	277
619	277
625	277
632	277
651	277
657	277
660	277
669	277
692	277
693	277
712	277
736	277
791	277
792	277
806	277
811	277
815	277
298	278
367	279
391	279
461	279
478	279
499	279
506	279
541	279
608	279
636	279
642	279
649	279
660	279
716	279
736	279
754	279
766	279
792	279
808	279
821	279
350	280
602	280
626	280
816	280
328	282
459	282
618	282
663	282
677	282
736	282
831	282
360	288
409	288
461	288
479	288
505	288
507	288
554	288
565	288
576	288
588	288
593	288
625	288
632	288
636	288
651	288
657	288
669	288
712	288
736	288
792	288
806	288
815	288
821	288
325	290
382	290
515	290
849	295
563	300
813	300
307	301
393	301
746	301
756	301
758	301
797	301
518	302
803	302
827	302
479	304
544	304
636	305
673	305
736	305
393	307
746	307
435	310
596	310
667	310
814	312
323	315
382	315
395	315
428	315
459	315
515	315
567	315
615	315
618	315
627	315
636	315
663	315
735	315
736	315
810	315
839	315
430	316
518	316
631	316
809	316
592	321
647	321
382	323
428	323
500	323
515	323
615	323
618	323
663	323
810	323
839	323
382	325
491	325
500	325
515	325
567	325
615	325
625	325
663	325
810	325
839	325
336	327
372	327
849	327
432	329
724	329
753	329
595	331
738	331
372	336
510	338
656	343
602	350
640	352
605	358
658	359
409	360
459	360
479	360
505	360
507	360
513	360
575	360
576	360
588	360
593	360
619	360
625	360
632	360
651	360
669	360
736	360
791	360
806	360
811	360
367	361
459	361
479	361
505	361
625	361
636	361
651	361
702	361
736	361
792	361
806	361
815	361
849	361
391	367
461	367
478	367
495	367
499	367
505	367
506	367
514	367
541	367
577	367
608	367
627	367
632	367
636	367
642	367
649	367
660	367
713	367
716	367
736	367
754	367
766	367
792	367
808	367
821	367
783	368
688	369
536	370
674	370
391	373
461	373
514	373
702	373
792	373
451	378
423	382
428	382
459	382
491	382
500	382
515	382
567	382
615	382
618	382
653	382
663	382
744	382
810	382
838	382
839	382
461	391
495	391
499	391
506	391
514	391
608	391
636	391
642	391
649	391
660	391
702	391
716	391
736	391
754	391
766	391
792	391
808	391
821	391
570	392
586	392
619	392
746	393
756	393
758	393
797	393
400	395
472	395
568	395
735	395
740	395
610	400
633	400
804	400
550	407
558	407
601	407
605	407
769	407
459	409
479	409
505	409
507	409
513	409
554	409
575	409
576	409
583	409
588	409
593	409
619	409
625	409
632	409
636	409
651	409
657	409
663	409
669	409
692	409
713	409
716	409
736	409
753	409
754	409
799	409
806	409
815	409
631	414
809	414
812	415
474	417
486	417
739	417
755	417
758	417
835	417
850	417
428	423
515	423
567	423
615	423
727	424
616	426
500	428
515	428
567	428
615	428
618	428
663	428
810	428
838	428
839	428
518	430
572	430
724	432
449	433
681	433
756	433
774	433
835	433
596	435
667	435
786	437
490	438
585	438
479	440
588	440
619	440
669	440
736	440
832	440
462	445
725	445
681	449
756	449
758	449
774	449
835	449
555	452
505	459
507	459
519	459
575	459
586	459
588	459
593	459
615	459
616	459
618	459
627	459
632	459
636	459
651	459
663	459
669	459
736	459
753	459
788	459
791	459
806	459
810	459
811	459
839	459
495	461
499	461
505	461
506	461
565	461
608	461
636	461
642	461
649	461
660	461
702	461
716	461
736	461
754	461
766	461
792	461
806	461
808	461
815	461
821	461
636	462
649	462
725	462
536	471
735	472
669	473
673	473
819	473
486	474
739	474
755	474
758	474
835	474
850	474
753	476
495	478
499	478
505	478
506	478
507	478
526	478
541	478
608	478
636	478
642	478
649	478
716	478
736	478
754	478
766	478
792	478
808	478
505	479
507	479
513	479
544	479
554	479
565	479
575	479
576	479
588	479
593	479
619	479
625	479
632	479
651	479
657	479
663	479
669	479
692	479
693	479
712	479
736	479
799	479
806	479
811	479
815	479
739	486
755	486
756	486
758	486
835	486
850	486
585	490
500	491
515	491
567	491
615	491
618	491
663	491
839	491
499	495
505	495
506	495
507	495
541	495
636	495
642	495
649	495
660	495
702	495
716	495
736	495
754	495
792	495
806	495
821	495
505	499
506	499
514	499
541	499
608	499
627	499
636	499
642	499
649	499
660	499
716	499
736	499
754	499
766	499
792	499
806	499
808	499
821	499
515	500
567	500
615	500
663	500
810	500
838	500
839	500
506	505
507	505
513	505
526	505
570	505
575	505
576	505
588	505
593	505
619	505
625	505
632	505
636	505
642	505
649	505
651	505
661	505
663	505
669	505
692	505
713	505
716	505
736	505
754	505
766	505
791	505
792	505
806	505
808	505
811	505
815	505
821	505
507	506
577	506
608	506
636	506
642	506
649	506
660	506
713	506
716	506
736	506
754	506
766	506
792	506
806	506
808	506
821	506
513	507
526	507
544	507
554	507
570	507
576	507
588	507
593	507
625	507
627	507
632	507
636	507
642	507
651	507
657	507
663	507
669	507
692	507
712	507
713	507
716	507
736	507
753	507
754	507
791	507
792	507
806	507
811	507
551	512
702	512
792	512
519	513
544	513
554	513
575	513
576	513
588	513
593	513
619	513
625	513
632	513
651	513
657	513
661	513
663	513
669	513
692	513
736	513
759	513
791	513
806	513
811	513
815	513
603	514
642	514
702	514
746	514
792	514
567	515
615	515
618	515
663	515
744	515
810	515
819	515
836	515
838	515
839	515
631	518
809	518
576	519
588	519
593	519
632	519
651	519
661	519
736	519
806	519
815	519
621	525
639	525
777	525
713	526
716	526
717	536
657	538
608	541
636	541
642	541
649	541
716	541
736	541
754	541
792	541
808	541
576	542
575	544
576	544
588	544
593	544
625	544
632	544
651	544
657	544
669	544
693	544
711	544
712	544
736	544
558	550
601	550
605	550
702	551
736	551
792	551
815	551
557	553
575	554
576	554
588	554
593	554
625	554
632	554
651	554
663	554
669	554
692	554
711	554
791	554
811	554
815	554
803	557
601	558
605	558
575	565
736	565
735	566
615	567
663	567
810	567
838	567
839	567
735	568
740	568
586	570
593	570
636	570
669	570
806	570
576	575
588	575
593	575
625	575
632	575
651	575
657	575
669	575
692	575
712	575
736	575
791	575
806	575
811	575
588	576
593	576
619	576
625	576
632	576
636	576
651	576
657	576
663	576
669	576
692	576
712	576
713	576
736	576
791	576
806	576
811	576
815	576
608	577
632	577
636	577
649	577
716	577
736	577
754	577
792	577
800	577
806	577
808	577
724	586
736	586
806	586
593	588
619	588
625	588
632	588
636	588
651	588
657	588
663	588
669	588
692	588
712	588
736	588
753	588
791	588
806	588
811	588
815	588
685	589
842	589
647	592
619	593
625	593
632	593
636	593
642	593
649	593
651	593
657	593
661	593
669	593
692	593
712	593
713	593
736	593
753	593
759	593
791	593
792	593
799	593
806	593
811	593
815	593
738	595
667	596
830	598
603	600
605	601
746	603
797	605
627	608
636	608
642	608
649	608
660	608
716	608
736	608
754	608
766	608
792	608
808	608
821	608
633	610
717	612
618	615
653	615
663	615
744	615
810	615
819	615
838	615
839	615
849	616
627	618
653	618
663	618
707	618
810	618
838	618
839	618
625	619
632	619
651	619
669	619
692	619
736	619
753	619
791	619
799	619
806	619
815	619
639	621
753	621
777	621
788	621
632	625
651	625
657	625
663	625
669	625
692	625
693	625
712	625
736	625
806	625
811	625
816	626
636	627
649	627
663	627
713	627
716	627
754	627
766	627
669	628
809	631
636	632
642	632
651	632
657	632
669	632
692	632
693	632
712	632
713	632
716	632
736	632
753	632
754	632
759	632
791	632
792	632
806	632
811	632
815	632
804	633
642	636
649	636
651	636
660	636
663	636
713	636
716	636
736	636
754	636
766	636
792	636
806	636
808	636
811	636
821	636
753	639
777	639
790	641
649	642
660	642
702	642
713	642
716	642
736	642
754	642
766	642
792	642
808	642
815	642
821	642
660	649
713	649
716	649
736	649
754	649
766	649
792	649
806	649
808	649
811	649
821	649
657	651
669	651
692	651
711	651
712	651
736	651
753	651
791	651
799	651
806	651
811	651
815	651
832	651
838	653
839	653
669	657
692	657
712	657
736	657
791	657
800	657
716	660
736	660
754	660
766	660
792	660
808	660
821	660
736	661
669	663
736	663
788	663
791	663
806	663
810	663
838	663
839	663
692	669
712	669
736	669
791	669
806	669
734	673
744	673
819	673
756	681
758	681
774	681
835	681
842	685
743	691
757	691
736	692
753	692
754	692
791	692
815	692
736	702
792	702
815	702
821	702
810	707
736	712
791	712
716	713
736	713
754	713
766	713
806	713
736	716
754	716
766	716
792	716
806	716
808	716
767	724
740	735
754	736
766	736
791	736
792	736
799	736
806	736
808	736
811	736
815	736
821	736
849	736
755	739
756	739
758	739
769	739
835	739
850	739
819	744
756	746
758	746
797	746
777	753
788	753
791	753
815	753
766	754
792	754
808	754
821	754
756	755
758	755
835	755
850	755
758	756
774	756
835	756
850	756
774	758
797	758
835	758
850	758
792	766
806	766
808	766
835	774
806	791
806	792
808	792
815	792
821	792
832	792
813	797
815	799
808	806
811	806
821	808
831	809
836	810
838	810
839	810
832	811
821	815
839	819
850	835
839	838
