4	415
5	37
5	90
5	136
5	198
5	271
5	457
5	505
5	639
5	736
5	777
6	590
10	383
10	696
10	718
12	586
13	296
16	56
16	731
19	34
19	178
19	316
19	384
19	430
19	518
19	770
20	33
20	53
20	76
20	101
20	124
20	179
20	192
20	220
20	264
20	265
20	277
20	283
20	314
20	409
20	434
20	457
20	505
20	507
20	519
20	556
20	575
20	576
20	588
20	593
20	632
20	651
20	657
20	712
20	736
20	737
21	413
21	465
24	851
25	672
26	33
26	37
26	52
26	58
26	69
26	76
26	90
26	99
26	115
26	172
26	189
26	192
26	220
26	271
26	277
26	282
26	305
26	314
26	315
26	357
26	434
26	457
26	505
26	507
26	527
26	554
26	575
26	576
26	588
26	593
26	615
26	618
26	632
26	657
26	663
26	736
26	737
26	777
26	795
28	176
28	279
28	792
28	807
29	47
29	59
29	128
29	150
29	174
29	285
29	313
29	330
29	401
29	454
29	476
29	622
29	623
29	700
29	747
29	780
29	794
33	52
33	58
33	76
33	90
33	99
33	115
33	124
33	167
33	177
33	192
33	220
33	264
33	271
33	314
33	315
33	409
33	434
33	457
33	505
33	507
33	554
33	559
33	575
33	576
33	588
33	593
33	632
33	651
33	657
33	663
33	736
33	737
33	788
34	178
34	302
34	316
34	384
34	430
34	504
34	518
34	631
34	770
34	809
36	384
36	504
36	831
37	136
37	639
37	737
37	777
37	788
37	814
38	377
38	626
38	629
38	816
42	78
42	82
42	166
42	171
42	182
42	190
42	484
42	497
42	573
42	582
42	624
42	644
42	683
42	745
46	814
47	59
47	128
47	150
47	174
47	219
47	285
47	313
47	330
47	401
47	454
47	460
47	476
47	622
47	623
47	654
47	700
47	747
47	780
47	794
48	129
48	307
48	417
48	486
48	666
48	681
48	706
48	755
48	756
48	758
48	774
48	775
48	797
48	820
48	848
48	850
49	817
51	463
52	58
52	69
52	76
52	90
52	99
52	115
52	179
52	189
52	192
52	220
52	264
52	265
52	277
52	311
52	314
52	315
52	357
52	409
52	457
52	505
52	507
52	527
52	538
52	554
52	559
52	575
52	586
52	588
52	593
52	632
52	651
52	657
52	663
52	673
52	712
52	736
52	737
52	744
52	788
52	819
53	76
53	101
53	192
53	220
53	264
53	277
53	283
53	314
53	434
53	457
53	575
53	576
53	593
53	632
53	651
53	657
53	736
54	822
55	334
55	561
56	731
57	79
57	152
57	169
57	254
57	286
57	407
57	482
57	558
57	708
57	755
57	769
58	90
58	99
58	115
58	189
58	615
58	618
58	663
58	673
58	737
58	819
59	128
59	150
59	174
59	285
59	313
59	330
59	401
59	454
59	460
59	476
59	622
59	623
59	700
59	747
59	780
59	794
62	191
62	379
62	463
63	138
63	275
64	78
64	166
64	171
64	573
64	624
64	644
64	683
68	315
69	90
69	268
69	282
69	586
69	628
69	724
69	737
70	213
70	279
70	478
70	649
70	660
70	792
72	378
72	451
72	549
74	79
74	169
74	407
74	558
74	601
74	605
76	90
76	101
76	115
76	179
76	192
76	220
76	264
76	265
76	271
76	277
76	283
76	314
76	357
76	409
76	434
76	457
76	505
76	507
76	519
76	554
76	575
76	576
76	588
76	593
76	619
76	632
76	651
76	657
76	663
76	693
76	736
76	737
76	759
76	799
77	317
77	327
77	372
77	678
77	709
77	729
78	82
78	166
78	171
78	190
78	484
78	497
78	548
78	573
78	582
78	624
78	644
78	668
78	683
78	745
79	169
79	407
79	558
79	601
79	605
82	166
82	171
82	182
82	190
82	484
82	497
82	548
82	573
82	582
82	624
82	644
82	683
82	745
86	718
87	152
87	225
87	797
87	813
88	242
90	115
90	130
90	167
90	172
90	189
90	198
90	264
90	282
90	314
90	315
90	323
90	409
90	491
90	505
90	507
90	527
90	567
90	588
90	615
90	618
90	639
90	649
90	651
90	663
90	716
90	736
90	737
90	754
90	795
90	838
91	362
92	425
97	598
97	686
97	830
99	220
99	305
99	311
99	673
99	737
99	819
100	787
101	124
101	138
101	179
101	192
101	213
101	220
101	264
101	271
101	277
101	314
101	318
101	409
101	434
101	457
101	505
101	507
101	554
101	559
101	576
101	588
101	593
101	632
101	651
101	657
101	660
101	712
101	736
101	737
101	759
101	811
101	828
102	179
108	443
108	447
110	272
110	276
113	768
114	158
114	229
114	260
114	399
114	690
115	167
115	172
115	189
115	315
115	323
115	491
115	527
115	615
115	618
115	663
115	707
115	737
115	795
118	696
120	145
124	179
124	192
124	198
124	220
124	277
124	314
124	409
124	434
124	457
124	495
124	505
124	507
124	554
124	575
124	576
124	588
124	593
124	632
124	649
124	651
124	713
124	736
124	737
124	811
127	217
128	150
128	174
128	219
128	285
128	313
128	330
128	401
128	454
128	476
128	622
128	623
128	700
128	747
128	780
128	794
129	417
129	486
129	666
129	755
129	758
129	850
130	198
130	213
130	241
130	271
130	279
130	318
130	367
130	409
130	478
130	495
130	503
130	505
130	506
130	507
130	541
130	608
130	649
130	713
130	716
130	736
130	754
130	766
130	784
130	792
131	637
136	639
136	737
138	213
138	230
138	264
138	275
138	277
138	318
138	345
138	367
138	391
138	495
138	505
138	660
138	670
138	736
138	792
140	286
140	686
140	769
140	844
143	333
149	434
149	632
150	174
150	285
150	313
150	330
150	401
150	454
150	476
150	622
150	623
150	654
150	700
150	747
150	780
150	794
152	225
152	769
152	797
152	813
154	312
154	487
154	545
154	765
154	814
154	820
156	159
156	302
156	518
158	229
158	260
158	399
158	690
159	302
159	384
159	518
160	437
160	450
160	555
160	786
163	733
164	475
166	171
166	182
166	190
166	484
166	497
166	548
166	573
166	582
166	624
166	644
166	668
166	683
166	745
167	231
167	491
167	663
167	737
167	795
168	326
168	463
168	483
168	542
168	676
168	834
169	407
169	482
169	558
169	601
169	605
170	366
170	368
170	679
170	749
170	783
171	182
171	190
171	484
171	497
171	548
171	573
171	582
171	624
171	644
171	683
171	689
171	745
172	181
172	189
172	211
172	315
172	323
172	390
172	491
172	527
172	567
172	615
172	618
172	653
172	663
172	744
172	795
172	819
172	838
174	285
174	313
174	330
174	401
174	454
174	476
174	622
174	623
174	700
174	747
174	780
174	794
176	807
178	316
178	384
178	430
178	518
178	770
179	192
179	220
179	264
179	271
179	277
179	314
179	409
179	434
179	457
179	505
179	507
179	554
179	575
179	576
179	588
179	593
179	632
179	651
179	657
179	711
179	736
179	737
179	759
179	811
181	211
181	323
181	390
181	615
181	795
182	309
182	484
182	573
182	582
182	644
184	282
184	384
184	504
184	809
184	831
187	268
189	290
189	315
189	323
189	390
189	491
189	527
189	567
189	615
189	618
189	653
189	663
189	737
189	744
189	795
189	819
189	838
190	484
190	497
190	573
190	582
190	644
190	683
190	689
190	745
191	379
191	463
192	198
192	213
192	220
192	264
192	265
192	271
192	277
192	314
192	357
192	409
192	434
192	457
192	495
192	505
192	507
192	519
192	556
192	575
192	576
192	588
192	593
192	619
192	632
192	649
192	651
192	657
192	660
192	661
192	712
192	716
192	736
192	737
192	792
192	811
193	331
193	492
193	595
193	738
195	369
195	675
197	727
198	213
198	241
198	264
198	271
198	279
198	367
198	409
198	462
198	495
198	503
198	505
198	506
198	507
198	527
198	541
198	593
198	608
198	632
198	649
198	660
198	716
198	736
198	754
198	766
198	784
198	792
198	811
203	435
203	528
203	596
204	728
205	377
205	664
206	227
206	363
206	452
206	603
210	264
210	588
210	736
211	323
211	390
211	615
211	795
213	230
213	241
213	251
213	264
213	279
213	314
213	318
213	345
213	367
213	391
213	478
213	495
213	503
213	505
213	506
213	541
213	551
213	608
213	649
213	660
213	670
213	716
213	736
213	754
213	766
213	784
213	792
214	444
215	613
219	285
219	747
219	794
220	264
220	271
220	277
220	314
220	409
220	434
220	457
220	505
220	507
220	519
220	554
220	575
220	576
220	588
220	593
220	619
220	632
220	651
220	657
220	712
220	736
220	737
220	759
221	398
223	741
225	797
225	813
227	457
227	575
227	843
229	690
230	345
230	391
230	495
230	512
230	551
230	608
230	660
230	736
230	792
232	519
232	571
236	701
238	395
238	735
239	268
239	282
239	724
241	251
241	279
241	318
241	367
241	391
241	478
241	503
241	506
241	608
241	649
241	660
241	716
241	736
241	754
241	766
241	792
247	528
250	605
250	699
251	367
251	505
251	506
251	649
251	736
251	792
254	286
255	540
260	399
260	690
263	416
264	265
264	271
264	277
264	304
264	314
264	318
264	367
264	409
264	434
264	457
264	505
264	507
264	519
264	551
264	559
264	575
264	576
264	588
264	593
264	619
264	632
264	651
264	660
264	663
264	716
264	736
264	737
264	792
264	811
265	271
265	277
265	314
265	434
265	457
265	555
265	575
265	588
265	593
265	632
265	651
265	736
266	706
268	411
268	724
271	277
271	279
271	314
271	318
271	409
271	434
271	457
271	495
271	505
271	506
271	507
271	570
271	575
271	576
271	586
271	588
271	593
271	619
271	632
271	651
271	663
271	713
271	736
271	737
271	754
271	792
271	811
272	276
274	287
274	539
275	505
275	736
277	283
277	314
277	357
277	367
277	409
277	434
277	457
277	478
277	495
277	505
277	507
277	551
277	554
277	555
277	575
277	576
277	588
277	593
277	619
277	632
277	651
277	657
277	660
277	693
277	712
277	736
277	737
277	792
277	811
279	318
279	367
279	391
279	478
279	503
279	506
279	541
279	608
279	649
279	660
279	716
279	736
279	754
279	766
279	784
279	792
282	384
282	504
282	527
282	618
282	663
282	736
282	737
282	831
283	314
283	434
283	457
283	575
283	593
283	632
283	712
283	736
285	313
285	330
285	401
285	454
285	460
285	476
285	622
285	623
285	700
285	747
285	780
285	794
286	407
286	482
286	769
287	539
293	579
299	505
299	733
302	384
302	518
304	434
304	457
305	673
305	736
307	706
307	848
312	487
312	545
312	765
312	814
313	330
313	401
313	454
313	460
313	476
313	622
313	623
313	700
313	747
313	780
313	794
314	357
314	409
314	434
314	457
314	495
314	505
314	507
314	519
314	554
314	559
314	570
314	575
314	576
314	588
314	593
314	619
314	632
314	649
314	651
314	657
314	661
314	663
314	712
314	736
314	737
314	752
314	759
314	792
314	799
314	811
315	323
315	395
315	527
315	534
315	567
315	615
315	618
315	663
315	735
315	736
315	737
315	795
316	384
316	430
316	518
316	631
316	770
316	809
317	327
317	372
317	678
317	709
317	729
318	345
318	367
318	391
318	495
318	505
318	506
318	507
318	608
318	649
318	660
318	670
318	716
318	736
318	754
318	766
318	784
318	792
321	592
321	647
323	390
323	527
323	615
323	618
323	663
323	795
326	463
326	483
326	542
326	576
326	676
326	750
326	834
327	372
327	678
327	709
327	729
327	849
330	397
330	401
330	454
330	476
330	622
330	623
330	747
330	780
330	794
331	492
331	595
331	738
334	561
337	790
345	391
345	660
345	670
345	736
345	792
347	805
348	490
348	585
352	640
353	370
353	426
353	849
357	457
357	554
357	593
357	628
357	632
357	712
357	737
357	752
362	762
363	452
366	368
366	679
366	749
366	783
367	391
367	478
367	495
367	503
367	505
367	506
367	541
367	608
367	632
367	649
367	660
367	670
367	713
367	716
367	736
367	754
367	766
367	784
367	792
368	679
368	749
368	783
369	675
369	688
372	678
372	709
372	729
373	391
373	670
373	792
375	507
377	629
377	816
378	451
378	549
379	463
381	756
381	758
381	774
381	820
381	848
383	696
384	430
384	504
384	518
384	631
384	770
384	809
384	831
385	760
386	643
388	530
389	661
390	527
390	615
390	795
390	838
391	495
391	503
391	506
391	608
391	649
391	660
391	670
391	716
391	736
391	754
391	766
391	792
395	568
395	735
395	740
399	690
401	454
401	476
401	622
401	623
401	654
401	700
401	747
401	780
401	794
404	481
404	741
407	482
407	558
407	601
407	605
407	769
409	434
409	457
409	505
409	507
409	527
409	554
409	575
409	576
409	583
409	588
409	593
409	619
409	632
409	651
409	657
409	663
409	713
409	716
409	736
409	737
409	754
409	799
413	465
417	486
417	666
417	755
417	758
417	848
417	850
424	727
426	457
429	801
430	518
430	770
432	724
434	457
434	505
434	507
434	519
434	554
434	575
434	576
434	588
434	593
434	619
434	632
434	651
434	657
434	693
434	712
434	736
434	737
434	759
434	811
435	528
435	596
437	450
437	786
438	490
438	585
443	447
450	786
451	549
452	555
454	476
454	622
454	623
454	654
454	700
454	747
454	780
454	794
457	505
457	507
457	527
457	554
457	575
457	576
457	588
457	593
457	615
457	619
457	628
457	632
457	651
457	657
457	663
457	693
457	712
457	736
457	737
457	811
457	819
457	849
460	780
460	794
462	649
462	784
463	483
463	542
463	576
463	676
463	750
463	834
467	751
476	622
476	623
476	700
476	747
476	780
476	794
478	495
478	505
478	506
478	507
478	526
478	541
478	608
478	649
478	716
478	736
478	754
478	766
478	792
481	741
482	558
482	605
482	769
483	542
483	676
483	834
484	497
484	548
484	573
484	582
484	624
484	644
484	683
486	666
486	755
486	756
486	758
486	848
486	850
487	545
487	765
487	814
488	630
490	585
491	527
491	567
491	615
491	618
491	663
491	737
491	795
492	595
492	738
495	505
495	506
495	507
495	541
495	649
495	660
495	716
495	736
495	737
495	754
495	792
497	548
497	573
497	582
497	624
497	644
497	683
497	745
498	589
498	685
503	506
503	608
503	632
503	649
503	716
503	736
503	754
503	766
503	784
503	792
504	518
504	631
504	809
504	831
505	506
505	507
505	526
505	570
505	575
505	576
505	588
505	593
505	619
505	632
505	649
505	651
505	661
505	663
505	713
505	716
505	736
505	737
505	754
505	766
505	784
505	792
505	811
506	507
506	608
506	649
506	660
506	713
506	716
506	736
506	754
506	766
506	792
507	526
507	554
507	570
507	576
507	588
507	593
507	632
507	651
507	657
507	663
507	712
507	713
507	716
507	736
507	737
507	754
507	792
507	811
512	551
512	792
518	631
518	770
518	809
519	576
519	588
519	593
519	632
519	651
519	661
519	736
519	737
526	713
526	716
527	567
527	576
527	615
527	618
527	653
527	663
527	737
527	795
527	838
528	596
538	657
541	608
541	649
541	716
541	736
541	754
541	784
541	792
542	576
542	676
542	834
545	765
545	814
546	793
548	573
548	582
548	624
548	644
548	683
551	736
551	792
554	575
554	576
554	588
554	593
554	632
554	651
554	663
554	711
554	811
558	601
558	605
559	583
559	673
559	724
559	734
559	737
564	849
566	735
567	615
567	663
567	795
567	838
568	735
568	740
570	586
570	593
573	582
573	624
573	644
573	683
573	689
573	745
575	576
575	588
575	593
575	632
575	651
575	657
575	712
575	736
575	737
575	811
576	588
576	593
576	619
576	632
576	651
576	657
576	663
576	712
576	713
576	736
576	737
576	811
578	624
578	683
582	624
582	644
582	668
582	683
583	737
586	724
586	736
588	593
588	619
588	632
588	651
588	657
588	663
588	712
588	736
588	737
588	811
589	685
592	647
593	619
593	632
593	649
593	651
593	657
593	661
593	712
593	713
593	736
593	737
593	759
593	792
593	799
593	811
595	738
598	830
599	635
601	605
602	629
605	699
605	797
607	687
608	649
608	660
608	716
608	736
608	754
608	766
608	784
608	792
611	691
611	719
615	618
615	653
615	663
615	737
615	744
615	795
615	819
615	838
618	653
618	663
618	707
618	737
618	795
618	838
619	632
619	651
619	736
619	737
619	799
622	623
622	747
622	780
622	794
623	700
623	747
623	794
624	644
624	683
626	629
626	816
629	816
631	770
631	809
632	651
632	657
632	693
632	712
632	713
632	716
632	736
632	737
632	754
632	759
632	792
632	811
639	777
644	683
644	689
644	745
645	846
649	660
649	713
649	716
649	736
649	754
649	766
649	784
649	792
649	811
651	657
651	711
651	712
651	736
651	737
651	799
651	811
653	795
653	838
657	712
657	736
657	737
657	828
660	670
660	716
660	736
660	754
660	766
660	792
661	736
663	736
663	737
663	788
663	795
663	838
666	755
666	756
666	758
666	848
666	850
670	736
670	792
673	734
673	744
673	819
675	688
676	750
676	834
678	709
678	729
679	749
679	783
680	710
681	756
681	758
681	774
681	775
681	820
681	848
683	689
683	745
686	844
691	719
699	797
700	747
700	794
706	756
706	758
706	797
706	848
709	729
712	736
712	737
713	716
713	736
713	754
713	766
713	784
716	736
716	754
716	766
716	784
716	792
724	767
735	740
736	737
736	754
736	766
736	784
736	792
736	799
736	811
736	849
737	788
737	795
737	811
744	795
744	819
747	780
747	794
749	783
754	766
754	784
754	792
755	756
755	758
755	848
755	850
756	758
756	774
756	775
756	820
756	848
756	850
758	774
758	775
758	797
758	820
758	848
758	850
765	814
766	784
766	792
770	809
774	775
774	820
774	848
775	820
775	848
780	794
784	792
795	819
795	838
797	813
797	848
809	831
818	824
820	848
848	850
415	4
37	5
90	5
136	5
198	5
271	5
457	5
505	5
639	5
736	5
777	5
590	6
383	10
696	10
718	10
586	12
296	13
56	16
731	16
34	19
178	19
316	19
384	19
430	19
518	19
770	19
33	20
53	20
76	20
101	20
124	20
179	20
192	20
220	20
264	20
265	20
277	20
283	20
314	20
409	20
434	20
457	20
505	20
507	20
519	20
556	20
575	20
576	20
588	20
593	20
632	20
651	20
657	20
712	20
736	20
737	20
413	21
465	21
851	24
672	25
33	26
37	26
52	26
58	26
69	26
76	26
90	26
99	26
115	26
172	26
189	26
192	26
220	26
271	26
277	26
282	26
305	26
314	26
315	26
357	26
434	26
457	26
505	26
507	26
527	26
554	26
575	26
576	26
588	26
593	26
615	26
618	26
632	26
657	26
663	26
736	26
737	26
777	26
795	26
176	28
279	28
792	28
807	28
47	29
59	29
128	29
150	29
174	29
285	29
313	29
330	29
401	29
454	29
476	29
622	29
623	29
700	29
747	29
780	29
794	29
52	33
58	33
76	33
90	33
99	33
115	33
124	33
167	33
177	33
192	33
220	33
264	33
271	33
314	33
315	33
409	33
434	33
457	33
505	33
507	33
554	33
559	33
575	33
576	33
588	33
593	33
632	33
651	33
657	33
663	33
736	33
737	33
788	33
178	34
302	34
316	34
384	34
430	34
504	34
518	34
631	34
770	34
809	34
384	36
504	36
831	36
136	37
639	37
737	37
777	37
788	37
814	37
377	38
626	38
629	38
816	38
78	42
82	42
166	42
171	42
182	42
190	42
484	42
497	42
573	42
582	42
624	42
644	42
683	42
745	42
814	46
59	47
128	47
150	47
174	47
219	47
285	47
313	47
330	47
401	47
454	47
460	47
476	47
622	47
623	47
654	47
700	47
747	47
780	47
794	47
129	48
307	48
417	48
486	48
666	48
681	48
706	48
755	48
756	48
758	48
774	48
775	48
797	48
820	48
848	48
850	48
817	49
463	51
58	52
69	52
76	52
90	52
99	52
115	52
179	52
189	52
192	52
220	52
264	52
265	52
277	52
311	52
314	52
315	52
357	52
409	52
457	52
505	52
507	52
527	52
538	52
554	52
559	52
575	52
586	52
588	52
593	52
632	52
651	52
657	52
663	52
673	52
712	52
736	52
737	52
744	52
788	52
819	52
76	53
101	53
192	53
220	53
264	53
277	53
283	53
314	53
434	53
457	53
575	53
576	53
593	53
632	53
651	53
657	53
736	53
822	54
334	55
561	55
731	56
79	57
152	57
169	57
254	57
286	57
407	57
482	57
558	57
708	57
755	57
769	57
90	58
99	58
115	58
189	58
615	58
618	58
663	58
673	58
737	58
819	58
128	59
150	59
174	59
285	59
313	59
330	59
401	59
454	59
460	59
476	59
622	59
623	59
700	59
747	59
780	59
794	59
191	62
379	62
463	62
138	63
275	63
78	64
166	64
171	64
573	64
624	64
644	64
683	64
315	68
90	69
268	69
282	69
586	69
628	69
724	69
737	69
213	70
279	70
478	70
649	70
660	70
792	70
378	72
451	72
549	72
79	74
169	74
407	74
558	74
601	74
605	74
90	76
101	76
115	76
179	76
192	76
220	76
264	76
265	76
271	76
277	76
283	76
314	76
357	76
409	76
434	76
457	76
505	76
507	76
519	76
554	76
575	76
576	76
588	76
593	76
619	76
632	76
651	76
657	76
663	76
693	76
736	76
737	76
759	76
799	76
317	77
327	77
372	77
678	77
709	77
729	77
82	78
166	78
171	78
190	78
484	78
497	78
548	78
573	78
582	78
624	78
644	78
668	78
683	78
745	78
169	79
407	79
558	79
601	79
605	79
166	82
171	82
182	82
190	82
484	82
497	82
548	82
573	82
582	82
624	82
644	82
683	82
745	82
718	86
152	87
225	87
797	87
813	87
242	88
115	90
130	90
167	90
172	90
189	90
198	90
264	90
282	90
314	90
315	90
323	90
409	90
491	90
505	90
507	90
527	90
567	90
588	90
615	90
618	90
639	90
649	90
651	90
663	90
716	90
736	90
737	90
754	90
795	90
838	90
362	91
425	92
598	97
686	97
830	97
220	99
305	99
311	99
673	99
737	99
819	99
787	100
124	101
138	101
179	101
192	101
213	101
220	101
264	101
271	101
277	101
314	101
318	101
409	101
434	101
457	101
505	101
507	101
554	101
559	101
576	101
588	101
593	101
632	101
651	101
657	101
660	101
712	101
736	101
737	101
759	101
811	101
828	101
179	102
443	108
447	108
272	110
276	110
768	113
158	114
229	114
260	114
399	114
690	114
167	115
172	115
189	115
315	115
323	115
491	115
527	115
615	115
618	115
663	115
707	115
737	115
795	115
696	118
145	120
179	124
192	124
198	124
220	124
277	124
314	124
409	124
434	124
457	124
495	124
505	124
507	124
554	124
575	124
576	124
588	124
593	124
632	124
649	124
651	124
713	124
736	124
737	124
811	124
217	127
150	128
174	128
219	128
285	128
313	128
330	128
401	128
454	128
476	128
622	128
623	128
700	128
747	128
780	128
794	128
417	129
486	129
666	129
755	129
758	129
850	129
198	130
213	130
241	130
271	130
279	130
318	130
367	130
409	130
478	130
495	130
503	130
505	130
506	130
507	130
541	130
608	130
649	130
713	130
716	130
736	130
754	130
766	130
784	130
792	130
637	131
639	136
737	136
213	138
230	138
264	138
275	138
277	138
318	138
345	138
367	138
391	138
495	138
505	138
660	138
670	138
736	138
792	138
286	140
686	140
769	140
844	140
333	143
434	149
632	149
174	150
285	150
313	150
330	150
401	150
454	150
476	150
622	150
623	150
654	150
700	150
747	150
780	150
794	150
225	152
769	152
797	152
813	152
312	154
487	154
545	154
765	154
814	154
820	154
159	156
302	156
518	156
229	158
260	158
399	158
690	158
302	159
384	159
518	159
437	160
450	160
555	160
786	160
733	163
475	164
171	166
182	166
190	166
484	166
497	166
548	166
573	166
582	166
624	166
644	166
668	166
683	166
745	166
231	167
491	167
663	167
737	167
795	167
326	168
463	168
483	168
542	168
676	168
834	168
407	169
482	169
558	169
601	169
605	169
366	170
368	170
679	170
749	170
783	170
182	171
190	171
484	171
497	171
548	171
573	171
582	171
624	171
644	171
683	171
689	171
745	171
181	172
189	172
211	172
315	172
323	172
390	172
491	172
527	172
567	172
615	172
618	172
653	172
663	172
744	172
795	172
819	172
838	172
285	174
313	174
330	174
401	174
454	174
476	174
622	174
623	174
700	174
747	174
780	174
794	174
807	176
316	178
384	178
430	178
518	178
770	178
192	179
220	179
264	179
271	179
277	179
314	179
409	179
434	179
457	179
505	179
507	179
554	179
575	179
576	179
588	179
593	179
632	179
651	179
657	179
711	179
736	179
737	179
759	179
811	179
211	181
323	181
390	181
615	181
795	181
309	182
484	182
573	182
582	182
644	182
282	184
384	184
504	184
809	184
831	184
268	187
290	189
315	189
323	189
390	189
491	189
527	189
567	189
615	189
618	189
653	189
663	189
737	189
744	189
795	189
819	189
838	189
484	190
497	190
573	190
582	190
644	190
683	190
689	190
745	190
379	191
463	191
198	192
213	192
220	192
264	192
265	192
271	192
277	192
314	192
357	192
409	192
434	192
457	192
495	192
505	192
507	192
519	192
556	192
575	192
576	192
588	192
593	192
619	192
632	192
649	192
651	192
657	192
660	192
661	192
712	192
716	192
736	192
737	192
792	192
811	192
331	193
492	193
595	193
738	193
369	195
675	195
727	197
213	198
241	198
264	198
271	198
279	198
367	198
409	198
462	198
495	198
503	198
505	198
506	198
507	198
527	198
541	198
593	198
608	198
632	198
649	198
660	198
716	198
736	198
754	198
766	198
784	198
792	198
811	198
435	203
528	203
596	203
728	204
377	205
664	205
227	206
363	206
452	206
603	206
264	210
588	210
736	210
323	211
390	211
615	211
795	211
230	213
241	213
251	213
264	213
279	213
314	213
318	213
345	213
367	213
391	213
478	213
495	213
503	213
505	213
506	213
541	213
551	213
608	213
649	213
660	213
670	213
716	213
736	213
754	213
766	213
784	213
792	213
444	214
613	215
285	219
747	219
794	219
264	220
271	220
277	220
314	220
409	220
434	220
457	220
505	220
507	220
519	220
554	220
575	220
576	220
588	220
593	220
619	220
632	220
651	220
657	220
712	220
736	220
737	220
759	220
398	221
741	223
797	225
813	225
457	227
575	227
843	227
690	229
345	230
391	230
495	230
512	230
551	230
608	230
660	230
736	230
792	230
519	232
571	232
701	236
395	238
735	238
268	239
282	239
724	239
251	241
279	241
318	241
367	241
391	241
478	241
503	241
506	241
608	241
649	241
660	241
716	241
736	241
754	241
766	241
792	241
528	247
605	250
699	250
367	251
505	251
506	251
649	251
736	251
792	251
286	254
540	255
399	260
690	260
416	263
265	264
271	264
277	264
304	264
314	264
318	264
367	264
409	264
434	264
457	264
505	264
507	264
519	264
551	264
559	264
575	264
576	264
588	264
593	264
619	264
632	264
651	264
660	264
663	264
716	264
736	264
737	264
792	264
811	264
271	265
277	265
314	265
434	265
457	265
555	265
575	265
588	265
593	265
632	265
651	265
736	265
706	266
411	268
724	268
277	271
279	271
314	271
318	271
409	271
434	271
457	271
495	271
505	271
506	271
507	271
570	271
575	271
576	271
586	271
588	271
593	271
619	271
632	271
651	271
663	271
713	271
736	271
737	271
754	271
792	271
811	271
276	272
287	274
539	274
505	275
736	275
283	277
314	277
357	277
367	277
409	277
434	277
457	277
478	277
495	277
505	277
507	277
551	277
554	277
555	277
575	277
576	277
588	277
593	277
619	277
632	277
651	277
657	277
660	277
693	277
712	277
736	277
737	277
792	277
811	277
318	279
367	279
391	279
478	279
503	279
506	279
541	279
608	279
649	279
660	279
716	279
736	279
754	279
766	279
784	279
792	279
384	282
504	282
527	282
618	282
663	282
736	282
737	282
831	282
314	283
434	283
457	283
575	283
593	283
632	283
712	283
736	283
313	285
330	285
401	285
454	285
460	285
476	285
622	285
623	285
700	285
747	285
780	285
794	285
407	286
482	286
769	286
539	287
579	293
505	299
733	299
384	302
518	302
434	304
457	304
673	305
736	305
706	307
848	307
487	312
545	312
765	312
814	312
330	313
401	313
454	313
460	313
476	313
622	313
623	313
700	313
747	313
780	313
794	313
357	314
409	314
434	314
457	314
495	314
505	314
507	314
519	314
554	314
559	314
570	314
575	314
576	314
588	314
593	314
619	314
632	314
649	314
651	314
657	314
661	314
663	314
712	314
736	314
737	314
752	314
759	314
792	314
799	314
811	314
323	315
395	315
527	315
534	315
567	315
615	315
618	315
663	315
735	315
736	315
737	315
795	315
384	316
430	316
518	316
631	316
770	316
809	316
327	317
372	317
678	317
709	317
729	317
345	318
367	318
391	318
495	318
505	318
506	318
507	318
608	318
649	318
660	318
670	318
716	318
736	318
754	318
766	318
784	318
792	318
592	321
647	321
390	323
527	323
615	323
618	323
663	323
795	323
463	326
483	326
542	326
576	326
676	326
750	326
834	326
372	327
678	327
709	327
729	327
849	327
397	330
401	330
454	330
476	330
622	330
623	330
747	330
780	330
794	330
492	331
595	331
738	331
561	334
790	337
391	345
660	345
670	345
736	345
792	345
805	347
490	348
585	348
640	352
370	353
426	353
849	353
457	357
554	357
593	357
628	357
632	357
712	357
737	357
752	357
762	362
452	363
368	366
679	366
749	366
783	366
391	367
478	367
495	367
503	367
505	367
506	367
541	367
608	367
632	367
649	367
660	367
670	367
713	367
716	367
736	367
754	367
766	367
784	367
792	367
679	368
749	368
783	368
675	369
688	369
678	372
709	372
729	372
391	373
670	373
792	373
507	375
629	377
816	377
451	378
549	378
463	379
756	381
758	381
774	381
820	381
848	381
696	383
430	384
504	384
518	384
631	384
770	384
809	384
831	384
760	385
643	386
530	388
661	389
527	390
615	390
795	390
838	390
495	391
503	391
506	391
608	391
649	391
660	391
670	391
716	391
736	391
754	391
766	391
792	391
568	395
735	395
740	395
690	399
454	401
476	401
622	401
623	401
654	401
700	401
747	401
780	401
794	401
481	404
741	404
482	407
558	407
601	407
605	407
769	407
434	409
457	409
505	409
507	409
527	409
554	409
575	409
576	409
583	409
588	409
593	409
619	409
632	409
651	409
657	409
663	409
713	409
716	409
736	409
737	409
754	409
799	409
465	413
486	417
666	417
755	417
758	417
848	417
850	417
727	424
457	426
801	429
518	430
770	430
724	432
457	434
505	434
507	434
519	434
554	434
575	434
576	434
588	434
593	434
619	434
632	434
651	434
657	434
693	434
712	434
736	434
737	434
759	434
811	434
528	435
596	435
450	437
786	437
490	438
585	438
447	443
786	450
549	451
555	452
476	454
622	454
623	454
654	454
700	454
747	454
780	454
794	454
505	457
507	457
527	457
554	457
575	457
576	457
588	457
593	457
615	457
619	457
628	457
632	457
651	457
657	457
663	457
693	457
712	457
736	457
737	457
811	457
819	457
849	457
780	460
794	460
649	462
784	462
483	463
542	463
576	463
676	463
750	463
834	463
751	467
622	476
623	476
700	476
747	476
780	476
794	476
495	478
505	478
506	478
507	478
526	478
541	478
608	478
649	478
716	478
736	478
754	478
766	478
792	478
741	481
558	482
605	482
769	482
542	483
676	483
834	483
497	484
548	484
573	484
582	484
624	484
644	484
683	484
666	486
755	486
756	486
758	486
848	486
850	486
545	487
765	487
814	487
630	488
585	490
527	491
567	491
615	491
618	491
663	491
737	491
795	491
595	492
738	492
505	495
506	495
507	495
541	495
649	495
660	495
716	495
736	495
737	495
754	495
792	495
548	497
573	497
582	497
624	497
644	497
683	497
745	497
589	498
685	498
506	503
608	503
632	503
649	503
716	503
736	503
754	503
766	503
784	503
792	503
518	504
631	504
809	504
831	504
506	505
507	505
526	505
570	505
575	505
576	505
588	505
593	505
619	505
632	505
649	505
651	505
661	505
663	505
713	505
716	505
736	505
737	505
754	505
766	505
784	505
792	505
811	505
507	506
608	506
649	506
660	506
713	506
716	506
736	506
754	506
766	506
792	506
526	507
554	507
570	507
576	507
588	507
593	507
632	507
651	507
657	507
663	507
712	507
713	507
716	507
736	507
737	507
754	507
792	507
811	507
551	512
792	512
631	518
770	518
809	518
576	519
588	519
593	519
632	519
651	519
661	519
736	519
737	519
713	526
716	526
567	527
576	527
615	527
618	527
653	527
663	527
737	527
795	527
838	527
596	528
657	538
608	541
649	541
716	541
736	541
754	541
784	541
792	541
576	542
676	542
834	542
765	545
814	545
793	546
573	548
582	548
624	548
644	548
683	548
736	551
792	551
575	554
576	554
588	554
593	554
632	554
651	554
663	554
711	554
811	554
601	558
605	558
583	559
673	559
724	559
734	559
737	559
849	564
735	566
615	567
663	567
795	567
838	567
735	568
740	568
586	570
593	570
582	573
624	573
644	573
683	573
689	573
745	573
576	575
588	575
593	575
632	575
651	575
657	575
712	575
736	575
737	575
811	575
588	576
593	576
619	576
632	576
651	576
657	576
663	576
712	576
713	576
736	576
737	576
811	576
624	578
683	578
624	582
644	582
668	582
683	582
737	583
724	586
736	586
593	588
619	588
632	588
651	588
657	588
663	588
712	588
736	588
737	588
811	588
685	589
647	592
619	593
632	593
649	593
651	593
657	593
661	593
712	593
713	593
736	593
737	593
759	593
792	593
799	593
811	593
738	595
830	598
635	599
605	601
629	602
699	605
797	605
687	607
649	608
660	608
716	608
736	608
754	608
766	608
784	608
792	608
691	611
719	611
618	615
653	615
663	615
737	615
744	615
795	615
819	615
838	615
653	618
663	618
707	618
737	618
795	618
838	618
632	619
651	619
736	619
737	619
799	619
623	622
747	622
780	622
794	622
700	623
747	623
794	623
644	624
683	624
629	626
816	626
816	629
770	631
809	631
651	632
657	632
693	632
712	632
713	632
716	632
736	632
737	632
754	632
759	632
792	632
811	632
777	639
683	644
689	644
745	644
846	645
660	649
713	649
716	649
736	649
754	649
766	649
784	649
792	649
811	649
657	651
711	651
712	651
736	651
737	651
799	651
811	651
795	653
838	653
712	657
736	657
737	657
828	657
670	660
716	660
736	660
754	660
766	660
792	660
736	661
736	663
737	663
788	663
795	663
838	663
755	666
756	666
758	666
848	666
850	666
736	670
792	670
734	673
744	673
819	673
688	675
750	676
834	676
709	678
729	678
749	679
783	679
710	680
756	681
758	681
774	681
775	681
820	681
848	681
689	683
745	683
844	686
719	691
797	699
747	700
794	700
756	706
758	706
797	706
848	706
729	709
736	712
737	712
716	713
736	713
754	713
766	713
784	713
736	716
754	716
766	716
784	716
792	716
767	724
740	735
737	736
754	736
766	736
784	736
792	736
799	736
811	736
849	736
788	737
795	737
811	737
795	744
819	744
780	747
794	747
783	749
766	754
784	754
792	754
756	755
758	755
848	755
850	755
758	756
774	756
775	756
820	756
848	756
850	756
774	758
775	758
797	758
820	758
848	758
850	758
814	765
784	766
792	766
809	770
775	774
820	774
848	774
820	775
848	775
794	780
792	784
819	795
838	795
813	797
848	797
831	809
824	818
848	820
850	848
