3699	398
3699	2635
137	2070
1553	2511
358	652
3399	3916
2526	2030
2526	1269
526	1398
526	3607
526	991
526	3674
526	3427
526	2183
526	4302
526	86
526	3779
526	1943
91	4611
91	3389
3115	1097
3115	276
3115	1347
3115	59
3115	3389
2994	2511
2994	206
2994	4651
2994	3780
1398	2335
1398	3129
1398	2277
1398	1385
1398	4212
1398	443
1398	1948
1398	27
1398	540
1398	4127
1398	3390
1398	4302
1398	3779
1398	2217
1398	1718
1398	3145
2897	3175
3434	206
4132	4612
4132	1158
4132	181
4132	1580
4132	4450
4132	473
4132	4571
4132	4596
4132	3296
4132	274
4132	931
4132	3591
4132	4564
4132	4593
1638	343
1638	102
1701	206
1655	620
1655	1314
1655	177
1655	2988
1655	3780
3588	3227
2524	3674
2524	206
2524	3113
891	4011
891	177
891	1753
891	4611
891	1325
891	1878
891	326
891	3425
3193	4545
3193	2511
3193	72
1215	1380
1215	3412
1131	1269
1131	4079
1412	4087
889	343
889	4015
889	620
889	2294
889	696
889	2140
889	1349
889	584
889	4611
889	1954
4045	3681
4045	3920
2958	696
2958	3827
2958	3148
2958	3389
2958	2047
2174	1063
2174	3503
679	2366
679	102
679	4392
679	1063
679	4674
679	3437
4053	4160
4053	2021
4307	1951
1263	1176
1263	1601
1263	3273
3628	4625
3628	4381
3628	4379
3628	2533
3628	2051
3628	4552
4494	2420
4494	1613
4494	1700
4494	3502
4494	982
4494	482
4494	4533
4494	4678
4494	1144
4494	2045
4494	2051
4494	313
4494	4527
364	1269
4080	3690
1478	2837
1407	3236
1841	2584
337	2913
337	250
337	1800
337	1033
1172	2409
1172	4359
1172	2001
4625	3682
4625	66
4625	1549
354	3875
354	2511
354	1518
450	2511
1136	3108
546	2973
546	817
546	2952
546	2584
546	2071
546	1441
2973	817
2973	2952
2973	2584
2973	2071
2973	1441
2973	4011
2973	1692
817	2952
817	2071
817	1441
2952	2584
2952	2071
2952	3312
2952	3724
2860	343
2860	2511
343	824
343	3208
343	3855
343	2527
343	3041
343	1834
343	3589
343	1223
343	2206
343	2208
343	2102
343	2919
343	1419
343	2680
343	1033
343	226
343	4096
343	1957
2671	4523
2671	1909
2671	1618
2671	1988
2671	3992
2671	230
2671	4540
2671	101
111	3955
111	3681
1869	406
1869	2078
1869	4112
4523	1975
4523	3692
4523	4645
4523	3824
4523	458
4523	4392
4523	1341
4523	3921
4523	4173
4523	2572
4523	162
1909	179
406	4335
406	175
3955	1403
3955	1452
95	1150
2142	1326
3264	1070
3264	3425
4675	1414
4675	1700
4675	982
4675	4643
4675	2051
2868	3417
2575	3880
2575	356
2575	2667
2575	3427
3880	356
3880	2030
3880	3214
356	2667
356	3427
356	3299
356	3236
356	1984
356	3061
356	3621
1940	3431
1940	230
1940	1948
1940	1727
499	3212
3866	544
3866	2533
649	2090
649	4611
649	739
649	1692
1260	3039
3319	3681
3319	443
3319	3378
3319	2680
3319	3257
3319	885
862	553
862	3378
1018	529
1018	2259
3607	1852
3607	921
4360	1602
4360	1853
824	2278
824	7
824	3477
824	1434
824	1058
824	4500
824	3425
1615	1712
2042	2511
2042	1286
2042	2445
2335	1385
2335	4212
2335	540
2335	2017
2939	726
4139	540
3372	407
805	4545
805	7
805	1539
805	27
805	2075
805	3677
805	1308
805	386
805	1856
3431	3824
3431	458
3431	1347
3431	59
3431	4121
3431	1727
3431	2451
2362	2551
2362	4437
2362	3488
2362	3438
2362	870
3599	534
3599	2511
3599	3791
1732	2658
2606	744
2606	3101
2606	3404
2996	3108
2996	1351
4598	3695
4598	3170
4598	2124
4598	1518
4598	652
4598	828
4669	1600
4669	1750
4669	1863
3208	1600
3208	3396
3208	1750
3208	1745
3208	3767
3208	246
3208	3104
3208	4663
3208	1279
3208	3728
3208	2254
3208	4207
3208	1898
3208	1948
3208	865
3208	3650
3208	1749
3208	900
3208	2363
3208	30
3208	4651
3208	3660
3208	2098
3208	4414
3208	3357
3208	3296
3208	921
3208	388
3208	460
3208	2604
3208	2865
3208	4443
1432	3900
1432	1607
1432	2945
1432	2551
1432	1338
1432	161
1432	2020
1432	3046
1432	460
1432	3292
3855	140
3855	2030
3855	4156
3189	3553
2407	3108
2407	157
2407	2030
3108	157
3108	2536
3108	2205
3108	2315
3108	2194
3108	3522
3108	572
3108	2945
3108	3336
3108	2304
3108	3600
3108	2646
3108	2353
3108	1020
3108	321
3108	658
3108	3456
3108	2150
3108	2666
3108	2274
3108	2199
3108	2153
3108	1774
3108	2171
3108	1665
3108	1299
3108	1719
3108	3291
3108	4666
3108	4414
3108	3274
3108	3375
3108	3642
3108	2446
3108	739
3108	3250
3108	74
3108	70
3108	677
3108	1073
3108	1079
3108	1429
3108	1447
3108	1752
3108	1779
3108	2040
3108	2050
3108	2051
3108	3794
3108	2157
3108	2233
3108	2269
3108	2437
3108	2467
3108	2505
3108	2552
3108	2637
3108	3238
3108	3242
3108	3413
3108	3446
3108	3473
3108	3838
3108	3948
3108	4273
4532	157
4532	2536
4532	2511
542	157
542	2536
157	4548
157	2536
157	4381
157	950
157	2578
157	1
4548	2536
4548	1241
4548	2668
2536	4381
2536	950
2536	2578
2536	1
2536	3236
2536	389
2536	3828
4381	1286
4381	3556
950	2578
441	1269
140	4107
140	2944
140	4112
3396	2189
2205	177
2205	1567
1840	2935
217	766
217	148
217	2438
766	1700
2106	206
2287	4011
2287	81
2287	2667
2287	3427
2287	1044
2287	1689
2287	3145
1343	3992
1005	2511
2136	2138
2136	2454
2136	1314
2136	2208
2136	2395
2136	2047
2136	3663
3195	593
3195	979
3195	3780
593	1314
593	4009
1332	3638
1332	584
1332	3747
1332	4596
2793	811
2793	1791
2793	3504
2793	1091
2295	4304
951	553
951	458
951	504
951	1727
1885	177
1885	569
3900	2368
3900	2955
3900	1194
2315	2146
2315	379
2315	3296
2315	3175
2315	1709
2315	3662
3770	1314
3717	2023
3717	1012
4490	174
2837	2844
596	3707
596	3962
596	1369
2887	390
2887	652
2887	2035
2887	4427
2887	2580
2887	308
721	476
3894	1328
3894	921
4574	3437
1348	3222
1348	206
1348	2070
1348	2989
917	1762
917	2481
4046	2281
4046	691
1596	2888
4088	966
4088	504
3356	4227
1384	1314
2640	2199
2640	4394
1870	3041
1870	1834
1870	802
1870	3006
1870	2108
1870	2511
1870	3635
1870	935
1870	2680
1870	1033
1870	226
1870	4665
1870	1957
1870	3511
422	2512
422	4618
422	2511
422	2098
422	2188
422	1270
3129	3477
3129	2842
3159	185
1336	2030
2030	2569
2030	4404
2030	1436
2030	1629
2030	3251
2030	3336
2030	3119
2030	1475
2030	2402
2030	1380
2030	2667
2030	3427
2030	3650
2030	2363
2030	2145
2030	4240
2030	1490
2030	647
2030	3312
2030	2424
2030	1135
2030	4436
2030	1832
2030	2306
2030	2955
2030	86
2030	4414
2030	4365
2030	712
2030	551
2030	2232
2030	1542
2030	1631
2030	656
2030	677
2030	762
2030	1268
2030	1743
2030	2045
2030	2384
2030	2869
2030	2922
2030	2960
2030	3532
2030	3662
2030	4073
2030	2703
3321	323
3321	618
3805	3041
1762	3814
1762	529
1762	2140
1762	4584
1762	3895
2537	2064
3814	672
3814	529
3814	1729
3814	2140
3814	4584
3814	3895
3814	1071
1241	991
1241	4476
2569	2137
2137	672
2137	329
2137	438
2137	318
2137	306
2137	241
2137	455
4404	1764
4404	3519
4404	3296
3554	4064
1682	969
4457	4015
4457	606
4457	4465
4457	3334
4457	1063
4457	3785
4457	1349
4457	3284
4457	3437
4457	1500
4457	1211
2485	1767
2485	3417
2485	969
2485	2254
2485	4437
1767	3417
1767	3823
1767	1800
3714	178
3714	2171
3714	4036
3714	3598
3714	2209
3714	3573
4485	457
4485	2471
4485	570
1344	2078
2221	1551
2221	1607
2221	2355
2221	3832
2221	786
2221	1567
2221	2955
2221	2833
2221	3384
2221	326
2221	601
2221	1270
2221	4205
2282	1551
2282	1607
2282	786
2282	1349
2282	2833
2282	326
2282	1270
2282	4205
2282	3425
653	578
2489	1551
2489	1607
2489	3832
2489	2833
2489	326
2489	2642
2489	3425
2360	3368
2278	4122
2023	3486
2023	4505
2023	1967
2023	1981
2023	3647
2023	1511
2023	379
2023	1403
2023	2989
2023	2223
2023	1980
63	1729
63	3296
63	685
2584	2071
2584	1441
36	3823
1551	4618
1551	1528
1551	2294
1551	2281
1551	4429
2071	1441
2071	4618
2071	4414
2071	388
1441	2511
621	2443
4015	3858
4015	2277
4015	620
4015	2726
4015	577
4015	3703
4015	606
4015	3101
4015	1341
4015	3793
4015	3173
4015	1921
4015	3389
4015	3437
4015	3296
4015	1500
4015	825
4015	3212
4015	3663
771	1370
771	645
771	4011
771	1518
771	3773
771	979
771	2226
672	529
672	4584
672	1325
672	1071
672	4354
672	3611
857	2463
857	4047
529	4011
529	2140
529	4584
529	3895
529	4500
529	1567
529	1071
529	4354
529	3611
529	3258
529	1878
1009	30
1009	2642
2953	1275
2953	99
2953	3916
330	1460
1370	645
1370	4011
1370	2934
1370	979
530	2511
645	553
645	4090
645	2951
645	4011
645	2948
645	3170
645	2146
645	2979
645	3635
645	544
645	835
645	2934
645	979
645	398
645	939
1607	4289
1607	3427
1607	647
1607	2632
1607	3175
1607	162
1607	3708
1607	3068
1607	1957
3345	2129
3345	541
3345	1369
3345	41
3345	3662
553	668
553	3140
553	99
553	2979
553	755
553	2596
553	3679
553	4488
553	1567
553	4047
553	601
553	2226
553	500
553	3891
1251	4376
953	2962
953	1314
953	2612
953	2746
953	900
953	3832
953	39
953	877
953	3390
953	652
953	2580
2962	1314
2962	2612
2962	2746
2962	900
2962	3832
2962	39
2962	877
2962	3390
2962	652
2962	2580
2962	613
1618	971
1340	2138
1340	4074
1340	4058
1340	4269
1340	366
392	4623
392	3533
392	2366
392	1347
392	1269
918	2194
918	250
1224	1700
1224	3039
1224	3502
1224	4379
1224	982
1224	3456
1224	4533
1224	3105
1224	949
1224	1144
1224	958
1224	1925
1224	2051
1224	2239
193	4338
2052	4266
2052	2420
2052	1887
2052	969
2052	452
2052	2666
2052	2363
2052	2687
2052	2533
2052	949
2052	1868
1975	2138
1975	4090
1975	2700
1975	3767
1975	1314
1975	3692
1975	4187
1975	3677
1975	3638
1975	4262
1975	1986
1975	4234
3486	2529
4289	1207
4289	1396
4505	3859
1191	3962
1191	3236
1191	41
1191	1270
2138	4074
2138	4058
2138	563
2138	3302
2138	3560
2138	3467
2138	81
2138	3692
2138	3824
2138	816
2138	2875
2138	4392
2138	3942
2138	3638
2138	1206
2138	900
2138	3299
2138	3793
2138	1107
2138	692
2138	3916
2138	1747
2138	1986
2138	2340
2138	2326
2138	1727
2138	1542
2138	4204
2138	1272
4074	4058
4074	692
4074	3916
4074	1747
4074	2326
4074	1727
4074	239
4058	4257
4058	3467
4058	1434
4058	4392
4058	4500
4058	2326
4058	1727
4058	2637
4058	1877
275	4618
275	663
275	3036
275	3487
275	4090
275	2934
275	66
4618	4227
4618	3695
4618	1294
4618	2226
4618	1959
4618	3867
663	4414
2964	2476
2964	318
2964	30
2964	2070
2964	3284
2964	4603
2964	388
2964	2642
1624	4347
3487	4358
3487	1097
3487	2389
3487	2511
3487	3424
3487	4347
3487	979
3487	2226
37	2389
37	2281
37	2842
37	3641
3290	2716
3290	3619
3290	2947
3290	3816
3290	2632
2716	3498
2716	4645
2716	1518
1630	1750
1630	3622
1630	2895
1750	3622
1750	1510
1750	1749
1750	3813
1750	2895
1750	1397
3631	2504
3622	2416
3622	2895
3622	2223
119	3681
119	4674
119	1567
119	3389
119	3227
119	4571
119	3296
119	988
119	2642
3912	2438
1659	2515
1659	2456
3847	3690
1414	512
1414	4101
1414	516
1414	1810
1414	2901
1414	958
1414	1494
1414	2316
1414	3506
1414	4083
732	1365
4422	1505
2831	2511
1702	691
1605	273
2194	66
1974	3638
4257	2527
2527	3425
1858	4275
1977	2511
1977	3175
3041	2454
3041	3477
3041	2270
3041	2610
3041	3877
3041	623
3041	1033
3041	1567
3041	1954
3041	1001
3041	825
3041	4198
2463	2846
3873	2504
3873	2180
3873	2305
3873	3732
3690	1613
3690	7
3690	2026
3690	1234
4107	323
1809	3662
1834	3472
1834	744
1834	4024
1834	3681
1834	3220
1834	1154
1834	4305
1834	4011
1834	775
1834	1110
1834	4145
1834	3334
1834	3335
1834	1749
1834	2992
1834	2428
1834	2600
1834	4276
1834	3740
1834	41
1834	1592
1834	218
1834	4411
1834	3250
1834	357
1834	806
1834	1204
1834	2486
1834	2505
1834	2161
3214	692
3214	979
3214	41
3214	283
3214	4348
3858	4163
3858	4012
3858	3635
3858	152
3858	374
3769	3931
3769	1784
3769	936
3769	1814
3769	4087
3769	2268
523	4227
523	3104
523	1981
523	1068
523	1291
523	4392
523	4240
523	709
523	3315
523	1597
523	1369
523	2060
523	2751
523	608
523	774
4472	4054
3417	979
3405	3793
3405	3816
3405	233
3405	2858
3181	250
3181	70
4630	4090
4630	3489
4460	865
4460	598
4460	3916
3472	3708
4623	478
4623	1567
4623	641
3199	3758
3199	551
3539	1700
3539	4379
3539	1526
3539	4062
3539	66
3539	1542
3539	1144
3539	1925
3812	570
512	982
1098	2511
1098	1484
1881	30
1881	2070
1881	1690
1881	2642
3133	966
704	30
704	2070
704	4666
704	2642
704	3211
1483	3850
2474	3101
4056	3086
4056	455
1061	3645
1061	1380
2277	1729
2277	280
2277	3668
2277	3389
4078	3965
744	1745
744	1510
744	1496
744	881
2263	2409
2558	4536
2258	3829
2258	2491
3829	4064
3829	2491
1745	1510
1745	4479
1745	292
1745	2223
1745	1524
1745	2321
1745	4564
2904	2511
2904	2668
4612	4191
1729	3895
1729	1033
1729	4122
1729	1567
1729	4354
1729	685
1729	2614
563	4090
563	3677
563	3638
563	1986
4410	102
4063	3533
4063	185
4063	547
2762	3055
2762	890
4169	1380
4169	1579
4024	3681
4024	668
4024	884
4024	1154
4024	2366
4024	102
4024	3222
4024	1323
4024	1020
4024	3703
4024	1598
4024	239
3681	2784
3681	1154
3681	2259
3681	4026
3681	2088
3681	2366
3681	102
3681	1471
3681	3311
3681	1747
3681	108
3681	1500
3681	4129
3681	517
3681	2669
4469	3101
4469	1349
1320	1173
1320	1496
1320	2226
1320	2552
1320	3910
2607	3425
329	3101
329	1518
3522	1981
3522	4009
668	1154
668	433
668	2366
668	102
668	3703
668	1598
668	3895
668	4611
668	1567
668	859
668	1269
668	3175
668	3425
2629	550
2629	1567
4090	3302
4090	139
4090	3692
4090	3824
4090	2704
4090	99
4090	4481
4090	2075
4090	3942
4090	1540
4090	979
4090	1954
4090	1986
4090	1984
4090	162
4358	1097
4358	3296
4358	1452
1097	1962
1097	4338
4529	177
4529	3747
4529	1727
3931	1784
3931	4017
3931	936
3931	1814
3931	4087
3931	1727
1197	2646
1197	4651
3498	1761
1342	1613
2734	4540
2734	4284
2734	4121
2734	128
1967	2947
1967	927
1275	598
2343	2075
396	3560
396	2511
396	3793
396	3012
2796	3573
2830	3677
2830	3638
2830	1986
24	4431
4227	3481
4227	1374
4227	321
4227	1962
4227	1579
4227	1987
4227	3068
4227	1627
4227	2312
4227	2433
4227	4273
3550	1173
3550	1058
3550	4122
3550	2226
3550	689
4545	4392
4545	1366
4545	1397
312	1965
620	849
620	2345
620	4530
620	696
620	190
620	3424
620	1349
620	4437
620	3291
620	2047
620	769
620	2642
620	3511
1510	4479
1510	1135
1510	2680
1510	292
1510	1183
1510	1242
1510	1489
335	4011
2784	2064
2784	1369
4550	1385
4550	4212
4550	3916
4550	2017
1158	1385
2504	1382
2504	4293
2504	662
2504	4007
2504	2438
2504	3042
2726	1567
2726	3708
2700	3767
2700	4250
2700	1986
884	2294
884	4064
2044	3817
49	1610
49	3477
49	1293
49	1341
159	2424
2423	86
3220	3573
309	3104
309	1518
309	3296
4101	1951
1436	2129
1436	541
1436	3403
1629	2511
1230	969
1154	2551
1154	102
1154	2146
1154	1290
1154	133
1154	1747
1154	2937
1154	3296
121	3951
121	4437
121	3779
188	3765
4	2632
4	3296
3840	2226
757	996
757	1898
757	4409
757	3479
757	987
757	2181
757	2530
3767	4357
3767	4323
3767	2511
3767	3692
3767	4326
3767	4392
3767	3942
3767	550
3767	1723
3767	1107
3767	1727
3767	4234
4357	2478
4142	3816
4142	233
2420	2026
2420	3502
2420	4379
2420	982
2420	2148
2420	2687
2420	2533
2420	949
2420	1868
2420	551
2420	958
2420	2051
2420	4552
1818	4386
1818	4398
1818	3581
1818	2089
1818	3650
1818	2541
4386	4398
4386	3581
4386	2089
4398	3581
4398	2089
3581	2089
3581	3137
1123	1269
1613	1700
1613	56
1613	7
1613	2026
1613	1887
1613	3502
1613	2363
1613	4488
1613	3034
1613	4665
1613	2192
1613	692
1613	2687
1613	2533
1613	949
1613	218
1613	551
1613	705
1613	810
1613	1502
1613	2051
2935	2810
2935	4009
760	313
2078	3687
2078	4012
2078	1496
2078	2179
669	2963
669	4117
1385	4212
1385	2017
1385	1004
1385	3675
3065	3994
3065	2556
1798	1700
1798	794
1798	3826
2397	206
2397	3780
1700	1460
1700	2951
1700	7
1700	1887
1700	3502
1700	4379
1700	992
1700	2570
1700	2363
1700	2687
1700	2533
1700	551
1700	66
1700	1502
1700	2051
1700	2810
1700	3150
1700	3915
1700	4552
1700	313
1700	4527
2951	1567
1469	3502
3251	3105
3251	3389
3251	4338
3251	426
3251	608
2092	3456
2092	3236
2092	4086
56	7
56	2511
7	2026
7	4379
7	3560
7	1293
7	580
7	4481
7	2363
7	1951
7	1144
7	2051
7	313
7	4527
2026	1887
2026	534
2026	218
2026	1868
516	1080
1505	2861
1887	3502
1887	4010
1887	4379
1887	982
1887	462
1887	482
1887	1951
1887	4533
1887	218
1887	1868
1887	4643
1887	551
1887	66
1887	1144
1887	2051
1887	2844
1887	1205
1887	313
1887	4527
4212	2017
4212	1004
4212	3675
4212	3250
4212	931
4212	2011
1007	569
3928	3949
3928	366
3928	569
2454	2846
2454	992
2454	1863
2454	2124
2454	652
2454	1806
2454	1081
2454	1727
2454	1957
3055	3128
3055	4269
3055	3692
3055	1614
3055	1107
3055	3278
3112	4005
4052	2511
4052	3465
246	2070
246	2999
246	1637
246	4572
673	458
673	3034
673	3046
3687	3477
3687	2909
3687	3173
3687	768
2389	102
2389	1033
2389	3573
2389	1155
3551	1806
3589	3638
3589	2368
3589	1264
3589	2395
3589	3046
3589	110
3589	1796
3589	3058
3589	3212
1400	4379
1400	3945
1400	2363
1400	1868
1400	4643
1400	1925
1400	2045
1400	313
1400	4527
1400	2703
4606	863
1961	3296
2163	2511
2163	2361
2163	3105
4315	1273
3643	81
3643	3378
3643	3916
3360	4086
812	2946
812	1323
812	1898
812	4437
812	3296
3695	1315
3695	863
3695	4269
3695	2227
3695	3389
3695	1087
3695	1984
3695	2173
3695	990
3695	3584
3302	1314
3232	1314
3232	3638
3232	2150
3232	2289
3232	3236
2861	478
3039	3384
3039	66
3039	1399
3039	2822
3039	1205
2741	1119
2741	478
4316	1601
1016	1579
1972	2511
1322	1080
1322	2274
1322	1269
1322	958
4525	3315
4525	4651
34	230
34	550
34	1107
34	2241
34	1737
34	3425
34	3061
34	3212
3850	4133
181	1965
3693	3236
1815	1863
1815	379
1815	601
4167	1314
4167	2145
4167	3951
3530	2366
179	4025
3949	4512
3949	4163
3949	4012
3949	321
3949	986
3949	152
3949	652
3949	3773
3949	1739
3949	374
3949	520
180	3285
180	1269
740	3285
740	4011
4512	3285
4512	4295
4512	1325
4512	1739
4512	374
4512	4354
178	1567
178	1269
178	1954
178	4571
178	3425
2774	982
2774	1502
2010	177
2010	577
2010	230
2010	550
2010	3638
2010	3793
2010	1107
2010	1500
3502	4379
3502	982
3502	2570
3502	2363
3502	2901
3502	2687
3502	2533
3502	4643
3502	551
3502	2045
3502	2051
3502	2844
3502	3150
3502	4552
4010	482
4010	3635
4010	3548
4010	4533
4010	2257
4010	2051
4010	313
1382	2491
2251	2354
421	3295
421	3787
1223	4224
1223	886
1223	3104
1223	102
1223	1323
1223	584
1223	3827
1223	4611
1223	4017
1223	3296
1223	2642
4224	886
4224	3104
4224	2909
4224	3315
886	3104
3104	1601
3104	2208
3104	1222
3104	4414
3104	1183
3104	517
3104	1072
3104	1674
3104	2421
1610	4011
1610	177
1610	3692
1610	3837
1610	4382
1610	2308
1610	27
1610	1347
1610	578
1610	1286
1610	691
1150	4352
1150	865
1150	1325
1150	4354
1150	1878
1150	326
1176	2384
4308	2366
1315	1366
1315	1397
2462	1442
3533	1943
694	66
442	3442
442	991
442	685
442	1634
3442	4437
3707	1726
3707	3038
3707	885
1145	3314
3314	3038
846	2511
846	1796
2945	3236
3249	2947
534	2410
534	4533
1314	3580
1314	1428
1314	2064
1314	2612
1314	1546
1314	2746
1314	2979
1314	39
1314	877
1314	4276
1314	2719
1314	86
1314	3978
1314	2580
1314	4168
1314	2018
1314	4203
1314	4234
3580	4347
1292	1902
1235	1601
1235	2491
1304	2294
1304	3813
1304	906
1304	1567
676	99
1378	3953
1378	1518
1119	4128
1119	3175
1119	3553
4270	2366
4270	1323
4270	1020
2410	4122
1219	4305
1219	3619
1219	4350
2090	4379
2090	982
2090	2178
2090	3662
4379	982
4379	3775
4379	2570
4379	2275
4379	2363
4379	661
4379	2901
4379	2687
4379	2533
4379	949
4379	1868
4379	1542
4379	1144
4379	1411
4379	1502
4379	1925
4379	2051
4379	3150
4379	3820
4379	3915
4379	4552
4379	313
4379	4527
982	2560
982	992
982	2570
982	1080
982	2363
982	482
982	1951
982	2733
982	4533
982	1269
982	2687
982	2533
982	949
982	551
982	1542
982	17
982	1502
982	2045
982	2051
982	3915
982	4552
982	313
2588	1408
4026	1744
262	206
262	3780
262	3212
438	3389
802	1496
802	1627
4366	2189
4172	177
4172	4160
4172	2498
4172	3519
4172	691
1428	4064
1428	921
3336	1789
3336	4019
3336	3679
1789	4500
1789	1821
1601	278
1601	390
1601	2840
1601	4333
1601	2204
1601	4463
1601	4440
1601	1240
1601	1269
1601	86
1601	4279
1601	5
1601	1852
1601	921
1601	2156
1601	4277
1601	1943
3102	4011
3102	2948
3102	4451
3481	1850
3481	1943
2304	3504
1388	1267
4539	986
3075	3641
97	4295
97	1900
97	685
2652	4295
4295	1847
4295	4064
3560	2646
3560	3677
3560	3638
3560	1308
3560	1986
3560	3296
3560	3212
4323	390
4323	99
3608	4663
3608	1900
278	2146
4165	177
4165	1110
4165	2471
4165	647
4165	1753
4165	1982
4417	4437
1810	4488
1810	2533
1810	1925
1810	3097
4057	4248
4057	407
2551	3827
2551	3291
433	2909
433	3011
433	1692
369	3986
2481	4468
1134	1269
1248	689
462	532
462	81
462	2511
462	3378
462	3101
863	986
863	355
863	2120
863	2668
863	3258
863	3296
863	25
532	3378
532	3101
3031	2511
4222	1269
849	206
1609	2195
1609	247
2195	3703
2195	247
341	3236
2345	4665
2345	1403
3924	3033
3033	2661
3033	1494
3033	3665
4011	3619
4011	2354
4011	2146
4011	4350
4011	4284
4011	2306
4011	1567
4011	979
4011	2226
4011	2858
4011	1509
3367	4269
2948	3619
2948	979
2948	2226
3477	1898
3477	27
3477	3877
3477	1753
3477	623
3477	4047
4269	4671
4269	3284
4269	247
4269	2107
273	662
273	206
273	1274
390	4605
390	3951
390	1455
390	1058
390	1033
390	4122
2846	2947
2846	1749
2846	4047
2846	861
2846	3641
2846	2736
4044	3078
4044	3722
4044	3312
4044	127
4044	3296
220	4450
220	3296
478	3236
478	661
478	2325
1139	2511
82	177
82	3951
82	504
82	4437
82	3916
81	3992
81	366
81	1644
81	4382
81	3793
81	3951
81	1107
81	2098
81	4540
81	4673
81	4121
81	3710
3923	3101
1590	3101
1234	1518
1234	4251
1234	4527
1456	1269
3833	3261
3353	1502
994	4064
2013	3105
992	3984
992	1347
992	2719
992	1269
992	3615
992	110
991	3837
991	3984
991	3148
991	4062
991	110
991	1494
2715	2572
293	1518
3619	4429
3619	1567
3619	1954
3619	3425
1374	540
1374	3236
3753	2511
2913	1279
2913	540
2913	1627
1279	540
139	206
139	4611
139	3780
139	2888
1273	1898
1273	2610
1273	2632
1273	298
3426	584
3426	3425
3161	1110
3161	3227
3161	1954
3161	2047
2108	623
2108	3212
2355	2511
250	969
250	2547
250	1518
250	1269
3992	4481
3992	161
3992	976
3992	3587
3674	4671
3674	3635
3674	720
3674	935
3674	1289
3674	86
3674	4348
4115	2366
3958	3456
3958	2363
2946	1426
1426	366
1426	3916
3728	2146
3728	3677
3728	2098
3728	1856
966	2533
4479	292
4479	4094
280	3668
280	3444
2129	1293
2129	541
2129	869
2129	1369
2129	3582
4580	4611
1356	1518
4353	2353
232	2733
366	4382
366	540
366	4611
366	3163
366	2750
366	1442
366	3916
2476	2511
2476	3109
631	2124
4628	1747
4654	4108
2511	1791
2511	2062
2511	1068
2511	4326
2511	4429
2511	4671
2511	2902
2511	2673
2511	928
2511	4127
2511	964
2511	1951
2511	720
2511	2656
2511	4228
2511	2919
2511	2882
2511	1593
2511	848
2511	2679
2511	597
2511	4121
2511	2538
2511	3882
2511	4040
2511	2306
2511	2000
2511	1217
2511	1690
2511	2171
2511	3105
2511	3256
2511	3615
2511	578
2511	4037
2511	1227
2511	2924
2511	289
2511	4391
2511	2943
2511	4348
2511	3258
2511	216
2511	1980
2511	3132
2511	1631
2511	54
2511	1852
2511	126
2511	148
2511	175
2511	222
2511	307
2511	389
2511	447
2511	460
2511	524
2511	573
2511	931
2511	1067
2511	1093
2511	1149
2511	1196
2511	1497
2511	1616
2511	1626
2511	1670
2511	1685
2511	1803
2511	2216
2511	2356
2511	2421
2511	2468
2511	2654
2511	2690
2511	2823
2511	2912
2511	3097
2511	3134
2511	3180
2511	3395
2511	3532
2511	3610
2511	3662
2511	3720
2511	3724
2511	3797
2511	3811
2511	3891
2511	3910
2511	3985
2511	4119
2511	4311
2511	4388
2511	4443
2511	4536
2511	4569
2511	4615
2511	4626
2511	4638
2511	2161
2511	3777
177	1293
177	775
177	1749
177	2661
177	2778
177	104
177	3424
177	30
177	3719
177	2733
177	1663
177	1183
177	588
177	782
177	3908
1644	1325
1293	775
1293	27
1293	1749
1293	57
1293	859
1293	578
1293	283
1293	218
1293	2632
1293	3250
1293	3828
454	3740
454	1489
3393	2963
3393	1699
2064	1849
2064	2947
2064	3236
2064	41
2064	3235
2064	4064
2064	10
2064	3473
1849	2947
1849	3962
2206	1380
2206	3519
2206	3296
2206	1452
2347	3021
625	1347
625	652
2947	4645
2947	3895
2947	1954
2947	2632
4439	4414
2697	2486
2697	2885
2840	3951
2840	2196
2840	685
2088	2719
2088	2491
3146	30
568	969
1099	1269
3692	458
3692	504
3692	1653
3692	3813
3692	2833
3692	3986
3692	2326
3692	1727
3692	1270
3692	3212
4645	1341
4645	86
4645	1446
3824	458
3824	4611
3824	2189
3824	3212
458	1614
458	4636
458	658
458	550
458	504
458	4632
458	2833
458	1081
458	3198
458	976
458	1076
458	1270
2570	2363
2570	3296
2570	1868
2570	551
2570	1144
2570	3675
2570	3568
2570	4527
2646	1749
2646	3296
775	2501
775	3011
1110	276
4128	1080
4128	2680
4128	4009
3672	2711
4114	1079
577	4596
2624	696
2624	1033
2624	1954
2062	2070
2062	3519
2711	3101
2711	1712
2884	3101
729	3222
729	4651
1764	251
1764	2191
1434	86
1434	3573
1434	2305
4140	1347
4140	3425
1539	230
1539	2075
1539	386
1539	1856
2366	102
2366	3222
2366	1323
2366	1020
2366	3703
2366	4145
2366	1784
2366	2148
2366	482
2366	4436
2366	340
2366	3615
2366	4335
2366	1226
2366	3803
102	3222
102	1323
102	1020
102	3703
102	477
102	1784
102	2148
102	1715
102	2070
102	2906
102	4177
102	4514
102	3813
102	133
102	2989
102	3394
102	4354
102	3986
102	1604
102	3521
3222	1323
3222	1020
3222	3703
3222	2070
3222	3447
3222	4103
3222	1227
3222	251
3222	3096
1323	1020
1323	3703
1323	2148
1323	2140
1323	206
1323	4540
1323	4436
1323	2989
1323	2730
1323	628
1323	481
1323	1902
1323	2337
1020	3703
1020	2070
1020	2989
1020	2914
1020	3506
1020	2376
3703	206
3703	599
4326	3984
4326	206
4326	3389
4326	4441
4326	4377
4585	4382
606	2574
606	3284
606	1227
606	2989
606	4666
606	3437
606	791
606	3110
644	3212
3893	3236
1528	2294
1528	1369
2294	3756
2294	1290
2294	3773
2281	3773
2590	1567
2590	4571
2590	3413
1184	477
2583	3638
541	869
541	1369
2694	4552
580	1951
580	958
580	1502
580	1796
3823	628
3823	885
3823	2189
3378	2937
969	1800
969	586
969	979
969	1227
969	1095
969	2060
969	573
969	576
969	615
969	670
969	1079
969	1196
969	1272
969	1457
969	1670
969	1773
969	1925
969	2853
1614	4392
1614	1058
1614	3503
1614	685
2684	1518
3722	2208
3722	1125
4005	2208
4005	2191
3323	4601
3170	979
3170	2307
3170	4589
4592	1749
1611	348
276	4437
276	59
276	4540
276	4047
276	283
3101	2565
3101	2501
3101	1784
3101	2529
3101	3677
3101	2428
3101	2692
3101	2882
3101	4604
3101	4002
3101	2035
3101	2060
3101	374
3101	2687
3101	3691
3101	265
3101	468
3101	476
3101	2316
3101	2337
3101	2421
3101	2505
3101	2556
3101	2599
3101	2650
3101	2844
3101	2912
3101	2970
3101	3071
3101	3073
3101	3603
3101	3947
3101	4009
4163	4012
4163	152
4163	598
4163	374
4163	3422
4163	3883
4012	321
4012	473
4012	152
4012	3773
4012	1739
4012	374
4012	520
4012	1071
321	1173
321	152
321	1325
321	1739
321	374
1751	4271
1751	2051
4633	216
3749	3660
3749	913
2565	3826
4652	3425
2208	1347
2208	4611
2208	927
2208	4466
2794	2667
2794	3427
2254	2529
2254	1369
2254	3221
3804	4450
2146	4352
2146	835
2146	3598
2146	979
2146	2937
2146	2632
2146	2226
2146	388
4450	1942
4450	1222
3702	3164
4207	696
4207	3465
4207	1586
4207	3296
4207	926
3756	1666
3756	2150
3756	3296
3756	3422
696	1567
696	2833
696	1957
3141	3173
1942	861
2501	859
2501	218
2501	1286
230	100
230	283
840	3236
4429	379
4429	874
4429	1954
4429	2842
4429	3425
4671	1948
3465	2902
3465	4448
2902	3494
4448	4674
2816	374
1529	798
1529	4198
243	86
243	1943
4290	3546
2724	1878
2724	4032
4359	3411
4236	1210
4382	2909
4382	1325
4382	3068
2612	2746
2612	900
2612	3832
2612	39
2612	877
2612	3390
2612	2580
2612	1500
1598	3895
1598	3235
3509	662
996	1898
1898	4409
1898	3479
1898	987
1898	3460
1898	3456
1898	3882
1898	2181
1898	1832
1898	2530
1898	247
4409	984
3810	816
3810	4147
3810	400
3810	1085
3810	3364
3810	3510
3810	3224
3810	2056
3810	100
3810	1206
3810	906
3810	1567
3730	816
3730	3364
3730	3224
4147	1269
4147	861
2056	152
2320	1914
987	692
987	4593
1934	104
1934	3937
1934	712
1934	1161
2371	1542
4304	1397
4304	3663
3818	2842
883	3883
3043	3212
1364	662
1364	3437
662	1349
662	1592
662	2223
323	1932
2963	2625
2963	2574
2963	2070
2963	4335
2963	2491
986	3322
986	1749
986	1665
4629	1269
3030	4337
928	3236
2802	2989
3513	3164
1673	3242
4156	1749
4156	3916
2713	4427
1784	936
1784	1814
1784	3152
2308	4465
2308	3573
2625	570
2625	3163
2625	4335
1948	27
1948	1699
1948	1878
2667	3427
2667	152
2667	1811
2667	2232
2667	3145
27	3444
27	2668
27	227
27	3068
3427	152
3427	1811
3427	2232
3427	3145
4465	3437
4465	861
3334	861
852	2368
852	544
1531	2209
4642	298
4639	1269
3618	3954
1965	4391
1965	199
1965	2051
3272	1666
3272	3456
3272	4549
2148	3061
865	1470
865	84
865	420
865	1325
865	4023
865	227
865	1878
865	326
865	2223
865	1081
865	2017
540	3163
540	1442
540	4500
540	598
1080	1465
1080	2257
1080	4391
1080	1925
1080	2239
1628	3296
4481	3638
4481	1986
4481	2505
3650	3444
3126	3236
1997	4087
1997	1087
1997	1710
1997	388
2075	3638
2075	386
2075	3148
2075	3296
2075	829
2075	2642
2529	3962
2529	844
2529	1369
2529	2940
2529	1533
2529	2223
1726	844
1726	1369
1726	2940
1726	1904
4187	3638
4187	1308
4187	3236
4187	1986
4187	1727
4187	3212
2875	980
2875	1717
4636	504
4636	3236
4636	1727
4392	3677
4392	3638
4392	1308
4392	1856
4392	41
4392	1986
4392	4273
3942	3212
658	504
658	1727
3677	1546
3677	1308
3677	1206
3677	2098
3677	1856
3677	4234
550	3638
550	4262
550	504
550	3921
550	2833
550	1878
550	3986
550	2326
550	1727
550	1270
3638	1546
3638	1308
3638	1206
3638	1107
3638	4177
3638	2882
3638	1986
3638	1727
3638	4203
3638	4234
4262	504
4262	4632
2140	4584
2140	2909
2140	3895
2140	3011
2140	1878
4584	1325
4584	1878
4584	326
1063	2241
1063	3212
303	2909
303	1269
303	1689
303	689
303	921
3785	3437
3785	861
1546	1986
1308	1206
1308	2098
1308	1856
318	1518
2427	2743
2427	2801
3962	844
3962	1749
3962	1369
3962	2940
3962	881
3962	4414
3962	2223
3962	939
1206	1856
844	881
844	913
2610	1749
2610	3034
2610	1540
1290	3456
1290	115
3322	3439
3456	2363
3456	3439
3456	1496
3456	1592
3456	3296
3456	4007
3456	1542
3456	958
3456	3134
3456	3568
1749	2471
1749	1341
1749	3444
1749	4054
1749	1592
1749	2614
57	1341
2471	3034
2471	1540
2471	3496
4653	152
4653	374
2944	1464
2944	4112
2661	1335
2608	1301
1491	1506
4199	1269
1800	807
1506	612
2215	1567
2430	1429
3297	2827
3297	4648
3297	3792
3297	2034
2827	4648
2827	3792
2827	2034
2827	1591
4648	3792
4648	2034
3792	2034
3792	136
72	1811
1993	2060
2275	4110
2275	1632
2275	3261
2275	3034
2275	1540
2275	551
2275	66
2275	1144
4110	1632
4110	1144
1632	1144
3261	3150
1331	3851
4452	2047
1341	900
1341	206
1341	3390
1341	1496
1341	1500
2746	900
2746	3832
2746	39
2746	877
2746	3390
2746	1689
64	346
64	1079
452	1951
452	3086
452	1868
452	2051
355	3068
2368	544
2368	515
2992	1269
900	4347
900	39
900	3390
900	1496
900	652
316	3175
2167	711
2167	4000
3815	4347
2150	4347
2150	717
2150	3018
2909	218
2909	25
2979	1900
2979	3780
2979	2047
3084	3679
1326	2842
2310	3236
2310	4134
2310	1939
2310	4082
2778	1567
3534	1868
3534	3682
3534	3517
2289	736
2465	3773
104	3086
104	1567
104	1161
104	2045
925	3945
925	1761
1579	3945
1579	490
3945	980
3945	1867
3945	2231
3945	4087
3945	2706
2066	2236
1850	2236
1850	3542
1850	247
1850	921
1850	4320
980	3491
3842	1925
4013	2424
3832	39
3832	877
3832	3390
3832	2580
473	59
473	1567
2666	584
3424	206
3424	584
3424	3046
78	3236
238	2824
4347	3611
4347	3425
2363	949
2363	218
2363	1868
2363	551
2363	1144
2363	1925
2363	2045
2363	2051
2363	3425
2363	313
2363	4527
491	1925
964	4423
964	2226
1245	1518
1723	3984
1723	584
1723	1567
1723	3389
1723	1954
1723	4377
3984	1680
3350	1753
4240	2384
1465	482
1465	2719
1465	1954
1465	691
1465	4451
4350	2719
1464	988
1313	3444
1313	807
1203	206
482	2844
482	3061
21	66
4271	661
612	199
1817	1925
3299	3951
3299	4249
3793	2600
1185	1286
1185	1270
3758	300
3895	2600
3895	1471
3895	1071
3895	4064
3895	685
3895	921
377	300
31	300
31	2531
300	94
300	1518
300	1982
3635	3660
3635	1033
3635	3046
3635	2047
3635	3425
3635	3791
3635	3663
2236	308
1617	825
1951	4678
1951	2901
1951	1868
1951	4643
1951	551
1951	17
1951	2178
3542	3708
3877	1753
3877	4562
647	2124
647	4611
647	4436
647	4040
647	1787
647	3368
647	4562
647	3175
647	2047
786	1811
786	4562
786	1957
1065	1399
1753	1296
1753	3601
4605	2274
4605	4064
4605	3780
4605	306
2274	4571
115	555
115	515
3312	1915
3312	2421
3312	3152
2183	86
2139	3389
1222	1567
1222	3296
570	2424
570	2919
570	869
570	1567
570	1044
570	289
570	218
570	685
570	1500
570	3573
570	3046
570	828
570	1296
570	2836
2424	30
2424	859
2424	1712
2424	3978
2424	289
2424	520
1713	2989
1713	289
2574	3773
2574	4666
2574	3437
2574	2326
2574	3110
30	3284
30	2642
30	3152
206	2070
206	1712
206	2989
206	4666
206	289
206	1984
206	1001
206	589
206	184
206	637
206	3229
2070	3284
2070	1227
2070	2989
135	3954
3954	3444
3954	1339
3954	2161
3719	313
16	874
755	3296
755	204
755	2047
755	466
755	3425
39	877
39	3390
39	2580
39	4168
544	3997
1276	4437
1276	782
127	787
127	584
127	4096
127	242
127	782
4100	2326
4189	2153
4189	1954
1264	1954
2835	1959
2835	3425
1107	1986
1107	1878
504	1182
504	1593
504	4632
504	2833
504	3046
504	2326
504	3198
504	1727
504	976
504	1076
504	1270
504	1757
504	1780
4432	4533
1883	3422
1511	4611
1511	3291
4674	1954
4674	4571
4674	3296
4674	2642
1135	3105
2202	1296
2202	1502
2202	2844
622	942
623	1269
623	4047
623	942
3315	3489
3315	685
3315	25
3489	1173
3489	1347
3489	1338
3489	2478
3489	3827
3489	652
3489	2119
1173	1338
1173	1455
1173	1058
1173	652
1173	3226
1173	2680
1173	1033
1173	4122
1173	1915
1173	1325
1173	4413
1173	2226
1173	689
1349	736
1349	3816
1349	233
1349	1033
1349	2000
2656	3236
1347	2153
1347	1033
1347	685
1347	3641
1338	2478
1338	1915
1338	2226
3273	584
3273	59
3273	3827
4437	3471
4437	1294
4437	1727
4437	782
4437	1877
787	1957
736	3086
584	2153
584	2124
584	1033
584	1690
584	1567
584	1403
584	2632
584	1183
2899	798
2478	3227
2478	2226
1648	4065
4108	3668
3668	161
3668	3744
882	979
882	685
882	1183
4228	1396
1583	4043
3402	4103
3402	3916
3402	480
2425	979
648	4651
648	3724
4423	361
3441	4407
877	3390
877	2580
877	4168
2919	798
59	3827
59	874
59	1267
3816	233
3816	1419
3816	1033
3816	444
3816	3511
233	3473
4131	4651
4131	10
4131	1925
4131	2411
833	2906
2595	4064
4651	3173
4651	1283
4651	4205
4651	126
3726	1001
3726	2853
107	4656
3236	3646
3236	4611
3236	569
3236	4365
3236	705
3236	4205
3236	426
3236	1711
3236	2283
3236	2888
3236	3113
3236	3211
3236	3278
3236	3603
3236	3791
3236	3857
3236	3906
3236	3910
3236	4198
3236	3268
3236	4349
3236	2968
3444	885
4237	2894
3747	4248
3747	407
3747	184
2098	3679
2098	1856
2098	828
797	1604
4389	1954
3390	1496
3390	247
3390	2937
1496	3545
1496	2530
1496	1662
1496	3603
1496	3710
1593	1727
3173	4037
3173	283
3173	699
352	705
152	3773
152	1739
152	520
152	1071
152	4354
152	3250
4540	4284
4540	4191
4540	3679
4540	4611
4540	283
4284	4191
4284	3679
4284	4611
4191	2679
4191	4611
4191	652
2124	1518
2124	3679
2124	1806
2124	1663
1518	652
1518	4121
1518	1227
1518	1806
1518	1663
1518	75
1518	235
1518	1357
1518	2408
1518	2635
1518	1397
765	3851
765	4121
2280	3851
2280	4121
3679	4611
3679	4121
2679	3851
2679	2763
2679	4611
2679	4673
2679	4121
3851	2763
3851	4611
3851	4673
3851	4121
2763	4611
2763	4121
4611	4673
4611	4121
4611	1567
4611	2940
4611	2739
4611	288
4611	685
4611	1078
4611	1401
4611	3058
4673	4121
1345	4375
4604	4250
1051	3941
3526	3169
4514	4009
1419	1455
1419	1058
1419	2680
1419	1033
1419	2249
1419	1242
1455	1058
1455	2680
1455	1033
1455	4122
1455	3425
1058	2680
1058	1033
1058	1325
1058	3780
652	3773
652	374
652	3797
4121	1442
3148	1258
3148	1516
3148	2008
3148	3100
3725	3113
2555	661
2555	3616
2680	1033
2680	4122
1033	4122
1033	1567
1033	1269
1033	3503
1033	1954
1033	4047
1033	3556
4122	1325
4122	3828
711	4000
101	3545
3545	1325
4017	936
4017	1814
936	1814
936	4087
936	1727
434	1727
4632	1573
4250	2755
4066	1452
1442	3341
1442	3916
1442	4248
3284	2719
3284	4666
3284	289
3284	3437
902	608
4040	1540
4040	1811
2306	835
835	979
874	4500
874	2719
874	3296
874	1286
874	1270
874	4204
874	3556
874	3826
4500	1878
240	3916
598	3916
598	885
2733	2687
2733	4552
3011	859
4533	2687
4533	2533
4533	949
4533	2045
4488	3086
4488	3296
661	4343
661	399
661	958
661	1604
661	1890
661	2403
661	4219
661	4261
3438	870
2020	3475
2020	3883
4276	3662
3574	635
2682	199
2196	1954
2719	1759
2999	1637
2999	4572
2257	3150
3871	2844
3034	692
3034	1540
3034	825
226	1567
3813	3086
3813	1567
3813	859
3813	298
3813	399
3086	906
3086	1567
3086	2171
3086	1665
3086	2895
3086	1954
3086	4086
3086	1397
4665	2192
4665	692
4665	859
4665	2895
2192	692
2192	859
2192	2895
906	1567
906	298
1567	2171
1567	1540
1567	4047
1567	2632
1567	517
1567	1242
1567	3727
3225	1712
3225	3642
1366	1584
1366	3794
1366	1397
1403	3389
1403	3296
1403	3150
3324	4596
3105	2730
3105	705
3105	2821
859	578
859	1286
1665	28
1665	4275
1665	3475
133	913
1540	825
3389	2955
3389	4383
3389	2632
3389	2173
3389	1078
3389	4205
3389	184
2955	4383
4383	283
1269	675
1269	283
1269	10
1269	1396
1269	1671
1269	197
1269	222
1269	301
1269	362
1269	808
1269	926
1269	958
1269	1137
1269	1267
1269	1429
1269	1892
1269	2798
1269	4214
1269	4268
1269	4318
1269	4322
1269	4476
2035	4427
2035	2580
2035	308
4678	2687
4678	218
4678	1502
4678	3665
4678	2703
420	227
1515	227
1515	326
2241	1811
2241	1500
4647	3437
2668	185
2668	436
2668	525
2668	2189
2668	2307
2668	3965
128	347
128	689
2188	3839
2934	979
2934	2226
247	685
247	628
247	3198
247	1194
247	2552
3916	3359
3916	2623
3916	885
3773	374
3773	3611
3773	1878
3773	1687
3773	1748
3445	3175
569	1811
569	3068
3227	2632
3227	685
3227	3508
3227	3511
3598	1954
3598	3425
3615	3636
3615	3663
1044	589
1814	4087
3997	1604
979	685
979	1183
979	398
979	828
979	3826
3503	2008
86	861
86	1542
86	3145
86	2922
86	3532
86	1943
3779	1943
578	3425
4037	3682
1954	2989
1954	4571
1954	2842
1954	1294
1954	3013
1954	3016
1954	3153
1954	3229
1954	4198
2980	1668
2980	1680
1227	1712
1227	2989
1227	4666
1227	289
1227	3110
1227	3732
1369	881
1369	2223
1369	1759
2940	2888
3937	4273
1712	2989
1712	3437
1712	3110
2989	4666
2989	2842
2989	3437
2989	1890
2989	3411
2989	4542
2901	4082
2901	17
2901	357
4571	4047
3291	3680
4666	4603
4666	3437
4666	3296
4666	3990
4275	1816
4275	3357
784	4248
4248	407
407	1915
407	4335
2894	1752
4603	2642
1057	1584
1057	2528
3419	3845
3419	3590
3845	3296
3845	3590
2842	2223
881	2223
4414	3296
4414	388
4414	699
41	3038
1327	460
2060	927
2060	2888
2060	2977
2060	4640
4427	3471
4427	2580
4427	308
3743	3422
4455	1542
4455	890
1325	4023
1325	4064
1325	1878
1325	494
1325	326
1325	4413
4023	227
4023	2916
227	2916
227	374
227	326
227	2017
227	3508
227	3250
2916	2017
1739	374
1739	4354
1739	3611
374	520
374	1071
374	4354
374	3611
374	3250
520	3611
2937	3296
2687	949
2687	1868
2687	551
2687	958
2687	2051
2687	2844
2687	313
2687	4527
4596	4507
4596	3425
4596	4234
1986	3068
1071	4354
4354	3611
3611	3132
3611	2047
3611	3164
2086	3296
3235	682
3235	1361
3235	1670
3235	3278
1984	3780
1984	308
4064	308
4064	388
4064	2307
4064	2449
4064	3229
4064	1452
4064	4009
2533	1868
2533	551
2533	1542
2533	1144
2533	958
2533	1925
2533	2051
2533	2239
2533	313
4047	1256
4047	3425
4047	3826
1141	2214
3437	1500
3437	3110
3437	2642
108	1396
108	981
3384	685
3384	1671
3384	1183
3384	3527
2237	1796
3780	1500
3780	1001
3780	637
3780	825
861	283
861	4251
861	4082
283	2209
283	583
949	1868
949	1144
949	2051
949	3915
949	4527
10	2255
2580	308
2580	4168
1294	3013
3013	4009
3258	1878
3258	494
3258	326
3258	3404
1878	494
1878	326
494	326
494	2632
326	921
326	184
3160	2325
218	551
218	3641
218	1502
218	3150
2446	3286
2632	3296
2632	184
3296	1950
3296	2572
3296	717
3296	4204
3296	166
3296	399
3296	517
3296	524
3296	525
3296	1411
3296	1957
3296	2099
3296	2421
3296	2434
3296	2482
3296	3425
3296	3511
3296	4234
264	1006
1006	3511
1663	3662
685	3046
685	2326
685	1671
685	1183
685	3145
685	3828
2223	3239
1500	3212
2380	3691
2380	3491
2380	2321
4251	712
712	65
1572	4086
1572	3175
4562	4086
1868	4337
1868	1502
1868	1971
1868	3569
1868	4552
2751	4656
3691	3491
3691	3682
3691	2045
3491	2468
298	3755
2395	2858
2395	3663
4643	403
4643	1502
4643	2051
4643	3109
4235	66
2017	2011
1001	3175
1827	4338
3269	4478
1078	3425
551	239
551	4387
551	701
551	958
551	1117
551	2045
551	2051
551	3150
551	4552
551	4527
1286	1397
2226	689
2226	4370
2226	3826
3573	118
3573	2517
3573	3828
689	767
705	1636
705	2038
66	1971
66	2823
66	3278
66	3553
4338	468
4338	804
3046	2326
3046	1270
3313	2326
2326	3198
2326	1727
2326	976
2326	1076
2326	2817
2326	4073
3198	1727
3198	1270
1727	976
1727	1076
1727	1270
1727	1757
1727	3212
976	1270
1076	1270
1270	1757
1270	1516
1270	2373
1147	1524
4112	3192
599	791
641	1205
913	782
3175	460
3175	1148
3175	2604
3175	4401
1980	1671
1980	4337
1671	1183
1183	3425
2858	2021
242	3060
4134	4082
1939	4082
3192	791
1542	1631
1542	4552
1144	3915
4205	4204
17	2239
1852	3662
3250	342
921	388
921	3229
921	3662
70	1707
148	4092
158	2327
186	2047
207	1420
279	398
371	3278
388	2189
2047	3708
2047	1268
2047	1744
2047	1780
2047	2426
2047	3511
2047	3680
2047	3663
3708	1268
448	4478
455	665
455	3669
460	4327
461	3176
466	3072
468	810
480	3401
537	1925
608	3134
608	4552
613	691
618	2604
656	2622
726	4638
804	1584
804	4394
825	1358
825	1957
825	3425
828	2161
829	2434
915	2327
927	2038
931	1120
958	2051
977	2189
1017	2327
1047	1777
1117	313
1146	4527
1155	4025
1329	2356
1399	1925
1399	3155
1409	4301
1494	1925
1494	3915
1502	2051
1502	4527
1507	2373
1584	2021
1584	4394
1584	3821
1584	1397
1584	3663
1599	2817
1616	3496
1636	4157
1662	3134
1662	4552
1717	3652
1854	1943
1904	2755
1925	1956
1925	4552
1925	4527
1947	2131
1947	3853
1957	3425
1958	3061
2021	3794
2045	2051
2045	3150
2045	3836
2045	4552
2051	3150
2051	3553
2051	3915
2051	4552
2051	313
2051	4527
2059	3738
2073	3791
3794	4552
3794	3821
3794	1397
3794	3663
2127	3662
2180	3884
2216	4234
2229	2968
2239	4552
2449	3908
2456	3662
2505	1943
2686	3662
2781	3425
2790	2903
2790	3061
2799	3229
3556	3425
3425	3262
3425	3511
3425	4536
2844	4552
2863	3397
2865	3908
2922	1943
2970	3662
3037	3229
3061	3527
3100	3662
3134	4552
3239	4569
3239	4656
3278	3906
3277	3662
3590	3791
1205	4527
3680	3826
3797	4009
3852	4441
3884	4009
3915	4527
4552	4527
4219	4640
724	4234
4349	4622
398	3699
2635	3699
2070	137
2511	1553
652	358
3916	3399
2030	2526
1269	2526
1398	526
3607	526
991	526
3674	526
3427	526
2183	526
4302	526
86	526
3779	526
1943	526
4611	91
3389	91
1097	3115
276	3115
1347	3115
59	3115
3389	3115
2511	2994
206	2994
4651	2994
3780	2994
2335	1398
3129	1398
2277	1398
1385	1398
4212	1398
443	1398
1948	1398
27	1398
540	1398
4127	1398
3390	1398
4302	1398
3779	1398
2217	1398
1718	1398
3145	1398
3175	2897
206	3434
4612	4132
1158	4132
181	4132
1580	4132
4450	4132
473	4132
4571	4132
4596	4132
3296	4132
274	4132
931	4132
3591	4132
4564	4132
4593	4132
343	1638
102	1638
206	1701
620	1655
1314	1655
177	1655
2988	1655
3780	1655
3227	3588
3674	2524
206	2524
3113	2524
4011	891
177	891
1753	891
4611	891
1325	891
1878	891
326	891
3425	891
4545	3193
2511	3193
72	3193
1380	1215
3412	1215
1269	1131
4079	1131
4087	1412
343	889
4015	889
620	889
2294	889
696	889
2140	889
1349	889
584	889
4611	889
1954	889
3681	4045
3920	4045
696	2958
3827	2958
3148	2958
3389	2958
2047	2958
1063	2174
3503	2174
2366	679
102	679
4392	679
1063	679
4674	679
3437	679
4160	4053
2021	4053
1951	4307
1176	1263
1601	1263
3273	1263
4625	3628
4381	3628
4379	3628
2533	3628
2051	3628
4552	3628
2420	4494
1613	4494
1700	4494
3502	4494
982	4494
482	4494
4533	4494
4678	4494
1144	4494
2045	4494
2051	4494
313	4494
4527	4494
1269	364
3690	4080
2837	1478
3236	1407
2584	1841
2913	337
250	337
1800	337
1033	337
2409	1172
4359	1172
2001	1172
3682	4625
66	4625
1549	4625
3875	354
2511	354
1518	354
2511	450
3108	1136
2973	546
817	546
2952	546
2584	546
2071	546
1441	546
817	2973
2952	2973
2584	2973
2071	2973
1441	2973
4011	2973
1692	2973
2952	817
2071	817
1441	817
2584	2952
2071	2952
3312	2952
3724	2952
343	2860
2511	2860
824	343
3208	343
3855	343
2527	343
3041	343
1834	343
3589	343
1223	343
2206	343
2208	343
2102	343
2919	343
1419	343
2680	343
1033	343
226	343
4096	343
1957	343
4523	2671
1909	2671
1618	2671
1988	2671
3992	2671
230	2671
4540	2671
101	2671
3955	111
3681	111
406	1869
2078	1869
4112	1869
1975	4523
3692	4523
4645	4523
3824	4523
458	4523
4392	4523
1341	4523
3921	4523
4173	4523
2572	4523
162	4523
179	1909
4335	406
175	406
1403	3955
1452	3955
1150	95
1326	2142
1070	3264
3425	3264
1414	4675
1700	4675
982	4675
4643	4675
2051	4675
3417	2868
3880	2575
356	2575
2667	2575
3427	2575
356	3880
2030	3880
3214	3880
2667	356
3427	356
3299	356
3236	356
1984	356
3061	356
3621	356
3431	1940
230	1940
1948	1940
1727	1940
3212	499
544	3866
2533	3866
2090	649
4611	649
739	649
1692	649
3039	1260
3681	3319
443	3319
3378	3319
2680	3319
3257	3319
885	3319
553	862
3378	862
529	1018
2259	1018
1852	3607
921	3607
1602	4360
1853	4360
2278	824
7	824
3477	824
1434	824
1058	824
4500	824
3425	824
1712	1615
2511	2042
1286	2042
2445	2042
1385	2335
4212	2335
540	2335
2017	2335
726	2939
540	4139
407	3372
4545	805
7	805
1539	805
27	805
2075	805
3677	805
1308	805
386	805
1856	805
3824	3431
458	3431
1347	3431
59	3431
4121	3431
1727	3431
2451	3431
2551	2362
4437	2362
3488	2362
3438	2362
870	2362
534	3599
2511	3599
3791	3599
2658	1732
744	2606
3101	2606
3404	2606
3108	2996
1351	2996
3695	4598
3170	4598
2124	4598
1518	4598
652	4598
828	4598
1600	4669
1750	4669
1863	4669
1600	3208
3396	3208
1750	3208
1745	3208
3767	3208
246	3208
3104	3208
4663	3208
1279	3208
3728	3208
2254	3208
4207	3208
1898	3208
1948	3208
865	3208
3650	3208
1749	3208
900	3208
2363	3208
30	3208
4651	3208
3660	3208
2098	3208
4414	3208
3357	3208
3296	3208
921	3208
388	3208
460	3208
2604	3208
2865	3208
4443	3208
3900	1432
1607	1432
2945	1432
2551	1432
1338	1432
161	1432
2020	1432
3046	1432
460	1432
3292	1432
140	3855
2030	3855
4156	3855
3553	3189
3108	2407
157	2407
2030	2407
157	3108
2536	3108
2205	3108
2315	3108
2194	3108
3522	3108
572	3108
2945	3108
3336	3108
2304	3108
3600	3108
2646	3108
2353	3108
1020	3108
321	3108
658	3108
3456	3108
2150	3108
2666	3108
2274	3108
2199	3108
2153	3108
1774	3108
2171	3108
1665	3108
1299	3108
1719	3108
3291	3108
4666	3108
4414	3108
3274	3108
3375	3108
3642	3108
2446	3108
739	3108
3250	3108
74	3108
70	3108
677	3108
1073	3108
1079	3108
1429	3108
1447	3108
1752	3108
1779	3108
2040	3108
2050	3108
2051	3108
3794	3108
2157	3108
2233	3108
2269	3108
2437	3108
2467	3108
2505	3108
2552	3108
2637	3108
3238	3108
3242	3108
3413	3108
3446	3108
3473	3108
3838	3108
3948	3108
4273	3108
157	4532
2536	4532
2511	4532
157	542
2536	542
4548	157
2536	157
4381	157
950	157
2578	157
1	157
2536	4548
1241	4548
2668	4548
4381	2536
950	2536
2578	2536
1	2536
3236	2536
389	2536
3828	2536
1286	4381
3556	4381
2578	950
1269	441
4107	140
2944	140
4112	140
2189	3396
177	2205
1567	2205
2935	1840
766	217
148	217
2438	217
1700	766
206	2106
4011	2287
81	2287
2667	2287
3427	2287
1044	2287
1689	2287
3145	2287
3992	1343
2511	1005
2138	2136
2454	2136
1314	2136
2208	2136
2395	2136
2047	2136
3663	2136
593	3195
979	3195
3780	3195
1314	593
4009	593
3638	1332
584	1332
3747	1332
4596	1332
811	2793
1791	2793
3504	2793
1091	2793
4304	2295
553	951
458	951
504	951
1727	951
177	1885
569	1885
2368	3900
2955	3900
1194	3900
2146	2315
379	2315
3296	2315
3175	2315
1709	2315
3662	2315
1314	3770
2023	3717
1012	3717
174	4490
2844	2837
3707	596
3962	596
1369	596
390	2887
652	2887
2035	2887
4427	2887
2580	2887
308	2887
476	721
1328	3894
921	3894
3437	4574
3222	1348
206	1348
2070	1348
2989	1348
1762	917
2481	917
2281	4046
691	4046
2888	1596
966	4088
504	4088
4227	3356
1314	1384
2199	2640
4394	2640
3041	1870
1834	1870
802	1870
3006	1870
2108	1870
2511	1870
3635	1870
935	1870
2680	1870
1033	1870
226	1870
4665	1870
1957	1870
3511	1870
2512	422
4618	422
2511	422
2098	422
2188	422
1270	422
3477	3129
2842	3129
185	3159
2030	1336
2569	2030
4404	2030
1436	2030
1629	2030
3251	2030
3336	2030
3119	2030
1475	2030
2402	2030
1380	2030
2667	2030
3427	2030
3650	2030
2363	2030
2145	2030
4240	2030
1490	2030
647	2030
3312	2030
2424	2030
1135	2030
4436	2030
1832	2030
2306	2030
2955	2030
86	2030
4414	2030
4365	2030
712	2030
551	2030
2232	2030
1542	2030
1631	2030
656	2030
677	2030
762	2030
1268	2030
1743	2030
2045	2030
2384	2030
2869	2030
2922	2030
2960	2030
3532	2030
3662	2030
4073	2030
2703	2030
323	3321
618	3321
3041	3805
3814	1762
529	1762
2140	1762
4584	1762
3895	1762
2064	2537
672	3814
529	3814
1729	3814
2140	3814
4584	3814
3895	3814
1071	3814
991	1241
4476	1241
2137	2569
672	2137
329	2137
438	2137
318	2137
306	2137
241	2137
455	2137
1764	4404
3519	4404
3296	4404
4064	3554
969	1682
4015	4457
606	4457
4465	4457
3334	4457
1063	4457
3785	4457
1349	4457
3284	4457
3437	4457
1500	4457
1211	4457
1767	2485
3417	2485
969	2485
2254	2485
4437	2485
3417	1767
3823	1767
1800	1767
178	3714
2171	3714
4036	3714
3598	3714
2209	3714
3573	3714
457	4485
2471	4485
570	4485
2078	1344
1551	2221
1607	2221
2355	2221
3832	2221
786	2221
1567	2221
2955	2221
2833	2221
3384	2221
326	2221
601	2221
1270	2221
4205	2221
1551	2282
1607	2282
786	2282
1349	2282
2833	2282
326	2282
1270	2282
4205	2282
3425	2282
578	653
1551	2489
1607	2489
3832	2489
2833	2489
326	2489
2642	2489
3425	2489
3368	2360
4122	2278
3486	2023
4505	2023
1967	2023
1981	2023
3647	2023
1511	2023
379	2023
1403	2023
2989	2023
2223	2023
1980	2023
1729	63
3296	63
685	63
2071	2584
1441	2584
3823	36
4618	1551
1528	1551
2294	1551
2281	1551
4429	1551
1441	2071
4618	2071
4414	2071
388	2071
2511	1441
2443	621
3858	4015
2277	4015
620	4015
2726	4015
577	4015
3703	4015
606	4015
3101	4015
1341	4015
3793	4015
3173	4015
1921	4015
3389	4015
3437	4015
3296	4015
1500	4015
825	4015
3212	4015
3663	4015
1370	771
645	771
4011	771
1518	771
3773	771
979	771
2226	771
529	672
4584	672
1325	672
1071	672
4354	672
3611	672
2463	857
4047	857
4011	529
2140	529
4584	529
3895	529
4500	529
1567	529
1071	529
4354	529
3611	529
3258	529
1878	529
30	1009
2642	1009
1275	2953
99	2953
3916	2953
1460	330
645	1370
4011	1370
2934	1370
979	1370
2511	530
553	645
4090	645
2951	645
4011	645
2948	645
3170	645
2146	645
2979	645
3635	645
544	645
835	645
2934	645
979	645
398	645
939	645
4289	1607
3427	1607
647	1607
2632	1607
3175	1607
162	1607
3708	1607
3068	1607
1957	1607
2129	3345
541	3345
1369	3345
41	3345
3662	3345
668	553
3140	553
99	553
2979	553
755	553
2596	553
3679	553
4488	553
1567	553
4047	553
601	553
2226	553
500	553
3891	553
4376	1251
2962	953
1314	953
2612	953
2746	953
900	953
3832	953
39	953
877	953
3390	953
652	953
2580	953
1314	2962
2612	2962
2746	2962
900	2962
3832	2962
39	2962
877	2962
3390	2962
652	2962
2580	2962
613	2962
971	1618
2138	1340
4074	1340
4058	1340
4269	1340
366	1340
4623	392
3533	392
2366	392
1347	392
1269	392
2194	918
250	918
1700	1224
3039	1224
3502	1224
4379	1224
982	1224
3456	1224
4533	1224
3105	1224
949	1224
1144	1224
958	1224
1925	1224
2051	1224
2239	1224
4338	193
4266	2052
2420	2052
1887	2052
969	2052
452	2052
2666	2052
2363	2052
2687	2052
2533	2052
949	2052
1868	2052
2138	1975
4090	1975
2700	1975
3767	1975
1314	1975
3692	1975
4187	1975
3677	1975
3638	1975
4262	1975
1986	1975
4234	1975
2529	3486
1207	4289
1396	4289
3859	4505
3962	1191
3236	1191
41	1191
1270	1191
4074	2138
4058	2138
563	2138
3302	2138
3560	2138
3467	2138
81	2138
3692	2138
3824	2138
816	2138
2875	2138
4392	2138
3942	2138
3638	2138
1206	2138
900	2138
3299	2138
3793	2138
1107	2138
692	2138
3916	2138
1747	2138
1986	2138
2340	2138
2326	2138
1727	2138
1542	2138
4204	2138
1272	2138
4058	4074
692	4074
3916	4074
1747	4074
2326	4074
1727	4074
239	4074
4257	4058
3467	4058
1434	4058
4392	4058
4500	4058
2326	4058
1727	4058
2637	4058
1877	4058
4618	275
663	275
3036	275
3487	275
4090	275
2934	275
66	275
4227	4618
3695	4618
1294	4618
2226	4618
1959	4618
3867	4618
4414	663
2476	2964
318	2964
30	2964
2070	2964
3284	2964
4603	2964
388	2964
2642	2964
4347	1624
4358	3487
1097	3487
2389	3487
2511	3487
3424	3487
4347	3487
979	3487
2226	3487
2389	37
2281	37
2842	37
3641	37
2716	3290
3619	3290
2947	3290
3816	3290
2632	3290
3498	2716
4645	2716
1518	2716
1750	1630
3622	1630
2895	1630
3622	1750
1510	1750
1749	1750
3813	1750
2895	1750
1397	1750
2504	3631
2416	3622
2895	3622
2223	3622
3681	119
4674	119
1567	119
3389	119
3227	119
4571	119
3296	119
988	119
2642	119
2438	3912
2515	1659
2456	1659
3690	3847
512	1414
4101	1414
516	1414
1810	1414
2901	1414
958	1414
1494	1414
2316	1414
3506	1414
4083	1414
1365	732
1505	4422
2511	2831
691	1702
273	1605
66	2194
3638	1974
2527	4257
3425	2527
4275	1858
2511	1977
3175	1977
2454	3041
3477	3041
2270	3041
2610	3041
3877	3041
623	3041
1033	3041
1567	3041
1954	3041
1001	3041
825	3041
4198	3041
2846	2463
2504	3873
2180	3873
2305	3873
3732	3873
1613	3690
7	3690
2026	3690
1234	3690
323	4107
3662	1809
3472	1834
744	1834
4024	1834
3681	1834
3220	1834
1154	1834
4305	1834
4011	1834
775	1834
1110	1834
4145	1834
3334	1834
3335	1834
1749	1834
2992	1834
2428	1834
2600	1834
4276	1834
3740	1834
41	1834
1592	1834
218	1834
4411	1834
3250	1834
357	1834
806	1834
1204	1834
2486	1834
2505	1834
2161	1834
692	3214
979	3214
41	3214
283	3214
4348	3214
4163	3858
4012	3858
3635	3858
152	3858
374	3858
3931	3769
1784	3769
936	3769
1814	3769
4087	3769
2268	3769
4227	523
3104	523
1981	523
1068	523
1291	523
4392	523
4240	523
709	523
3315	523
1597	523
1369	523
2060	523
2751	523
608	523
774	523
4054	4472
979	3417
3793	3405
3816	3405
233	3405
2858	3405
250	3181
70	3181
4090	4630
3489	4630
865	4460
598	4460
3916	4460
3708	3472
478	4623
1567	4623
641	4623
3758	3199
551	3199
1700	3539
4379	3539
1526	3539
4062	3539
66	3539
1542	3539
1144	3539
1925	3539
570	3812
982	512
2511	1098
1484	1098
30	1881
2070	1881
1690	1881
2642	1881
966	3133
30	704
2070	704
4666	704
2642	704
3211	704
3850	1483
3101	2474
3086	4056
455	4056
3645	1061
1380	1061
1729	2277
280	2277
3668	2277
3389	2277
3965	4078
1745	744
1510	744
1496	744
881	744
2409	2263
4536	2558
3829	2258
2491	2258
4064	3829
2491	3829
1510	1745
4479	1745
292	1745
2223	1745
1524	1745
2321	1745
4564	1745
2511	2904
2668	2904
4191	4612
3895	1729
1033	1729
4122	1729
1567	1729
4354	1729
685	1729
2614	1729
4090	563
3677	563
3638	563
1986	563
102	4410
3533	4063
185	4063
547	4063
3055	2762
890	2762
1380	4169
1579	4169
3681	4024
668	4024
884	4024
1154	4024
2366	4024
102	4024
3222	4024
1323	4024
1020	4024
3703	4024
1598	4024
239	4024
2784	3681
1154	3681
2259	3681
4026	3681
2088	3681
2366	3681
102	3681
1471	3681
3311	3681
1747	3681
108	3681
1500	3681
4129	3681
517	3681
2669	3681
3101	4469
1349	4469
1173	1320
1496	1320
2226	1320
2552	1320
3910	1320
3425	2607
3101	329
1518	329
1981	3522
4009	3522
1154	668
433	668
2366	668
102	668
3703	668
1598	668
3895	668
4611	668
1567	668
859	668
1269	668
3175	668
3425	668
550	2629
1567	2629
3302	4090
139	4090
3692	4090
3824	4090
2704	4090
99	4090
4481	4090
2075	4090
3942	4090
1540	4090
979	4090
1954	4090
1986	4090
1984	4090
162	4090
1097	4358
3296	4358
1452	4358
1962	1097
4338	1097
177	4529
3747	4529
1727	4529
1784	3931
4017	3931
936	3931
1814	3931
4087	3931
1727	3931
2646	1197
4651	1197
1761	3498
1613	1342
4540	2734
4284	2734
4121	2734
128	2734
2947	1967
927	1967
598	1275
2075	2343
3560	396
2511	396
3793	396
3012	396
3573	2796
3677	2830
3638	2830
1986	2830
4431	24
3481	4227
1374	4227
321	4227
1962	4227
1579	4227
1987	4227
3068	4227
1627	4227
2312	4227
2433	4227
4273	4227
1173	3550
1058	3550
4122	3550
2226	3550
689	3550
4392	4545
1366	4545
1397	4545
1965	312
849	620
2345	620
4530	620
696	620
190	620
3424	620
1349	620
4437	620
3291	620
2047	620
769	620
2642	620
3511	620
4479	1510
1135	1510
2680	1510
292	1510
1183	1510
1242	1510
1489	1510
4011	335
2064	2784
1369	2784
1385	4550
4212	4550
3916	4550
2017	4550
1385	1158
1382	2504
4293	2504
662	2504
4007	2504
2438	2504
3042	2504
1567	2726
3708	2726
3767	2700
4250	2700
1986	2700
2294	884
4064	884
3817	2044
1610	49
3477	49
1293	49
1341	49
2424	159
86	2423
3573	3220
3104	309
1518	309
3296	309
1951	4101
2129	1436
541	1436
3403	1436
2511	1629
969	1230
2551	1154
102	1154
2146	1154
1290	1154
133	1154
1747	1154
2937	1154
3296	1154
3951	121
4437	121
3779	121
3765	188
2632	4
3296	4
2226	3840
996	757
1898	757
4409	757
3479	757
987	757
2181	757
2530	757
4357	3767
4323	3767
2511	3767
3692	3767
4326	3767
4392	3767
3942	3767
550	3767
1723	3767
1107	3767
1727	3767
4234	3767
2478	4357
3816	4142
233	4142
2026	2420
3502	2420
4379	2420
982	2420
2148	2420
2687	2420
2533	2420
949	2420
1868	2420
551	2420
958	2420
2051	2420
4552	2420
4386	1818
4398	1818
3581	1818
2089	1818
3650	1818
2541	1818
4398	4386
3581	4386
2089	4386
3581	4398
2089	4398
2089	3581
3137	3581
1269	1123
1700	1613
56	1613
7	1613
2026	1613
1887	1613
3502	1613
2363	1613
4488	1613
3034	1613
4665	1613
2192	1613
692	1613
2687	1613
2533	1613
949	1613
218	1613
551	1613
705	1613
810	1613
1502	1613
2051	1613
2810	2935
4009	2935
313	760
3687	2078
4012	2078
1496	2078
2179	2078
2963	669
4117	669
4212	1385
2017	1385
1004	1385
3675	1385
3994	3065
2556	3065
1700	1798
794	1798
3826	1798
206	2397
3780	2397
1460	1700
2951	1700
7	1700
1887	1700
3502	1700
4379	1700
992	1700
2570	1700
2363	1700
2687	1700
2533	1700
551	1700
66	1700
1502	1700
2051	1700
2810	1700
3150	1700
3915	1700
4552	1700
313	1700
4527	1700
1567	2951
3502	1469
3105	3251
3389	3251
4338	3251
426	3251
608	3251
3456	2092
3236	2092
4086	2092
7	56
2511	56
2026	7
4379	7
3560	7
1293	7
580	7
4481	7
2363	7
1951	7
1144	7
2051	7
313	7
4527	7
1887	2026
534	2026
218	2026
1868	2026
1080	516
2861	1505
3502	1887
4010	1887
4379	1887
982	1887
462	1887
482	1887
1951	1887
4533	1887
218	1887
1868	1887
4643	1887
551	1887
66	1887
1144	1887
2051	1887
2844	1887
1205	1887
313	1887
4527	1887
2017	4212
1004	4212
3675	4212
3250	4212
931	4212
2011	4212
569	1007
3949	3928
366	3928
569	3928
2846	2454
992	2454
1863	2454
2124	2454
652	2454
1806	2454
1081	2454
1727	2454
1957	2454
3128	3055
4269	3055
3692	3055
1614	3055
1107	3055
3278	3055
4005	3112
2511	4052
3465	4052
2070	246
2999	246
1637	246
4572	246
458	673
3034	673
3046	673
3477	3687
2909	3687
3173	3687
768	3687
102	2389
1033	2389
3573	2389
1155	2389
1806	3551
3638	3589
2368	3589
1264	3589
2395	3589
3046	3589
110	3589
1796	3589
3058	3589
3212	3589
4379	1400
3945	1400
2363	1400
1868	1400
4643	1400
1925	1400
2045	1400
313	1400
4527	1400
2703	1400
863	4606
3296	1961
2511	2163
2361	2163
3105	2163
1273	4315
81	3643
3378	3643
3916	3643
4086	3360
2946	812
1323	812
1898	812
4437	812
3296	812
1315	3695
863	3695
4269	3695
2227	3695
3389	3695
1087	3695
1984	3695
2173	3695
990	3695
3584	3695
1314	3302
1314	3232
3638	3232
2150	3232
2289	3232
3236	3232
478	2861
3384	3039
66	3039
1399	3039
2822	3039
1205	3039
1119	2741
478	2741
1601	4316
1579	1016
2511	1972
1080	1322
2274	1322
1269	1322
958	1322
3315	4525
4651	4525
230	34
550	34
1107	34
2241	34
1737	34
3425	34
3061	34
3212	34
4133	3850
1965	181
3236	3693
1863	1815
379	1815
601	1815
1314	4167
2145	4167
3951	4167
2366	3530
4025	179
4512	3949
4163	3949
4012	3949
321	3949
986	3949
152	3949
652	3949
3773	3949
1739	3949
374	3949
520	3949
3285	180
1269	180
3285	740
4011	740
3285	4512
4295	4512
1325	4512
1739	4512
374	4512
4354	4512
1567	178
1269	178
1954	178
4571	178
3425	178
982	2774
1502	2774
177	2010
577	2010
230	2010
550	2010
3638	2010
3793	2010
1107	2010
1500	2010
4379	3502
982	3502
2570	3502
2363	3502
2901	3502
2687	3502
2533	3502
4643	3502
551	3502
2045	3502
2051	3502
2844	3502
3150	3502
4552	3502
482	4010
3635	4010
3548	4010
4533	4010
2257	4010
2051	4010
313	4010
2491	1382
2354	2251
3295	421
3787	421
4224	1223
886	1223
3104	1223
102	1223
1323	1223
584	1223
3827	1223
4611	1223
4017	1223
3296	1223
2642	1223
886	4224
3104	4224
2909	4224
3315	4224
3104	886
1601	3104
2208	3104
1222	3104
4414	3104
1183	3104
517	3104
1072	3104
1674	3104
2421	3104
4011	1610
177	1610
3692	1610
3837	1610
4382	1610
2308	1610
27	1610
1347	1610
578	1610
1286	1610
691	1610
4352	1150
865	1150
1325	1150
4354	1150
1878	1150
326	1150
2384	1176
2366	4308
1366	1315
1397	1315
1442	2462
1943	3533
66	694
3442	442
991	442
685	442
1634	442
4437	3442
1726	3707
3038	3707
885	3707
3314	1145
3038	3314
2511	846
1796	846
3236	2945
2947	3249
2410	534
4533	534
3580	1314
1428	1314
2064	1314
2612	1314
1546	1314
2746	1314
2979	1314
39	1314
877	1314
4276	1314
2719	1314
86	1314
3978	1314
2580	1314
4168	1314
2018	1314
4203	1314
4234	1314
4347	3580
1902	1292
1601	1235
2491	1235
2294	1304
3813	1304
906	1304
1567	1304
99	676
3953	1378
1518	1378
4128	1119
3175	1119
3553	1119
2366	4270
1323	4270
1020	4270
4122	2410
4305	1219
3619	1219
4350	1219
4379	2090
982	2090
2178	2090
3662	2090
982	4379
3775	4379
2570	4379
2275	4379
2363	4379
661	4379
2901	4379
2687	4379
2533	4379
949	4379
1868	4379
1542	4379
1144	4379
1411	4379
1502	4379
1925	4379
2051	4379
3150	4379
3820	4379
3915	4379
4552	4379
313	4379
4527	4379
2560	982
992	982
2570	982
1080	982
2363	982
482	982
1951	982
2733	982
4533	982
1269	982
2687	982
2533	982
949	982
551	982
1542	982
17	982
1502	982
2045	982
2051	982
3915	982
4552	982
313	982
1408	2588
1744	4026
206	262
3780	262
3212	262
3389	438
1496	802
1627	802
2189	4366
177	4172
4160	4172
2498	4172
3519	4172
691	4172
4064	1428
921	1428
1789	3336
4019	3336
3679	3336
4500	1789
1821	1789
278	1601
390	1601
2840	1601
4333	1601
2204	1601
4463	1601
4440	1601
1240	1601
1269	1601
86	1601
4279	1601
5	1601
1852	1601
921	1601
2156	1601
4277	1601
1943	1601
4011	3102
2948	3102
4451	3102
1850	3481
1943	3481
3504	2304
1267	1388
986	4539
3641	3075
4295	97
1900	97
685	97
4295	2652
1847	4295
4064	4295
2646	3560
3677	3560
3638	3560
1308	3560
1986	3560
3296	3560
3212	3560
390	4323
99	4323
4663	3608
1900	3608
2146	278
177	4165
1110	4165
2471	4165
647	4165
1753	4165
1982	4165
4437	4417
4488	1810
2533	1810
1925	1810
3097	1810
4248	4057
407	4057
3827	2551
3291	2551
2909	433
3011	433
1692	433
3986	369
4468	2481
1269	1134
689	1248
532	462
81	462
2511	462
3378	462
3101	462
986	863
355	863
2120	863
2668	863
3258	863
3296	863
25	863
3378	532
3101	532
2511	3031
1269	4222
206	849
2195	1609
247	1609
3703	2195
247	2195
3236	341
4665	2345
1403	2345
3033	3924
2661	3033
1494	3033
3665	3033
3619	4011
2354	4011
2146	4011
4350	4011
4284	4011
2306	4011
1567	4011
979	4011
2226	4011
2858	4011
1509	4011
4269	3367
3619	2948
979	2948
2226	2948
1898	3477
27	3477
3877	3477
1753	3477
623	3477
4047	3477
4671	4269
3284	4269
247	4269
2107	4269
662	273
206	273
1274	273
4605	390
3951	390
1455	390
1058	390
1033	390
4122	390
2947	2846
1749	2846
4047	2846
861	2846
3641	2846
2736	2846
3078	4044
3722	4044
3312	4044
127	4044
3296	4044
4450	220
3296	220
3236	478
661	478
2325	478
2511	1139
177	82
3951	82
504	82
4437	82
3916	82
3992	81
366	81
1644	81
4382	81
3793	81
3951	81
1107	81
2098	81
4540	81
4673	81
4121	81
3710	81
3101	3923
3101	1590
1518	1234
4251	1234
4527	1234
1269	1456
3261	3833
1502	3353
4064	994
3105	2013
3984	992
1347	992
2719	992
1269	992
3615	992
110	992
3837	991
3984	991
3148	991
4062	991
110	991
1494	991
2572	2715
1518	293
4429	3619
1567	3619
1954	3619
3425	3619
540	1374
3236	1374
2511	3753
1279	2913
540	2913
1627	2913
540	1279
206	139
4611	139
3780	139
2888	139
1898	1273
2610	1273
2632	1273
298	1273
584	3426
3425	3426
1110	3161
3227	3161
1954	3161
2047	3161
623	2108
3212	2108
2511	2355
969	250
2547	250
1518	250
1269	250
4481	3992
161	3992
976	3992
3587	3992
4671	3674
3635	3674
720	3674
935	3674
1289	3674
86	3674
4348	3674
2366	4115
3456	3958
2363	3958
1426	2946
366	1426
3916	1426
2146	3728
3677	3728
2098	3728
1856	3728
2533	966
292	4479
4094	4479
3668	280
3444	280
1293	2129
541	2129
869	2129
1369	2129
3582	2129
4611	4580
1518	1356
2353	4353
2733	232
4382	366
540	366
4611	366
3163	366
2750	366
1442	366
3916	366
2511	2476
3109	2476
2124	631
1747	4628
4108	4654
1791	2511
2062	2511
1068	2511
4326	2511
4429	2511
4671	2511
2902	2511
2673	2511
928	2511
4127	2511
964	2511
1951	2511
720	2511
2656	2511
4228	2511
2919	2511
2882	2511
1593	2511
848	2511
2679	2511
597	2511
4121	2511
2538	2511
3882	2511
4040	2511
2306	2511
2000	2511
1217	2511
1690	2511
2171	2511
3105	2511
3256	2511
3615	2511
578	2511
4037	2511
1227	2511
2924	2511
289	2511
4391	2511
2943	2511
4348	2511
3258	2511
216	2511
1980	2511
3132	2511
1631	2511
54	2511
1852	2511
126	2511
148	2511
175	2511
222	2511
307	2511
389	2511
447	2511
460	2511
524	2511
573	2511
931	2511
1067	2511
1093	2511
1149	2511
1196	2511
1497	2511
1616	2511
1626	2511
1670	2511
1685	2511
1803	2511
2216	2511
2356	2511
2421	2511
2468	2511
2654	2511
2690	2511
2823	2511
2912	2511
3097	2511
3134	2511
3180	2511
3395	2511
3532	2511
3610	2511
3662	2511
3720	2511
3724	2511
3797	2511
3811	2511
3891	2511
3910	2511
3985	2511
4119	2511
4311	2511
4388	2511
4443	2511
4536	2511
4569	2511
4615	2511
4626	2511
4638	2511
2161	2511
3777	2511
1293	177
775	177
1749	177
2661	177
2778	177
104	177
3424	177
30	177
3719	177
2733	177
1663	177
1183	177
588	177
782	177
3908	177
1325	1644
775	1293
27	1293
1749	1293
57	1293
859	1293
578	1293
283	1293
218	1293
2632	1293
3250	1293
3828	1293
3740	454
1489	454
2963	3393
1699	3393
1849	2064
2947	2064
3236	2064
41	2064
3235	2064
4064	2064
10	2064
3473	2064
2947	1849
3962	1849
1380	2206
3519	2206
3296	2206
1452	2206
3021	2347
1347	625
652	625
4645	2947
3895	2947
1954	2947
2632	2947
4414	4439
2486	2697
2885	2697
3951	2840
2196	2840
685	2840
2719	2088
2491	2088
30	3146
969	568
1269	1099
458	3692
504	3692
1653	3692
3813	3692
2833	3692
3986	3692
2326	3692
1727	3692
1270	3692
3212	3692
1341	4645
86	4645
1446	4645
458	3824
4611	3824
2189	3824
3212	3824
1614	458
4636	458
658	458
550	458
504	458
4632	458
2833	458
1081	458
3198	458
976	458
1076	458
1270	458
2363	2570
3296	2570
1868	2570
551	2570
1144	2570
3675	2570
3568	2570
4527	2570
1749	2646
3296	2646
2501	775
3011	775
276	1110
1080	4128
2680	4128
4009	4128
2711	3672
1079	4114
4596	577
696	2624
1033	2624
1954	2624
2070	2062
3519	2062
3101	2711
1712	2711
3101	2884
3222	729
4651	729
251	1764
2191	1764
86	1434
3573	1434
2305	1434
1347	4140
3425	4140
230	1539
2075	1539
386	1539
1856	1539
102	2366
3222	2366
1323	2366
1020	2366
3703	2366
4145	2366
1784	2366
2148	2366
482	2366
4436	2366
340	2366
3615	2366
4335	2366
1226	2366
3803	2366
3222	102
1323	102
1020	102
3703	102
477	102
1784	102
2148	102
1715	102
2070	102
2906	102
4177	102
4514	102
3813	102
133	102
2989	102
3394	102
4354	102
3986	102
1604	102
3521	102
1323	3222
1020	3222
3703	3222
2070	3222
3447	3222
4103	3222
1227	3222
251	3222
3096	3222
1020	1323
3703	1323
2148	1323
2140	1323
206	1323
4540	1323
4436	1323
2989	1323
2730	1323
628	1323
481	1323
1902	1323
2337	1323
3703	1020
2070	1020
2989	1020
2914	1020
3506	1020
2376	1020
206	3703
599	3703
3984	4326
206	4326
3389	4326
4441	4326
4377	4326
4382	4585
2574	606
3284	606
1227	606
2989	606
4666	606
3437	606
791	606
3110	606
3212	644
3236	3893
2294	1528
1369	1528
3756	2294
1290	2294
3773	2294
3773	2281
1567	2590
4571	2590
3413	2590
477	1184
3638	2583
869	541
1369	541
4552	2694
1951	580
958	580
1502	580
1796	580
628	3823
885	3823
2189	3823
2937	3378
1800	969
586	969
979	969
1227	969
1095	969
2060	969
573	969
576	969
615	969
670	969
1079	969
1196	969
1272	969
1457	969
1670	969
1773	969
1925	969
2853	969
4392	1614
1058	1614
3503	1614
685	1614
1518	2684
2208	3722
1125	3722
2208	4005
2191	4005
4601	3323
979	3170
2307	3170
4589	3170
1749	4592
348	1611
4437	276
59	276
4540	276
4047	276
283	276
2565	3101
2501	3101
1784	3101
2529	3101
3677	3101
2428	3101
2692	3101
2882	3101
4604	3101
4002	3101
2035	3101
2060	3101
374	3101
2687	3101
3691	3101
265	3101
468	3101
476	3101
2316	3101
2337	3101
2421	3101
2505	3101
2556	3101
2599	3101
2650	3101
2844	3101
2912	3101
2970	3101
3071	3101
3073	3101
3603	3101
3947	3101
4009	3101
4012	4163
152	4163
598	4163
374	4163
3422	4163
3883	4163
321	4012
473	4012
152	4012
3773	4012
1739	4012
374	4012
520	4012
1071	4012
1173	321
152	321
1325	321
1739	321
374	321
4271	1751
2051	1751
216	4633
3660	3749
913	3749
3826	2565
3425	4652
1347	2208
4611	2208
927	2208
4466	2208
2667	2794
3427	2794
2529	2254
1369	2254
3221	2254
4450	3804
4352	2146
835	2146
3598	2146
979	2146
2937	2146
2632	2146
2226	2146
388	2146
1942	4450
1222	4450
3164	3702
696	4207
3465	4207
1586	4207
3296	4207
926	4207
1666	3756
2150	3756
3296	3756
3422	3756
1567	696
2833	696
1957	696
3173	3141
861	1942
859	2501
218	2501
1286	2501
100	230
283	230
3236	840
379	4429
874	4429
1954	4429
2842	4429
3425	4429
1948	4671
2902	3465
4448	3465
3494	2902
4674	4448
374	2816
798	1529
4198	1529
86	243
1943	243
3546	4290
1878	2724
4032	2724
3411	4359
1210	4236
2909	4382
1325	4382
3068	4382
2746	2612
900	2612
3832	2612
39	2612
877	2612
3390	2612
2580	2612
1500	2612
3895	1598
3235	1598
662	3509
1898	996
4409	1898
3479	1898
987	1898
3460	1898
3456	1898
3882	1898
2181	1898
1832	1898
2530	1898
247	1898
984	4409
816	3810
4147	3810
400	3810
1085	3810
3364	3810
3510	3810
3224	3810
2056	3810
100	3810
1206	3810
906	3810
1567	3810
816	3730
3364	3730
3224	3730
1269	4147
861	4147
152	2056
1914	2320
692	987
4593	987
104	1934
3937	1934
712	1934
1161	1934
1542	2371
1397	4304
3663	4304
2842	3818
3883	883
3212	3043
662	1364
3437	1364
1349	662
1592	662
2223	662
1932	323
2625	2963
2574	2963
2070	2963
4335	2963
2491	2963
3322	986
1749	986
1665	986
1269	4629
4337	3030
3236	928
2989	2802
3164	3513
3242	1673
1749	4156
3916	4156
4427	2713
936	1784
1814	1784
3152	1784
4465	2308
3573	2308
570	2625
3163	2625
4335	2625
27	1948
1699	1948
1878	1948
3427	2667
152	2667
1811	2667
2232	2667
3145	2667
3444	27
2668	27
227	27
3068	27
152	3427
1811	3427
2232	3427
3145	3427
3437	4465
861	4465
861	3334
2368	852
544	852
2209	1531
298	4642
1269	4639
3954	3618
4391	1965
199	1965
2051	1965
1666	3272
3456	3272
4549	3272
3061	2148
1470	865
84	865
420	865
1325	865
4023	865
227	865
1878	865
326	865
2223	865
1081	865
2017	865
3163	540
1442	540
4500	540
598	540
1465	1080
2257	1080
4391	1080
1925	1080
2239	1080
3296	1628
3638	4481
1986	4481
2505	4481
3444	3650
3236	3126
4087	1997
1087	1997
1710	1997
388	1997
3638	2075
386	2075
3148	2075
3296	2075
829	2075
2642	2075
3962	2529
844	2529
1369	2529
2940	2529
1533	2529
2223	2529
844	1726
1369	1726
2940	1726
1904	1726
3638	4187
1308	4187
3236	4187
1986	4187
1727	4187
3212	4187
980	2875
1717	2875
504	4636
3236	4636
1727	4636
3677	4392
3638	4392
1308	4392
1856	4392
41	4392
1986	4392
4273	4392
3212	3942
504	658
1727	658
1546	3677
1308	3677
1206	3677
2098	3677
1856	3677
4234	3677
3638	550
4262	550
504	550
3921	550
2833	550
1878	550
3986	550
2326	550
1727	550
1270	550
1546	3638
1308	3638
1206	3638
1107	3638
4177	3638
2882	3638
1986	3638
1727	3638
4203	3638
4234	3638
504	4262
4632	4262
4584	2140
2909	2140
3895	2140
3011	2140
1878	2140
1325	4584
1878	4584
326	4584
2241	1063
3212	1063
2909	303
1269	303
1689	303
689	303
921	303
3437	3785
861	3785
1986	1546
1206	1308
2098	1308
1856	1308
1518	318
2743	2427
2801	2427
844	3962
1749	3962
1369	3962
2940	3962
881	3962
4414	3962
2223	3962
939	3962
1856	1206
881	844
913	844
1749	2610
3034	2610
1540	2610
3456	1290
115	1290
3439	3322
2363	3456
3439	3456
1496	3456
1592	3456
3296	3456
4007	3456
1542	3456
958	3456
3134	3456
3568	3456
2471	1749
1341	1749
3444	1749
4054	1749
1592	1749
2614	1749
1341	57
3034	2471
1540	2471
3496	2471
152	4653
374	4653
1464	2944
4112	2944
1335	2661
1301	2608
1506	1491
1269	4199
807	1800
612	1506
1567	2215
1429	2430
2827	3297
4648	3297
3792	3297
2034	3297
4648	2827
3792	2827
2034	2827
1591	2827
3792	4648
2034	4648
2034	3792
136	3792
1811	72
2060	1993
4110	2275
1632	2275
3261	2275
3034	2275
1540	2275
551	2275
66	2275
1144	2275
1632	4110
1144	4110
1144	1632
3150	3261
3851	1331
2047	4452
900	1341
206	1341
3390	1341
1496	1341
1500	1341
900	2746
3832	2746
39	2746
877	2746
3390	2746
1689	2746
346	64
1079	64
1951	452
3086	452
1868	452
2051	452
3068	355
544	2368
515	2368
1269	2992
4347	900
39	900
3390	900
1496	900
652	900
3175	316
711	2167
4000	2167
4347	3815
4347	2150
717	2150
3018	2150
218	2909
25	2909
1900	2979
3780	2979
2047	2979
3679	3084
2842	1326
3236	2310
4134	2310
1939	2310
4082	2310
1567	2778
1868	3534
3682	3534
3517	3534
736	2289
3773	2465
3086	104
1567	104
1161	104
2045	104
3945	925
1761	925
3945	1579
490	1579
980	3945
1867	3945
2231	3945
4087	3945
2706	3945
2236	2066
2236	1850
3542	1850
247	1850
921	1850
4320	1850
3491	980
1925	3842
2424	4013
39	3832
877	3832
3390	3832
2580	3832
59	473
1567	473
584	2666
206	3424
584	3424
3046	3424
3236	78
2824	238
3611	4347
3425	4347
949	2363
218	2363
1868	2363
551	2363
1144	2363
1925	2363
2045	2363
2051	2363
3425	2363
313	2363
4527	2363
1925	491
4423	964
2226	964
1518	1245
3984	1723
584	1723
1567	1723
3389	1723
1954	1723
4377	1723
1680	3984
1753	3350
2384	4240
482	1465
2719	1465
1954	1465
691	1465
4451	1465
2719	4350
988	1464
3444	1313
807	1313
206	1203
2844	482
3061	482
66	21
661	4271
199	612
1925	1817
3951	3299
4249	3299
2600	3793
1286	1185
1270	1185
300	3758
2600	3895
1471	3895
1071	3895
4064	3895
685	3895
921	3895
300	377
300	31
2531	31
94	300
1518	300
1982	300
3660	3635
1033	3635
3046	3635
2047	3635
3425	3635
3791	3635
3663	3635
308	2236
825	1617
4678	1951
2901	1951
1868	1951
4643	1951
551	1951
17	1951
2178	1951
3708	3542
1753	3877
4562	3877
2124	647
4611	647
4436	647
4040	647
1787	647
3368	647
4562	647
3175	647
2047	647
1811	786
4562	786
1957	786
1399	1065
1296	1753
3601	1753
2274	4605
4064	4605
3780	4605
306	4605
4571	2274
555	115
515	115
1915	3312
2421	3312
3152	3312
86	2183
3389	2139
1567	1222
3296	1222
2424	570
2919	570
869	570
1567	570
1044	570
289	570
218	570
685	570
1500	570
3573	570
3046	570
828	570
1296	570
2836	570
30	2424
859	2424
1712	2424
3978	2424
289	2424
520	2424
2989	1713
289	1713
3773	2574
4666	2574
3437	2574
2326	2574
3110	2574
3284	30
2642	30
3152	30
2070	206
1712	206
2989	206
4666	206
289	206
1984	206
1001	206
589	206
184	206
637	206
3229	206
3284	2070
1227	2070
2989	2070
3954	135
3444	3954
1339	3954
2161	3954
313	3719
874	16
3296	755
204	755
2047	755
466	755
3425	755
877	39
3390	39
2580	39
4168	39
3997	544
4437	1276
782	1276
787	127
584	127
4096	127
242	127
782	127
2326	4100
2153	4189
1954	4189
1954	1264
1959	2835
3425	2835
1986	1107
1878	1107
1182	504
1593	504
4632	504
2833	504
3046	504
2326	504
3198	504
1727	504
976	504
1076	504
1270	504
1757	504
1780	504
4533	4432
3422	1883
4611	1511
3291	1511
1954	4674
4571	4674
3296	4674
2642	4674
3105	1135
1296	2202
1502	2202
2844	2202
942	622
1269	623
4047	623
942	623
3489	3315
685	3315
25	3315
1173	3489
1347	3489
1338	3489
2478	3489
3827	3489
652	3489
2119	3489
1338	1173
1455	1173
1058	1173
652	1173
3226	1173
2680	1173
1033	1173
4122	1173
1915	1173
1325	1173
4413	1173
2226	1173
689	1173
736	1349
3816	1349
233	1349
1033	1349
2000	1349
3236	2656
2153	1347
1033	1347
685	1347
3641	1347
2478	1338
1915	1338
2226	1338
584	3273
59	3273
3827	3273
3471	4437
1294	4437
1727	4437
782	4437
1877	4437
1957	787
3086	736
2153	584
2124	584
1033	584
1690	584
1567	584
1403	584
2632	584
1183	584
798	2899
3227	2478
2226	2478
4065	1648
3668	4108
161	3668
3744	3668
979	882
685	882
1183	882
1396	4228
4043	1583
4103	3402
3916	3402
480	3402
979	2425
4651	648
3724	648
361	4423
4407	3441
3390	877
2580	877
4168	877
798	2919
3827	59
874	59
1267	59
233	3816
1419	3816
1033	3816
444	3816
3511	3816
3473	233
4651	4131
10	4131
1925	4131
2411	4131
2906	833
4064	2595
3173	4651
1283	4651
4205	4651
126	4651
1001	3726
2853	3726
4656	107
3646	3236
4611	3236
569	3236
4365	3236
705	3236
4205	3236
426	3236
1711	3236
2283	3236
2888	3236
3113	3236
3211	3236
3278	3236
3603	3236
3791	3236
3857	3236
3906	3236
3910	3236
4198	3236
3268	3236
4349	3236
2968	3236
885	3444
2894	4237
4248	3747
407	3747
184	3747
3679	2098
1856	2098
828	2098
1604	797
1954	4389
1496	3390
247	3390
2937	3390
3545	1496
2530	1496
1662	1496
3603	1496
3710	1496
1727	1593
4037	3173
283	3173
699	3173
705	352
3773	152
1739	152
520	152
1071	152
4354	152
3250	152
4284	4540
4191	4540
3679	4540
4611	4540
283	4540
4191	4284
3679	4284
4611	4284
2679	4191
4611	4191
652	4191
1518	2124
3679	2124
1806	2124
1663	2124
652	1518
4121	1518
1227	1518
1806	1518
1663	1518
75	1518
235	1518
1357	1518
2408	1518
2635	1518
1397	1518
3851	765
4121	765
3851	2280
4121	2280
4611	3679
4121	3679
3851	2679
2763	2679
4611	2679
4673	2679
4121	2679
2763	3851
4611	3851
4673	3851
4121	3851
4611	2763
4121	2763
4673	4611
4121	4611
1567	4611
2940	4611
2739	4611
288	4611
685	4611
1078	4611
1401	4611
3058	4611
4121	4673
4375	1345
4250	4604
3941	1051
3169	3526
4009	4514
1455	1419
1058	1419
2680	1419
1033	1419
2249	1419
1242	1419
1058	1455
2680	1455
1033	1455
4122	1455
3425	1455
2680	1058
1033	1058
1325	1058
3780	1058
3773	652
374	652
3797	652
1442	4121
1258	3148
1516	3148
2008	3148
3100	3148
3113	3725
661	2555
3616	2555
1033	2680
4122	2680
4122	1033
1567	1033
1269	1033
3503	1033
1954	1033
4047	1033
3556	1033
1325	4122
3828	4122
4000	711
3545	101
1325	3545
936	4017
1814	4017
1814	936
4087	936
1727	936
1727	434
1573	4632
2755	4250
1452	4066
3341	1442
3916	1442
4248	1442
2719	3284
4666	3284
289	3284
3437	3284
608	902
1540	4040
1811	4040
835	2306
979	835
4500	874
2719	874
3296	874
1286	874
1270	874
4204	874
3556	874
3826	874
1878	4500
3916	240
3916	598
885	598
2687	2733
4552	2733
859	3011
2687	4533
2533	4533
949	4533
2045	4533
3086	4488
3296	4488
4343	661
399	661
958	661
1604	661
1890	661
2403	661
4219	661
4261	661
870	3438
3475	2020
3883	2020
3662	4276
635	3574
199	2682
1954	2196
1759	2719
1637	2999
4572	2999
3150	2257
2844	3871
692	3034
1540	3034
825	3034
1567	226
3086	3813
1567	3813
859	3813
298	3813
399	3813
906	3086
1567	3086
2171	3086
1665	3086
2895	3086
1954	3086
4086	3086
1397	3086
2192	4665
692	4665
859	4665
2895	4665
692	2192
859	2192
2895	2192
1567	906
298	906
2171	1567
1540	1567
4047	1567
2632	1567
517	1567
1242	1567
3727	1567
1712	3225
3642	3225
1584	1366
3794	1366
1397	1366
3389	1403
3296	1403
3150	1403
4596	3324
2730	3105
705	3105
2821	3105
578	859
1286	859
28	1665
4275	1665
3475	1665
913	133
825	1540
2955	3389
4383	3389
2632	3389
2173	3389
1078	3389
4205	3389
184	3389
4383	2955
283	4383
675	1269
283	1269
10	1269
1396	1269
1671	1269
197	1269
222	1269
301	1269
362	1269
808	1269
926	1269
958	1269
1137	1269
1267	1269
1429	1269
1892	1269
2798	1269
4214	1269
4268	1269
4318	1269
4322	1269
4476	1269
4427	2035
2580	2035
308	2035
2687	4678
218	4678
1502	4678
3665	4678
2703	4678
227	420
227	1515
326	1515
1811	2241
1500	2241
3437	4647
185	2668
436	2668
525	2668
2189	2668
2307	2668
3965	2668
347	128
689	128
3839	2188
979	2934
2226	2934
685	247
628	247
3198	247
1194	247
2552	247
3359	3916
2623	3916
885	3916
374	3773
3611	3773
1878	3773
1687	3773
1748	3773
3175	3445
1811	569
3068	569
2632	3227
685	3227
3508	3227
3511	3227
1954	3598
3425	3598
3636	3615
3663	3615
589	1044
4087	1814
1604	3997
685	979
1183	979
398	979
828	979
3826	979
2008	3503
861	86
1542	86
3145	86
2922	86
3532	86
1943	86
1943	3779
3425	578
3682	4037
2989	1954
4571	1954
2842	1954
1294	1954
3013	1954
3016	1954
3153	1954
3229	1954
4198	1954
1668	2980
1680	2980
1712	1227
2989	1227
4666	1227
289	1227
3110	1227
3732	1227
881	1369
2223	1369
1759	1369
2888	2940
4273	3937
2989	1712
3437	1712
3110	1712
4666	2989
2842	2989
3437	2989
1890	2989
3411	2989
4542	2989
4082	2901
17	2901
357	2901
4047	4571
3680	3291
4603	4666
3437	4666
3296	4666
3990	4666
1816	4275
3357	4275
4248	784
407	4248
1915	407
4335	407
1752	2894
2642	4603
1584	1057
2528	1057
3845	3419
3590	3419
3296	3845
3590	3845
2223	2842
2223	881
3296	4414
388	4414
699	4414
3038	41
460	1327
927	2060
2888	2060
2977	2060
4640	2060
3471	4427
2580	4427
308	4427
3422	3743
1542	4455
890	4455
4023	1325
4064	1325
1878	1325
494	1325
326	1325
4413	1325
227	4023
2916	4023
2916	227
374	227
326	227
2017	227
3508	227
3250	227
2017	2916
374	1739
4354	1739
3611	1739
520	374
1071	374
4354	374
3611	374
3250	374
3611	520
3296	2937
949	2687
1868	2687
551	2687
958	2687
2051	2687
2844	2687
313	2687
4527	2687
4507	4596
3425	4596
4234	4596
3068	1986
4354	1071
3611	4354
3132	3611
2047	3611
3164	3611
3296	2086
682	3235
1361	3235
1670	3235
3278	3235
3780	1984
308	1984
308	4064
388	4064
2307	4064
2449	4064
3229	4064
1452	4064
4009	4064
1868	2533
551	2533
1542	2533
1144	2533
958	2533
1925	2533
2051	2533
2239	2533
313	2533
1256	4047
3425	4047
3826	4047
2214	1141
1500	3437
3110	3437
2642	3437
1396	108
981	108
685	3384
1671	3384
1183	3384
3527	3384
1796	2237
1500	3780
1001	3780
637	3780
825	3780
283	861
4251	861
4082	861
2209	283
583	283
1868	949
1144	949
2051	949
3915	949
4527	949
2255	10
308	2580
4168	2580
3013	1294
4009	3013
1878	3258
494	3258
326	3258
3404	3258
494	1878
326	1878
326	494
2632	494
921	326
184	326
2325	3160
551	218
3641	218
1502	218
3150	218
3286	2446
3296	2632
184	2632
1950	3296
2572	3296
717	3296
4204	3296
166	3296
399	3296
517	3296
524	3296
525	3296
1411	3296
1957	3296
2099	3296
2421	3296
2434	3296
2482	3296
3425	3296
3511	3296
4234	3296
1006	264
3511	1006
3662	1663
3046	685
2326	685
1671	685
1183	685
3145	685
3828	685
3239	2223
3212	1500
3691	2380
3491	2380
2321	2380
712	4251
65	712
4086	1572
3175	1572
4086	4562
4337	1868
1502	1868
1971	1868
3569	1868
4552	1868
4656	2751
3491	3691
3682	3691
2045	3691
2468	3491
3755	298
2858	2395
3663	2395
403	4643
1502	4643
2051	4643
3109	4643
66	4235
2011	2017
3175	1001
4338	1827
4478	3269
3425	1078
239	551
4387	551
701	551
958	551
1117	551
2045	551
2051	551
3150	551
4552	551
4527	551
1397	1286
689	2226
4370	2226
3826	2226
118	3573
2517	3573
3828	3573
767	689
1636	705
2038	705
1971	66
2823	66
3278	66
3553	66
468	4338
804	4338
2326	3046
1270	3046
2326	3313
3198	2326
1727	2326
976	2326
1076	2326
2817	2326
4073	2326
1727	3198
1270	3198
976	1727
1076	1727
1270	1727
1757	1727
3212	1727
1270	976
1270	1076
1757	1270
1516	1270
2373	1270
1524	1147
3192	4112
791	599
1205	641
782	913
460	3175
1148	3175
2604	3175
4401	3175
1671	1980
4337	1980
1183	1671
3425	1183
2021	2858
3060	242
4082	4134
4082	1939
791	3192
1631	1542
4552	1542
3915	1144
4204	4205
2239	17
3662	1852
342	3250
388	921
3229	921
3662	921
1707	70
4092	148
2327	158
2047	186
1420	207
398	279
3278	371
2189	388
3708	2047
1268	2047
1744	2047
1780	2047
2426	2047
3511	2047
3680	2047
3663	2047
1268	3708
4478	448
665	455
3669	455
4327	460
3176	461
3072	466
810	468
3401	480
1925	537
3134	608
4552	608
691	613
2604	618
2622	656
4638	726
1584	804
4394	804
1358	825
1957	825
3425	825
2161	828
2434	829
2327	915
2038	927
1120	931
2051	958
2189	977
2327	1017
1777	1047
313	1117
4527	1146
4025	1155
2356	1329
1925	1399
3155	1399
4301	1409
1925	1494
3915	1494
2051	1502
4527	1502
2373	1507
2021	1584
4394	1584
3821	1584
1397	1584
3663	1584
2817	1599
3496	1616
4157	1636
3134	1662
4552	1662
3652	1717
1943	1854
2755	1904
1956	1925
4552	1925
4527	1925
2131	1947
3853	1947
3425	1957
3061	1958
3794	2021
2051	2045
3150	2045
3836	2045
4552	2045
3150	2051
3553	2051
3915	2051
4552	2051
313	2051
4527	2051
3738	2059
3791	2073
4552	3794
3821	3794
1397	3794
3663	3794
3662	2127
3884	2180
4234	2216
2968	2229
4552	2239
3908	2449
3662	2456
1943	2505
3662	2686
3425	2781
2903	2790
3061	2790
3229	2799
3425	3556
3262	3425
3511	3425
4536	3425
4552	2844
3397	2863
3908	2865
1943	2922
3662	2970
3229	3037
3527	3061
3662	3100
4552	3134
4569	3239
4656	3239
3906	3278
3662	3277
3791	3590
4527	1205
3826	3680
4009	3797
4441	3852
4009	3884
4527	3915
4527	4552
4640	4219
4234	724
4622	4349
